Стихи 1,096910 0,042795
поэтов 1,301030 0,001952
классиков 1,397940 0,002098
читать 0,823909 0,000353
стихотворения 1,522879 0,000653
в 0,070581 0,000393
Антологии 1,301030 0,000837
русской 0,744727 0,000319
и 0,075721 0,000536
зарубежной 1,522879 0,000653
поэзии 1,221849 0,001048
Ру 1,397940 0,001498
Стих 1,698970 0,001821
Перейти 1,045757 0,000448
к 0,207608 0,000534
контенту 1,397940 0,000599
Русские 1,221849 0,000786
Зарубежные 1,221849 0,000524
Современные 1,397940 0,000599
Список 1,221849 0,001048
Поэты 1,698970 0,000728
века 0,721246 0,000309
Золотой 1,045757 0,000448
век 1,000000 0,000857
Серебряный 1,301030 0,000558
Советские 1,397940 0,000599
поэты 1,522879 0,001306
Тематики 1,698970 0,000728
о 0,136677 0,003340
любви 0,677781 0,003342
Пушкина 1,000000 0,002358
Есенина 1,301030 0,002789
Ахматовой 1,397940 0,002697
Цветаевой 1,698970 0,002914
Тютчева 1,698970 0,003278
Лермонтова 1,397940 0,002697
Фета 1,698970 0,002549
Маяковского 1,698970 0,002914
Блока 1,698970 0,002549
Асадова 1,698970 0,002185
Бродского 1,698970 0,001821
Некрасова 1,698970 0,002914
Пастернака 1,397940 0,002098
Бунина 1,522879 0,002612
Рождественского 1,698970 0,002185
Хяйяма 1,698970 0,000728
женщине 1,397940 0,003596
сильной 1,522879 0,000653
маме 1,522879 0,000979
про 0,568636 0,001828
бабушку 1,397940 0,000899
сестре 1,522879 0,000653
подруге 1,397940 0,000599
женской 1,522879 0,000653
красоте 1,522879 0,000979
Короткие 1,522879 0,007182
стихи 1,301030 0,015060
Рубальской 1,698970 0,000728
Омара 1,698970 0,001093
Хайяма 1,698970 0,001821
жизни 0,443697 0,001141
Высоцкого 1,698970 0,001821
смысле 1,301030 0,000558
Грустные 1,698970 0,001093
смерти 0,744727 0,000319
войне 1,096910 0,003527
Твардовского 1,698970 0,001457
Симонова 1,698970 0,001093
Джалиля 1,522879 0,000653
Друниной 1,698970 0,001457
Окуджавы 1,698970 0,000728
Евтушенко 1,522879 0,002938
Гамзатова 1,698970 0,000728
природе 1,522879 0,004897
животных 1,045757 0,000673
Родине 1,698970 0,005099
малой 1,522879 0,000653
родине 1,522879 0,000979
для 0,119186 0,000588
детей 0,431798 0,002036
Барто 1,522879 0,002612
Маршака 1,522879 0,001306
Юнны 1,698970 0,000728
Мориц 1,698970 0,000728
Чуковского 1,522879 0,001306
Михалкова 1,522879 0,000979
Заходера 1,522879 0,000653
Саши 1,221849 0,000524
Черного 1,522879 0,000653
Хармса 1,698970 0,000728
Благининой 1,698970 0,000728
Берестова 1,522879 0,000653
Успенского 1,698970 0,000728
Токмаковой 1,698970 0,000728
Усачева 1,698970 0,001093
легкие 1,698970 0,000728
басни 1,522879 0,000979
Крылова 1,698970 0,001821
осень 1,522879 0,000979
маму 1,154902 0,000495
Лучшие 0,823909 0,000883
по 0,124939 0,000241
тематике 1,522879 0,000979
поэтам 1,698970 0,001093
Популярные 0,853872 0,004393
Цитаты 1,397940 0,000599
Анализ 1,522879 0,000653
Блог 1,045757 0,000448
Сказки 1,221849 0,000786
На 0,283997 0,000487
нашем 1,000000 0,000429
сайте 0,431798 0,000278
Вы 0,619789 0,000797
с 0,102373 0,000307
легкостью 1,698970 0,000728
можете 0,795880 0,000341
найти 0,698970 0,000599
почитать 1,154902 0,000495
произведение 1,221849 0,000524
как 0,251812 0,000108
отечественных 1,397940 0,000599
так 0,522879 0,000560
зарубежных 1,000000 0,000643
С 0,455932 0,000489
помощью 0,769551 0,000495
магии 1,522879 0,000653
слов 1,096910 0,000470
великие 1,397940 0,000599
творцы 1,698970 0,000728
старались 1,698970 0,000728
передать 1,397940 0,000599
все 0,292430 0,000313
чувства 1,522879 0,000979
которые 0,431798 0,000370
может 0,397940 0,000427
испытывать 1,698970 0,000728
каждый 0,823909 0,000353
человек 0,494850 0,000424
на 0,075721 0,000276
Земле 1,397940 0,000599
любовь 0,698970 0,001049
счастье 1,096910 0,000705
радость 1,221849 0,000524
страх 1,522879 0,000653
боль 1,221849 0,000524
Все 0,148742 0,000223
они 0,657577 0,000282
крутятся 1,698970 0,000728
неведомом 1,698970 0,000728
водовороте 1,698970 0,000728
который 0,508638 0,000218
окунуться 1,522879 0,000653
читатель 1,698970 0,000728
Каким 1,397940 0,000599
бы 0,585027 0,000376
ни 0,744727 0,000639
было 0,585027 0,000627
ваше 1,045757 0,000448
настроение 1,221849 0,000524
душевное 1,698970 0,000728
состояние 1,301030 0,000558
всегда 0,657577 0,000282
найдете 1,045757 0,000448
то 0,537602 0,000346
что 0,187087 0,000281
придется 1,045757 0,000448
Вам 1,301030 0,001116
вкусу 1,397940 0,000599
именно 0,920819 0,000395
данный 1,698970 0,000728
момент 0,920819 0,000395
будь 1,698970 0,000728
чарующая 1,698970 0,000728
страсть 1,397940 0,000599
накаляется 1,698970 0,000728
между 0,823909 0,000353
лирическими 1,698970 0,000728
героями 1,301030 0,000558
или 0,301030 0,000129
не 0,142668 0,000948
взаимные 1,698970 0,000728
могли 1,045757 0,000673
возникать 1,698970 0,000728
у 0,387216 0,000415
многих 1,154902 0,000495
из 0,167491 0,000251
нас 0,508638 0,000218
Русская 1,045757 0,000448
зарубежная 1,698970 0,000728
поэзия 1,397940 0,000599
Всеми 1,698970 0,000728
любимые 1,221849 0,000524
были 0,769551 0,000330
написаны 1,698970 0,000728
давно 0,823909 0,000353
но 0,481486 0,000413
равно 1,221849 0,000524
теряют 1,698970 0,000728
своей 0,853872 0,000366
актуальности 1,522879 0,000653
важности 1,698970 0,000728
нашей 0,853872 0,000366
сможете 1,154902 0,000495
только 0,309804 0,000133
ответы 1,045757 0,000448
вопросы 0,744727 0,000319
сильно 1,045757 0,000448
Вас 1,221849 0,000524
тревожат 1,698970 0,000728
также 0,494850 0,000318
замечательно 1,522879 0,000653
провести 1,096910 0,000470
время 0,366532 0,000236
понять 1,000000 0,000643
себя 0,552842 0,000237
а 0,327902 0,000141
окружающих 1,522879 0,000653
дорогих 1,522879 0,000653
людей 0,698970 0,000300
популярных 1,096910 0,000470
Басни 1,397940 0,000899
Ивана 1,301030 0,001394
Михаила 1,154902 0,000743
Владимира 0,721246 0,000773
Марины 1,301030 0,000837
Иосифа 1,522879 0,000979
Евгения 0,853872 0,000549
Агнии 1,522879 0,000979
Александра 0,638272 0,000821
Валерия 1,221849 0,000786
Брюсова 1,698970 0,001093
Корнея 1,698970 0,001093
Николая 1,154902 0,001238
Анны 1,154902 0,000743
Сергея 0,920819 0,000790
Константина 1,221849 0,000786
Бальмонта 1,698970 0,000728
Самуила 1,698970 0,001093
Веры 1,522879 0,000653
Полозковой 1,698970 0,000728
Эдуарда 1,397940 0,000899
Гумилева 1,698970 0,001457
Бориса 1,154902 0,000743
Роберта 1,301030 0,000558
Юлии 1,698970 0,001093
Федора 1,522879 0,000979
Афанасия 1,698970 0,001093
Дмитрия 1,301030 0,000558
Быкова 1,698970 0,000728
Арсения 1,698970 0,000728
Тарковского 1,397940 0,000599
Сонеты 1,698970 0,000728
Уильяма 1,698970 0,000728
Шекспира 1,698970 0,000728
рубаи 1,698970 0,001093
Гете 1,698970 0,000728
стихотворений 1,522879 0,001306
Александр 0,468521 0,009842
Пушкин 1,221849 0,018858
Осень 1,522879 0,001959
Евгений 0,698970 0,001348
Цветы 1,397940 0,000599
лучше 0,958607 0,000411
пуль 1,397940 0,000599
Пророк 1,522879 0,001632
Михаил 0,568636 0,005120
Лермонтов 1,301030 0,011435
Утес 1,698970 0,000728
Я 0,508638 0,002181
помню 1,522879 0,000979
чудное 1,698970 0,001093
мгновенье 1,698970 0,001093
Керн 1,698970 0,001093
вас 0,823909 0,000883
любил 1,096910 0,000941
еще 0,408935 0,000526
быть 0,431798 0,000370
Во 0,886057 0,000570
глубине 1,698970 0,000728
сибирских 1,522879 0,000653
руд 1,698970 0,000728
памятник 1,096910 0,000705
себе 0,619789 0,000531
воздвиг 1,698970 0,001093
нерукотворный 1,698970 0,001093
Дума 1,698970 0,000728
Сергей 0,468521 0,003515
Есенин 1,698970 0,010926
Ты 1,000000 0,001286
меня 0,721246 0,001237
любишь 1,522879 0,000979
жалеешь 1,698970 0,001093
Русь 1,397940 0,001199
Владимир 0,431798 0,004998
Маяковский 1,698970 0,010197
Нате 1,698970 0,000728
Лиличка 1,698970 0,000728
Блок 1,698970 0,007648
поле 1,397940 0,000599
Куликовом 1,698970 0,000728
Марина 0,958607 0,002671
Цветаева 1,397940 0,003596
Мне 0,958607 0,001027
нравится 1,221849 0,000524
вы 0,420216 0,000360
больны 1,698970 0,000728
мной 1,522879 0,000653
Сказка 1,301030 0,002510
попе 1,698970 0,000728
работнике 1,698970 0,000728
его 0,376751 0,000162
Балде 1,698970 0,000728
царе 1,522879 0,001306
Салтане 1,522879 0,000979
Пороша 1,698970 0,000728
Тучи 1,698970 0,000728
В 0,167491 0,000251
ресторане 1,301030 0,000558
Смерть 1,000000 0,000429
поэта 1,154902 0,000495
Бородино 1,698970 0,001093
Николай 0,744727 0,006386
Некрасов 1,698970 0,009469
Дедушка 1,522879 0,000653
Мазай 1,698970 0,000728
зайцы 1,698970 0,000728
Скифы 1,698970 0,000728
Россия 0,455932 0,000293
Иван 0,744727 0,002075
Бунин 1,522879 0,002612
Вечер 1,221849 0,001048
Анна 0,568636 0,002804
Ахматова 1,698970 0,008376
чему 0,920819 0,000395
одические 1,698970 0,000728
рати 1,698970 0,000728
Узник 1,698970 0,001093
Парус 1,698970 0,001093
Белеет 1,698970 0,001093
парус 1,698970 0,001093
одинокий 1,522879 0,000979
Юбилейное 1,698970 0,000728
Хорошее 1,698970 0,000728
отношение 1,045757 0,000448
лошадям 1,698970 0,000728
Одиночество 1,698970 0,001457
Песнь 1,522879 0,000653
Вещем 1,698970 0,000728
Олеге 1,698970 0,000728
Нищий 1,698970 0,000728
железной 1,397940 0,000599
дороге 1,221849 0,001048
Бабушке 1,698970 0,000728
советском 1,397940 0,000899
паспорте 1,698970 0,001093
Мужество 1,522879 0,000979
Прозаседавшиеся 1,698970 0,000728
Послушайте 1,522879 0,000653
Листок 1,698970 0,000728
Облако 1,698970 0,000728
штанах 1,698970 0,000728
Поэма 1,522879 0,002285
О 0,207608 0,000312
дряни 1,698970 0,000728
Ночь 1,397940 0,001798
Гавриил 1,698970 0,002185
Державин 1,698970 0,002185
Памятник 1,397940 0,000599
Незнакомка 1,698970 0,001093
улица 1,301030 0,000837
фонарь 1,301030 0,000837
аптека 1,698970 0,001093
Необычайное 1,698970 0,000728
приключение 1,522879 0,000653
Левый 1,698970 0,000728
марш 1,698970 0,000728
А 0,376751 0,000323
Твардовский 1,522879 0,001959
убит 1,698970 0,000728
подо 1,698970 0,000728
Ржевом 1,698970 0,000728
Тоска 1,522879 0,000653
Поэт 1,301030 0,001116
голос 1,397940 0,000899
был 0,481486 0,000206
Афанасий 1,698970 0,005099
Фет 1,698970 0,005099
заре 1,522879 0,000653
ты 0,886057 0,000760
ее 0,508638 0,000218
буди 1,698970 0,000728
Ласточки 1,698970 0,000728
пропали 1,698970 0,000728
Письмо 1,301030 0,002231
Татьяны 1,397940 0,000899
Онегину 1,698970 0,001093
Талисман 1,698970 0,000728
Иосиф 1,301030 0,002231
Бродский 1,698970 0,002914
Пилигримы 1,698970 0,000728
Константин 0,886057 0,001519
Симонов 1,522879 0,001632
Жди 1,522879 0,000979
я 0,522879 0,001457
вернусь 1,522879 0,000979
Зимнее 1,522879 0,000979
утро 1,301030 0,000837
Мороз 1,698970 0,001093
солнце 1,698970 0,001457
день 0,585027 0,000376
чудесный 1,522879 0,000979
научилась 1,698970 0,000728
просто 0,657577 0,000282
мудро 1,698970 0,000728
жить 0,958607 0,001027
Заря 1,522879 0,000653
прощается 1,698970 0,000728
землею 1,698970 0,000728
Демон 1,522879 0,000979
Сын 1,397940 0,000599
артиллериста 1,698970 0,000728
пришел 1,397940 0,000899
тебе 1,096910 0,000941
приветом 1,522879 0,000979
Не 0,481486 0,000929
выходи 1,698970 0,000728
комнаты 1,522879 0,000653
совершай 1,698970 0,000728
ошибку 1,154902 0,000495
Натюрморт 1,698970 0,000728
Родная 1,522879 0,000653
земля 1,522879 0,000653
Сжала 1,698970 0,000728
руки 1,154902 0,000495
под 0,376751 0,000323
темной 1,698970 0,000728
вуалью 1,698970 0,000728
Подражания 1,522879 0,000653
Корану 1,698970 0,000728
Федор 1,397940 0,007492
Тютчев 1,698970 0,009105
Она 0,958607 0,000411
сидела 1,698970 0,000728
полу 1,698970 0,000728
Разговор 1,522879 0,000653
книгопродавца 1,698970 0,000728
поэтом 1,698970 0,000728
Реквием 1,522879 0,001306
Сероглазый 1,698970 0,000728
король 1,397940 0,000599
Чудная 1,698970 0,000728
картина 1,301030 0,000558
Зима 1,698970 0,001093
недаром 1,698970 0,000728
злится 1,698970 0,000728
Есть 0,886057 0,000570
осени 1,522879 0,000653
первоначальной 1,698970 0,000728
Весенняя 1,698970 0,000728
гроза 1,698970 0,000728
Люблю 1,698970 0,001457
грозу 1,698970 0,000728
начале 1,096910 0,000470
мая 0,823909 0,000353
Весенние 1,698970 0,000728
воды 1,154902 0,000495
Сожженное 1,698970 0,000728
письмо 1,045757 0,000673
встретил 1,397940 0,000599
былое 1,698970 0,000728
Перед 1,096910 0,000705
весной 1,154902 0,000495
бывают 1,522879 0,000653
дни 1,000000 0,000429
такие 1,000000 0,000429
Зимняя 1,698970 0,001093
дорога 1,096910 0,001176
Умом 1,522879 0,000653
Россию 0,568636 0,000244
Пущину 1,698970 0,000728
Песня 1,154902 0,001238
последней 1,397940 0,000599
встречи 1,045757 0,000448
Няне 1,698970 0,000728
Девушка 1,096910 0,000470
пела 1,698970 0,000728
церковном 1,698970 0,000728
хоре 1,698970 0,000728
Эдуард 1,221849 0,001833
Асадов 1,698970 0,002549
могу 1,221849 0,000524
тебя 1,096910 0,000941
очень 0,657577 0,000282
ждать 1,154902 0,000495
Двенадцать 1,522879 0,000653
октября 1,096910 0,000470
Людей 1,698970 0,000728
неинтересных 1,698970 0,000728
мире 0,468521 0,000201
нет 0,619789 0,000266
матери 1,301030 0,001116
жива 1,397940 0,000599
моя 1,096910 0,000941
старушка 1,698970 0,000728
Отговорила 1,698970 0,000728
роща 1,698970 0,000728
золотая 1,698970 0,000728
толпа 1,698970 0,000728
Цветок 1,698970 0,000728
Анчар 1,698970 0,000728
жалею 1,698970 0,001093
зову 1,698970 0,001093
плачу 1,698970 0,001093
женщины 0,958607 0,000616
Про 1,000000 0,001072
это 0,292430 0,000125
Кавказский 1,522879 0,000979
пленник 1,698970 0,001093
осталась 1,221849 0,000524
одна 1,096910 0,000705
забава 1,698970 0,000728
Клен 1,698970 0,000728
мой 1,221849 0,000786
опавший 1,698970 0,000728
Родина 1,301030 0,001116
Размышления 1,698970 0,000728
парадного 1,698970 0,000728
подъезда 1,698970 0,000728
холмах 1,698970 0,000728
Грузии 1,301030 0,000558
лежит 1,522879 0,000653
ночная 1,698970 0,000728
мгла 1,698970 0,000728
Фабрика 1,698970 0,000728
Мы 0,537602 0,000461
тобой 1,522879 0,000979
бестолковые 1,698970 0,000728
люди 0,677781 0,000436
Сон 1,522879 0,000653
Крестьянские 1,698970 0,000728
дети 0,853872 0,000366
Зеленый 1,698970 0,000728
шум 1,698970 0,000728
Забытая 1,698970 0,000728
деревня 1,522879 0,000653
Железная 1,698970 0,001093
Бесы 1,698970 0,000728
Мадонна 1,522879 0,000653
Храни 1,698970 0,000728
талисман 1,698970 0,000728
Поэту 1,698970 0,000728
Эхо 1,698970 0,000728
золотом 1,698970 0,000728
петушке 1,698970 0,000728
Вновь 1,698970 0,000728
посетил 1,522879 0,000653
Туча 1,698970 0,000728
Борис 0,769551 0,003299
Пастернак 1,522879 0,005223
Быть 1,096910 0,000470
знаменитым 1,522879 0,000653
некрасиво 1,698970 0,000728
Нобелевская 1,522879 0,000653
премия 1,221849 0,000524
Никого 1,698970 0,000728
будет 0,387216 0,000332
доме 1,000000 0,000429
Июль 1,522879 0,000653
ночь 1,000000 0,000857
Свеча 1,698970 0,000728
горела 1,698970 0,000728
столе 1,522879 0,000653
Гамлет 1,698970 0,000728
Гумилев 1,698970 0,002185
Жираф 1,698970 0,000728
Когда 0,602060 0,000387
волнуется 1,698970 0,000728
желтеющая 1,698970 0,000728
нива 1,698970 0,000728
Кинжал 1,698970 0,000728
унижусь 1,698970 0,000728
пред 1,698970 0,000728
тобою 1,698970 0,000728
Рассказ 1,301030 0,000837
танкиста 1,698970 0,000728
Свободы 1,698970 0,000728
сеятель 1,698970 0,000728
пустынный 1,698970 0,000728
У 0,431798 0,000278
лукоморья 1,698970 0,001093
дуб 1,698970 0,001093
зеленый 1,698970 0,001093
Летний 1,522879 0,000979
вечер 1,397940 0,001498
Вольность 1,698970 0,000728
мертвой 1,522879 0,000653
царевне 1,698970 0,000728
семи 1,397940 0,000599
богатырях 1,698970 0,000728
рыбаке 1,522879 0,000653
рыбке 1,522879 0,000653
Признание 1,698970 0,000728
Если 0,769551 0,000660
жизнь 0,537602 0,000230
обманет 1,698970 0,000728
К 0,638272 0,000274
Чаадаеву 1,698970 0,000728
Арион 1,698970 0,000728
отчизну 1,698970 0,000728
странною 1,698970 0,000728
любовью 1,397940 0,000599
Кавказ 1,301030 0,000837
Весенний 1,301030 0,000558
дождь 1,522879 0,000653
Деревня 1,698970 0,000728
Заметался 1,698970 0,000728
пожар 1,397940 0,000599
голубой 1,698970 0,000728
Погасло 1,698970 0,000728
дневное 1,698970 0,000728
светило 1,698970 0,000728
Внимая 1,698970 0,000728
ужасам 1,698970 0,000728
войны 0,744727 0,000319
Белая 1,154902 0,000495
береза 1,698970 0,000728
моим 1,698970 0,000728
окном 1,221849 0,000524
люблю 1,154902 0,000990
иронии 1,522879 0,000653
твоей 1,698970 0,000728
Элегия 1,698970 0,000728
Что 0,346787 0,000372
такое 0,638272 0,000684
хорошо 1,221849 0,001310
плохо 1,301030 0,000837
Школьник 1,698970 0,000728
Тройка 1,698970 0,000728
покинул 1,096910 0,000470
родимый 1,522879 0,000653
дом 0,823909 0,000353
Черный 1,154902 0,000743
И 0,408935 0,000263
скучно 1,397940 0,000599
грустно 1,397940 0,000599
Волшебная 1,698970 0,000728
скрипка 1,522879 0,000653
Ангел 1,221849 0,000524
Валерик 1,698970 0,000728
Три 0,823909 0,000353
пальмы 1,522879 0,000653
Завещание 1,301030 0,000558
советская 1,397940 0,000599
Одним 1,522879 0,000653
толчком 1,522879 0,000653
согнать 1,698970 0,000728
ладью 1,698970 0,000728
живую 1,698970 0,000728
Елена 0,769551 0,000495
Благинина 1,698970 0,001093
Посидим 1,698970 0,000728
тишине 1,698970 0,000728
без 0,387216 0,000332
героя 1,096910 0,000470
Корней 1,522879 0,003264
Чуковский 1,522879 0,003264
Айболит 1,522879 0,000653
Мойдодыр 1,522879 0,000653
Краденое 1,698970 0,000728
Кем 1,397940 0,000599
Суриков 1,698970 0,000728
Детство 1,522879 0,000979
Высоцкий 1,698970 0,009469
Рождественская 1,698970 0,000728
звезда 1,397940 0,000599
Андрей 0,552842 0,000356
Дементьев 1,698970 0,001093
Баллада 1,522879 0,001632
Михалков 1,301030 0,001673
Дело 1,096910 0,000470
вечером 1,221849 0,000524
делать 0,920819 0,000395
нечего 1,522879 0,000653
Шестое 1,698970 0,000728
чувство 1,698970 0,000728
Расул 1,522879 0,000653
Гамзатов 1,698970 0,000728
Журавли 1,698970 0,000728
Вадим 1,045757 0,000673
Шефнер 1,698970 0,000728
Слова 1,698970 0,000728
Словом 1,698970 0,000728
можно 0,443697 0,000190
убить 1,522879 0,000653
Роберт 1,221849 0,001310
Рождественский 1,698970 0,001821
Помните 1,397940 0,000599
Однажды 1,045757 0,000448
студеную 1,698970 0,000728
зимнюю 1,698970 0,000728
пору 1,698970 0,000728
Юрий 0,795880 0,000512
Визбор 1,698970 0,001093
Милая 1,698970 0,000728
Леонид 0,958607 0,000411
Филатов 1,698970 0,000728
Федота 1,698970 0,000728
стрельца 1,698970 0,000728
удалого 1,698970 0,000728
молодца 1,698970 0,000728
Кому 1,301030 0,000837
Руси 1,397940 0,000899
Всегда 1,522879 0,000653
найдется 1,397940 0,000599
женская 1,522879 0,000653
рука 1,698970 0,000728
Дай 1,698970 0,001093
бог 1,301030 0,000558
Никогда 1,522879 0,000653
чем 0,420216 0,000180
жалейте 1,698970 0,000728
Грибоедов 1,698970 0,000728
Горе 1,698970 0,000728
от 0,193820 0,000083
ума 1,154902 0,000495
Трусиха 1,698970 0,000728
Василий 1,301030 0,003904
Теркин 1,522879 0,000653
Фридрих 1,698970 0,000728
Шиллер 1,698970 0,000728
Перчатка 1,522879 0,000653
Муса 1,698970 0,000728
Джалиль 1,698970 0,000728
Варварство 1,698970 0,000728
Любви 1,397940 0,000599
начинается 1,301030 0,000558
Жуковский 1,698970 0,004370
Птичка 1,698970 0,001457
Котик 1,698970 0,000728
козлик 1,698970 0,000728
Еще 0,585027 0,000502
земли 1,154902 0,000495
печален 1,698970 0,000728
вид 1,154902 0,000495
Крестьянин 1,698970 0,000728
торжествуя 1,698970 0,000728
Открытое 1,698970 0,000728
Уж 1,698970 0,001093
небо 1,397940 0,000599
осенью 1,522879 0,000653
дышало 1,698970 0,000728
Вероника 1,522879 0,000979
Тушнова 1,698970 0,001093
знаешь 1,397940 0,000599
Рубцов 1,522879 0,000979
Тихая 1,698970 0,000728
родина 1,698970 0,000728
русских 0,853872 0,000549
селеньях 1,698970 0,000728
Щенок 1,522879 0,000653
Дядя 1,522879 0,000653
Степа 1,698970 0,000728
мимозу 1,698970 0,000728
Самуил 1,698970 0,002914
Маршак 1,698970 0,002914
неизвестном 1,397940 0,000599
герое 1,397940 0,000599
Почта 1,154902 0,000495
Школьнику 1,698970 0,000728
память 1,045757 0,000448
Багаж 1,522879 0,000653
Два 0,853872 0,000366
великана 1,698970 0,000728
Морская 1,698970 0,000728
царевна 1,698970 0,001093
Матери 1,698970 0,000728
Детки 1,698970 0,000728
клетке 1,698970 0,000728
Усатый 1,698970 0,000728
полосатый 1,522879 0,000653
Бальмонт 1,522879 0,000979
Русский 1,045757 0,000448
язык 0,823909 0,000353
Шарль 1,522879 0,000653
Бодлер 1,698970 0,000728
Падаль 1,698970 0,000728
По 0,619789 0,000266
праву 1,522879 0,000653
памяти 1,221849 0,000524
Юлия 0,823909 0,000353
Друнина 1,698970 0,000728
Зинка 1,698970 0,000728
Никитин 1,397940 0,000599
Утро 1,221849 0,000524
Давид 1,397940 0,000899
Самойлов 1,698970 0,001093
Сороковые 1,698970 0,000728
Выезд 1,522879 0,000653
Редьярд 1,698970 0,001093
Киплинг 1,698970 0,001093
Заповедь 1,698970 0,000728
Штрафные 1,698970 0,000728
батальоны 1,522879 0,000653
Утренняя 1,698970 0,000728
гимнастика 1,698970 0,000728
Смотрины 1,698970 0,000728
Скалолазка 1,698970 0,000728
Райские 1,698970 0,000728
яблоки 1,698970 0,000728
Прощание 0,958607 0,000411
горами 1,522879 0,000653
Дорогая 1,397940 0,000599
передача 1,522879 0,000653
друге 1,698970 0,000728
друг 0,795880 0,000341
оказался 0,920819 0,000395
вдруг 1,522879 0,000653
Охота 1,522879 0,000653
волков 1,522879 0,000653
Он 0,721246 0,000309
вернулся 1,301030 0,000558
боя 1,698970 0,000728
Москва 0,508638 0,000218
Одесса 1,522879 0,000653
Купола 1,698970 0,000728
Кони 1,698970 0,000728
привередливые 1,698970 0,000728
Здесь 1,096910 0,000470
вам 0,677781 0,000291
равнина 1,698970 0,000728
Онегин 1,397940 0,000899
Диалог 1,522879 0,000653
телевизора 1,698970 0,000728
Две 1,045757 0,000448
судьбы 1,154902 0,000495
Высота 1,698970 0,000728
Братские 1,698970 0,000728
могилы 1,522879 0,000653
Белое 1,698970 0,000728
безмолвие 1,698970 0,000728
Банька 1,698970 0,000728
белому 1,698970 0,000728
детстве 1,397940 0,000599
борьбе 1,096910 0,000470
Человеку 1,698970 0,001093
надо 0,823909 0,000353
мало 1,154902 0,000495
Вечная 1,522879 0,000653
слава 1,522879 0,000653
героям 1,698970 0,000728
Редеет 1,698970 0,000728
облаков 1,698970 0,000728
летучая 1,698970 0,000728
гряда 1,698970 0,000728
Телега 1,698970 0,000728
Царское 1,698970 0,000728
село 1,522879 0,000653
Стансы 1,698970 0,000728
Портрет 1,397940 0,000599
Обвал 1,698970 0,000728
имени 0,721246 0,000309
моем 1,522879 0,000653
Клеветникам 1,698970 0,000728
России 0,251812 0,000108
Из 0,698970 0,000300
Пиндемонти 1,698970 0,000728
Годунов 1,522879 0,000653
Жених 1,698970 0,000728
Пир 1,698970 0,000728
во 0,494850 0,000212
чумы 1,522879 0,000653
Медный 1,698970 0,000728
всадник 1,698970 0,000728
Светлана 1,045757 0,000448
Сельское 1,522879 0,000653
кладбище 1,221849 0,000524
Невыразимое 1,698970 0,000728
Море 1,698970 0,000728
Людмила 0,920819 0,000395
Лесной 1,522879 0,000653
царь 1,698970 0,000728
Заболоцкий 1,698970 0,002185
Слово 1,301030 0,000837
полку 1,522879 0,000653
Игореве 1,698970 0,000728
Спящая 1,698970 0,000728
человеческих 1,522879 0,000653
лиц 1,045757 0,000448
Некрасивая 1,698970 0,000728
девочка 1,522879 0,000653
позволяй 1,698970 0,000728
душе 1,522879 0,000653
лениться 1,698970 0,000728
ищу 1,698970 0,000728
гармонии 1,698970 0,000728
Языков 1,698970 0,000728
Пловец 1,698970 0,000728
Воют 1,698970 0,000728
волны 1,397940 0,000899
скачут 1,698970 0,000728
Полдень 1,698970 0,000728
Осенний 1,522879 0,000653
небе 1,698970 0,000728
тают 1,698970 0,000728
облака 1,698970 0,000728
Неохотно 1,698970 0,000728
несмело 1,698970 0,000728
Наш 1,045757 0,000448
Нам 1,301030 0,000558
дано 1,698970 0,000728
предугадать 1,698970 0,000728
День 0,795880 0,000341
Весна 1,221849 0,000786
Эти 1,221849 0,000524
бедные 1,698970 0,000728
селенья 1,698970 0,000728
Последняя 1,301030 0,000837
Предопределение 1,698970 0,000728
Природа 1,301030 0,000558
сфинкс 1,698970 0,000728
поляны 1,698970 0,000728
коршун 1,698970 0,000728
поднялся 1,522879 0,000653
отрекаются 1,698970 0,000728
любя 1,522879 0,000653
Тургенев 1,301030 0,000558
Муза 1,698970 0,000728
Монолог 1,522879 0,000653
Заходер 1,698970 0,001457
красивее 1,698970 0,000728
всего 0,744727 0,000319
Птичья 1,698970 0,000728
школа 1,397940 0,000599
Звезда 1,221849 0,000524
полей 1,397940 0,000599
Перемена 1,698970 0,000728
Алексей 0,602060 0,000516
Плещеев 1,698970 0,000728
Тает 1,698970 0,000728
снег 1,221849 0,000524
бегут 1,397940 0,000599
ручьи 1,698970 0,000728
Клятва 1,698970 0,000728
Снег 1,522879 0,000653
идет 0,958607 0,000411
эти 0,920819 0,000395
Определение 1,698970 0,000728
Иней 1,698970 0,000728
Тишина 1,698970 0,000728
Сосны 1,698970 0,000728
Август 1,397940 0,000599
Полтава 1,698970 0,001093
Бахчисарайский 1,698970 0,000728
фонтан 1,698970 0,000728
Саша 1,154902 0,000495
дождем 1,522879 0,000653
Несжатая 1,698970 0,000728
полоса 1,522879 0,000653
полном 1,698970 0,000728
разгаре 1,698970 0,000728
страда 1,698970 0,000728
деревенская 1,698970 0,000728
Чистописание 1,698970 0,000728
Тучкины 1,698970 0,000728
штучки 1,698970 0,000728
Скрипка 1,698970 0,000728
немножко 1,522879 0,000653
нервно 1,698970 0,000728
Сергею 1,698970 0,000728
Есенину 1,698970 0,000728
Татьяне 1,698970 0,000728
Яковлевой 1,221849 0,000524
Дешевая 1,698970 0,000728
распродажа 1,698970 0,000728
Вот 0,958607 0,000411
какой 0,886057 0,000380
рассеянный 1,522879 0,000653
улицы 1,301030 0,000558
Бассейной 1,698970 0,000728
Осип 1,698970 0,001093
Мандельштам 1,522879 0,000979
Ленинград 1,522879 0,000653
За 0,568636 0,000366
гремучую 1,698970 0,000728
доблесть 1,522879 0,000653
грядущих 1,698970 0,000728
веков 1,154902 0,000495
Мой 0,853872 0,000549
демон 1,301030 0,000558
Выхожу 1,698970 0,000728
один 0,721246 0,000309
дорогу 1,522879 0,000653
Воздушный 1,698970 0,000728
корабль 1,096910 0,000705
Ветка 1,698970 0,000728
Палестины 1,698970 0,000728
Русалка 1,522879 0,000979
Крылов 1,522879 0,000979
Свинья 1,522879 0,000653
дубом 1,522879 0,000653
Басня 1,698970 0,001093
Мартышка 1,522879 0,000653
очки 1,301030 0,000558
Молитва 1,698970 0,001457
Певучесть 1,698970 0,000728
есть 0,568636 0,000244
морских 1,698970 0,000728
волнах 1,698970 0,000728
Карамзин 1,522879 0,000653
Капитаны 1,698970 0,000728
Максим 0,958607 0,000616
Горький 1,698970 0,001093
Соколе 1,698970 0,000728
Буревестнике 1,698970 0,000728
любите 1,698970 0,000728
розы 1,698970 0,000728
Зреет 1,698970 0,000728
рожь 1,698970 0,000728
над 0,823909 0,000353
жаркой 1,698970 0,000728
нивой 1,698970 0,000728
майская 1,698970 0,000728
Бабочка 1,522879 0,000979
теперь 0,677781 0,000291
уходим 1,698970 0,000728
понемногу 1,698970 0,000728
Исповедь 1,397940 0,000599
хулигана 1,698970 0,000728
Корова 1,698970 0,000728
Хулиган 1,698970 0,000728
Сукин 1,698970 0,000728
сын 0,958607 0,000411
добрым 1,698970 0,001093
утром 1,397940 0,000899
Разбуди 1,698970 0,000728
завтра 1,154902 0,000495
рано 1,698970 0,001093
Пушкину 1,522879 0,000653
Фелица 1,698970 0,000728
Вельможа 1,698970 0,000728
Властителям 1,698970 0,000728
судиям 1,698970 0,000728
Книги 0,795880 0,000341
красном 1,698970 0,001093
переплете 1,698970 0,000728
Вчера 1,045757 0,000448
глаза 1,301030 0,000558
глядел 1,698970 0,000728
Попытка 1,397940 0,000599
ревности 1,698970 0,000728
Чудо 1,301030 0,000558
дерево 1,522879 0,000653
Бармалей 1,522879 0,000653
Федорино 1,522879 0,000653
горе 1,397940 0,000599
Тараканище 1,698970 0,000728
Путаница 1,698970 0,000728
Крокодил 1,698970 0,000728
Листопад 1,698970 0,000728
рекой 1,522879 0,000653
луга 1,698970 0,000728
зазеленели 1,698970 0,000728
Валерий 1,000000 0,000643
Брюсов 1,698970 0,001093
Юному 1,698970 0,000728
поэту 1,698970 0,000728
Творчество 1,698970 0,001093
Баратынский 1,698970 0,000728
Водопад 1,698970 0,000728
Конец 1,522879 0,000653
прекрасной 1,397940 0,000599
эпохи 1,154902 0,000495
Вхожу 1,698970 0,000728
темные 1,698970 0,000728
храмы 1,522879 0,000653
Соловьиный 1,698970 0,000728
сад 1,045757 0,000448
Батюшков 1,698970 0,000728
гений 1,698970 0,000728
Агния 1,698970 0,001821
Веревочка 1,698970 0,000728
рыжей 1,522879 0,000653
дворняге 1,698970 0,000728
Сатана 1,698970 0,000728
привыкайте 1,698970 0,000728
никогда 0,958607 0,000411
Смятение 1,698970 0,000728
Берендее 1,698970 0,000728
Четыре 1,154902 0,000495
цвета 1,397940 0,000599
глаз 1,221849 0,000524
Фонтан 1,698970 0,000728
Париж 1,301030 0,000558
Бабушка 1,154902 0,000495
забота 1,698970 0,000728
Толстой 1,154902 0,000743
Илья 1,045757 0,000448
Муромец 1,698970 0,000728
Шибанов 1,698970 0,000728
Волге 1,698970 0,000728
Дмитрий 0,602060 0,000258
Кедрин 1,698970 0,000728
Зодчие 1,698970 0,000728
Заблудившийся 1,698970 0,000728
трамвай 1,698970 0,000728
Беглец 1,698970 0,000728
Тим 1,397940 0,000599
Собакин 1,698970 0,000728
Песни 1,045757 0,000448
бегемотов 1,698970 0,000728
Эризн 1,698970 0,000728
запрещай 1,698970 0,000728
мечтать 1,522879 0,000653
Ветер 1,698970 0,000728
веет 1,698970 0,000728
юга 1,522879 0,000653
Лебедь 1,397940 0,000599
Артюр 1,698970 0,000728
Рембо 1,698970 0,000728
Пьяный 1,522879 0,000653
Приморский 1,522879 0,000653
сонет 1,698970 0,000728
божия 1,698970 0,000728
знает 1,000000 0,000429
Долматовский 1,698970 0,000728
Некрасивых 1,698970 0,000728
женщин 0,920819 0,000395
бывает 1,221849 0,000524
Лана 1,397940 0,000599
Карпинская 1,698970 0,000728
знаете 1,301030 0,000558
могут 0,522879 0,000224
вернуться 0,958607 0,000411
Наталья 0,853872 0,000366
Дроздова 1,698970 0,000728
Спасибо 1,154902 0,000743
всем 0,853872 0,000366
кто 0,494850 0,000424
нам 0,657577 0,000423
мешает 1,397940 0,000599
Жук 1,698970 0,000728
Девочка 1,301030 0,000558
чумазая 1,698970 0,000728
Вера 1,221849 0,001833
Полозкова 1,698970 0,002185
Яблоко 1,698970 0,000728
Надо 1,397940 0,000599
поостеречься 1,698970 0,000728
катись 1,698970 0,000728
бутылкой 1,698970 0,000728
автостраде 1,698970 0,000728
блюз 1,522879 0,000653
Люболь 1,698970 0,000728
Степанов 1,698970 0,000728
Азбука 1,301030 0,000558
времен 1,096910 0,000470
года 0,356547 0,000153
Бойкова 1,698970 0,000728
нужен 0,958607 0,000411
уходит 1,301030 0,000558
какое 1,096910 0,000470
решенье 1,698970 0,000728
Бутко 1,698970 0,000728
Зинчук 1,698970 0,000728
Игорь 0,823909 0,000353
Мазунин 1,698970 0,000728
Уродливый 1,698970 0,000728
кот 1,301030 0,000558
Шурка 1,698970 0,000728
Кривов 1,698970 0,000728
деду 1,698970 0,000728
за 0,180456 0,000077
Победу 1,698970 0,000728
Сыпь 1,698970 0,000728
гармоника 1,698970 0,000728
Спит 1,698970 0,000728
ковыль 1,522879 0,000653
Равнина 1,698970 0,000728
дорогая 1,698970 0,000728
Собаке 1,698970 0,000728
Качалова 1,698970 0,000728
Джим 1,301030 0,000558
лапу 1,698970 0,000728
мне 0,853872 0,000366
Моим 1,698970 0,000728
стихам 1,698970 0,000728
написанным 1,522879 0,000653
Поет 1,698970 0,000728
зима 1,698970 0,000728
аукает 1,698970 0,000728
Прекрасной 1,698970 0,000728
даме 1,698970 0,000728
Цикл 1,397940 0,000599
весь 1,000000 0,000429
вечере 1,698970 0,000728
задумалась 1,698970 0,000728
Предчувствую 1,698970 0,000728
Тебя 1,522879 0,000653
Флейта 1,698970 0,000728
позвоночник 1,698970 0,000728
Нет 0,886057 0,000570
Байрон 1,698970 0,000728
другой 1,000000 0,000429
Кто 0,638272 0,000274
создан 1,301030 0,000837
камня 1,522879 0,000653
глины 1,698970 0,000728
встречались 1,698970 0,000728
закате 1,522879 0,000653
пылко 1,698970 0,000728
севере 1,698970 0,000728
диком 1,698970 0,000728
стоит 0,677781 0,000291
одиноко 1,698970 0,000728
минуту 1,397940 0,000599
трудную 1,698970 0,000728
хочу 1,397940 0,000599
безумно 1,698970 0,000728
весна 1,221849 0,000524
конца 0,886057 0,000380
краю 1,221849 0,000524
доблестях 1,698970 0,000728
подвигах 1,522879 0,000653
славе 1,698970 0,000728
Мама 1,096910 0,000470
глянь 1,698970 0,000728
ка 1,522879 0,000653
окошка 1,698970 0,000728
Прощай 1,397940 0,000599
немытая 1,698970 0,000728
знаю 1,096910 0,000470
никакой 1,698970 0,000728
моей 1,000000 0,000429
вины 1,522879 0,000653
сколько 0,920819 0,000395
их 0,455932 0,000195
упало 1,698970 0,000728
эту 1,000000 0,000429
бездну 1,522879 0,000653
Двадцать 1,397940 0,000599
первое 0,886057 0,000380
Понедельник 1,522879 0,000653
думал 1,301030 0,000558
тоже 1,000000 0,000429
такая 1,154902 0,000495
расхищено 1,698970 0,000728
предано 1,698970 0,000728
продано 1,698970 0,000728
теми 1,698970 0,000728
бросил 1,698970 0,000728
землю 1,522879 0,000653
Омар 1,698970 0,000728
Хайям 1,698970 0,000728
Беллы 1,397940 0,000599
Ахмадулиной 1,522879 0,000653
Вероники 1,698970 0,000728
Тушновой 1,698970 0,000728
ТОП 0,958607 0,000411
стихов 1,301030 0,000837
тематики 1,698970 0,000728
дружбе 1,522879 0,000653
зиму 1,522879 0,000653
весне 1,698970 0,000728
лето 1,045757 0,000448
Смешные 1,698970 0,000728
Матерные 1,522879 0,000653
спокойной 1,698970 0,000728
ночи 1,301030 0,000558
семью 1,154902 0,000495
папу 1,522879 0,000653
дедушку 1,522879 0,000653
армию 1,301030 0,000558
школу 1,096910 0,000470
музыке 1,301030 0,000558
малышей 1,522879 0,000653
доброте 1,698970 0,000728
конкурс 0,920819 0,000395
стихах 1,397940 0,000599
Другие 0,958607 0,000411
Огромная 1,698970 0,000728
база 1,522879 0,000653
сборники 1,522879 0,000979
известных 1,096910 0,000470
Карта 1,096910 0,000470
сайта 0,522879 0,000224
анализы 1,522879 0,000653
краткие 1,698970 0,000728
содержания 1,698970 0,000728
публикации 0,823909 0,000353
литературном 1,522879 0,000653
блоге 1,698970 0,000728
короткие 1,522879 0,000653
биографии 1,221849 0,000524
обзоры 1,301030 0,000558
творчества 1,397940 0,000599
страницах 1,221849 0,000524
защищены 0,602060 0,000258
авторским 1,522879 0,000653
правом 1,698970 0,000728
При 0,769551 0,000330
копировании 1,522879 0,000653
авторских 1,045757 0,000448
материалов 0,585027 0,000251
ссылка 1,154902 0,000495
источник 1,397940 0,000599
обязательна 1,154902 0,000495
Копировать 1,698970 0,000728
материалы 0,537602 0,000230
аналогичные 1,397940 0,000599
интернет 0,657577 0,000282
библиотеки 1,397940 0,000599
запрещено 1,221849 0,000524
опубликованные 0,920819 0,000395
являются 1,045757 0,000448
общественным 1,698970 0,000728
достоянием 1,698970 0,000728
согласно 1,301030 0,000558
ГК 1,698970 0,000728
РФ 0,568636 0,000244
статьи 0,958607 0,000411
