Пушкинский 1,301030 0,011857
музей 1,000000 0,009942
Изменения 1,522879 0,005047
в 0,070581 0,000877
экспозиции 1,221849 0,005062
Главного 1,522879 0,005047
здания 1,522879 0,005047
и 0,075721 0,003199
особенности 1,522879 0,005047
его 0,376751 0,001249
посещения 1,522879 0,011355
поиск 0,920819 0,002289
найти 0,698970 0,001158
Купить 1,096910 0,003635
билет 1,096910 0,003635
Внимание 1,522879 0,003785
Aa 1,698970 0,004223
Версии 1,698970 0,002815
сайта 0,522879 0,002599
Обычная 1,698970 0,004223
версия 0,769551 0,003825
Контрастная 1,698970 0,004223
Крупный 1,698970 0,004223
шрифт 1,698970 0,004223
контрастные 1,698970 0,004223
цвета 1,397940 0,003475
скрыть 1,522879 0,003785
картинки 1,301030 0,003234
РУС 1,698970 0,005630
ENG 1,397940 0,003475
ITA 1,698970 0,002815
GER 1,698970 0,002815
FRA 1,698970 0,002815
ESP 1,522879 0,002523
поделиться 1,397940 0,003475
Поделиться 1,397940 0,002316
Музей 1,154902 0,008612
соцсетях 1,045757 0,002599
YouTube 0,823909 0,002730
OK 1,397940 0,004633
VKontakte 1,698970 0,005630
TripAdviser 1,698970 0,005630
Telegram 0,769551 0,002550
Яндекс 0,638272 0,002115
Цзен 1,698970 0,005630
Посетителям 1,522879 0,010094
Выставки 1,045757 0,004332
события 0,795880 0,002638
Коллекции 1,154902 0,002871
Медиа 0,958607 0,002383
Наука 0,638272 0,001586
образование 1,522879 0,003785
История 0,494850 0,002460
музея 1,221849 0,002025
коллекций 1,397940 0,004633
Здания 1,698970 0,007038
Главное 0,657577 0,001634
здание 1,397940 0,003475
Галерея 1,221849 0,003037
искусства 0,886057 0,002936
стран 1,045757 0,003466
Европы 0,920819 0,003052
Америки 1,221849 0,004049
Отдел 1,397940 0,003475
личных 1,221849 0,003037
Мемориальная 1,522879 0,003785
квартира 1,397940 0,003475
С 0,455932 0,002266
Т 1,397940 0,003475
Рихтера 1,522879 0,005047
Учебный 1,698970 0,005630
ЦЭВ 1,698970 0,004223
Мусейон 1,698970 0,008446
Мастерская 1,698970 0,002815
Э 1,301030 0,002156
Штейнберга 1,698970 0,002815
Здание 1,698970 0,004223
на 0,075721 0,000753
Зоологической 1,698970 0,004223
Музейный 1,698970 0,004223
квартал 1,397940 0,003475
Отделы 1,698970 0,004223
Филиалы 1,522879 0,003785
Владикавказ 1,397940 0,002316
Екатеринбург 1,000000 0,001657
Калининград 1,096910 0,001818
Нижний 0,853872 0,001415
Новгород 0,886057 0,001468
Санкт 0,795880 0,001319
Петербург 0,920819 0,001526
Томск 1,221849 0,002025
Руководство 1,301030 0,003234
Поддержи 1,698970 0,007038
Попечительский 1,698970 0,002815
совет 1,096910 0,001818
Спонсоры 1,698970 0,004223
партнеры 1,221849 0,003037
Меценаты 1,698970 0,004223
патроны 1,698970 0,002815
Друзья 1,301030 0,003234
Пушкинского 1,698970 0,009853
Фонды 1,698970 0,002815
Мероприятия 1,221849 0,003037
Благодарности 1,698970 0,002815
Online 1,301030 0,002156
пожертвование 1,698970 0,002815
Волонтеры 1,698970 0,002815
Документы 1,096910 0,003635
Деятельность 1,698970 0,005630
Научная 1,301030 0,006467
просветительская 1,698970 0,002815
Издательская 1,397940 0,002316
Выставочная 1,698970 0,002815
Археологическая 1,698970 0,002815
Музыкальная 1,522879 0,002523
XXI 1,154902 0,003827
ИТ 1,522879 0,005047
развитие 1,397940 0,002316
инновации 1,522879 0,002523
Социальная 1,301030 0,002156
инклюзия 1,698970 0,002815
Общая 1,522879 0,003785
информация 0,638272 0,001586
Пресс 0,657577 0,001634
центр 0,638272 0,002644
О 0,207608 0,000344
проекте 0,657577 0,001090
Контакты 0,455932 0,001511
Вакансии 0,657577 0,001634
Использование 1,045757 0,003466
материалов 0,585027 0,001939
изображений 1,397940 0,004633
Билеты 1,221849 0,006074
льготы 1,397940 0,004633
Часы 1,522879 0,003785
работы 0,638272 0,001586
Экскурсии 1,397940 0,005791
программы 0,823909 0,002730
Правила 0,853872 0,002830
с 0,102373 0,000933
инвалидностью 1,522879 0,006309
Гидам 1,698970 0,004223
преподавателям 1,698970 0,004223
Книги 0,795880 0,002638
сувениры 1,698970 0,005630
онлайн 0,508638 0,001264
Шедевры 1,522879 0,003785
Живопись 1,397940 0,005791
Графика 1,522879 0,003785
Скульптура 1,397940 0,003475
Прикладное 1,522879 0,003785
искусство 1,045757 0,002599
Древний 1,397940 0,003475
Восток 1,301030 0,003234
Искусство 1,221849 0,003037
археология 1,698970 0,004223
Античного 1,698970 0,004223
мира 0,537602 0,001336
Нумизматика 1,698970 0,004223
Художественная 1,522879 0,003785
фотография 1,698970 0,004223
Коллекция 1,221849 0,005062
слепков 1,698970 0,004223
электронные 1,397940 0,003475
публикации 0,823909 0,002048
отдела 1,301030 0,003234
визуальной 1,698970 0,004223
информации 0,698970 0,002316
Онлайн 0,769551 0,001913
словарь 1,522879 0,003785
фотографических 1,698970 0,004223
техник 1,698970 0,004223
Виртуальный 1,522879 0,005047
Электронные 1,397940 0,003475
коллекции 1,301030 0,003234
для 0,119186 0,000592
всех 0,552842 0,001374
Сайты 1,698970 0,005630
сателлиты 1,698970 0,005630
других 0,795880 0,002638
ресурсах 1,522879 0,003785
Интернета 1,221849 0,003037
Видеоканал 1,698970 0,005630
D 1,096910 0,006362
реконструкции 1,698970 0,004223
моделирование 1,698970 0,004223
Фотогалереи 1,397940 0,003475
Подкасты 0,744727 0,001851
Аудио 1,221849 0,004049
медиагиды 1,698970 0,005630
Мобильные 1,397940 0,003475
приложения 1,045757 0,002599
Тесты 0,920819 0,002289
игры 1,000000 0,002486
Виртуальные 1,221849 0,004049
выставки 1,096910 0,002726
формате 1,154902 0,002871
Navigator 1,698970 0,004223
Smart 1,301030 0,003234
Museum 1,522879 0,003785
работа 0,920819 0,002289
Лекционный 1,698970 0,004223
сезон 0,853872 0,002122
Youth 1,698970 0,004223
Научные 1,397940 0,003475
мероприятия 1,397940 0,003475
Музейная 1,522879 0,003785
лаборатория 1,698970 0,004223
Академия 1,154902 0,002871
Детский 1,096910 0,002726
Практика 1,301030 0,003234
музее 1,154902 0,002871
Сотрудничество 1,301030 0,003234
вузами 1,698970 0,004223
Издания 1,221849 0,003037
Археология 1,522879 0,003785
библиотека 1,096910 0,002726
Государственный 1,221849 0,003037
изобразительных 1,522879 0,003785
искусств 1,096910 0,002726
им 0,602060 0,001995
А 0,376751 0,001249
Пушкина 1,000000 0,003314
EN 1,522879 0,002523
Обновленная 1,698970 0,002815
экспозиция 1,397940 0,003475
Галерее 1,522879 0,002523
XIX 1,096910 0,001818
XX 0,958607 0,003177
веков 1,154902 0,001914
Концерты 1,301030 0,002156
Мемориальной 1,698970 0,002815
квартире 1,221849 0,002025
Святослава 1,698970 0,002815
января 0,958607 0,001588
июня 0,920819 0,001526
Стать 1,397940 0,002316
другом 1,301030 0,002156
Сегодня 0,677781 0,004492
Завтра 1,221849 0,002025
На 0,283997 0,000471
неделе 1,154902 0,001914
В 0,167491 0,000416
выходные 1,301030 0,002156
Выбрать 1,096910 0,001818
дату 1,301030 0,002156
Структура 1,698970 0,002815
Напишите 1,397940 0,003475
нам 0,657577 0,001634
ул 1,000000 0,005800
Волхонка 1,698970 0,005630
старых 1,301030 0,002156
мастеров 1,522879 0,003785
подлинники 1,522879 0,002523
Античности 1,522879 0,002523
Востока 1,397940 0,002316
учебные 1,522879 0,002523
слепки 1,698970 0,002815
французских 1,698970 0,002815
импрессионистов 1,397940 0,002316
постимпрессионистов 1,698970 0,002815
начала 0,769551 0,001275
века 0,721246 0,001793
Постоянная 1,522879 0,002523
закрыта 1,698970 0,002815
до 0,244125 0,000405
года 0,356547 0,000591
Чаянова 1,698970 0,002815
художественный 1,397940 0,002316
И 0,408935 0,000678
Цветаева 1,397940 0,002316
является 0,853872 0,001415
частью 1,096910 0,001818
Музейного 1,522879 0,002523
центра 1,301030 0,002156
РГГУ 1,522879 0,002523
закрыто 1,522879 0,003785
Большая 1,000000 0,001657
Бронная 1,698970 0,002815
этаж 1,301030 0,002156
кв 1,698970 0,002815
Квартира 1,522879 0,002523
одного 0,795880 0,001319
из 0,167491 0,000278
величайших 1,698970 0,002815
пианистов 1,698970 0,002815
Колымажный 1,698970 0,002815
пер 1,698970 0,002815
вход 1,397940 0,002316
Малого 1,698970 0,002815
Знаменского 1,698970 0,002815
переулка 1,522879 0,002523
Центр 0,920819 0,001526
эстетического 1,698970 0,002815
воспитания 1,397940 0,002316
детей 0,431798 0,001073
юношества 1,397940 0,002316
buildings 1,698970 0,002815
gcsi 1,698970 0,002815
Зоологическая 1,698970 0,002815
д 0,886057 0,001468
стр 1,096910 0,001818
современных 1,221849 0,002025
художников 1,096910 0,001818
проекты 0,698970 0,001158
посещение 1,522879 0,002523
ГМИИ 1,397940 0,002316
можно 0,443697 0,000735
приобрести 1,397940 0,002316
только 0,309804 0,000513
этом 0,585027 0,000969
сайте 0,431798 0,001073
или 0,301030 0,000499
через 0,585027 0,000969
официальных 1,301030 0,002156
партнеров 1,154902 0,001914
не 0,142668 0,000236
гарантирует 1,698970 0,002815
подлинность 1,698970 0,002815
билетов 1,154902 0,001914
купленных 1,698970 0,002815
местах 1,301030 0,002156
Больше 0,886057 0,001468
о 0,136677 0,000226
билетах 1,698970 0,002815
грузим 1,698970 0,005630
лекции 1,301030 0,002156
прямом 1,397940 0,003475
эфире 0,823909 0,002048
Вы 0,619789 0,001027
можете 0,795880 0,001319
присоединиться 1,698970 0,002815
к 0,207608 0,000344
нашим 1,301030 0,002156
виртуальным 1,698970 0,002815
мероприятиям 1,698970 0,002815
экскурсиям 1,698970 0,002815
лекциям 1,698970 0,002815
взрослых 1,000000 0,001657
оплатив 1,698970 0,002815
участие 0,958607 0,001588
Встречи 1,301030 0,002156
будут 0,638272 0,001058
проходить 1,698970 0,002815
платформе 1,096910 0,001818
Zoom 1,698970 0,002815
предусмотрен 1,698970 0,002815
формат 1,397940 0,002316
живого 1,522879 0,002523
общения 1,154902 0,001914
возможностью 1,698970 0,002815
задавать 1,522879 0,002523
вопросы 0,744727 0,001234
экскурсоводу 1,698970 0,002815
лектору 1,698970 0,002815
Подробнее 0,698970 0,001737
Программы 1,096910 0,001818
лояльности 1,698970 0,002815
Присоединяйтесь 1,301030 0,002156
Патроны 1,698970 0,002815
Мы 0,537602 0,000891
используем 1,221849 0,002025
Cookie 1,698970 0,002815
Скрыть 1,397940 0,002316
Противодействие 1,397940 0,002316
коррупции 1,301030 0,002156
Открытые 1,301030 0,002156
данные 0,721246 0,001195
Подписка 0,853872 0,001415
новости 0,420216 0,000696
Я 0,508638 0,001264
согласен 1,522879 0,003785
условиями 1,221849 0,002025
информационной 1,397940 0,002316
рассылки 1,301030 0,002156
Политикой 1,522879 0,002523
конфиденциальности 0,744727 0,001234
обработки 0,958607 0,001588
персональных 0,769551 0,001275
данных 0,657577 0,001090
Как 0,301030 0,000499
сейчас 0,657577 0,001090
посетить 1,045757 0,001733
Оценка 1,301030 0,002156
качества 1,154902 0,001914
услуг 1,397940 0,002316
имени 0,721246 0,001195
Старая 1,301030 0,002156
arts 1,698970 0,002815
museum 1,698970 0,002815
ru 0,187087 0,000310
