Кино 0,677781 0,000748
Театр 0,920819 0,001355
РУ 1,397940 0,001028
интервью 0,823909 0,001212
статьи 0,958607 0,000705
премьеры 1,301030 0,001435
афиша 1,397940 0,001028
новости 0,420216 0,000309
кино 0,568636 0,003764
и 0,075721 0,001420
театра 1,154902 0,003823
МЕНЮ 1,698970 0,001250
войти 1,221849 0,000899
Полная 1,301030 0,000957
версия 0,769551 0,000849
Смотреть 0,721246 0,000796
онлайн 0,508638 0,000748
Рейтинг 0,958607 0,001058
фильмов 0,795880 0,002049
Новости 0,221849 0,000571
Кастинг 1,522879 0,001680
Актеры 1,522879 0,003921
Фильмы 0,744727 0,002191
За 0,568636 0,000837
кадром 1,522879 0,001680
Интервью 0,638272 0,001174
Рецензии 0,920819 0,002032
История 0,494850 0,001638
Гостевая 1,522879 0,001680
книга 0,958607 0,000705
Вход 0,657577 0,000967
на 0,075721 0,000919
форум 1,301030 0,001435
Регистрация 0,657577 0,000726
форуме 1,221849 0,001348
Свободные 1,698970 0,001875
темы 0,920819 0,001016
Дозорные 1,698970 0,001875
Лайфстайл 1,698970 0,003124
Общая 1,522879 0,001120
информация 0,638272 0,000469
Информация 0,886057 0,000652
для 0,119186 0,000219
актеров 1,221849 0,001348
Заказ 1,698970 0,001250
портфолио 1,698970 0,001250
Поиск 0,619789 0,000456
кастинг 1,522879 0,001120
директоров 1,522879 0,001120
Личный 1,301030 0,000957
кабинет 1,045757 0,000769
актера 1,221849 0,000899
Российские 0,920819 0,001355
актеры 1,397940 0,005141
Советские 1,397940 0,001028
Знаменитости 1,698970 0,001250
в 0,070581 0,001168
Ближнего 1,698970 0,002499
Зарубежья 1,698970 0,003124
Российской 0,769551 0,000849
империи 1,397940 0,001542
Голливудские 1,698970 0,001875
Европейские 1,698970 0,001250
Азиатские 1,698970 0,001250
Латиноамериканские 1,698970 0,001875
Участники 1,522879 0,001120
ВОВ 1,301030 0,000957
Артисты 1,698970 0,001250
фронтовых 1,522879 0,001120
бригад 1,698970 0,001250
Фотографии 1,522879 0,001120
График 1,221849 0,001348
кинопремьер 1,698970 0,001250
фильмы 0,886057 0,003259
цифровых 1,221849 0,000899
премьер 1,045757 0,000769
сериалы 0,920819 0,001016
Советское 1,698970 0,001250
Европейское 1,698970 0,001250
Азиатское 1,698970 0,001250
Мультфильмы 1,301030 0,000957
спектакли 1,522879 0,003361
Короткометражные 1,698970 0,001250
Документальные 1,698970 0,001250
производстве 1,522879 0,001120
Ролики 1,698970 0,001250
Постеры 1,522879 0,001120
Кадры 1,301030 0,000957
из 0,167491 0,000554
Программа 0,958607 0,001058
ТВ 0,657577 0,000967
Кинотеатры 1,522879 0,001120
расписание 1,221849 0,000899
Кассовые 1,522879 0,001120
сборы 1,301030 0,000957
Неопознанные 1,698970 0,001250
кадры 1,000000 0,000736
Режиссеры 1,698970 0,001875
Сценаристы 1,698970 0,001250
Продюсеры 1,698970 0,001250
Операторы 1,698970 0,001250
Композиторы 1,698970 0,001250
Художники 1,397940 0,001542
Каскадеры 1,698970 0,001250
мультипликаторы 1,698970 0,001875
Фронтовые 1,698970 0,001250
кинооператоры 1,698970 0,001250
Театральные 1,698970 0,001875
деятели 1,698970 0,001250
Театры 1,154902 0,002973
Москвы 0,744727 0,000548
Подмосковья 1,397940 0,001028
Санкт 0,795880 0,000878
Петербурга 1,154902 0,000850
России 0,251812 0,000463
Дальнего 1,698970 0,001250
прошлых 1,698970 0,001250
лет 0,366532 0,000674
Киношные 1,698970 0,001250
Обзор 1,221849 0,001348
сериалов 1,045757 0,001538
Фестивальная 1,698970 0,001250
колонка 1,522879 0,001120
Арт 1,221849 0,000899
хаус 1,698970 0,001250
В 0,167491 0,000308
этот 0,795880 0,001171
день 0,585027 0,000645
родились 1,397940 0,001028
ушли 1,698970 0,001250
жизни 0,443697 0,000653
Театральная 1,522879 0,001120
хроника 1,221849 0,000899
Хроника 1,522879 0,001120
кинопроката 1,698970 0,001250
Форум 1,000000 0,000736
Восстановление 1,221849 0,000899
пароля 1,154902 0,000850
Общение 1,397940 0,001028
Контакты 0,455932 0,000503
Реклама 0,387216 0,000427
сайте 0,431798 0,000318
Пассажиры 1,397940 0,001542
Последняя 1,301030 0,001914
любовь 0,698970 0,000771
Земле 1,397940 0,001542
Есть 0,886057 0,000978
ли 0,397940 0,000439
шанс 1,301030 0,001435
после 0,397940 0,000732
смерти 0,744727 0,000822
И 0,408935 0,000602
даже 0,619789 0,000684
области 0,721246 0,001326
балета 1,154902 0,001274
как 0,251812 0,000370
проходит 1,000000 0,001103
подготовка 1,698970 0,001875
к 0,207608 0,000305
анимационной 1,698970 0,002499
премии 0,853872 0,001570
Икар 1,698970 0,002499
Женская 1,522879 0,001680
история 0,721246 0,000796
ужасов 1,221849 0,002247
реальных 1,397940 0,001542
преступлений 1,221849 0,001348
Все 0,148742 0,000219
везде 1,221849 0,001797
сразу 0,795880 0,001171
Дайте 1,698970 0,001875
мне 0,853872 0,001570
другую 1,698970 0,001875
вселенную 1,698970 0,001875
Закончились 1,698970 0,001875
съемки 1,221849 0,001797
Замерзших 1,698970 0,001875
с 0,102373 0,000452
Леной 1,698970 0,001875
Трониной 1,698970 0,001875
Артемом 1,698970 0,001875
Быстровым 1,698970 0,001875
Сериал 1,000000 0,001471
Убивая 1,522879 0,001680
Еву 1,397940 0,001542
обретет 1,698970 0,001875
приквел 1,522879 0,001680
Сестер 1,698970 0,001875
продлили 1,397940 0,001542
второй 0,920819 0,001016
сезон 0,853872 0,001570
апреля 0,301030 0,005314
Объявлены 1,522879 0,001680
номинанты 1,698970 0,001250
Церемония 1,154902 0,001274
вручения 1,221849 0,001348
наград 1,698970 0,001875
состоится 1,096910 0,000807
июня 0,920819 0,001016
Ирина 0,886057 0,000652
Старшенбаум 1,522879 0,001120
Никита 1,154902 0,001274
Ефремов 1,397940 0,001028
снялись 1,698970 0,001875
пост 1,045757 0,000769
хорроре 1,698970 0,001250
Сестры 1,301030 0,001914
Создатели 1,698970 0,001250
проекта 0,886057 0,000652
обещают 1,698970 0,001250
мрачную 1,698970 0,001250
историю 0,795880 0,000585
духе 1,522879 0,001120
Прочь 1,698970 0,001250
Джордана 1,698970 0,001250
Пила 1,698970 0,001250
Реинкарнации 1,698970 0,001250
Ари 1,698970 0,001250
Астера 1,698970 0,001250
Режиссер 1,154902 0,000850
Адильхан 1,698970 0,001250
Ержанов 1,698970 0,001250
снимал 1,522879 0,001120
сериал 1,045757 0,000769
Петербурге 1,045757 0,000769
Карелии 1,698970 0,001250
Мурманской 1,698970 0,001250
комментария 1,397940 0,024164
Спин 1,698970 0,001250
офф 1,301030 0,000957
расскажет 1,301030 0,000957
о 0,136677 0,000452
юности 1,522879 0,001120
Кэролин 1,698970 0,001250
Мартенс 1,698970 0,001250
которую 1,000000 0,000736
оригинале 1,698970 0,001250
сыграла 1,522879 0,001120
Фиона 1,522879 0,001120
Шоу 0,744727 0,000548
Дарья 1,154902 0,000850
Фекленко 1,698970 0,001250
завершила 1,698970 0,001250
мелодрамы 1,698970 0,001250
По 0,619789 0,000456
тонкому 1,698970 0,001250
льду 1,301030 0,000957
Лучшим 1,698970 0,001250
фильмом 1,698970 0,001250
конкурса 1,154902 0,000850
Артдок 1,698970 0,001250
Сеть 1,397940 0,001028
признана 1,522879 0,001120
лента 1,045757 0,000769
Страна 1,397940 0,001542
изгнании 1,522879 0,001120
Лок 1,522879 0,001120
ключ 1,522879 0,001120
завершится 1,698970 0,001250
третьим 1,522879 0,001120
сезоном 1,522879 0,001120
СМИ 0,481486 0,000531
Иван 0,744727 0,000822
Ургант 1,397940 0,001542
распродает 1,522879 0,001680
недвижимость 1,221849 0,001348
Блеск 1,301030 0,001914
нищета 1,397940 0,002057
красных 1,522879 0,001680
дорожек 1,698970 0,001875
Сара 1,397940 0,001542
Джессика 1,397940 0,001542
Паркер 1,698970 0,001875
Михаил 0,568636 0,000627
Барышников 1,698970 0,001875
Джуд 1,698970 0,001875
Лоу 1,698970 0,001875
Они 0,886057 0,000652
не 0,142668 0,000472
враги 1,221849 0,000899
государства 1,221849 0,000899
Дмитрий 0,602060 0,000443
Песков 0,744727 0,000548
об 0,292430 0,000323
Иване 1,698970 0,001250
Урганте 1,698970 0,001250
Ксении 1,522879 0,001120
Собчак 1,522879 0,001120
Регине 1,698970 0,001250
Тодоренко 1,522879 0,001120
Уилл 1,154902 0,000850
Смит 1,154902 0,000850
покинул 1,096910 0,000807
Американскую 1,698970 0,001250
киноакадемию 1,698970 0,001250
скандала 1,397940 0,001028
Оскаре 1,221849 0,000899
Я 0,508638 0,000935
устал 1,698970 0,001875
я 0,522879 0,000962
ухожу 1,698970 0,001875
Кэмерон 1,522879 0,001680
Диас 1,522879 0,001680
Джек 1,301030 0,001435
Николсон 1,698970 0,001875
другие 0,677781 0,000748
ушедшие 1,698970 0,001875
пенсию 1,522879 0,001680
марта 0,769551 0,007925
Патрис 1,698970 0,001250
Леконт 1,698970 0,001250
Многие 1,301030 0,000957
сцены 1,522879 0,001120
участием 1,397940 0,001028
Депардье 1,698970 0,001875
мы 0,468521 0,000862
сняли 1,397940 0,001028
первого 1,000000 0,000736
дубля 1,698970 0,001250
Французский 1,522879 0,001120
режиссер 1,397940 0,001028
экранизации 1,522879 0,001120
романа 1,096910 0,001210
Мегрэ 1,397940 0,001028
таинственная 1,397940 0,001028
девушка 1,221849 0,000899
таланте 1,698970 0,001250
Жерара 1,698970 0,001250
Максим 0,958607 0,000705
Щеголев 1,698970 0,001250
Мой 0,853872 0,000628
инструмент 1,522879 0,001120
это 0,292430 0,000323
сам 1,000000 0,000736
Исполнитель 1,698970 0,001250
главной 1,045757 0,000769
роли 0,958607 0,000705
сериале 1,096910 0,001614
Порт 1,397940 0,001028
криминальных 1,698970 0,001250
драмах 1,698970 0,001250
стереотипах 1,698970 0,001250
киноиндустрии 1,522879 0,001120
Риналь 1,698970 0,001250
Мухаметов 1,698970 0,001250
всегда 0,657577 0,000967
думал 1,301030 0,000957
что 0,187087 0,000275
буду 1,301030 0,000957
комедийным 1,698970 0,001250
артистом 1,698970 0,001250
Популярный 1,698970 0,001250
актер 1,000000 0,000736
съемках 1,301030 0,000957
Год 0,958607 0,000705
культуры 0,795880 0,000585
экспериментах 1,698970 0,001250
профессии 1,045757 0,000769
любимой 1,301030 0,000957
музыке 1,301030 0,000957
Анна 0,568636 0,000418
Снаткина 1,522879 0,001120
Чем 0,920819 0,000677
больше 0,638272 0,000469
наш 1,045757 0,000769
жизненный 1,522879 0,001120
опыт 1,154902 0,000850
тем 1,000000 0,000736
богаче 1,698970 0,001250
Популярная 1,698970 0,001250
актриса 1,301030 0,001435
Обоюдное 1,522879 0,001120
согласие 1,154902 0,001274
сильных 1,522879 0,001120
героинях 1,698970 0,001250
актуальной 1,522879 0,001120
классике 1,397940 0,001028
Денис 0,853872 0,000628
Никифоров 1,397940 0,001028
Многоэтажка 1,698970 0,001250
современный 1,301030 0,000957
Достоевский 1,522879 0,001120
Ромен 1,698970 0,001250
Дюрис 1,698970 0,001250
Какие 0,721246 0,000531
бы 0,585027 0,000430
неприятности 1,698970 0,001250
меня 0,721246 0,000531
одолевали 1,698970 0,001250
надеюсь 1,698970 0,001250
лучшее 1,154902 0,000850
февраля 0,853872 0,001570
Артем 1,397940 0,001028
Михалков 1,301030 0,000957
хотел 1,221849 0,000899
пройти 1,154902 0,000850
путь 1,000000 0,000736
самостоятельно 1,154902 0,000850
Наталья 0,853872 0,000628
Вдовина 1,698970 0,001250
Хочется 1,522879 0,001680
чтобы 0,481486 0,000354
сюжеты 1,301030 0,000957
были 0,769551 0,000566
гораздо 1,522879 0,001120
интереснее 1,522879 0,001120
чем 0,420216 0,000464
первое 0,886057 0,000652
приходит 1,221849 0,000899
голову 1,397940 0,001028
Новые 0,552842 0,000407
трейлеры 1,221849 0,000899
Елизавета 1,221849 0,000899
Трейлер 1,301030 0,001435
Юная 1,397940 0,001028
цесаревна 1,698970 0,001250
Юлия 0,823909 0,000606
Хлынина 1,522879 0,001120
получает 1,045757 0,000769
бразды 1,698970 0,001250
правления 1,522879 0,001120
огромным 1,522879 0,001120
государством 1,698970 0,001250
обсудить 1,698970 0,001250
Промо 1,397940 0,001542
Стикер 1,397940 0,001028
Ботан 1,397940 0,001028
Супербаба 1,698970 0,001250
Поверьте 1,698970 0,001250
Похищение 1,698970 0,001250
Лизы 1,397940 0,001028
Мак 1,397940 0,001028
Вей 1,698970 0,001250
английском 1,221849 0,000899
языке 0,886057 0,000652
Красавица 1,154902 0,001274
дракон 1,154902 0,001274
Отрывок 1,522879 0,001680
Дьулуур 1,698970 0,001250
мас 1,698970 0,001250
рестлинг 1,698970 0,001250
Научные 1,397940 0,001028
расследования 1,397940 0,001028
Сергея 0,920819 0,001016
Малоземова 1,522879 0,001120
Афиша 0,795880 0,000585
Тарас 1,154902 0,000850
Бульба 1,154902 0,000850
драма 1,045757 0,001923
исторический 1,522879 0,001120
фильм 0,823909 0,002424
экранизация 1,522879 0,001680
Россия 0,455932 0,000838
Украина 0,698970 0,000514
Салют 1,221849 0,000899
катастрофа 1,698970 0,001250
Балканский 1,397940 0,001028
рубеж 1,221849 0,000899
военный 1,221849 0,001348
Сербия 1,397940 0,001028
Бабушка 1,154902 0,000850
мистика 1,154902 0,000850
Испания 1,301030 0,000957
Франция 1,096910 0,000807
Гарри 1,045757 0,000769
Хафт 1,221849 0,000899
Последний 0,920819 0,000677
бой 1,096910 0,000807
биография 1,522879 0,001120
спортивный 1,397940 0,001028
триллер 1,221849 0,000899
Канада 1,301030 0,000957
Венгрия 1,221849 0,000899
США 0,508638 0,000561
Скрежет 1,154902 0,001274
Финляндия 1,154902 0,000850
Швеция 1,397940 0,001028
фантастическая 1,698970 0,001250
экшн 1,698970 0,001250
комедия 1,045757 0,001154
Мальчик 1,301030 0,000957
дельфин 1,301030 0,000957
приключения 1,045757 0,000769
фэнтези 1,045757 0,000769
Германия 0,958607 0,000705
Турция 1,397940 0,001028
все 0,292430 0,000430
прокате 1,397940 0,001028
Премьеры 1,096910 0,001210
Философия 1,397940 0,001028
грани 1,221849 0,000899
безумного 1,698970 0,001250
от 0,193820 0,000143
братьев 1,301030 0,000957
Руссо 1,698970 0,001250
режиссеров 1,301030 0,000957
фильма 0,795880 0,000585
Человек 0,958607 0,000705
швейцарский 1,698970 0,001250
нож 1,698970 0,001250
Смерть 1,000000 0,000736
яйце 1,522879 0,001120
Финский 1,698970 0,001250
боди 1,698970 0,001250
хоррор 1,301030 0,000957
про 0,568636 0,000837
семейные 1,301030 0,000957
ценности 1,397940 0,001028
Нельзя 1,522879 0,001120
делать 0,920819 0,001016
вид 1,154902 0,000850
нормально 1,522879 0,001120
слово 0,886057 0,000652
живое 1,522879 0,001120
мертвое 1,698970 0,001250
оскароносной 1,698970 0,001250
драме 1,698970 0,001250
Сядь 1,397940 0,001028
за 0,180456 0,000332
руль 1,301030 0,000957
моей 1,000000 0,000736
машины 1,045757 0,000769
Экранизация 1,698970 0,001250
Харуки 1,397940 0,001028
Мураками 1,301030 0,000957
Дяде 1,698970 0,001250
Ване 1,698970 0,001250
Хиросиме 1,698970 0,001250
комментарий 1,221849 0,005392
Ампир 1,397940 0,001028
V 0,958607 0,000705
Взбираясь 1,698970 0,001250
вершине 1,698970 0,001250
Фудзи 1,698970 0,001250
забудь 1,522879 0,001120
прокатное 1,698970 0,001250
удостоверение 1,522879 0,001120
Новая 0,823909 0,000606
Пелевина 1,698970 0,001250
вновь 0,823909 0,000606
потеряла 1,221849 0,000899
дату 1,301030 0,000957
релиза 1,698970 0,001250
но 0,481486 0,000708
успели 1,698970 0,001250
ее 0,508638 0,000374
посмотреть 1,000000 0,000736
Отец 1,397940 0,001028
Коридор 1,698970 0,001250
затмений 1,698970 0,001250
Интеллектуальная 1,698970 0,001250
Виагра 1,698970 0,001250
Худший 1,522879 0,001120
человек 0,494850 0,000364
свете 1,154902 0,000850
каждый 0,823909 0,000606
нас 0,508638 0,000374
Утраченные 1,698970 0,001250
иллюзии 1,698970 0,001250
писателей 1,045757 0,000769
Проект 1,000000 0,000736
Адам 1,397940 0,001028
Гость 1,221849 0,000899
будущего 0,823909 0,000606
Скорбим 1,698970 0,001250
ушел 1,397940 0,001028
Владимир 0,431798 0,000318
Жириновский 0,677781 0,000499
ушла 1,221849 0,000899
Лидия 1,301030 0,000957
Донец 1,698970 0,001250
Продолжение 1,301030 0,000957
истории 0,657577 0,000484
таксиста 1,522879 0,001120
отправляющего 1,698970 0,001250
людей 0,698970 0,000514
тот 0,853872 0,000628
свет 1,154902 0,000850
Сергеем 1,301030 0,000957
Гилевым 1,698970 0,001250
Аней 1,698970 0,001250
Чиповской 1,698970 0,001250
вместо 0,744727 0,000548
Кирилла 1,522879 0,001120
Кяро 1,698970 0,001250
Атака 1,397940 0,001542
титанов 1,301030 0,001435
серия 1,000000 0,001471
Что 0,346787 0,000510
если 0,698970 0,000514
могло 1,698970 0,001250
быть 0,431798 0,000476
иначе 1,301030 0,000957
Рекап 1,698970 0,001250
эпизода 1,301030 0,001435
Рассвет 1,698970 0,001250
человечества 1,698970 0,001250
Никто 1,397940 0,001542
узнает 1,221849 0,000899
роль 1,000000 0,000736
Евгении 1,698970 0,001250
Брик 1,698970 0,001250
Алены 1,698970 0,001250
Званцовой 1,698970 0,001250
беспечности 1,698970 0,001250
ответственности 1,154902 0,000850
Медленные 1,698970 0,001250
лошади 1,698970 0,001250
Шпион 1,698970 0,001250
вышел 1,000000 0,000736
вон 1,698970 0,001250
британскую 1,698970 0,001250
разведку 1,522879 0,001120
Гэри 1,698970 0,001250
Олдмана 1,698970 0,001250
рваных 1,698970 0,001250
носках 1,698970 0,001250
Здравствуйте 1,522879 0,001120
хмурые 1,698970 0,001250
дни 1,000000 0,000736
аниме 1,397940 0,001028
которые 0,431798 0,000318
стоит 0,677781 0,000499
обратить 1,522879 0,001120
внимание 0,853872 0,000628
этой 0,744727 0,000548
весной 1,154902 0,000850
Вампиры 1,397940 0,001028
средней 1,301030 0,000957
полосы 1,397940 0,001028
Днем 1,301030 0,000957
лихорадка 1,698970 0,001250
а 0,327902 0,000241
ночью 1,397940 0,001028
пир 1,698970 0,001250
комментариев 1,397940 0,003085
Марлийский 1,698970 0,001250
корабль 1,096910 0,000807
иди 1,522879 0,001120
ко 0,958607 0,000705
дну 1,698970 0,001250
Спецкоронация 1,698970 0,001250
главные 0,823909 0,000606
отечественные 1,397940 0,001028
российских 0,468521 0,000345
самодержцах 1,698970 0,001250
государстве 1,522879 0,001120
Главная 0,823909 0,000606
тема 1,301030 0,000957
Как 0,301030 0,000221
Рене 1,397940 0,001028
Зеллвегер 1,698970 0,001250
Эль 1,522879 0,001120
Фаннинг 1,698970 0,001250
Кейт 1,301030 0,001435
Уинслет 1,698970 0,001250
сыграли 1,301030 0,000957
убийц 1,221849 0,000899
От 0,795880 0,000585
юного 1,698970 0,001250
Шерлока 1,522879 0,001120
Холмса 1,698970 0,001250
до 0,244125 0,000269
боксера 1,522879 0,001120
Освенцима 1,698970 0,001250
неформатные 1,698970 0,001250
герои 1,045757 0,000769
режиссера 1,154902 0,001274
Барри 1,301030 0,000957
Левинсона 1,397940 0,001028
Гении 1,698970 0,001250
трикстеры 1,698970 0,001250
блаженные 1,698970 0,001250
карьере 1,221849 0,000899
которому 1,221849 0,000899
сегодня 0,677781 0,000499
исполнилось 1,522879 0,001120
сила 1,397940 0,001028
сестра 1,301030 0,000957
женский 1,397940 0,001028
бизнес 0,657577 0,000484
Подельники 1,301030 0,000957
еще 0,408935 0,000301
запланирована 1,698970 0,001250
Оторви 1,397940 0,001028
выбрось 1,397940 0,001028
получи 1,522879 0,001120
билет 1,096910 0,000807
Разыгрываем 1,522879 0,001120
билеты 1,096910 0,000807
премьеру 1,221849 0,001348
комедийного 1,397940 0,001028
боевика 1,397940 0,001028
Финник 1,301030 0,000957
дарит 1,301030 0,000957
подарки 1,301030 0,000957
Кандиша 1,698970 0,001250
демон 1,301030 0,000957
мести 1,522879 0,001120
заманивает 1,698970 0,001250
ти 1,522879 0,001120
городах 1,221849 0,000899
Сеструха 1,522879 0,001120
Пятница 1,522879 0,001120
Семейные 1,397940 0,001028
тайны 1,154902 0,000850
Домашний 1,397940 0,001028
Бизнес 0,853872 0,000628
план 1,221849 0,000899
счастья 1,045757 0,000769
ТВЦ 1,522879 0,001120
Цифровые 1,522879 0,001120
Пузырь 1,397940 0,001028
Apple 1,154902 0,001274
TV 1,221849 0,001348
Сияющие 1,522879 0,001120
Ушли 1,522879 0,001120
дожидаясь 1,698970 0,001250
перитонитов 1,698970 0,001250
покупает 1,522879 0,001120
границей 1,154902 0,000850
Джим 1,301030 0,000957
Керри 1,522879 0,001120
Чон 1,698970 0,001250
Хо 1,522879 0,001120
н 1,397940 0,001028
клипе 1,698970 0,001250
The 0,721246 0,000531
Weeknd 1,522879 0,001120
Свидание 1,698970 0,001250
которое 1,096910 0,000807
заканчивается 1,397940 0,001028
больнице 1,301030 0,000957
Джейсон 1,522879 0,001120
Момоа 1,522879 0,001120
прокомментировал 1,154902 0,000850
слухи 1,301030 0,000957
романе 1,154902 0,000850
Бекинсейл 1,698970 0,001250
Артистов 1,698970 0,001250
заметили 1,301030 0,001435
вместе 0,769551 0,000566
вечеринке 1,522879 0,001120
Оскара 1,522879 0,001120
Паулину 1,522879 0,001120
Андрееву 1,522879 0,001120
ужине 1,698970 0,001250
Анатолием 1,698970 0,001250
Чубайсом 1,522879 0,001120
Авдотьей 1,698970 0,001250
Смирновой 1,698970 0,001250
Стамбуле 1,154902 0,000850
Детский 1,096910 0,000807
утренник 1,698970 0,001250
Кристина 1,154902 0,000850
Асмус 1,522879 0,001120
Павел 0,853872 0,000628
Прилучный 1,698970 0,001250
Александра 0,638272 0,000704
Ребенок 1,522879 0,001120
Шайа 1,698970 0,001250
Ла 1,698970 0,001250
Баф 1,698970 0,001250
Миа 1,698970 0,001250
Гот 1,698970 0,001250
впервые 0,744727 0,000548
стали 0,853872 0,000628
родителями 1,397940 0,001028
День 0,795880 0,000585
рождения 0,677781 0,000499
Наталия 1,522879 0,001120
Богунова 1,698970 0,001250
Антон 0,958607 0,000705
Васильев 1,096910 0,000807
Валентина 1,045757 0,000769
Гарцуева 1,698970 0,001250
Астрида 1,698970 0,001250
Кайриша 1,698970 0,001250
Светлана 1,045757 0,001154
Кожемякина 1,698970 0,001250
Николай 0,744727 0,000548
Лавров 1,000000 0,000736
Михайловский 1,397940 0,001028
Елена 0,769551 0,000566
Муравьева 1,698970 0,001250
Орлова 1,698970 0,001250
Патрисия 1,698970 0,001250
Аркетт 1,522879 0,001120
Джон 0,958607 0,000705
Гэвин 1,698970 0,001250
Сон 1,522879 0,001120
Кан 1,698970 0,001250
Мэри 1,154902 0,000850
Пикфорд 1,698970 0,001250
Робин 1,221849 0,000899
Райт 1,301030 0,000957
Мария 0,698970 0,000514
Феликс 1,522879 0,001120
Соня 1,698970 0,001250
Хенивсе 1,698970 0,001250
родившиеся 1,698970 0,001250
Премия 1,045757 0,000769
Золотая 1,397940 0,001028
Маска 1,221849 0,000899
вручит 1,698970 0,001250
свои 0,698970 0,000514
награды 1,301030 0,001435
формате 1,154902 0,000850
Трансляция 1,221849 0,000899
пройдет 1,221849 0,000899
платформе 1,096910 0,000807
Okko 1,522879 0,001120
социальных 0,769551 0,000566
сетях 0,769551 0,000566
фестиваля 1,397940 0,001542
Бен 1,301030 0,000957
Стиллер 1,698970 0,001250
станет 0,920819 0,000677
Джеком 1,698970 0,001250
Торренсом 1,698970 0,001250
театральной 1,698970 0,001250
адаптации 1,698970 0,001250
Сияния 1,698970 0,001250
Стивена 1,397940 0,001028
Кинга 1,397940 0,001028
Премьера 1,221849 0,001348
спектакля 1,221849 0,001797
Лондоне 1,301030 0,000957
намечена 1,698970 0,001250
начало 1,221849 0,000899
года 0,356547 0,000262
затем 1,301030 0,000957
он 0,568636 0,000418
переедет 1,522879 0,001120
Бродвей 1,698970 0,001250
Спектакль 1,698970 0,001250
Бекмамбетова 1,698970 0,001250
Ходжа 1,698970 0,001250
Насреддин 1,698970 0,001250
откроет 1,522879 0,001120
показы 1,301030 0,000957
Золотой 1,045757 0,000769
Маски 1,522879 0,001120
стартует 1,301030 0,000957
Оксане 1,698970 0,001250
Кардаш 1,698970 0,001250
Дмитрию 1,522879 0,001120
Сердюку 1,698970 0,001250
Софье 1,698970 0,001250
Кипрской 1,698970 0,001250
вручили 1,522879 0,001120
президента 0,958607 0,000705
молодых 1,154902 0,000850
деятелей 1,301030 0,000957
искусства 0,886057 0,001304
также 0,494850 0,000364
лауреаты 1,522879 0,001120
президентской 1,397940 0,001028
литературы 0,920819 0,000677
произведения 0,823909 0,000606
детей 0,431798 0,000318
юношества 1,397940 0,001028
год 0,568636 0,000418
Нина 1,221849 0,000899
Александрова 1,698970 0,001250
Андрей 0,552842 0,000407
Феськов 1,698970 0,001250
Леонид 0,958607 0,000705
Нечаев 1,522879 0,001120
сыграют 1,698970 0,001250
ремастере 1,698970 0,001250
Андрея 1,221849 0,000899
Могучего 1,698970 0,001250
Композитор 1,522879 0,001120
Евгений 0,698970 0,000514
Загот 1,698970 0,001250
написал 1,154902 0,000850
мюзикл 1,698970 0,001250
по 0,124939 0,000138
Волшебнику 1,698970 0,001250
изумрудного 1,698970 0,001250
города 0,698970 0,000514
Более 1,000000 0,000736
московских 1,221849 0,000899
культурных 1,522879 0,001120
площадок 1,698970 0,001250
примут 1,522879 0,001120
участие 0,958607 0,000705
Ночи 1,698970 0,001250
театров 1,397940 0,001028
Центр 0,920819 0,000677
документального 1,397940 0,001028
покажет 1,221849 0,000899
культовые 1,698970 0,001250
Современника 1,698970 0,001250
Фестиваль 1,221849 0,000899
хорошим 1,522879 0,001120
холодно 1,397940 0,001028
Алафейская 1,698970 0,001250
гора 1,522879 0,001120
новый 0,552842 0,000407
кинофестиваль 1,698970 0,001250
Тобольске 1,698970 0,001250
Главные 0,769551 0,000566
актуального 1,522879 0,001120
российского 0,823909 0,000606
Дом 0,698970 0,000514
у 0,387216 0,000285
конца 0,886057 0,000652
света 1,221849 0,000899
Дух 1,221849 0,000899
огня 1,522879 0,001120
Впервые 1,522879 0,001120
без 0,387216 0,000570
Соловьева 1,397940 0,001028
Эсхатологический 1,698970 0,001250
уют 1,397940 0,001028
вера 1,522879 0,001120
весну 1,301030 0,000957
фестивале 1,154902 0,000850
дебютов 1,698970 0,001250
Ханты 1,522879 0,001120
Мансийске 1,698970 0,001250
Берлинале 1,698970 0,001250
Без 0,920819 0,000677
любви 0,677781 0,000499
решительностью 1,698970 0,001250
заметило 1,698970 0,001250
жюри 1,397940 0,001028
Берлинского 1,698970 0,001250
кинофестиваля 1,522879 0,001120
Спутник 1,698970 0,001250
телезрителя 1,698970 0,001250
Артист 1,698970 0,001250
говорит 1,154902 0,000850
Первый 0,853872 0,000628
канал 0,920819 0,000677
Самый 1,000000 0,000736
лучший 1,045757 0,000769
ДЭ 1,698970 0,001250
Бульдог 1,698970 0,001250
шоу 0,657577 0,000484
ночь 1,000000 0,000736
ТНТ 1,397940 0,001028
К 0,638272 0,000469
звездам 1,522879 0,001120
Брэд 1,698970 0,001250
Питт 1,698970 0,001250
объясняет 1,698970 0,001250
почему 0,494850 0,000364
можем 1,397940 0,001028
жить 0,958607 0,000705
космоса 1,154902 0,000850
января 0,958607 0,001763
Говорим 1,698970 0,001250
Париж 1,301030 0,000957
думаем 1,698970 0,001250
секс 1,397940 0,001028
Касабланка 1,698970 0,001250
эвфемизмы 1,698970 0,001250
запреты 1,698970 0,001250
шедевру 1,698970 0,001250
Богартом 1,698970 0,001250
Бергман 1,698970 0,001250
книги 0,744727 0,000548
Ноа 1,522879 0,001120
Айзенберга 1,698970 0,001250
Такая 1,698970 0,001250
песня 1,301030 0,000957
доведет 1,522879 0,001120
слез 1,221849 0,000899
шведского 1,698970 0,001250
серийного 1,522879 0,001120
убийцу 1,301030 0,000957
фрагмент 1,301030 0,000957
дебютного 1,698970 0,001250
Паоло 1,522879 0,001120
Соррентино 1,698970 0,001250
Герой 1,154902 0,000850
Фрэнк 1,522879 0,001120
Синатра 1,698970 0,001250
Интуиция 1,698970 0,001250
Небесный 1,522879 0,001120
суд 1,301030 0,000957
Цыпкина 1,698970 0,001250
Современнике 1,698970 0,001250
Интерактивный 1,522879 0,001120
спектакль 1,301030 0,000957
под 0,376751 0,000277
художественным 1,522879 0,001120
руководством 1,397940 0,001028
Константина 1,221849 0,000899
Хабенского 1,522879 0,001120
пожалеет 1,698970 0,001250
обо 1,397940 0,001028
Прыг 1,522879 0,001120
скок 1,522879 0,001120
обвалился 1,698970 0,001250
потолок 1,698970 0,001250
Театре 1,522879 0,001120
Наций 1,522879 0,001120
Марии 1,397940 0,001028
Брусникиной 1,698970 0,001250
киносценарию 1,698970 0,001250
Геннадия 1,698970 0,001250
Шпаликова 1,698970 0,001250
стрелял 1,698970 0,001250
суфлера 1,698970 0,001250
кулисами 1,698970 0,001250
русского 0,769551 0,000566
О 0,207608 0,000153
театре 1,045757 0,000769
прикрас 1,522879 0,001120
Рецензия 1,522879 0,001120
литературного 1,522879 0,001120
обозревателя 1,698970 0,001250
Олега 1,301030 0,000957
Фочкина 1,698970 0,001250
книгу 1,045757 0,000769
Алексея 1,154902 0,000850
Митрофанова 1,522879 0,001120
Юрий 0,795880 0,000585
Любимов 1,698970 0,001250
простые 1,698970 0,001250
истины 1,301030 0,000957
длиной 1,698970 0,001250
двенадцать 1,698970 0,001250
kino 1,698970 0,001875
teatr 1,698970 0,001875
ru 0,187087 0,000206
Использование 1,045757 0,000769
сайта 0,522879 0,000385
означает 1,397940 0,001028
полное 1,522879 0,001120
безоговорочное 1,698970 0,001250
условиями 1,221849 0,000899
пользовательского 1,154902 0,000850
соглашения 1,000000 0,000736
Мобильная 1,000000 0,000736
