div 1,000000 0,001498
style 0,823909 0,002057
position 0,853872 0,001705
absolute 0,958607 0,001914
left 0,958607 0,001914
px 0,920819 0,001839
img 0,795880 0,001987
src 0,795880 0,001987
top 1,154902 0,001153
fwz 1,522879 0,001521
mail 0,721246 0,001080
ru 0,187087 0,001308
counter 1,397940 0,002094
id 1,154902 0,001153
js 1,045757 0,001044
na 1,522879 0,001521
border 1,397940 0,001396
height 1,221849 0,001830
width 1,221849 0,001830
alt 0,886057 0,002212
Рейтинг 0,958607 0,000957
Mail 1,397940 0,001396
https 0,721246 0,001440
mc 1,000000 0,001498
yandex 1,000000 0,001498
watch 1,000000 0,001498
www 0,698970 0,000698
tns 1,698970 0,001696
V 0,958607 0,000957
a 0,920819 0,000919
rian 1,698970 0,003393
UTF 1,698970 0,001696
tmsec 1,698970 0,001696
site 1,522879 0,001521
new 1,000000 0,000999
РИА 1,301030 0,002598
Новости 0,221849 0,000443
события 0,795880 0,000795
в 0,070581 0,001092
Москве 0,455932 0,000455
России 0,251812 0,000629
и 0,075721 0,000529
мире 0,468521 0,001403
сегодня 0,677781 0,002030
темы 0,920819 0,000919
дня 0,494850 0,000494
фото 0,657577 0,001313
видео 0,568636 0,000852
инфографика 1,522879 0,001521
радио 1,096910 0,001095
internet 1,397940 0,002094
group 1,698970 0,002545
ФГУП 1,698970 0,001696
МИА 1,698970 0,003393
Россия 0,455932 0,001366
xn 1,698970 0,002545
c 0,920819 0,001379
acbl 1,698970 0,001696
abdlkab 1,698970 0,001696
og 1,698970 0,001696
p 1,221849 0,001220
ai 1,698970 0,001696
awards 1,698970 0,001696
Регистрация 0,657577 0,001313
пройдена 1,397940 0,001396
успешно 1,301030 0,001299
Пожалуйста 1,096910 0,001095
перейдите 1,522879 0,001521
по 0,124939 0,000437
ссылке 1,301030 0,001299
из 0,167491 0,000418
письма 1,221849 0,001220
отправленного 1,698970 0,001696
на 0,075721 0,000454
Отправить 1,045757 0,005221
еще 0,408935 0,001021
раз 0,698970 0,002443
Политика 0,443697 0,000886
В 0,167491 0,000669
Экономика 0,568636 0,000852
Общество 0,638272 0,000956
Происшествия 0,823909 0,001234
Армия 1,000000 0,000999
Наука 0,638272 0,000956
Спорт 0,537602 0,000805
Культура 0,638272 0,001593
Религия 1,301030 0,002598
Туризм 1,221849 0,002440
Обострение 1,698970 0,001696
ситуации 1,000000 0,000999
ДНР 0,823909 0,000823
ЛНРПри 1,698970 0,001696
ударе 0,853872 0,000853
ВСУ 0,744727 0,000744
ракетой 1,154902 0,001153
Точка 0,795880 0,000795
У 0,431798 0,000431
Краматорску 0,744727 0,000744
погибли 1,096910 0,001095
около 1,000000 0,000999
человек 0,494850 0,000494
Главное 0,657577 0,000657
ЦБ 0,795880 0,000795
снизил 0,698970 0,000698
ключевую 0,677781 0,000677
ставку 0,657577 0,000657
до 0,244125 0,000609
процентов 1,154902 0,001730
Минобороны 0,698970 0,000698
показало 1,522879 0,001521
кадры 1,000000 0,001498
пуска 1,522879 0,001521
Оникса 1,522879 0,001521
для 0,119186 0,000595
удара 0,823909 0,000823
центру 1,698970 0,001696
подготовки 1,000000 0,000999
украинских 0,795880 0,001192
наемников 0,958607 0,000957
Мировые 1,154902 0,001153
цены 0,823909 0,000823
продовольствие 1,154902 0,001153
марте 1,045757 0,001044
достигли 1,154902 0,001153
рекорда 1,301030 0,001299
года 0,356547 0,000712
Власти 1,000000 0,000999
Эстонии 1,522879 0,001521
освободили 1,698970 0,001696
шеф 1,301030 0,001299
редактора 1,096910 0,001095
Sputnik 1,301030 0,001299
Meedia 1,397940 0,001396
Елену 1,522879 0,001521
Черышеву 1,522879 0,001521
Мариуполь 1,096910 0,001095
освобожден 1,154902 0,001153
заявил 0,744727 0,000744
Кадыров 0,958607 0,000957
Популярное 0,853872 0,000853
Минфин 1,096910 0,001643
США 0,508638 0,000762
разрешил 1,397940 0,001396
операции 0,920819 0,000919
с 0,102373 0,000613
Россией 0,795880 0,000795
связанные 1,397940 0,001396
интернет 0,657577 0,000657
оборудованием 1,397940 0,001396
Санкции 1,301030 0,001299
затронули 1,698970 0,001696
крупнейшего 1,522879 0,001521
производителя 1,522879 0,001521
алмазов 1,698970 0,001696
Алроса 1,698970 0,001696
Аналитик 1,301030 0,001299
объяснил 0,769551 0,001153
почему 0,494850 0,000741
рубль 1,045757 0,001566
рвется 1,522879 0,001521
вверх 1,301030 0,001299
вопреки 1,397940 0,002094
санкциям 1,221849 0,001830
Эксперт 1,045757 0,001044
рассказала 0,958607 0,000957
от 0,193820 0,000387
чего 0,795880 0,000795
зависит 1,522879 0,001521
продление 1,522879 0,001521
майских 1,301030 0,001299
праздников 1,397940 0,001396
Ростехе 1,397940 0,001396
рассказали 0,744727 0,001115
сколько 0,920819 0,000919
Ту 1,154902 0,001153
планируют 1,096910 0,001095
произвести 1,397940 0,001396
Политрук 1,698970 0,001696
лжет 1,522879 0,001521
методы 1,301030 0,001299
Геббельса 1,698970 0,001696
прежнему 1,301030 0,001299
востребованы 1,522879 0,001521
Западом 1,698970 0,001696
Владимир 0,431798 0,000431
Корнилов 1,698970 0,001696
Медиавойны 1,698970 0,001696
Европа 0,853872 0,001279
может 0,397940 0,000795
сделать 0,920819 0,000919
Молдавию 1,698970 0,001696
великой 1,522879 0,001521
газовой 1,698970 0,001696
державой 1,698970 0,001696
Сергей 0,468521 0,000702
Савчук 1,698970 0,002545
Британские 1,698970 0,001696
ученые 1,221849 0,001220
готовятся 1,301030 0,001299
к 0,207608 0,000415
ядерной 1,397940 0,001396
войне 1,096910 0,001095
На 0,283997 0,000425
этот 0,795880 0,000795
им 0,602060 0,000601
стоит 0,677781 0,000677
верить 1,397940 0,001396
Виктория 1,154902 0,001153
Никифорова 1,698970 0,001696
Специальный 1,154902 0,001153
репортаж 1,522879 0,001521
Авторы 0,958607 0,000957
Фото 0,886057 0,000885
Видео 0,431798 0,000431
Инфографика 1,154902 0,001153
Донбасс 0,886057 0,001327
Геноцид 1,698970 0,003393
Последнее 1,000000 0,000999
логово 1,698970 0,001696
нацистов 1,301030 0,001299
Что 0,346787 0,000519
происходит 0,920819 0,000919
у 0,387216 0,000387
стен 1,522879 0,001521
Азовстали 1,698970 0,001696
Изучение 1,698970 0,001696
соцсетей 1,397940 0,002094
за 0,180456 0,000811
март 1,301030 0,001299
не 0,142668 0,000712
подтвердило 1,698970 0,001696
данные 0,721246 0,001080
о 0,136677 0,000478
событиях 1,045757 0,001044
Буче 0,958607 0,000957
выяснили 1,698970 0,001696
МГИМО 1,397940 0,001396
Украинские 1,000000 0,000999
шахматистки 1,154902 0,001153
поддержали 1,522879 0,001521
призыв 1,301030 0,001299
отстранению 1,397940 0,001396
россиян 0,744727 0,000744
FIDE 1,221849 0,001220
внес 1,397940 0,001396
правительство 1,221849 0,001220
проект 0,744727 0,000744
цифровых 1,221849 0,001220
валютах 1,397940 0,001396
Кремле 1,045757 0,001044
назвали 0,920819 0,000919
постыдным 1,397940 0,001396
решение 0,853872 0,000853
Латвии 1,221849 0,001220
объявить 1,698970 0,001696
мая 0,823909 0,000823
днем 1,301030 0,001299
скорби 1,698970 0,001696
Минцифры 1,301030 0,001299
подготовило 1,698970 0,001696
список 0,823909 0,000823
российских 0,468521 0,000702
аналогов 1,522879 0,001521
зарубежных 1,000000 0,001498
Меня 1,221849 0,001220
тошнит 1,698970 0,001696
Евродепутат 1,698970 0,001696
обрушилась 1,698970 0,001696
ЕС 0,920819 0,000919
санкций 0,677781 0,001015
против 0,387216 0,000773
своих 0,657577 0,000985
двоих 1,221849 0,001220
заканчиваются 1,522879 0,001521
автомобили 1,045757 0,001044
Аффектный 1,698970 0,001696
удар 0,920819 0,001379
Кого 1,522879 0,001521
сажают 1,522879 0,001521
жестокие 1,698970 0,001696
убийства 1,221849 0,001220
Booking 1,301030 0,001299
заплатила 1,698970 0,001696
штраф 1,397940 0,001396
размере 1,698970 0,001696
миллиарда 1,698970 0,001696
рублей 0,585027 0,000584
Путин 0,721246 0,001080
простился 1,045757 0,001044
Жириновским 0,585027 0,000876
Рекомендуемое 1,522879 0,001521
апреля 0,301030 0,001202
Болгарии 1,301030 0,001299
какое 1,096910 0,001095
место 0,795880 0,000795
займет 1,522879 0,001521
новом 0,853872 0,000853
миропорядке 1,698970 0,001696
оценил 1,154902 0,001153
заявления 1,045757 0,001044
Запада 1,000000 0,001498
национализации 1,522879 0,001521
активов 1,397940 0,001396
Росгвардия 1,698970 0,001696
уничтожила 1,522879 0,001521
батарею 1,698970 0,001696
Градов 1,522879 0,001521
националистов 0,958607 0,000957
Госдума 1,397940 0,001396
приняла 1,397940 0,001396
первом 1,096910 0,001095
чтении 1,522879 0,001521
законопроект 1,154902 0,001153
Путина 0,886057 0,000885
гражданстве 1,522879 0,001521
Германия 0,958607 0,000957
одобрила 1,698970 0,001696
оборонные 1,522879 0,001521
поставки 1,301030 0,001949
Украине 0,537602 0,000805
миллионов 1,045757 0,001044
евро 0,823909 0,000823
Американские 1,301030 0,001299
СМИ 0,481486 0,000721
заговорили 1,522879 0,001521
бессмысленности 1,698970 0,001696
Шольц 1,301030 0,001299
откладывает 1,522879 0,001521
танков 1,221849 0,001220
пишут 1,522879 0,001521
Он 0,721246 0,000720
был 0,481486 0,000481
неким 1,698970 0,001696
провидцем 1,698970 0,001696
это 0,292430 0,000438
однозначно 1,522879 0,001521
Прощание 0,958607 0,000957
Владимиром 0,677781 0,000677
мирного 1,397940 0,001396
населения 1,045757 0,001044
Донбасса 0,886057 0,000885
Женщины 1,301030 0,001299
старики 1,522879 0,002281
дети 0,853872 0,001279
Это 0,537602 0,000537
ужасающие 1,522879 0,001521
мирное 1,522879 0,002281
время 0,366532 0,000549
публиковать 1,301030 0,001299
такое 0,638272 0,000637
нельзя 0,853872 0,000853
Но 0,619789 0,000928
мир 0,552842 0,000828
лет 0,366532 0,000366
притворялся 1,698970 0,001696
что 0,187087 0,000467
Мы 0,537602 0,000537
стали 0,853872 0,000853
современниками 1,698970 0,001696
отчасти 1,698970 0,001696
пассивными 1,698970 0,001696
участниками 1,397940 0,001396
геноцида 1,698970 0,001696
Горловская 1,698970 0,001696
мадонна 1,698970 0,001696
женщины 0,958607 0,000957
истекающие 1,698970 0,001696
кровью 1,522879 0,001521
улицах 1,522879 0,001521
городов 1,221849 0,001220
Молчать 1,698970 0,001696
об 0,292430 0,000292
их 0,455932 0,000455
смертях 1,698970 0,001696
преступление 1,154902 0,001153
Смотреть 0,721246 0,000720
эти 0,920819 0,000919
невозможно 1,221849 0,001220
вы 0,420216 0,000839
смотрите 1,301030 0,001299
Последний 0,920819 0,000919
Кинг 1,397940 0,001396
другая 1,698970 0,001696
Маринина 1,698970 0,001696
личный 1,221849 0,001220
Мураками 1,301030 0,001299
главные 0,823909 0,000823
книги 0,744727 0,000744
весны 1,221849 0,001220
Открывая 1,522879 0,001521
Россию 0,568636 0,000568
Большая 1,000000 0,000999
вода 1,301030 0,001299
кружево 1,698970 0,001696
музеи 1,301030 0,001299
смотреть 0,769551 0,000768
Нижегородской 1,698970 0,001696
области 0,721246 0,000720
Какая 1,522879 0,001521
то 0,537602 0,001074
мистика 1,154902 0,001153
Ощущение 1,698970 0,001696
кто 0,494850 0,000494
проходит 1,000000 0,000999
мимо 1,522879 0,001521
Призрак 1,301030 0,001299
Павла 1,301030 0,001299
I 0,853872 0,000853
Михайловском 1,522879 0,001521
замке 1,397940 0,001396
Вчера 1,045757 0,004699
Нелюди 1,698970 0,001696
хуже 1,397940 0,001396
террористов 1,397940 0,001396
Чем 0,920819 0,001839
отличились 1,522879 0,001521
украинские 1,096910 0,001095
силовики 1,698970 0,001696
Обойдемся 1,698970 0,001696
без 0,387216 0,000387
Airbnb 1,397940 0,001396
где 0,537602 0,000537
искать 1,301030 0,001299
отели 1,698970 0,001696
после 0,397940 0,000795
ухода 1,221849 0,001220
агрегаторов 1,698970 0,001696
Не 0,481486 0,000481
исполнишь 1,698970 0,001696
быть 0,431798 0,000431
беде 1,698970 0,001696
Какой 1,221849 0,001220
обряд 1,522879 0,001521
Благовещения 1,698970 0,001696
незаслуженно 1,698970 0,001696
забыт 1,698970 0,001696
заменят 1,522879 0,001521
Netflix 1,221849 0,001220
новые 0,508638 0,000762
российские 0,958607 0,000957
сериалы 0,920819 0,000919
онлайн 0,508638 0,000508
Обратный 1,522879 0,001521
эффект 1,698970 0,001696
резко 1,096910 0,001095
растет 1,221849 0,001220
угрозе 1,522879 0,001521
дефолта 1,397940 0,001396
Венгрия 1,221849 0,001220
упорствует 1,698970 0,001696
своем 0,823909 0,000823
преступлении 1,522879 0,001521
Украина 0,698970 0,000698
должна 0,958607 0,000957
была 0,744727 0,000744
сплотить 1,698970 0,001696
свободный 1,698970 0,001696
но 0,481486 0,000481
пошло 1,397940 0,001396
так 0,522879 0,000522
Дмитрий 0,602060 0,000601
Косырев 1,698970 0,001696
наносит 1,698970 0,001696
двойной 1,522879 0,001521
прилетит 1,698970 0,001696
ответ 1,045757 0,001044
Петр 1,000000 0,000999
Акопов 1,698970 0,001696
Хоккей 1,154902 0,002883
Питтсбург 1,698970 0,001696
Нью 1,221849 0,001220
Йорк 1,397940 0,001396
Рейнджерс 1,698970 0,001696
завершили 1,698970 0,001696
матч 1,301030 0,001299
массовой 1,000000 0,000999
дракой 1,698970 0,001696
Появилось 1,522879 0,001521
бэкстейджа 1,698970 0,001696
со 0,387216 0,000387
съемок 1,301030 0,001299
Медведевой 1,397940 0,001396
журнала 1,154902 0,001153
MAXIM 1,698970 0,001696
Макдэвид 1,698970 0,001696
упрочил 1,698970 0,001696
лидерство 1,397940 0,001396
гонке 1,522879 0,001521
бомбардиров 1,698970 0,001696
НХЛ 1,221849 0,001830
игры 1,000000 0,000999
Кингз 1,698970 0,001696
Стерлинг 1,154902 0,001153
заподозрил 1,397940 0,001396
Петра 1,000000 0,000999
Яна 1,000000 0,000999
употреблении 1,522879 0,001521
допинга 1,397940 0,001396
Чемпион 1,698970 0,001696
Bellator 1,698970 0,001696
Немков 1,698970 0,001696
популярность 1,522879 0,001521
Хамзата 1,698970 0,001696
Чимаева 1,698970 0,001696
Две 1,045757 0,001044
передачи 1,301030 0,001299
Подколзина 1,698970 0,001696
помогли 1,301030 0,001299
Ванкуверу 1,698970 0,001696
победить 1,154902 0,001153
Аризону 1,522879 0,001521
матче 1,397940 0,001396
Формула 1,221849 0,001220
Сайнс 1,698970 0,001696
показал 1,045757 0,001044
лучший 1,045757 0,001044
результат 1,301030 0,001299
первой 1,000000 0,000999
практике 1,221849 0,001220
Гран 1,397940 0,001396
при 0,468521 0,000468
Австралии 1,301030 0,001299
Лидер 1,397940 0,001396
Торонто 1,698970 0,001696
Мэйпл 1,698970 0,001696
Лифс 1,698970 0,001696
Мэттьюс 1,522879 0,001521
побил 1,698970 0,001696
уникальный 1,522879 0,001521
рекорд 1,301030 0,001299
клуба 1,301030 0,001299
До 0,958607 0,000957
свидания 1,221849 0,001220
Шестеркин 1,522879 0,001521
поиздевался 1,698970 0,001696
над 0,823909 0,000823
игроками 1,698970 0,001696
Питтсбурга 1,698970 0,001696
Недвижимость 1,045757 0,001044
Радио 0,958607 0,000957
Подкасты 0,744727 0,000744
Теги 1,397940 0,001396
Спецпроекты 0,657577 0,000657
Реклама 0,387216 0,000387
Продукты 1,301030 0,001299
сервисы 1,154902 0,001153
Пресс 0,657577 0,000657
центр 0,638272 0,000637
Ria 1,698970 0,003393
AppStore 1,301030 0,001299
Google 0,744727 0,001487
Play 1,000000 0,000999
APK 1,698970 0,001696
RSS 0,853872 0,000853
Архив 1,096910 0,001095
Версия 1,301030 0,001299
Beta 1,522879 0,001521
Сетевое 0,795880 0,000795
издание 0,657577 0,000657
зарегистрировано 0,823909 0,000823
Федеральной 0,619789 0,000619
службе 0,920819 0,000919
надзору 0,619789 0,000619
сфере 0,552842 0,000552
связи 0,455932 0,000910
информационных 0,585027 0,000584
технологий 0,568636 0,000568
массовых 0,568636 0,000568
коммуникаций 0,585027 0,000584
Роскомнадзор 0,823909 0,000823
Свидетельство 0,721246 0,000720
регистрации 0,638272 0,000956
Эл 0,721246 0,000720
ФС 0,522879 0,000522
Учредитель 0,698970 0,000698
Федеральное 1,045757 0,001044
государственное 1,154902 0,001153
унитарное 1,154902 0,001153
предприятие 1,096910 0,001095
Международное 1,522879 0,001521
информационное 1,698970 0,001696
агентство 1,397940 0,001396
Правила 0,853872 0,000853
использования 0,920819 0,000919
материалов 0,585027 0,001460
конфиденциальности 0,744727 0,000744
Главный 0,585027 0,000584
редактор 0,585027 0,000584
Гаврилова 1,698970 0,001696
А 0,376751 0,000376
Адрес 0,721246 0,000720
электронной 0,886057 0,000885
почты 0,886057 0,000885
Редакции 1,397940 0,002094
ria 1,698970 0,002545
По 0,619789 0,000619
вопросам 1,397940 0,001396
размещения 1,522879 0,001521
пресс 0,886057 0,000885
релизов 1,522879 0,001521
рекламы 0,823909 0,000823
sales 1,397940 0,001396
Телефон 1,000000 0,000999
Чтобы 0,795880 0,002384
связаться 1,301030 0,002598
редакцией 1,301030 0,001299
или 0,301030 0,001202
сообщить 1,698970 0,001696
обо 1,397940 0,001396
всех 0,552842 0,000552
замеченных 1,698970 0,001696
ошибках 1,698970 0,001696
воспользуйтесь 1,397940 0,002094
формой 1,522879 0,002281
обратной 1,301030 0,002598
Лента 0,920819 0,001379
новостей 0,619789 0,000928
Сначала 1,301030 0,001949
старые 1,522879 0,001521
loader 1,698970 0,002545
Онлайн 0,769551 0,000768
Заголовок 1,698970 0,002545
открываемого 1,698970 0,002545
материала 1,397940 0,002094
Доступ 1,698970 0,001696
чату 1,698970 0,001696
заблокирован 1,522879 0,001521
нарушение 1,522879 0,003801
правил 0,958607 0,002393
Вы 0,619789 0,002166
сможете 1,154902 0,001153
вновь 0,823909 0,000823
принимать 1,301030 0,001299
участие 0,958607 0,000957
через 0,585027 0,000584
Если 0,769551 0,002689
согласны 1,301030 0,003248
блокировкой 1,698970 0,003393
Обсуждение 1,301030 0,001299
закрыто 1,522879 0,001521
Участвовать 1,698970 0,001696
дискуссии 1,698970 0,002545
можно 0,443697 0,000443
течение 1,096910 0,001095
часов 0,958607 0,001914
выпуска 1,397940 0,001396
статьи 0,958607 0,000957
участвовать 1,221849 0,001220
авторизуйтесь 1,522879 0,002281
зарегистрируйтесь 1,522879 0,002281
Чаты 1,698970 0,001696
Молния 1,698970 0,001696
Вход 0,657577 0,000657
сайт 0,494850 0,000494
Почта 1,154902 0,003460
Пароль 1,522879 0,002281
Войти 0,508638 0,000762
Восстановить 1,397940 0,001396
пароль 0,920819 0,002299
Другие 0,958607 0,001436
способы 1,301030 0,001949
входа 1,397940 0,001396
ВКонтакте 0,795880 0,001192
Одноклассники 0,823909 0,001234
Apple 1,154902 0,001730
Зарегистрироваться 1,221849 0,002440
Срок 1,698970 0,003393
действия 1,221849 0,001220
ссылки 1,301030 0,001299
истек 1,698970 0,001696
письмо 1,045757 0,001044
Назад 1,154902 0,002306
Я 0,508638 0,000762
принимаю 1,698970 0,002545
условия 0,958607 0,001436
соглашения 1,000000 0,001498
логином 1,522879 0,001521
паролем 1,698970 0,001696
Ваши 1,221849 0,001220
Имя 1,154902 0,001730
Фамилия 1,698970 0,001696
Загрузите 1,522879 0,001521
новую 0,769551 0,000768
фотографию 1,698970 0,001696
перетяните 1,698970 0,001696
ее 0,508638 0,000508
поле 1,397940 0,001396
Выбрать 1,096910 0,001095
Сохранить 1,522879 0,001521
Недопустимое 1,698970 0,001696
имя 0,886057 0,001327
Восстановление 1,221849 0,002440
пароля 1,154902 0,002883
Продолжить 1,397940 0,001396
Ссылка 1,397940 0,002094
восстановления 1,397940 0,001396
отправлена 1,397940 0,001396
адрес 0,920819 0,000919
Готово 1,522879 0,002281
Новый 0,698970 0,000698
Подтвердите 1,698970 0,001696
Сменить 1,698970 0,001696
войти 1,221849 0,001220
Написать 1,096910 0,001095
автору 1,698970 0,001696
Тема 1,698970 0,001696
Сообщение 1,221849 0,001830
ФИО 1,397940 0,001396
Все 0,148742 0,000520
поля 1,301030 0,004547
обязательны 1,698970 0,005937
заполнения 1,698970 0,005937
Задать 1,522879 0,001521
вопрос 0,698970 0,001047
Ваше 1,221849 0,003660
Ваш 1,096910 0,001643
город 1,096910 0,001095
E 0,920819 0,000919
сообщение 1,045757 0,003133
отправлено 1,397940 0,001396
Спасибо 1,154902 0,001153
ваш 0,853872 0,001279
Произошла 1,698970 0,001696
ошибка 1,522879 0,001521
Попробуйте 1,522879 0,001521
Обратная 0,585027 0,000584
связь 0,552842 0,000552
помочь 1,045757 0,001044
Разблокировать 1,698970 0,001696
аккаунт 1,301030 0,001949
Опечатка 1,698970 0,001696
материале 1,522879 0,002281
Почему 0,522879 0,000522
удалили 1,397940 0,001396
мое 1,522879 0,001521
ни 0,744727 0,000744
один 0,721246 0,000720
вариантов 1,522879 0,001521
подходит 1,397940 0,001396
нажмите 1,045757 0,001044
здесь 0,744727 0,000744
воспользоваться 1,301030 0,001299
связью 1,698970 0,001696
были 0,769551 0,000768
заблокированы 1,522879 0,002281
комментирования 1,698970 0,003393
блокировки 1,522879 0,002281
составлять 1,698970 0,002545
либо 1,000000 0,001498
навсегда 1,000000 0,001498
заполните 1,698970 0,005937
форму 1,522879 0,005322
Закрыть 1,000000 0,001498
ниже 0,920819 0,002299
чате 1,522879 0,001521
Дата 1,301030 0,001299
сообщения 1,154902 0,001730
Время 1,045757 0,001044
отправки 1,698970 0,001696
Блокировался 1,698970 0,001696
ранее 1,221849 0,001220
Да 0,823909 0,000823
Нет 0,886057 0,000885
Сколько 1,154902 0,001153
было 0,585027 0,000584
удалено 1,698970 0,001696
нами 1,154902 0,001730
Перетащите 1,698970 0,003393
выберите 1,397940 0,002792
скриншот 1,698970 0,003393
хотите 1,045757 0,001044
пожаловаться 1,698970 0,001696
ошибку 1,154902 0,001153
материал 1,045757 0,001044
Опишите 1,522879 0,001521
проблему 1,522879 0,001521
Показать 0,886057 0,000885
Тут 1,397940 0,001396
шапка 1,698970 0,001696
