Афиша 0,795880 0,002888
куда 1,000000 0,000806
сходить 1,397940 0,001127
в 0,070581 0,001195
Москве 0,455932 0,001471
div 1,000000 0,000806
img 0,795880 0,000963
src 0,795880 0,000963
https 0,721246 0,000872
mc 1,000000 0,001210
yandex 1,000000 0,001210
ru 0,187087 0,000226
watch 1,000000 0,001210
style 0,823909 0,000997
position 0,853872 0,001033
absolute 0,958607 0,001160
left 0,958607 0,001160
px 0,920819 0,001114
alt 0,886057 0,001072
Москва 0,508638 0,000615
ВСЕКИНОТЕАТРРЕСТОРАНЫКОНЦЕРТЫФИЛЬМОТЕКАВЫСТАВКИДЕТИПОДБОРКИ 1,698970 0,001370
Все 0,148742 0,000360
развлечения 1,522879 0,001228
Москвы 0,744727 0,002703
Апрель 1,522879 0,002456
пт 1,397940 0,030439
сб 1,698970 0,036309
вс 1,698970 0,036309
пн 1,522879 0,032545
вт 1,698970 0,036309
ср 1,698970 0,036309
чт 1,397940 0,029875
Май 1,698970 0,002055
Июнь 1,698970 0,002055
Июль 1,522879 0,001842
Август 1,397940 0,001691
Сентябрь 1,698970 0,002055
Октябрь 1,698970 0,002055
Ноябрь 1,698970 0,002055
Декабрь 1,698970 0,002055
Январь 1,698970 0,002055
Февраль 1,698970 0,002055
Март 1,698970 0,002055
Пушкинская 1,301030 0,001049
карта 1,154902 0,000931
Выбор 0,886057 0,001429
Афиши 1,698970 0,008221
Детские 1,397940 0,001691
Мероприятия 1,221849 0,001478
Фильмы 0,744727 0,000601
изменившие 1,301030 0,001049
мир 0,552842 0,000446
Подборки 0,795880 0,000963
Каталог 1,301030 0,001049
фильмов 0,795880 0,001605
Ожидаемые 1,397940 0,002255
премьеры 1,301030 0,002098
Купить 1,096910 0,002212
билеты 1,096910 0,002212
Финник 1,301030 0,001049
Домовой 1,698970 0,001370
заводит 1,698970 0,001370
дружбу 1,301030 0,001049
с 0,102373 0,000495
девочкой 1,698970 0,001370
От 0,795880 0,004493
Шоу 0,744727 0,000601
Импровизация 1,522879 0,001228
мая 0,823909 0,011296
Crocus 1,698970 0,001370
City 1,522879 0,001228
Hall 1,698970 0,001370
везде 1,221849 0,001478
и 0,075721 0,001008
сразу 0,795880 0,000963
Китайская 1,698970 0,002055
иммигрантка 1,698970 0,002055
мультивселенной 1,301030 0,001574
безумия 1,301030 0,001574
Враки 1,698970 0,002055
или 0,301030 0,000364
Завещание 1,301030 0,001574
барона 1,698970 0,003425
Мюнхгаузена 1,698970 0,002055
Константин 0,886057 0,001072
Хабенский 1,301030 0,001574
роли 0,958607 0,001160
легендарного 1,522879 0,001842
Мальчик 1,301030 0,002098
дельфин 1,301030 0,001574
Сказка 1,301030 0,001574
о 0,136677 0,000606
морском 1,698970 0,002055
Маугли 1,698970 0,002055
I 0,853872 0,001377
Международная 1,522879 0,002456
биеннале 1,698970 0,002740
Искусство 1,221849 0,002463
будущего 0,823909 0,002326
Закончится 1,698970 0,001370
Мультимедиа 1,397940 0,002255
арт 1,301030 0,003148
музей 1,000000 0,001613
Брат 1,397940 0,002255
Криминальная 1,522879 0,001842
драма 1,045757 0,001265
Алексея 1,154902 0,001397
Балабанова 1,522879 0,001842
Сегодня 0,677781 0,001093
кино 0,568636 0,000917
Билеты 1,221849 0,005912
Анчартед 1,301030 0,001049
На 0,283997 0,000344
картах 1,301030 0,001049
не 0,142668 0,000173
значится 1,221849 0,000985
Боевик 1,397940 0,002818
Том 1,096910 0,000885
Холланд 1,522879 0,001228
отправляется 1,221849 0,000985
опаснейшее 1,698970 0,001370
приключение 1,522879 0,001228
на 0,075721 0,000519
поиски 1,221849 0,000985
сокровищ 1,301030 0,001049
Гарри 1,045757 0,000843
Хафт 1,221849 0,000985
Последний 0,920819 0,000743
бой 1,096910 0,000885
Биография 1,397940 0,001127
Бен 1,301030 0,001049
Фостер 1,397940 0,001127
выходит 0,958607 0,000773
боксерский 1,698970 0,001370
ринг 1,522879 0,001228
фильме 1,096910 0,000885
Барри 1,301030 0,001049
Левинсона 1,397940 0,001127
Скрежет 1,154902 0,000931
Ужасы 1,221849 0,000985
Девочка 1,301030 0,001049
приносит 1,522879 0,001228
домой 0,958607 0,000773
птичье 1,698970 0,001370
яйцо 1,522879 0,001228
которое 1,096910 0,000885
нарушает 1,397940 0,001127
покой 1,522879 0,001228
семьи 0,853872 0,000689
Прятки 1,522879 0,001228
Триллер 1,221849 0,001478
Джонатан 1,397940 0,001127
Рис 1,698970 0,001370
Майерс 1,698970 0,001370
ищет 1,096910 0,000885
брата 1,397940 0,001127
слетает 1,698970 0,001370
катушек 1,522879 0,001228
Спектакли 1,522879 0,001842
Старший 1,397940 0,001691
сын 0,958607 0,001160
Театр 0,920819 0,001485
фольклора 1,698970 0,002055
Русская 1,045757 0,001265
песня 1,301030 0,001574
Драматический 1,698970 0,002740
Виктор 0,795880 0,001284
Сухоруков 1,698970 0,002055
трогательной 1,698970 0,002055
комедии 1,301030 0,001574
Вампилова 1,698970 0,002055
Questioning 1,698970 0,001370
Кто 0,638272 0,001029
ты 0,886057 0,000715
Гоголь 1,397940 0,001127
центр 0,638272 0,000515
Перформанс 1,698970 0,001370
Щекотливый 1,698970 0,001370
спектакль 1,301030 0,001574
без 0,387216 0,000312
актеров 1,221849 0,000985
декораций 1,698970 0,001370
Подыскиваю 1,698970 0,001370
жену 1,221849 0,000985
недорого 1,522879 0,001228
Театриум 1,698970 0,001370
Серпуховке 1,698970 0,001370
Комедия 1,096910 0,000885
Антрепризный 1,698970 0,001370
превратностях 1,698970 0,001370
любви 0,677781 0,000547
День 0,795880 0,000642
радио 1,096910 0,000885
ДК 1,522879 0,001228
им 0,602060 0,000728
Зуева 1,698970 0,001370
Самый 1,000000 0,000806
смешной 1,522879 0,001228
капустник 1,698970 0,001370
последних 1,045757 0,000843
сезонов 1,698970 0,001370
ресторанов 1,698970 0,001370
Самые 0,920819 0,001114
красивые 1,397940 0,001691
десерты 1,397940 0,001691
ресторанах 1,698970 0,002055
от 0,193820 0,000625
матрешек 1,698970 0,002055
до 0,244125 0,000295
коры 1,698970 0,002055
дерева 1,698970 0,002055
новенького 1,698970 0,002055
пройдут 1,221849 0,001478
фестиваль 1,221849 0,001478
премия 1,221849 0,001478
Пальмовая 1,698970 0,002055
ветвь 1,698970 0,002055
ресторанного 1,698970 0,002055
бизнеса 1,000000 0,001210
Последнее 1,000000 0,001210
китайское 1,522879 0,001842
предупреждение 1,522879 0,001842
где 0,537602 0,000650
пробовать 1,698970 0,002055
утку 1,698970 0,002055
по 0,124939 0,000202
пекински 1,698970 0,002055
ласточкины 1,522879 0,001842
гнезда 1,522879 0,001842
черные 1,698970 0,002055
яйца 1,397940 0,001691
Планы 1,397940 0,001691
неделю 0,920819 0,001114
докторская 1,698970 0,002055
колбаса 1,698970 0,002055
горошком 1,698970 0,002055
день 0,585027 0,000944
рождения 0,677781 0,000820
коньяка 1,698970 0,002055
праздник 1,522879 0,001842
сакуры 1,698970 0,002055
Выпить 1,698970 0,002055
чувством 1,522879 0,001842
новых 0,508638 0,000820
мест 1,045757 0,001265
вином 1,698970 0,002055
коктейлями 1,698970 0,002055
Нельзя 1,522879 0,001842
резко 1,096910 0,001327
повышать 1,698970 0,002055
цены 0,823909 0,000997
уменьшать 1,698970 0,002055
порции 1,698970 0,002055
люди 0,677781 0,000820
почувствуют 1,698970 0,002055
обман 1,397940 0,001691
Игорь 0,823909 0,000997
Бухаров 1,698970 0,002055
будущем 1,045757 0,001265
ресторанной 1,698970 0,002055
индустрии 1,522879 0,001842
Впечатление 1,522879 0,001842
Мексике 1,522879 0,001842
новый 0,552842 0,000892
сет 1,698970 0,002055
шефа 1,698970 0,002055
tacobar 1,698970 0,002055
Пятницкой 1,698970 0,002055
назад 0,721246 0,003199
Какие 0,721246 0,000582
выставки 1,096910 0,000885
можно 0,443697 0,000358
посетить 1,045757 0,000843
апреле 0,853872 0,000689
дня 0,494850 0,000399
книг 0,958607 0,000773
для 0,119186 0,000096
детей 0,431798 0,000348
дней 0,744727 0,002703
Почему 0,522879 0,000422
мужчины 0,920819 0,000743
слабый 1,698970 0,001370
пол 1,301030 0,001049
Объясняет 1,698970 0,001370
генетик 1,698970 0,001370
изоляции 1,397940 0,001127
как 0,251812 0,000508
советские 1,096910 0,000885
неофициальные 1,698970 0,001370
художники 1,154902 0,000931
творили 1,522879 0,001228
несмотря 1,301030 0,001049
ни 0,744727 0,000601
что 0,187087 0,000151
Анна 0,568636 0,000459
Винтур 1,698970 0,001370
швыряет 1,698970 0,001370
сумки 1,522879 0,001228
пальто 1,698970 0,001370
самом 0,886057 0,000715
деле 0,886057 0,000715
работает 0,657577 0,000530
редакция 1,154902 0,000931
Vogue 1,698970 0,001370
Сны 1,397940 0,001127
поездов 1,397940 0,001127
Горничная 1,522879 0,001228
две 0,795880 0,000642
переводные 1,698970 0,001370
новинки 0,886057 0,000715
марта 0,769551 0,010240
Любовь 0,823909 0,000664
эпоху 1,522879 0,001228
ненависти 1,522879 0,001228
отрывок 1,522879 0,001228
из 0,167491 0,000203
новой 0,769551 0,000621
книги 0,744727 0,000901
Флориана 1,698970 0,001370
Иллиеса 1,698970 0,001370
про 0,568636 0,000688
Европу 1,522879 0,001228
х 0,769551 0,000621
С 0,455932 0,000368
Волшебнои 1,698970 0,001370
горы 1,698970 0,001370
концентрационныи 1,698970 0,001370
лагерь 1,301030 0,001049
туберкулезе 1,698970 0,001370
Шутки 1,698970 0,001370
жалобы 1,698970 0,001370
взаимопомощь 1,698970 0,001370
твиттер 1,698970 0,001370
объединился 1,698970 0,001370
против 0,387216 0,000312
перекупщиков 1,698970 0,001370
прокладок 1,698970 0,001370
Писатель 1,154902 0,000931
убийство 1,301030 0,001049
Билли 1,301030 0,001049
Саммерс 1,522879 0,001228
очень 0,657577 0,000530
хороший 1,522879 0,001228
роман 0,920819 0,000743
Стивена 1,397940 0,001127
Кинга 1,397940 0,001127
Концерты 1,301030 0,003148
Живой 1,522879 0,001228
Soundtrack 1,698970 0,001370
Сплин 1,698970 0,001370
Би 1,522879 0,001228
Вячеслав 1,221849 0,000985
Бутусов 1,698970 0,001370
июня 0,920819 0,012253
Music 1,522879 0,001842
Media 1,154902 0,000931
Dome 1,698970 0,001370
Рок 1,301030 0,001049
Песни 1,045757 0,000843
главного 1,045757 0,000843
фильма 0,795880 0,000642
постсоветской 1,698970 0,001370
России 0,251812 0,000305
живьем 1,698970 0,001370
The 0,721246 0,000582
Great 1,698970 0,001370
Gatsby 1,698970 0,001370
Завтра 1,221849 0,001478
Gipsy 1,698970 0,001370
Джаз 1,522879 0,001228
Людовико 1,698970 0,001370
Эйнауди 1,698970 0,001370
Simple 1,522879 0,001228
Ensemble 1,698970 0,001370
Пространство 1,522879 0,001228
Хлебозавод 1,698970 0,001370
Живая 1,522879 0,001228
музыка 1,045757 0,000843
Денис 0,853872 0,000689
Мацуев 1,698970 0,001370
апреля 0,301030 0,003884
Зарядье 1,522879 0,001228
Классика 1,522879 0,001228
Главный 0,585027 0,000708
пианист 1,698970 0,001370
современной 0,958607 0,000773
Выставки 1,045757 0,001687
Авангард 1,522879 0,001228
телеге 1,698970 0,001370
XXI 1,154902 0,000931
век 1,000000 0,000806
Музей 1,154902 0,001397
русского 0,769551 0,000621
импрессионизма 1,522879 0,001228
Живопись 1,397940 0,001127
Новооткрытые 1,698970 0,001370
работы 0,638272 0,000515
Фешина 1,698970 0,001370
Машкова 1,698970 0,001370
Кандинского 1,698970 0,001370
Цой 1,522879 0,001228
Путь 1,301030 0,001049
героя 1,096910 0,000885
Манеж 1,522879 0,001228
Видео 0,431798 0,000696
Костюмы 1,698970 0,001370
гитары 1,698970 0,001370
рисунки 1,698970 0,001370
Цоя 1,698970 0,001370
экспериментальном 1,698970 0,001370
оформлении 1,698970 0,001370
VR 1,301030 0,001049
Gallery 1,698970 0,001370
Центр 0,920819 0,000743
Марс 1,397940 0,001127
Новые 0,552842 0,000446
медиа 1,154902 0,000931
Путешествие 1,522879 0,001228
известные 1,301030 0,001049
полотна 1,522879 0,001228
виртуальные 1,522879 0,001228
галереи 1,397940 0,001127
проектирование 1,698970 0,001370
Историческая 1,154902 0,000931
Знаковые 1,698970 0,001370
утопичные 1,698970 0,001370
градостроительные 1,698970 0,001370
проекты 0,698970 0,000564
XVII 1,301030 0,001049
XX 0,958607 0,000773
веков 1,154902 0,000931
Премьеры 1,096910 0,001327
МХТ 1,522879 0,001228
Чехова 1,301030 0,001049
версий 1,397940 0,001691
высокотехнологичного 1,698970 0,002055
российских 0,468521 0,000567
иностранных 0,886057 0,001072
художников 1,096910 0,001327
Мультфильм 1,221849 0,001971
Баста 1,522879 0,001228
Большая 1,000000 0,000806
спортивная 1,698970 0,001370
арена 1,698970 0,001370
Лужники 1,522879 0,001228
Хип 1,698970 0,001370
хоп 1,698970 0,001370
Важнейший 1,698970 0,001370
российский 0,886057 0,000715
рэпер 1,522879 0,001228
Скоро 1,000000 0,001210
Красавица 1,154902 0,000931
дракон 1,154902 0,000931
Аниме 1,221849 0,000985
Мамору 1,698970 0,001370
Хосоды 1,698970 0,001370
виртуальность 1,698970 0,001370
реальность 1,000000 0,000806
Мульт 1,698970 0,001370
Выпуск 1,154902 0,000931
мультики 1,522879 0,001228
детям 1,096910 0,000885
Короткометражный 1,522879 0,001228
Подельники 1,301030 0,001049
устраивает 1,522879 0,001228
охоту 1,698970 0,001370
убийцу 1,301030 0,001049
своего 0,920819 0,001114
отца 1,000000 0,000806
игровая 1,698970 0,001370
картина 1,301030 0,001049
режиссера 1,154902 0,000931
документалки 1,698970 0,001370
Про 1,000000 0,000806
рок 1,397940 0,001127
Вне 1,301030 0,001049
закона 1,045757 0,000843
Трагикомедия 1,522879 0,001228
Трагикомические 1,698970 0,001370
приключения 1,045757 0,000843
трех 1,221849 0,000985
неудачников 1,698970 0,001370
Смотрите 1,221849 0,000985
онлайн 0,508638 0,000615
Okko 1,522879 0,003684
Острые 1,397940 0,001127
козырьки 1,397940 0,001127
Драма 1,301030 0,001049
Гангстерская 1,522879 0,001228
сага 1,301030 0,001049
Киллианом 1,698970 0,001370
Мерфи 1,522879 0,001228
Ходячие 1,698970 0,001370
мертвецы 1,698970 0,001370
сериал 1,045757 0,000843
зомби 1,698970 0,001370
апокалипсисе 1,698970 0,001370
Люцифер 1,698970 0,001370
Фантастика 1,096910 0,000885
Мистический 1,698970 0,001370
процедурал 1,698970 0,001370
мотивам 1,397940 0,001127
комиксов 1,698970 0,001370
Нила 1,698970 0,001370
Геймана 1,698970 0,001370
Симпсоны 1,698970 0,001370
Мультсериал 1,522879 0,001228
который 0,508638 0,000410
умеет 1,301030 0,001049
предсказывать 1,522879 0,001228
будущее 0,795880 0,000642
Полное 1,301030 0,001049
расписание 1,221849 0,000985
событий 0,853872 0,000689
выставок 1,397940 0,002255
спектаклей 1,397940 0,001691
концертов 1,221849 0,001478
недели 0,769551 0,001241
Петербурге 1,045757 0,002108
Аигел 1,698970 0,002055
Пикник 1,698970 0,002740
Shadowraze 1,698970 0,002055
ярких 1,301030 0,001574
молодых 1,154902 0,001397
художниц 1,698970 0,002055
ярмарке 1,698970 0,002055
современного 1,221849 0,001478
искусства 0,886057 0,001072
Art 1,397940 0,001691
Russia 1,522879 0,001842
Как 0,301030 0,000364
терапия 1,698970 0,002055
помогает 1,221849 0,001478
справиться 1,301030 0,001574
тревожностью 1,698970 0,002055
рассказывают 1,397940 0,001691
основательницы 1,698970 0,002055
студии 1,154902 0,001397
Ну 1,045757 0,001265
ладно 1,522879 0,001842
Русском 1,522879 0,001842
музее 1,154902 0,001397
Выставочные 1,698970 0,002055
отмены 1,397940 0,001691
Создайте 1,522879 0,001228
уникальную 1,301030 0,001049
страницу 1,154902 0,000931
события 0,795880 0,000963
Афише 1,698970 0,002055
Это 0,537602 0,000434
возможность 0,769551 0,000621
рассказать 1,698970 0,001370
нем 0,958607 0,000773
многомиллионной 1,698970 0,001370
аудитории 1,698970 0,001370
увеличить 1,397940 0,001127
посещаемость 1,698970 0,001370
Создать 1,522879 0,001228
мероприятие 1,522879 0,001228
События 0,886057 0,000715
Кино 0,677781 0,000547
Расписание 1,221849 0,002956
кинотеатров 1,301030 0,001049
IMAX 1,522879 0,001228
кинотеатры 1,397940 0,001127
театров 1,397940 0,001127
Театры 1,154902 0,000931
выбор 1,000000 0,002016
Концертные 1,522879 0,001228
залы 1,221849 0,000985
Клубы 1,397940 0,001127
Музеи 1,301030 0,001049
Дети 0,958607 0,000773
детских 1,221849 0,001971
детские 1,301030 0,001574
Об 0,698970 0,000564
О 0,207608 0,000251
нас 0,508638 0,000410
компании 0,677781 0,000547
Редакция 0,769551 0,000621
Реклама 0,387216 0,000312
Контакты 0,455932 0,000368
Карта 1,096910 0,000885
сайта 0,522879 0,000422
Проекты 1,096910 0,000885
Daily 1,698970 0,001370
Еда 1,301030 0,001049
ру 0,886057 0,000715
дети 0,853872 0,000689
Путеводители 1,397940 0,001127
Еще 0,585027 0,000472
Добавить 1,154902 0,000931
заведение 1,397940 0,001127
Возврат 1,522879 0,001228
билетов 1,154902 0,000931
Обратная 0,585027 0,000472
связь 0,552842 0,000446
Мобильная 1,000000 0,000806
версия 0,769551 0,000621
Сертификаты 1,698970 0,001370
соц 1,522879 0,001228
сетях 0,769551 0,000621
Мобильное 1,522879 0,001228
приложение 0,920819 0,000743
самый 0,958607 0,000773
удобный 1,301030 0,001049
способ 1,045757 0,000843
выбрать 1,096910 0,000885
провести 1,096910 0,000885
свободное 1,397940 0,001127
время 0,366532 0,000296
Наведите 1,698970 0,001370
камеру 1,698970 0,001370
Рассылка 1,397940 0,001127
главные 0,823909 0,000664
у 0,387216 0,000312
вас 0,823909 0,000664
почте 1,397940 0,001127
Подписаться 0,795880 0,000963
Нажимая 1,397940 0,001127
кнопку 1,522879 0,001228
вы 0,420216 0,000339
соглашаетесь 1,154902 0,000931
c 0,920819 0,000743
Правилами 1,522879 0,001228
рассылок 1,698970 0,001370
ООО 0,853872 0,000689
Компания 1,221849 0,000985
права 0,431798 0,000348
защищены 0,602060 0,000486
Для 0,494850 0,000399
лиц 1,045757 0,000843
старше 1,000000 0,000806
лет 0,366532 0,000296
Пользовательское 0,677781 0,000547
соглашение 0,619789 0,000500
Политика 0,443697 0,000358
конфиденциальности 0,744727 0,000601
афиши 1,698970 0,001370
Календарь 1,045757 0,000843
июля 0,958607 0,012369
августа 1,000000 0,012903
сентября 1,221849 0,015273
октября 1,096910 0,014154
ноября 1,221849 0,015273
декабря 0,886057 0,011433
января 0,958607 0,012369
февраля 0,853872 0,009985
Выходные 1,397940 0,001127
Неделя 1,397940 0,001127
Месяц 1,301030 0,001049
