LiveLib 1,698970 0,000759
сайт 0,494850 0,000147
о 0,136677 0,000285
книгах 1,397940 0,000416
социальная 1,522879 0,000453
сеть 1,154902 0,000344
читателей 0,958607 0,000571
книг 0,958607 0,003140
Please 1,522879 0,000680
click 1,522879 0,000680
here 1,397940 0,000624
if 1,221849 0,000546
you 1,096910 0,000490
are 1,154902 0,000516
not 1,154902 0,000516
redirected 1,698970 0,000759
within 1,397940 0,000624
a 0,920819 0,000411
few 1,397940 0,000624
seconds 1,698970 0,000759
Что 0,346787 0,000568
почитать 1,154902 0,000688
Новинки 0,853872 0,000508
Рекомендации 1,522879 0,000453
Рейтинги 1,301030 0,000387
Жанры 1,221849 0,000546
Авторы 0,958607 0,000571
Подборки 0,795880 0,000474
Премии 1,301030 0,000775
Издательства 1,522879 0,000680
Персонажи 1,522879 0,000680
Лента 0,920819 0,000411
Рецензии 0,920819 0,000685
Цитаты 1,397940 0,000624
Истории 0,853872 0,000508
Лайфхаки 1,397940 0,000624
Читатели 1,698970 0,000759
Группы 1,698970 0,000759
Книжный 1,522879 0,001360
вызов 1,221849 0,001091
Школьный 1,698970 0,000506
книжный 1,522879 0,000453
Игры 0,886057 0,000396
и 0,075721 0,001195
конкурсы 1,301030 0,000387
Клубы 1,397940 0,000416
Афиша 0,795880 0,000355
Тесты 0,920819 0,000548
Книгообмен 1,698970 0,001012
Раздачи 1,698970 0,001518
Войти 0,508638 0,000151
Главная 0,823909 0,000368
Мероприятия 1,221849 0,000364
участников 1,000000 0,000298
Правила 0,853872 0,000381
вызова 1,698970 0,000506
Участвуйте 1,698970 0,000506
в 0,070581 0,001166
ежегодной 1,698970 0,000506
читательской 1,698970 0,000506
гонке 1,522879 0,000453
Принять 1,397940 0,000624
Лучшие 0,823909 0,000491
рецензии 1,221849 0,000546
Природа 1,301030 0,000387
самая 1,301030 0,000387
надежная 1,698970 0,000506
мире 0,468521 0,000279
опора 1,698970 0,000506
единственное 1,698970 0,000506
за 0,180456 0,000322
что 0,187087 0,000529
стоит 0,677781 0,000202
держаться 1,698970 0,000506
Подробнее 0,698970 0,000312
Всего 1,397940 0,002914
Новинка 1,698970 0,004300
наша 1,301030 0,000387
жизнь 0,537602 0,000640
Еда 1,301030 0,000387
Как 0,301030 0,000314
сделать 0,920819 0,000274
свою 0,638272 0,000380
вкусной 1,698970 0,000506
Рецепты 1,221849 0,000364
для 0,119186 0,000266
непрофессионалов 1,698970 0,000506
шефов 1,698970 0,000506
Поделиться 1,397940 0,020396
Михаил 0,568636 0,000339
Плотников 1,698970 0,000506
Купить 1,096910 0,016004
Мир 0,698970 0,000208
из 0,167491 0,000399
прорех 1,522879 0,000453
Иные 1,698970 0,000506
земли 1,154902 0,000344
Яна 1,000000 0,000298
Летт 1,522879 0,000453
Культ 1,522879 0,000453
Эбби 1,698970 0,000506
Дэвис 1,698970 0,000506
написать 1,221849 0,000364
зажигательный 1,698970 0,000506
роман 0,920819 0,000411
Инсайдерские 1,698970 0,000506
советы 1,154902 0,000344
одного 0,795880 0,000355
самых 0,585027 0,000348
успешных 1,522879 0,000453
литературных 1,397940 0,000416
агентов 1,698970 0,000506
Дональд 1,522879 0,000453
Маасс 1,698970 0,000506
Пастух 1,698970 0,000506
Итан 1,522879 0,000453
Кросс 1,301030 0,000387
Будь 1,301030 0,000387
спок 1,698970 0,000506
Проверенные 1,698970 0,000506
техники 1,221849 0,000546
управления 1,221849 0,000728
тревогой 1,698970 0,000506
Джил 1,698970 0,000506
Уэбер 1,698970 0,000506
Формула 1,221849 0,000364
Z 1,221849 0,000364
Артем 1,397940 0,000416
Ляхович 1,698970 0,000506
Сердца 1,698970 0,000506
Пандоры 1,698970 0,000506
Книга 1,154902 0,001719
Дзюн 1,698970 0,000506
Мотидзуки 1,698970 0,000506
Подлинная 1,397940 0,000416
история 0,721246 0,000966
Анны 1,154902 0,000344
Карениной 1,522879 0,000453
Павел 0,853872 0,000254
Басинский 1,698970 0,000506
Sticky 1,698970 0,000506
Branding 1,698970 0,000506
способов 1,221849 0,000364
побудить 1,698970 0,000506
клиента 1,698970 0,000506
навсегда 1,000000 0,000298
прилипнуть 1,698970 0,000506
к 0,207608 0,000309
компании 0,677781 0,000202
Джереми 1,522879 0,000453
Миллер 1,221849 0,000364
Искренность 1,698970 0,000506
после 0,397940 0,000118
коммунизма 1,698970 0,000506
Культурная 1,522879 0,000453
Эллен 1,522879 0,000453
Руттен 1,698970 0,000506
Профессиональный 1,522879 0,000453
дракон 1,154902 0,000344
Валентина 1,045757 0,000311
Савенко 1,698970 0,000506
Во 0,886057 0,000264
льдах 1,698970 0,000506
Прованса 1,698970 0,000506
Бунин 1,522879 0,000453
изгнании 1,522879 0,000453
Рената 1,522879 0,000453
Лис 1,522879 0,000453
Теория 1,522879 0,000453
бесконечных 1,698970 0,000506
обезьян 1,698970 0,000506
Екатерина 0,920819 0,000548
Звонцова 1,698970 0,000506
История 0,494850 0,000368
инвестиционных 1,397940 0,000416
стратегий 1,698970 0,000506
зарабатывались 1,698970 0,000506
состояния 1,522879 0,000453
во 0,494850 0,000295
времена 1,221849 0,000546
процветания 1,522879 0,000453
испытаний 1,698970 0,000506
Бартон 1,698970 0,000506
Биггс 1,698970 0,000506
Этичный 1,698970 0,000506
хакинг 1,698970 0,000506
Практическое 1,698970 0,000506
руководство 1,397940 0,000416
по 0,124939 0,000205
взлому 1,698970 0,000506
Дэниел 1,397940 0,000832
Г 1,045757 0,000311
Грэм 1,397940 0,000416
Наикратчайшая 1,698970 0,000506
Китая 1,045757 0,000311
От 0,795880 0,000237
древних 1,522879 0,000453
династий 1,698970 0,000506
современной 0,958607 0,000285
супердержаве 1,698970 0,000506
Линда 1,397940 0,000416
Джейвин 1,698970 0,000506
Чешское 1,698970 0,000506
время 0,366532 0,000382
Большая 1,000000 0,000298
маленькой 1,522879 0,000453
страны 0,638272 0,000190
от 0,193820 0,000260
святого 1,397940 0,000416
Вацлава 1,698970 0,000759
до 0,244125 0,000145
Гавела 1,698970 0,000506
сборник 1,397940 0,001457
Андрей 0,552842 0,000247
Шарый 1,698970 0,000506
Выбор 0,886057 0,000528
редакции 0,481486 0,000143
K 1,301030 0,007360
info 0,886057 0,000923
создал 1,397940 0,001457
обсуждениях 1,698970 0,002782
группы 1,045757 0,001868
Партнеры 1,221849 0,000728
апреля 0,301030 0,001479
г 0,602060 0,007350
Умом 1,522879 0,000680
британцев 1,698970 0,000759
не 0,142668 0,000956
понять 1,000000 0,000447
Arlett 1,698970 0,001518
Неподъемная 1,698970 0,000506
ноша 1,698970 0,000506
книги 0,744727 0,002107
которые 0,431798 0,000386
чаще 1,154902 0,000344
бросают 1,698970 0,000506
чем 0,420216 0,000313
дочитывают 1,698970 0,000506
takatalvi 1,698970 0,000759
Призы 1,698970 0,000506
переводчиков 1,698970 0,002529
я 0,522879 0,001323
выучила 1,698970 0,000506
английский 1,522879 0,000680
читая 1,698970 0,000506
Стивена 1,397940 0,000416
Кинга 1,397940 0,000416
читаете 1,698970 0,001012
на 0,075721 0,000473
этой 0,744727 0,000443
неделе 1,154902 0,000516
сентября 1,221849 0,000364
Ищем 1,698970 0,000506
Новости 0,221849 0,000099
Лайвлибу 1,698970 0,000759
лет 0,366532 0,000437
создала 1,698970 0,002023
Статьи 0,886057 0,000396
Любовь 0,823909 0,000368
или 0,301030 0,000493
абьюз 1,698970 0,000759
разбираемся 1,522879 0,000680
отношениях 0,886057 0,000396
Скарлетт 1,522879 0,000680
О 0,207608 0,000185
Хары 1,698970 0,000759
Ретта 1,698970 0,000759
Батлера 1,698970 0,000759
Старые 1,698970 0,000506
сказки 1,154902 0,000344
мертвы 1,698970 0,000506
пришло 1,301030 0,000387
новых 0,508638 0,000151
Ju 1,698970 0,000759
lie 1,698970 0,000759
Клуб 1,154902 0,001375
Арт 1,221849 0,000364
Шпигельман 1,698970 0,000506
Запрет 1,698970 0,000506
никогда 0,958607 0,000285
работает 0,657577 0,000196
Он 0,721246 0,000430
разжигает 1,698970 0,000506
интерес 1,301030 0,000387
запрещенному 1,698970 0,000506
JessHanderson 1,698970 0,000759
марта 0,769551 0,003322
Идеальная 1,397940 0,000416
свадьба 1,154902 0,000344
А 0,376751 0,000224
может 0,397940 0,000355
идеальные 1,397940 0,000416
декорации 1,698970 0,000506
убийства 1,221849 0,000546
Stoker 1,698970 0,001771
Смерть 1,000000 0,000298
Ниле 1,522879 0,000453
одна 1,096910 0,000490
проницательных 1,698970 0,000506
тайн 1,522879 0,000453
Агаты 1,522879 0,000680
Кристи 1,522879 0,000680
Топ 0,958607 0,000285
одиноких 1,522879 0,000453
матерей 1,698970 0,000506
художественной 1,301030 0,000387
литературе 1,301030 0,000387
Краткая 1,522879 0,000453
стрихнина 1,698970 0,000506
любимого 1,301030 0,000581
яда 1,698970 0,000506
Артура 1,698970 0,000506
Конан 1,698970 0,000506
Дойла 1,698970 0,000506
многих 1,154902 0,000344
других 0,795880 0,000355
Но 0,619789 0,000369
почему 0,494850 0,000368
Svetlanaafa 1,698970 0,000759
Эти 1,221849 0,000364
помогут 1,096910 0,000327
улучшить 1,301030 0,000387
ваш 0,853872 0,000254
навык 1,698970 0,000506
чтения 1,397940 0,000624
Блоги 1,096910 0,000327
авторов 0,920819 0,000685
Анна 0,568636 0,000339
Сергей 0,468521 0,000279
Литвиновы 1,698970 0,000506
Отрывок 1,522879 0,000453
нового 0,769551 0,000229
романа 1,096910 0,000490
Литвиновых 1,698970 0,000506
Завтра 1,221849 0,000364
быть 0,431798 0,000257
Олег 0,795880 0,000237
Рой 1,522879 0,000453
новом 0,853872 0,000254
романе 1,154902 0,000344
Прости 1,522879 0,000453
Ирина 0,886057 0,000264
Денисова 1,522879 0,000453
Расплата 1,698970 0,000506
любовь 0,698970 0,000208
Глава 0,698970 0,000208
Новый 0,698970 0,000416
дом 0,823909 0,000736
Святослав 1,522879 0,000453
Альбирео 1,698970 0,000506
В 0,167491 0,000299
Тихом 1,698970 0,000506
омуте 1,698970 0,000506
апреле 0,853872 0,000254
Готовится 1,698970 0,000506
выходу 1,698970 0,000506
Я 0,508638 0,001363
всегда 0,657577 0,000489
остаюсь 1,698970 0,000506
собой 0,823909 0,000245
Йоав 1,698970 0,000506
Блум 1,698970 0,000506
Грушевая 1,698970 0,000506
поляна 1,698970 0,000506
Нана 1,698970 0,000506
Эквтимишвили 1,698970 0,000506
назвал 0,795880 0,000237
его 0,376751 0,000505
Галстуком 1,698970 0,000506
Милена 1,698970 0,000759
Митико 1,698970 0,000506
Флашар 1,698970 0,000506
Кто 0,638272 0,000380
такая 1,154902 0,000688
Мод 1,698970 0,000506
Диксон 1,698970 0,000506
Александра 0,638272 0,000190
Эндрюс 1,698970 0,000506
Перекрестки 1,698970 0,000506
Джонатан 1,397940 0,000624
Франзен 1,698970 0,000506
Ничто 1,522879 0,000453
Янне 1,698970 0,000506
Теллер 1,698970 0,000506
Касабланки 1,698970 0,000506
Фиона 1,522879 0,000680
Валпи 1,698970 0,000506
Дети 0,958607 0,000285
правы 1,698970 0,000506
Дельфин 1,698970 0,000506
де 1,522879 0,000680
Виган 1,698970 0,000506
Зимний 1,221849 0,000364
солдат 1,096910 0,000327
Мейсон 1,698970 0,000506
Актриса 1,301030 0,000387
Энн 1,522879 0,000453
Райт 1,301030 0,000581
Девочка 1,301030 0,000775
с 0,102373 0,000564
морским 1,698970 0,000506
сердцем 1,397940 0,000416
Таня 1,522879 0,000453
Штевнер 1,698970 0,000506
Тоска 1,522879 0,000453
дому 1,698970 0,000506
Эшколь 1,698970 0,000506
Нево 1,698970 0,000506
краю 1,221849 0,000364
молочных 1,698970 0,000506
рек 1,698970 0,000506
Вересков 1,698970 0,000506
Оллвард 1,698970 0,000759
Разрушитель 1,522879 0,000680
миров 1,397940 0,000624
Виктория 1,154902 0,000688
Авеярд 1,698970 0,001012
Ясновидец 1,698970 0,000506
Пятаков 1,698970 0,000506
Александр 0,468521 0,000209
Бушковский 1,698970 0,000506
Один 0,853872 0,000254
день 0,585027 0,000261
ясного 1,698970 0,000506
неба 1,522879 0,000453
Леоне 1,698970 0,000506
Росс 1,397940 0,000416
Чумной 1,698970 0,000506
остров 1,522879 0,000453
Мари 1,221849 0,000364
Хермансон 1,698970 0,000506
Каирские 1,698970 0,000506
хроники 1,522879 0,000680
хозяйки 1,698970 0,000506
книжного 1,698970 0,000506
магазина 1,397940 0,000416
Надя 1,698970 0,000506
Вассеф 1,698970 0,000506
М 0,744727 0,000665
Фунты 1,698970 0,001518
лиха 1,698970 0,001518
Париже 1,522879 0,001360
Лондоне 1,301030 0,001162
Джордж 1,397940 0,000832
Оруэлл 1,397940 0,001041
Introvertka 1,698970 0,000759
написала 1,698970 0,002529
рецензию 1,698970 0,002782
Эксперт 1,045757 0,002180
Лайвлиба 1,698970 0,001265
Пожаловаться 1,522879 0,005215
www 0,698970 0,001041
livelib 1,698970 0,002529
ru 0,187087 0,000279
review 1,522879 0,002267
Быть 1,096910 0,000327
бедным 1,698970 0,000759
стыдно 1,221849 0,000364
Для 0,494850 0,000295
меня 0,721246 0,000859
читать 0,823909 0,000736
было 0,585027 0,000261
настоящим 1,301030 0,000387
наслаждением 1,698970 0,000506
уже 0,602060 0,000538
успела 1,698970 0,000506
позабыть 1,698970 0,000506
настолько 1,301030 0,000581
изящен 1,698970 0,000506
своей 0,853872 0,000381
сдержанной 1,698970 0,000506
английской 1,522879 0,000453
иронии 1,522879 0,000453
Несмотря 1,221849 0,000364
лаконичность 1,698970 0,000506
простоту 1,698970 0,000506
языка 1,096910 0,000327
повествования 1,698970 0,000759
писателю 1,698970 0,000506
удается 1,397940 0,000416
выразить 1,698970 0,000506
через 0,585027 0,000261
прозу 1,522879 0,000453
всю 0,823909 0,000245
глубину 1,698970 0,000506
важность 1,698970 0,000506
поднимаемым 1,698970 0,000506
им 0,602060 0,000179
тексте 1,154902 0,000344
острых 1,522879 0,000453
социальных 0,769551 0,000229
проблем 1,154902 0,000344
как 0,251812 0,000600
ярый 1,698970 0,000506
сторонник 1,522879 0,000453
демократии 1,522879 0,000453
социализма 1,698970 0,000506
сосредоточен 1,698970 0,000506
проблемах 1,397940 0,000624
общества 1,096910 0,000327
требующих 1,698970 0,000506
решения 0,958607 0,000285
государственном 1,698970 0,000506
так 0,522879 0,001246
общечеловеческом 1,698970 0,000506
уровне 1,397940 0,000416
повести 1,221849 0,000364
он 0,568636 0,000339
сосредоточился 1,698970 0,000506
самого 1,045757 0,000311
незащищенного 1,698970 0,000506
слоя 1,698970 0,000506
населения 1,045757 0,000311
нищих 1,698970 0,000506
Читать 0,886057 0,001319
полностью 0,795880 0,001185
Танцующая 1,698970 0,000759
лошадьми 1,698970 0,000759
Джоджо 1,698970 0,000759
Мойес 1,698970 0,000759
ifrita 1,698970 0,000759
Читаю 1,698970 0,000506
пишу 1,522879 0,000453
свое 0,721246 0,000215
удовольствие 1,522879 0,000453
Оборотная 1,698970 0,000506
сторона 1,301030 0,000387
роли 0,958607 0,000285
родителя 1,698970 0,000506
полная 1,698970 0,000506
ответственность 1,698970 0,000506
чье 1,698970 0,000506
то 0,537602 0,001521
счастье 1,096910 0,000653
очень 0,657577 0,000783
надеялась 1,698970 0,000759
эту 1,000000 0,001191
книгу 1,045757 0,001557
прочитала 1,698970 0,000506
практически 1,096910 0,000490
все 0,292430 0,000914
творчество 1,397940 0,000416
автора 0,886057 0,000396
большинство 1,397940 0,000416
мне 0,853872 0,001144
понравились 1,698970 0,000506
задели 1,698970 0,000506
живое 1,522879 0,000453
заставили 1,698970 0,000506
переживать 1,698970 0,000506
героев 1,045757 0,000467
Здесь 1,096910 0,000490
же 0,721246 0,001074
раздражали 1,698970 0,000506
только 0,309804 0,000277
персонажи 1,397940 0,000416
их 0,455932 0,000272
поведение 1,221849 0,000364
но 0,481486 0,001505
сюжет 1,096910 0,000327
целом 1,301030 0,000387
который 0,508638 0,000379
был 0,481486 0,000430
абсолютно 1,221849 0,000364
нелогичен 1,698970 0,000506
Сара 1,397940 0,001041
вот 0,795880 0,000829
года 0,356547 0,000265
живет 1,045757 0,000311
дедушкой 1,698970 0,000506
мать 0,958607 0,000285
бросила 1,522879 0,000453
ее 0,508638 0,000530
еще 0,408935 0,000304
младенцем 1,522879 0,000453
а 0,327902 0,000586
бабушка 1,301030 0,000387
умерла 1,522879 0,000453
Дед 1,522879 0,000453
Анри 1,522879 0,000453
молодости 1,397940 0,000416
прекрасным 1,698970 0,000506
наездником 1,698970 0,000506
Кадр 1,698970 0,000506
Нуар 1,522879 0,000680
влюбился 1,397940 0,000416
уехал 1,522879 0,000453
Франции 1,000000 0,000298
поэтому 0,886057 0,000264
решил 1,000000 0,000298
воплотить 1,698970 0,000506
свои 0,698970 0,000208
амбиции 1,698970 0,000506
внучке 1,698970 0,000506
они 0,657577 0,000489
часами 1,698970 0,000506
занимались 1,698970 0,000506
верховой 1,698970 0,000506
ездой 1,698970 0,000506
выполняли 1,522879 0,000453
сложные 1,522879 0,000453
элементы 1,698970 0,000506
хоть 1,397940 0,000624
ходила 1,698970 0,000506
школу 1,096910 0,000327
была 0,744727 0,000665
замкнутым 1,698970 0,000506
ребенком 1,221849 0,000364
имела 1,698970 0,000506
Золотой 1,045757 0,000467
лук 1,698970 0,000759
Если 0,769551 0,000458
герой 0,958607 0,000856
приходит 1,221849 0,000546
Генри 1,397940 0,000624
Лайон 1,698970 0,000759
Олди 1,698970 0,001012
Rosio 1,698970 0,000759
анти 1,698970 0,000506
фэн 1,698970 0,000506
шую 1,698970 0,000506
Начало 1,045757 0,000311
истории 0,657577 0,000196
друга 0,886057 0,000396
крылатого 1,698970 0,000506
коня 1,698970 0,000506
Ахейский 1,698970 0,000759
цикл 1,301030 0,000775
продолжается 1,221849 0,000546
И 0,408935 0,000365
идет 0,958607 0,000428
смену 1,397940 0,000416
герою 1,698970 0,000506
здесь 0,744727 0,000222
читателя 1,301030 0,000387
ждет 0,853872 0,000254
Беллерофонт 1,698970 0,000506
нареченный 1,698970 0,000506
детстве 1,397940 0,000416
Гиппоноем 1,698970 0,000506
новая 1,000000 0,000298
новые 0,508638 0,000303
подвиги 1,154902 0,000516
приключения 1,045757 0,000311
легка 1,698970 0,000506
ли 0,397940 0,000296
судьба 0,958607 0,000571
у 0,387216 0,000519
Вот 0,958607 0,000571
вроде 1,522879 0,000453
бы 0,585027 0,000610
такое 0,638272 0,000285
родится 1,698970 0,000506
героем 1,698970 0,000759
попасть 1,301030 0,000387
под 0,376751 0,000224
покровительство 1,698970 0,000506
богов 1,522879 0,000453
совершить 1,397940 0,000416
такие 1,000000 0,000298
прославлялись 1,698970 0,000506
мифах 1,698970 0,000506
пронесли 1,698970 0,000506
славу 1,522879 0,000453
твою 1,698970 0,000506
сквозь 1,522879 0,000680
тысячилетие 1,698970 0,000506
Только 0,958607 0,000285
подробно 1,301030 0,000387
рассказывают 1,397940 0,000416
показывают 1,522879 0,000453
Конечно 1,522879 0,000453
со 0,387216 0,000115
своими 1,301030 0,000387
допущениями 1,698970 0,000506
оно 1,301030 0,000581
мифологическое 1,698970 0,000506
фэнтези 1,045757 0,000467
Так 1,045757 0,000467
там 0,958607 0,000428
про 0,568636 0,000847
родиться 1,698970 0,000506
Да 0,823909 0,000491
выясняется 1,698970 0,000506
дальше 0,886057 0,000264
далеко 1,522879 0,000680
радужно 1,698970 0,000506
видится 1,698970 0,000506
зависть 1,698970 0,000506
ревность 1,698970 0,000506
Путь 1,301030 0,000968
смертных 1,698970 0,001265
Амброуз 1,698970 0,000759
Перри 1,698970 0,000759
tatianadik 1,698970 0,000759
Готика 1,698970 0,000506
медицина 1,096910 0,000327
Эдинбурге 1,698970 0,000506
XIX 1,096910 0,000327
века 0,721246 0,000322
Действие 1,522879 0,000907
авторского 1,522879 0,000680
дуэта 1,522879 0,000680
профессионального 1,397940 0,000416
писателя 1,397940 0,000416
Кристофера 1,522879 0,000453
Брукмайера 1,698970 0,000506
медика 1,698970 0,000506
анестезиолога 1,698970 0,000506
Марисы 1,698970 0,000506
Хэцман 1,698970 0,000506
происходит 0,920819 0,000548
Эренбурге 1,698970 0,000506
году 0,602060 0,000179
знакомит 1,397940 0,000416
нас 0,508638 0,000151
Уиллом 1,522879 0,000453
Рейвеном 1,698970 0,000506
студентом 1,698970 0,000506
медиком 1,698970 0,000506
закончившим 1,698970 0,000506
обучение 1,522879 0,000453
Университете 1,698970 0,000506
приступающем 1,698970 0,000506
практике 1,221849 0,000364
известного 1,397940 0,000416
акушера 1,698970 0,000506
доктора 1,522879 0,000453
Джеймса 1,397940 0,000416
Симпсона 1,698970 0,000506
историческое 1,522879 0,000453
лицо 1,301030 0,000387
Идея 1,698970 0,000506
напоследок 1,522879 0,000453
гульнуть 1,698970 0,000506
навестить 1,698970 0,000506
подружку 1,698970 0,000506
проститутку 1,698970 0,000506
Иви 1,522879 0,000680
Лоусон 1,522879 0,000680
оказалась 1,154902 0,000344
неудачной 1,698970 0,000506
Уилл 1,154902 0,000516
нашел 1,221849 0,000364
мертвой 1,522879 0,000453
всем 0,853872 0,000254
признакам 1,522879 0,000453
отравленной 1,698970 0,000506
Понимая 1,698970 0,000506
если 0,698970 0,000312
застанут 1,698970 0,000506
рядом 1,045757 0,000311
мертвым 1,522879 0,000453
телом 1,397940 0,000416
карьере 1,221849 0,000364
жизни 0,443697 0,000330
можно 0,443697 0,000132
будет 0,387216 0,000173
поставить 1,397940 0,000416
жирный 1,698970 0,000506
крест 1,698970 0,000506
сбегает 1,522879 0,000453
Когда 0,602060 0,000538
рассеется 1,698970 0,000759
туман 1,698970 0,001012
Кейт 1,301030 0,000775
Мортон 1,698970 0,001012
Breeze 1,698970 0,000759
Наше 1,154902 0,000344
будущее 0,795880 0,000355
нашем 1,000000 0,000298
прошлом 1,221849 0,000364
ад 1,522879 0,000453
рай 1,522879 0,000453
Цой 1,522879 0,000680
взяла 1,522879 0,000680
совершенно 0,886057 0,000396
неподходящем 1,698970 0,000759
настроении 1,698970 0,000506
хотелось 1,522879 0,000453
разведку 1,522879 0,000453
шпионов 1,397940 0,000416
итоге 1,698970 0,000506
приходилось 1,397940 0,000416
погружаться 1,698970 0,000506
атмосферу 1,698970 0,000759
неторопливого 1,698970 0,000506
фактически 1,698970 0,000506
одной 0,958607 0,000428
локации 1,698970 0,000506
Приходилось 1,698970 0,000506
потому 0,958607 0,000285
книга 0,958607 0,000428
заявлена 1,698970 0,000506
игре 1,698970 0,000506
сроки 1,522879 0,000453
поджимали 1,698970 0,000506
Однако 0,958607 0,000285
удалось 1,301030 0,000387
загипнотизировать 1,698970 0,000506
Иначе 1,522879 0,000453
объяснить 1,397940 0,000624
того 0,853872 0,000254
факта 1,397940 0,000416
перелистнув 1,698970 0,000506
последнюю 1,698970 0,000506
страницу 1,154902 0,000344
тут 0,886057 0,000396
пошла 1,301030 0,000387
заказывать 1,698970 0,000506
другие 0,677781 0,000202
Мне 0,958607 0,000285
даже 0,619789 0,000369
сложно 1,301030 0,000581
внятно 1,698970 0,000506
именно 0,920819 0,000548
зацепила 1,698970 0,000506
героиня 1,221849 0,000364
Грейс 1,397940 0,000416
юности 1,522879 0,000453
работающая 1,698970 0,000506
Ривертоне 1,698970 0,000506
качестве 1,096910 0,000327
прислуги 1,522879 0,000453
вызывает 1,698970 0,000506
ни 0,744727 0,000776
негативных 1,698970 0,000506
эмоций 1,397940 0,000416
Фиалки 1,698970 0,001012
марте 1,045757 0,000623
Джио 1,698970 0,001265
kristinamiss 1,698970 0,000759
handrickova 1,698970 0,000759
Семейная 1,397940 0,000416
Санта 1,698970 0,000759
Барбара 1,698970 0,000506
Читая 1,698970 0,000759
Сары 1,698970 0,000759
заметила 1,698970 0,000759
одну 1,096910 0,000490
важную 1,698970 0,000759
деталь 1,522879 0,000453
героинь 1,698970 0,000759
живут 1,045757 0,000467
е 1,096910 0,000327
годы 0,853872 0,000254
протекает 1,698970 0,000506
насыщеннее 1,698970 0,000506
интереснее 1,522879 0,000453
сейчас 0,657577 0,000294
семейная 1,301030 0,000387
сага 1,301030 0,000387
поколении 1,698970 0,000506
семьи 0,853872 0,000381
могу 1,221849 0,000546
назвать 1,221849 0,000364
этот 0,795880 0,000355
Барбарой 1,698970 0,000506
нем 0,958607 0,000285
запутано 1,698970 0,000506
Больше 0,886057 0,000264
всего 0,744727 0,000333
понравился 1,522879 0,000453
дневник 1,522879 0,000453
вела 1,522879 0,000453
Эстер 1,522879 0,000453
Очень 1,045757 0,000311
интересно 1,397940 0,000624
главной 1,045757 0,000467
героине 1,522879 0,000453
Эта 1,397940 0,000416
ценная 1,698970 0,000506
вещь 1,522879 0,000453
привела 1,522879 0,000453
Эмили 1,301030 0,000387
тому 1,096910 0,000817
она 0,744727 0,000333
узнала 1,522879 0,000453
тайнах 1,522879 0,000453
Никто 1,397940 0,000416
упорно 1,698970 0,000506
хотел 1,221849 0,000364
ничего 1,045757 0,000467
ей 1,045757 0,000311
рассказывать 1,698970 0,000506
благодаря 0,853872 0,000254
своему 1,522879 0,000453
упорству 1,698970 0,000506
желанию 1,522879 0,000453
конечно 1,301030 0,000387
дневнику 1,698970 0,000506
смогла 1,221849 0,000546
добиться 1,397940 0,000416
истины 1,301030 0,000387
Красный 1,698970 0,000759
лотос 1,698970 0,000759
Аркадий 1,522879 0,000907
Саульский 1,698970 0,000759
KatrinBelous 1,698970 0,000759
Магистр 1,698970 0,000506
Книжной 1,698970 0,000506
Магии 1,522879 0,000453
Красные 1,522879 0,000453
листья 1,698970 0,000506
стекают 1,698970 0,000506
деревьев 1,522879 0,000453
Впечатления 1,698970 0,000759
первой 1,000000 0,000447
части 0,920819 0,000411
думала 1,397940 0,000416
Неужели 1,522879 0,000453
наконец 1,397940 0,000416
попалась 1,698970 0,000506
которой 0,886057 0,000264
безоговорочно 1,522879 0,000453
поставлю 1,698970 0,000506
высшую 1,698970 0,000506
оценку 1,397940 0,000416
последнее 1,221849 0,000364
припомню 1,698970 0,000506
себя 0,552842 0,000247
прочитанном 1,698970 0,000506
Начиналось 1,698970 0,000506
просто 0,657577 0,000196
восхитительно 1,698970 0,000506
С 0,455932 0,000136
вероломного 1,698970 0,000506
предательства 1,522879 0,000453
настоящего 1,397940 0,000416
кровопролития 1,698970 0,000506
воскрешения 1,698970 0,000506
главного 1,045757 0,000311
героя 1,096910 0,000490
какого 1,522879 0,000453
Моего 1,698970 0,000506
типажа 1,698970 0,000506
дорам 1,698970 0,000506
сурового 1,698970 0,000506
самурая 1,698970 0,000506
трагической 1,698970 0,000506
судьбой 1,522879 0,000453
дисциплинированного 1,698970 0,000506
воина 1,698970 0,000506
непревзойденного 1,698970 0,000506
убийцы 1,301030 0,000968
Перед 1,096910 0,000327
Кентаро 1,698970 0,000506
вырисовывался 1,698970 0,000506
широкий 1,698970 0,000506
непредсказуемый 1,698970 0,000506
путь 1,000000 0,000298
возмездия 1,397940 0,000416
автор 1,045757 0,000623
погрузил 1,698970 0,000506
исторического 1,522879 0,000453
японского 1,397940 0,000416
фильма 0,795880 0,000474
готова 1,221849 0,000364
Долгая 1,698970 0,000759
ночь 1,000000 0,000447
Цзы 1,698970 0,000759
Цзиньчэнь 1,698970 0,000759
Arielliasa 1,698970 0,000759
За 0,568636 0,000169
хорошее 1,522879 0,000453
против 0,387216 0,000173
плохого 1,698970 0,000506
Даже 1,221849 0,000546
самое 1,301030 0,000775
темное 1,698970 0,000506
небо 1,397940 0,000416
однажды 1,154902 0,000344
вновь 0,823909 0,000245
озарится 1,698970 0,000506
светом 1,698970 0,000506
нет 0,619789 0,000277
прочитав 1,522879 0,000680
несколько 0,795880 0,000474
подряд 1,301030 0,000581
которых 0,677781 0,000303
многое 1,221849 0,000364
ожидала 1,698970 0,000506
получила 1,221849 0,000364
наткнулась 1,698970 0,000506
теперь 0,677781 0,000202
раздумываю 1,698970 0,000506
хорошо 1,221849 0,000728
ознакомилась 1,698970 0,000506
ней 0,823909 0,000491
когда 0,585027 0,000261
сердце 0,920819 0,000274
разбито 1,698970 0,000506
До 0,958607 0,000285
сих 1,096910 0,000327
пор 1,045757 0,000311
поверить 1,301030 0,000387
трехсот 1,698970 0,000506
страниц 1,154902 0,000344
наберется 1,698970 0,000506
писатель 1,221849 0,001091
равно 1,221849 0,000364
умудрился 1,698970 0,000506
впихнуть 1,698970 0,000506
кучу 1,698970 0,000506
персонажей 1,221849 0,000364
прописать 1,698970 0,000506
полноценно 1,522879 0,000453
Спасибо 1,154902 0,000344
ему 0,853872 0,000254
сказать 1,154902 0,000516
это 0,292430 0,000305
вместо 0,744727 0,000222
этого 0,619789 0,000185
поорала 1,698970 0,000506
него 0,795880 0,000355
часов 0,958607 0,000571
столько 1,221849 0,000364
времени 0,721246 0,000215
проплакала 1,698970 0,000506
груди 1,397940 0,000416
Вернув 1,698970 0,000506
веру 1,397940 0,000624
человечество 1,397940 0,000416
одновременно 1,221849 0,000364
этим 1,000000 0,000298
забрал 1,698970 0,000506
справедливость 1,522879 0,000453
ладно 1,522879 0,000680
верю 1,301030 0,000387
другое 1,221849 0,000546
Новое 0,958607 0,000428
открытие 1,301030 0,000581
древней 1,522879 0,000680
Африки 1,698970 0,000759
Бэзил 1,698970 0,000759
Дэвидсон 1,698970 0,000759
SantelliBungeys 1,698970 0,000759
Частное 1,698970 0,000506
мнение 1,045757 0,000311
дилетанта 1,698970 0,000506
Оперативная 1,698970 0,000506
сводка 1,698970 0,000506
археологических 1,698970 0,000506
полей 1,397940 0,000416
помимо 1,522879 0,000680
горилл 1,698970 0,000759
больших 1,397940 0,000624
злых 1,698970 0,000759
крокодилов 1,698970 0,000759
нам 0,657577 0,000294
предлагает 1,045757 0,000311
Никакой 1,522879 0,000680
романтики 1,397940 0,000416
предрассудков 1,698970 0,000506
царицы 1,698970 0,000506
Савской 1,698970 0,000506
финикийцев 1,698970 0,000506
бесследно 1,522879 0,000453
исчезнувших 1,698970 0,000506
представителей 1,522879 0,000453
высокоразвитых 1,698970 0,000506
цивилизаций 1,397940 0,000416
вам 0,677781 0,000303
удастся 1,698970 0,000506
продраться 1,698970 0,000506
текст 1,045757 0,000311
чтобы 0,481486 0,000358
уж 1,301030 0,000581
совсем 1,221849 0,000728
нечитаемый 1,698970 0,000506
весьма 1,397940 0,000416
сухой 1,698970 0,000506
черезвычайно 1,698970 0,000506
насыщенный 1,698970 0,000506
континент 1,698970 0,000506
культуру 1,301030 0,000387
взгляд 1,154902 0,000688
изменится 1,397940 0,000416
обе 1,301030 0,000387
Америки 1,221849 0,000364
Африку 1,698970 0,000506
минула 1,698970 0,000506
тяжелой 1,154902 0,000344
поступи 1,698970 0,000506
тех 0,920819 0,000274
европейцев 1,698970 0,000506
эпохи 1,154902 0,000344
Великих 1,522879 0,000453
географических 1,698970 0,000506
открытий 1,698970 0,000506
Определенные 1,698970 0,000506
трудности 1,301030 0,000387
естественными 1,698970 0,000506
причинами 1,698970 0,000506
изменение 1,698970 0,000506
климата 1,522879 0,000453
переселение 1,698970 0,000506
народов 1,221849 0,000364
войны 0,744727 0,000222
т 1,154902 0,000344
д 0,886057 0,000264
сыграли 1,301030 0,000387
самую 1,397940 0,000416
большую 1,698970 0,000506
роль 1,000000 0,000298
том 0,568636 0,000254
Написать 1,096910 0,000490
Популярное 0,853872 0,000381
Хит 1,397940 0,003538
Лето 1,221849 0,000364
пионерском 1,698970 0,000506
галстуке 1,698970 0,000506
Катерина 1,221849 0,000364
Сильванова 1,698970 0,000506
Безупречная 1,698970 0,000506
луна 1,698970 0,000506
Лия 1,698970 0,000759
Арден 1,698970 0,000759
Искушение 1,522879 0,000453
Трейси 1,698970 0,000506
Вульф 1,698970 0,000506
ореоле 1,698970 0,000506
тьмы 1,397940 0,000416
Дана 1,522879 0,000453
Делон 1,698970 0,000506
нулевой 1,698970 0,000506
степени 1,522879 0,000453
Микита 1,698970 0,000506
Франко 1,698970 0,000506
Магазин 1,045757 0,000311
снов 1,698970 0,000506
мистера 1,522879 0,000453
Талергута 1,698970 0,000506
Мие 1,522879 0,000453
Ли 1,221849 0,000364
Атака 1,397940 0,000416
титанов 1,301030 0,000387
Хадзимэ 1,698970 0,000506
Исаяма 1,698970 0,000506
Человек 0,958607 0,000285
бензопила 1,522879 0,000680
Пес 1,522879 0,000453
Бензопила 1,698970 0,000506
нетопыря 1,698970 0,000506
Тацуки 1,522879 0,000453
Фудзимото 1,522879 0,000453
Монструм 1,698970 0,000506
Полина 1,096910 0,000327
Граф 1,522879 0,000453
бездна 1,522879 0,000453
Донато 1,522879 0,000453
Карризи 1,522879 0,000453
Вселенная 1,397940 0,000416
Анимант 1,698970 0,000506
Крамб 1,698970 0,000506
Лондонские 1,698970 0,000506
Лин 1,522879 0,000453
Рина 1,698970 0,000506
Последний 0,920819 0,000274
ход 1,045757 0,000311
Мэри 1,154902 0,000516
Бертон 1,698970 0,000506
Дилемма 1,698970 0,000506
выжившего 1,397940 0,000416
Кристина 1,154902 0,000344
Двойных 1,698970 0,000506
Ведьмин 1,698970 0,000506
фонарь 1,301030 0,000387
Галина 1,301030 0,000387
Герасимова 1,698970 0,000506
Папа 1,397940 0,000416
Катя 1,301030 0,000387
Радио 0,958607 0,000285
Морок 1,698970 0,000759
Татьяна 1,000000 0,000298
Мастрюкова 1,698970 0,000506
Воронье 1,522879 0,000453
озеро 1,397940 0,000416
Поймать 1,698970 0,000506
свободу 1,397940 0,000416
Алекс 1,154902 0,000688
Хилл 1,522879 0,000453
цитаты 1,154902 0,000516
Anastasia 1,698970 0,001012
разместила 1,698970 0,001518
цитатах 1,698970 0,002529
Никогда 1,522879 0,000453
понимал 1,698970 0,000506
зачем 0,853872 0,000254
нужны 0,920819 0,000274
физические 1,698970 0,000506
почтовые 1,698970 0,000506
ящики 1,698970 0,000506
где 0,537602 0,000240
изобрели 1,522879 0,000453
интернет 0,657577 0,000196
Волк 1,096910 0,000327
голове 1,397940 0,000416
III 1,154902 0,000344
Терехов 1,698970 0,000506
serp 1,698970 0,000759
разместил 1,522879 0,001134
Велика 1,698970 0,000506
радость 1,221849 0,000546
похитить 1,698970 0,000506
деньги 0,958607 0,000285
попасться 1,522879 0,000453
сметь 1,698970 0,000506
тратить 1,522879 0,000453
сообразительный 1,698970 0,000506
человек 0,494850 0,000147
потратив 1,698970 0,000506
способен 1,522879 0,000453
найти 0,698970 0,000208
безопасный 1,698970 0,000506
способ 1,045757 0,000467
Лучше 1,397940 0,000624
остался 1,301030 0,000387
Джеймс 1,096910 0,000653
Хэдли 1,698970 0,000506
Чейз 1,698970 0,000759
AleksandrBoltnev 1,698970 0,000759
Иногда 1,698970 0,000506
молчание 1,698970 0,000506
бывает 1,221849 0,000364
красноречивее 1,698970 0,000506
слов 1,096910 0,000327
нервный 1,301030 0,000387
адвоката 1,698970 0,000506
щелканье 1,698970 0,000506
шариковой 1,698970 0,000506
ручкой 1,698970 0,000506
постукивание 1,698970 0,000506
тыльной 1,698970 0,000506
стороной 1,301030 0,000387
ладони 1,522879 0,000453
ножку 1,698970 0,000506
стула 1,522879 0,000453
характерное 1,698970 0,000506
дыхание 1,522879 0,000453
Братство 1,522879 0,000453
Йонсруд 1,698970 0,000506
Ингар 1,698970 0,000506
boservas 1,698970 0,000759
Лучший 1,154902 0,000344
обучения 1,301030 0,000387
выживание 1,698970 0,000506
Боевое 1,698970 0,000506
НЛП 1,698970 0,000506
модели 1,221849 0,000364
скрытых 1,698970 0,000506
манипуляций 1,698970 0,000506
защиты 1,154902 0,000344
них 0,769551 0,000344
Пелехатый 1,698970 0,000506
Евгений 0,698970 0,000208
Спирица 1,698970 0,000506
arambad 1,698970 0,000759
удивительной 1,698970 0,000506
канцелярии 1,698970 0,000506
учитывалось 1,698970 0,000506
какова 1,698970 0,000506
должна 0,958607 0,000285
длина 1,698970 0,000506
волос 1,397940 0,000416
заключенных 1,698970 0,000506
прежде 1,096910 0,000327
будут 0,638272 0,000190
изъяты 1,698970 0,000506
целью 1,301030 0,000387
использования 0,920819 0,000274
экономике 1,221849 0,000364
производства 1,154902 0,000344
ворсистых 1,698970 0,000506
носков 1,698970 0,000506
команд 1,522879 0,000453
подводных 1,698970 0,000506
лодок 1,698970 0,000506
также 0,494850 0,000147
стелек 1,698970 0,000506
обуви 1,397940 0,000416
служащих 1,698970 0,000506
железных 1,522879 0,000453
дорог 1,154902 0,000344
Рейха 1,522879 0,000453
Список 1,221849 0,000364
Шиндлера 1,698970 0,000506
Томас 1,397940 0,001041
Кенилли 1,698970 0,000506
kitnes 1,698970 0,000759
смотрел 1,698970 0,000506
окно 1,522879 0,000453
отвечал 1,698970 0,000506
собиралась 1,698970 0,000506
сдаваться 1,522879 0,000453
проявляя 1,698970 0,000506
истинное 1,698970 0,000506
бесстрашие 1,698970 0,000506
прямо 1,000000 0,000298
девчонка 1,522879 0,000453
фильме 1,096910 0,000327
всех 0,552842 0,000165
устах 1,522879 0,000453
помнила 1,698970 0,000506
звали 1,698970 0,000506
вместе 0,769551 0,000229
играл 1,221849 0,000364
Тео 1,698970 0,000506
фильм 0,823909 0,000613
сносным 1,698970 0,000506
Влюбись 1,698970 0,000506
Дженнифер 1,301030 0,000581
Арментроут 1,698970 0,000506
Leksi 1,698970 0,000759
l 1,522879 0,000680
Про 1,000000 0,000447
ввязанное 1,698970 0,000506
быт 1,522879 0,000680
тесный 1,698970 0,000506
союз 1,301030 0,000387
вещей 1,221849 0,000364
привычек 1,522879 0,000453
отношений 1,045757 0,000311
выстраивается 1,698970 0,000506
домашняя 1,698970 0,000506
сообразно 1,698970 0,000506
глобальным 1,698970 0,000506
ценностям 1,698970 0,000506
Дом 0,698970 0,000520
организовать 1,397940 0,000416
оставалось 1,522879 0,000453
Семенова 1,397940 0,000416
OlesyaSG 1,698970 0,001012
Большой 1,045757 0,000311
несомненно 1,522879 0,000453
носил 1,698970 0,000506
себе 0,619789 0,000185
отпечаток 1,698970 0,000506
испанского 1,522879 0,000453
стиля 1,522879 0,000453
принадлежал 1,698970 0,000506
испанокалифорнийскому 1,698970 0,000506
типу 1,698970 0,000506
зданий 1,522879 0,000453
занесен 1,698970 0,000506
сюда 1,397940 0,000416
Мексику 1,698970 0,000506
сто 1,522879 0,000453
назад 0,721246 0,002792
основе 0,958607 0,000285
которого 0,920819 0,000274
позднейшие 1,698970 0,000506
архитекторы 1,698970 0,000506
создали 1,397940 0,000416
называемый 1,522879 0,000453
испано 1,698970 0,000506
калифорнийский 1,698970 0,000506
стиль 1,301030 0,000387
Архитектуру 1,698970 0,000506
Большого 1,301030 0,000581
дома 0,744727 0,000333
при 0,468521 0,000140
всей 0,920819 0,000274
Развернуть 1,522879 0,000680
Маленькая 1,397940 0,000416
хозяйка 1,698970 0,000506
Джек 1,301030 0,000387
Лондон 1,301030 0,000387
Meki 1,698970 0,000759
Ну 1,045757 0,000778
тогда 1,154902 0,000344
ты 0,886057 0,000396
адресу 1,698970 0,000506
пришел 1,397940 0,000416
ведьма 1,522879 0,000907
Тимар 1,698970 0,000506
снова 0,769551 0,000344
фыркнул 1,698970 0,000506
чашку 1,698970 0,000506
кот 1,301030 0,000387
задумался 1,698970 0,000506
Совсем 1,397940 0,000416
капельки 1,698970 0,000506
чуть 1,096910 0,000490
такой 0,853872 0,000254
надеждой 1,698970 0,000506
взглянул 1,522879 0,000453
жалко 1,522879 0,000453
стало 1,000000 0,000298
тебе 1,096910 0,000490
Любая 1,698970 0,000506
женщина 1,000000 0,000298
немножко 1,522879 0,000453
особенно 1,698970 0,000759
разозлить 1,698970 0,000506
перекрестке 1,698970 0,000506
Завойчинская 1,698970 0,000506
цитату 1,698970 0,000506
Все 0,148742 0,000089
Бестселлеры 1,221849 0,000364
Бестселлер 1,698970 0,007841
Цветы 1,397940 0,000416
Элджернона 1,522879 0,000453
Киз 1,522879 0,000453
Ночь 1,397940 0,000416
нежна 1,698970 0,000506
Фрэнсис 1,301030 0,000581
Скотт 1,397940 0,000416
Фицджеральд 1,698970 0,000506
Судьба 1,522879 0,000453
Робин 1,221849 0,000364
Хобб 1,698970 0,000506
Маленький 1,698970 0,000506
принц 1,522879 0,000453
Антуан 1,698970 0,000506
Сент 1,698970 0,000506
Экзюпери 1,698970 0,000506
стать 0,795880 0,000474
леди 1,301030 0,000387
Бернетт 1,522879 0,000453
Дюна 1,522879 0,000453
Фрэнк 1,522879 0,000453
Герберт 1,698970 0,000506
Nintendo 1,522879 0,000453
Famicom 1,698970 0,000506
NES 1,698970 0,000506
Флоран 1,698970 0,000506
Горж 1,698970 0,000506
Семь 1,096910 0,000490
навыков 1,522879 0,000453
высокоэффективных 1,698970 0,000506
людей 0,698970 0,000208
Стивен 1,154902 0,000516
Кови 1,698970 0,000506
Живые 1,522879 0,000453
мертвые 1,698970 0,000506
Константин 0,886057 0,000264
Симонов 1,522879 0,000453
Найден 1,522879 0,000453
жив 1,522879 0,000453
Записки 1,301030 0,000387
поисковом 1,698970 0,000506
отряде 1,522879 0,000453
Лиза 1,221849 0,000364
Алерт 1,522879 0,000453
Ксения 1,221849 0,000364
Кнорре 1,698970 0,000506
Дмитриева 1,397940 0,000416
Дамское 1,698970 0,000506
Эмиль 1,698970 0,000506
Золя 1,698970 0,000506
Immoralist 1,698970 0,000506
Кризис 1,698970 0,000506
полудня 1,698970 0,000506
Алмат 1,698970 0,000506
Малатов 1,698970 0,000506
Хроники 1,522879 0,000453
странствующего 1,698970 0,000506
кота 1,221849 0,000364
Хиро 1,522879 0,000453
Арикава 1,698970 0,000506
Взор 1,698970 0,000506
синих 1,698970 0,000506
глаз 1,221849 0,000364
Харди 1,698970 0,000506
Ханс 1,698970 0,000506
Бринкер 1,698970 0,000506
серебряные 1,698970 0,000506
коньки 1,698970 0,000506
Мери 1,522879 0,000453
Мейп 1,698970 0,000506
Додж 1,698970 0,000506
Издалека 1,698970 0,000506
вблизи 1,698970 0,000506
Клод 1,698970 0,000506
Леви 1,698970 0,000506
Стросс 1,698970 0,000506
Цена 1,522879 0,000453
соли 1,698970 0,000506
Патриция 1,698970 0,000506
Хайсмит 1,698970 0,000506
Король 1,221849 0,000364
скандинавского 1,698970 0,000506
детектива 1,522879 0,000680
охотник 1,301030 0,000387
убийц 1,221849 0,000364
насколько 1,397940 0,000624
знаешь 1,397940 0,000416
Ю 1,397940 0,000416
Несбе 1,522879 0,000453
Декстера 1,698970 0,000506
Моргана 1,698970 0,000506
января 0,958607 0,000428
Знаменитый 1,522879 0,000453
пришелец 1,698970 0,000506
космоса 1,154902 0,000344
вы 0,420216 0,000313
знаете 1,301030 0,000387
Диккенса 1,698970 0,000506
Доктора 1,397940 0,000416
Русский 1,045757 0,000311
классик 1,522879 0,000453
химик 1,698970 0,000506
наркобарон 1,698970 0,000506
проверка 1,522879 0,000453
знание 1,397940 0,000416
Чехова 1,301030 0,000387
Уолтера 1,698970 0,000506
Уайта 1,698970 0,000506
декабря 0,886057 0,000528
ОСТАЛИСЬ 1,698970 0,000506
БЕЗ 1,698970 0,000506
ПОДАРКОВ 1,698970 0,000506
Какие 0,721246 0,000215
писатели 1,522879 0,000453
недолюбливали 1,698970 0,000506
новогодние 1,301030 0,000387
праздники 0,886057 0,000264
Угадай 1,698970 0,000759
экранизацию 1,522879 0,000907
кадру 1,522879 0,000680
Брэдом 1,522879 0,000453
Питтом 1,522879 0,000453
Тест 0,886057 0,000396
ко 0,958607 0,000428
Дню 0,958607 0,000428
рождения 0,677781 0,000303
актера 1,221849 0,000364
Нобелевская 1,522879 0,000453
литература 1,000000 0,000447
любопытные 1,698970 0,000506
факты 1,221849 0,000364
премии 0,853872 0,000381
которую 1,000000 0,000447
основал 1,698970 0,000506
создатель 1,698970 0,000506
динамита 1,698970 0,000506
ноября 1,221849 0,000546
Отец 1,397940 0,000416
Тома 1,397940 0,000416
Сойера 1,698970 0,000506
друг 0,795880 0,000355
Теслы 1,698970 0,000506
тест 0,958607 0,000285
творчестве 1,221849 0,000364
Марка 1,698970 0,000506
Твена 1,698970 0,000506
Лео 1,397940 0,000416
Леонардо 1,522879 0,000453
Ди 1,301030 0,000387
Каприо 1,698970 0,000506
Еще 0,585027 0,000174
теста 1,698970 0,000506
Марк 1,154902 0,000516
Твен 1,698970 0,000759
выдающийся 1,522879 0,000453
американский 1,397940 0,000416
журналист 1,154902 0,000344
Шарлотта 1,698970 0,000759
Бронте 1,698970 0,000759
псевдоним 1,698970 0,000506
Каррер 1,698970 0,000506
Белл 1,522879 0,000453
англ 1,522879 0,000453
Currer 1,698970 0,000506
Bell 1,698970 0,000506
Патрик 1,301030 0,000775
Зюскинд 1,522879 0,000907
немецкий 1,522879 0,000453
сценарист 1,698970 0,000759
Родился 1,698970 0,000506
Амбахе 1,698970 0,000506
Дуглас 1,698970 0,000759
Адамс 1,698970 0,000759
Ноэль 1,698970 0,000506
драматург 1,698970 0,000506
Франц 1,301030 0,000581
Кафка 1,397940 0,000624
один 0,721246 0,000215
основных 1,397940 0,000416
немецкоязычных 1,698970 0,000506
писателей 1,045757 0,000311
XX 0,958607 0,000285
Вещий 1,698970 0,001265
Крити 1,698970 0,001265
К 0,638272 0,000475
AleksSar 1,698970 0,000759
подборках 1,698970 0,001012
Версия 1,301030 0,000775
печати 1,522879 0,000907
Сериал 1,000000 0,000596
Театр 0,920819 0,000274
Рэя 1,522879 0,000453
Брэдбери 1,522879 0,000680
Вся 0,886057 0,000528
подборка 1,698970 0,001012
Eugin 1,698970 0,000759
Японская 1,698970 0,000506
Леди 1,698970 0,000506
детектив 1,096910 0,000980
мисс 1,522879 0,000453
Фрайни 1,698970 0,000506
Фишер 1,698970 0,000506
Этими 1,698970 0,000506
книгами 1,397940 0,000416
интересуются 1,698970 0,000506
dni 1,698970 0,000506
Blanka 1,698970 0,000506
Lipi 1,698970 0,000506
ska 1,698970 0,000506
Непа 1,698970 0,000506
торная 1,698970 0,000506
вясна 1,698970 0,000506
Сэрца 1,698970 0,000506
далон 1,698970 0,000506
ван 1,522879 0,000453
Шамяк 1,698970 0,000506
н 1,397940 0,000416
Безмолвный 1,698970 0,000506
пациент 1,522879 0,000453
Михаэлидес 1,698970 0,000506
Василий 1,301030 0,000387
Теркин 1,522879 0,000453
Стихотворения 1,698970 0,000506
поэмы 1,698970 0,000506
Твардовский 1,522879 0,000453
The 0,721246 0,000215
One 1,301030 0,000387
Единственный 1,698970 0,000506
Джон 0,958607 0,000285
Маррс 1,522879 0,000453
Защищая 1,698970 0,000506
Джейкоба 1,698970 0,000506
Уильям 1,397940 0,000624
Лэндей 1,698970 0,000506
Хочу 0,920819 0,000274
буду 1,301030 0,000387
полюбить 1,698970 0,000506
счастливым 1,698970 0,000506
Лабковский 1,698970 0,000506
котором 1,045757 0,000311
Мариам 1,698970 0,000506
Петросян 1,522879 0,000453
повсюду 1,698970 0,000506
тлеют 1,698970 0,000506
пожары 1,698970 0,000506
Селеста 1,698970 0,000506
Инг 1,698970 0,000506
Мара 1,698970 0,000506
Гордость 1,522879 0,000453
предубеждение 1,698970 0,000506
Джейн 1,221849 0,000546
Остин 1,698970 0,000506
метре 1,698970 0,000506
Рейчел 1,698970 0,000506
Липпинкотт 1,698970 0,000506
Нормальные 1,698970 0,000506
люди 0,677781 0,000202
Салли 1,698970 0,000506
Руни 1,698970 0,000506
Тев 1,698970 0,000506
молочар 1,698970 0,000506
Шолом 1,698970 0,000506
Алейхем 1,698970 0,000506
Зулейха 1,698970 0,000506
открывает 1,154902 0,000344
глаза 1,301030 0,000387
Гузель 1,698970 0,000506
Яхина 1,698970 0,000506
Лисья 1,698970 0,000506
нора 1,698970 0,000506
Нора 1,698970 0,000506
Сакавич 1,698970 0,000506
Чайка 1,698970 0,000506
имени 0,721246 0,000215
Ливингстон 1,698970 0,000506
Ричард 1,221849 0,000364
Бах 1,698970 0,000506
Ежик 1,698970 0,000506
тумане 1,397940 0,000416
Козлов 1,522879 0,000453
rainbows 1,698970 0,000759
добавила 1,698970 0,002023
афишу 1,698970 0,002023
Волгоград 1,096910 0,000327
Обсуждение 1,301030 0,000775
Волгоградский 1,698970 0,000506
читательский 1,698970 0,000506
клуб 0,958607 0,000428
Гримуар 1,698970 0,000506
Встреча 1,397940 0,000832
АCТ 1,698970 0,001771
опубликовало 1,397940 0,000832
мероприятие 1,522879 0,000907
Челябинск 1,154902 0,000516
Встречи 1,301030 0,001162
авторами 1,397940 0,001249
Петром 1,698970 0,000759
Земсковым 1,698970 0,000759
Лекция 1,522879 0,000453
люблю 1,154902 0,000344
геометрию 1,698970 0,000506
презентация 1,522879 0,000680
Математика 1,522879 0,000453
фокусы 1,698970 0,000506
Геометрические 1,698970 0,000506
головоломки 1,698970 0,000506
развития 0,721246 0,000215
мозга 1,154902 0,000344
majj 1,698970 0,002782
s 0,823909 0,001349
Онлайн 0,769551 0,000229
Другое 1,301030 0,000581
Тотальный 1,397940 0,000416
диктант 1,397940 0,000416
писателем 1,698970 0,000506
математиком 1,698970 0,000506
популяризатором 1,698970 0,000506
науки 1,045757 0,000311
Москва 0,508638 0,000454
Фестивали 1,301030 0,000387
выставки 1,096910 0,000327
СОВМЕСТНЫЙ 1,698970 0,000506
ПРОЕКТ 1,698970 0,000506
МОСКОВСКОГО 1,698970 0,000506
ДОМА 1,698970 0,000506
КНИГИ 1,698970 0,000506
ТУРОПЕРАТОРА 1,698970 0,000506
LB 1,698970 0,000506
TOUR 1,698970 0,000506
Веранда 1,698970 0,000506
Альпины 1,698970 0,000506
Презентация 1,522879 0,000680
Танцы 1,397940 0,000416
льду 1,301030 0,000387
Deli 1,698970 0,000759
Екатеринбург 1,000000 0,000298
СКОТЧ 1,698970 0,000506
Долгострои 1,698970 0,000506
детской 1,397940 0,000416
Елизаветы 1,301030 0,000387
Арзамасовой 1,698970 0,000506
Костик 1,698970 0,000506
Солнечного 1,698970 0,000506
переулка 1,522879 0,000453
самом 0,886057 0,000264
важном 1,522879 0,000453
маленьких 1,397940 0,000416
взрослых 1,000000 0,000298
огромных 1,397940 0,000416
детей 0,431798 0,000129
Творческая 1,522879 0,000453
встреча 1,096910 0,000327
Наташи 1,522879 0,000453
Васильевой 1,698970 0,000506
Халл 1,698970 0,000506
Виктор 0,795880 0,000237
группа 1,154902 0,000344
Кино 0,677781 0,000202
Фотографии 1,522879 0,000453
Воспоминания 1,698970 0,000506
возможность 0,769551 0,000229
получить 0,769551 0,000229
бумажные 1,522879 0,000453
издательств 1,397940 0,000416
Поставьте 1,698970 0,000506
лайк 1,698970 0,000506
записи 1,301030 0,000387
понравившейся 1,698970 0,000506
книгой 1,397940 0,000416
участником 1,698970 0,000506
конкурса 1,154902 0,000344
правилах 1,698970 0,000506
Милый 1,698970 0,000759
Тилли 1,698970 0,000759
Коул 1,522879 0,000680
Девушка 1,096910 0,000327
индиго 1,698970 0,000506
Наташа 1,301030 0,000387
Бойд 1,698970 0,000506
Происхождение 1,698970 0,000506
Льюис 1,301030 0,000387
Дартнелл 1,698970 0,000506
Его 0,958607 0,000285
фанатка 1,698970 0,000506
Карма 1,698970 0,000506
Садхгуру 1,698970 0,000506
Би 1,522879 0,000453
боп 1,698970 0,000506
Кристиан 1,698970 0,000506
Гайи 1,698970 0,000506
подкидывает 1,698970 0,000506
лимоны 1,698970 0,000506
Гибсон 1,698970 0,000506
glebmtb 1,698970 0,000759
обсуждение 1,698970 0,002529
Посоветуйте 1,522879 0,001134
пожалуйста 1,522879 0,001134
иллюстрирующую 1,698970 0,000506
лицемерие 1,698970 0,000506
BlBird 1,698970 0,000506
Из 0,698970 0,000416
ярких 1,301030 0,000387
примеров 1,397940 0,000624
Шеридан 1,698970 0,000506
Школа 1,154902 0,000344
злословия 1,698970 0,000506
персонаж 1,522879 0,000453
лицемер 1,698970 0,000506
старший 1,522879 0,000453
EkaterinaVihlyaeva 1,698970 0,000506
классике 1,397940 0,000416
тьма 1,397940 0,000416
точно 1,154902 0,000344
Лужин 1,698970 0,000506
Преступлении 1,698970 0,000506
наказании 1,397940 0,000416
Ганечка 1,698970 0,000506
Идиоте 1,698970 0,000506
nni 1,698970 0,000759
дан 1,698970 0,000506
небольшой 1,397940 0,000416
список 0,823909 0,000368
двуличие 1,698970 0,000506
Посмотреть 1,522879 0,002267
комментарии 1,000000 0,001489
Krosh 1,522879 0,000680
Америке 1,397940 0,000416
х 0,769551 0,000344
годов 1,045757 0,000311
мистика 1,154902 0,000516
IvanKarmanov 1,698970 0,000759
Пророки 1,698970 0,000506
Либба 1,698970 0,000506
Брей 1,698970 0,000506
стекле 1,698970 0,000506
Форд 1,698970 0,000506
Naxcerer 1,698970 0,000506
Абрахам 1,522879 0,000453
Меррит 1,698970 0,000506
Колесо 1,698970 0,000506
страха 1,698970 0,000506
обратите 1,698970 0,000506
внимание 0,853872 0,000254
первое 0,886057 0,000264
произведение 1,221849 0,000364
издавалось 1,698970 0,000506
ninia 1,698970 0,000506
Каньон 1,698970 0,000506
Холодных 1,698970 0,000506
сердец 1,698970 0,000506
сюжетных 1,698970 0,000506
линий 1,698970 0,000506
похабщина 1,698970 0,000506
редкостная 1,698970 0,000506
An 1,397940 0,000416
Alina 1,698970 0,000506
Тоже 1,522879 0,000680
узнать 1,154902 0,000516
Советы 1,397940 0,000416
дадут 1,397940 0,000416
limbi 1,698970 0,001012
Чужестранка 1,698970 0,000506
Восхождение 1,698970 0,000506
любви 0,677781 0,000202
JulieAlex 1,698970 0,000506
После 0,795880 0,000237
просмотра 1,221849 0,000364
сезона 0,958607 0,000285
сериала 0,920819 0,000274
взялась 1,522879 0,000453
Почему 0,522879 0,000156
тот 0,853872 0,000254
момент 0,920819 0,000411
EnslingerSofa 1,698970 0,000506
варианта 1,522879 0,000453
нибудь 1,301030 0,000387
настроение 1,221849 0,000364
Не 0,481486 0,000143
читала 1,522879 0,000680
смотрела 1,698970 0,000506
планах 1,301030 0,000387
верное 1,698970 0,000506
решение 0,853872 0,000254
Приятного 1,522879 0,000453
Вольф 1,698970 0,000759
Евгения 0,853872 0,000381
Evanna 1,698970 0,000506
действие 1,397940 0,000416
деревушке 1,522879 0,000453
Nathaira 1,698970 0,001012
Сегодня 0,677781 0,000202
советовала 1,698970 0,000506
эти 0,920819 0,000274
другой 1,000000 0,000298
теме 1,045757 0,000311
тоже 1,000000 0,000447
подойдут 1,698970 0,000506
Роберт 1,221849 0,000364
Холдсток 1,698970 0,000506
Лес 1,698970 0,000506
Kultmanyak 1,698970 0,000759
Олд 1,698970 0,000506
Хьювелт 1,698970 0,000506
Сглаз 1,397940 0,000416
aljolja 1,698970 0,000506
Ольга 0,769551 0,000229
Громыко 1,522879 0,000453
Год 0,958607 0,000285
Крысы 1,698970 0,000506
Видунья 1,698970 0,000506
SeriyKozlik 1,698970 0,000506
посоветовала 1,698970 0,000506
Диана 1,221849 0,000364
Уинн 1,698970 0,000506
Джонс 1,698970 0,000506
характером 1,522879 0,000453
правда 0,958607 0,000285
насчет 1,397940 0,000624
мрачности 1,698970 0,000506
уверена 1,522879 0,000453
мистический 1,698970 0,000506
февраля 0,853872 0,003432
HighlandMary 1,698970 0,000759
Хьертсберг 1,698970 0,000506
Сердце 1,301030 0,000387
ангела 1,698970 0,000506
одноименный 1,522879 0,000453
хорош 1,397940 0,000416
Fox 1,698970 0,000759
Of 1,397940 0,000624
Probability 1,698970 0,000759
Насколько 1,221849 0,000364
понимаю 1,698970 0,000506
Макмахон 1,698970 0,000506
пишет 1,522879 0,000453
подобном 1,698970 0,000506
стиле 1,301030 0,000581
Расследование 1,301030 0,000387
таинственного 1,522879 0,000453
Xeni 1,698970 0,000759
Адам 1,397940 0,000416
Нэвилл 1,698970 0,000506
Ритуал 1,522879 0,000453
подойдет 1,698970 0,000506
духе 1,522879 0,000453
Лавкрафта 1,698970 0,000506
Посоветую 1,698970 0,000506
романов 1,301030 0,000775
Гарри 1,045757 0,000311
Дрездена 1,522879 0,000453
черный 1,397940 0,000416
юмор 1,522879 0,000453
местами 1,397940 0,000416
прочел 1,698970 0,000506
Просто 1,301030 0,000581
katyuha 1,698970 0,000506
решила 1,154902 0,000344
попробовать 1,397940 0,000416
взяться 1,522879 0,000453
тему 1,301030 0,000387
старательно 1,698970 0,000506
Dzyn 1,698970 0,000759
Карин 1,698970 0,000506
Слотер 1,698970 0,000506
Вслепую 1,698970 0,000506
Норт 1,522879 0,000453
Шепот 1,698970 0,000506
окном 1,221849 0,000364
Майк 1,698970 0,000506
Омер 1,698970 0,000506
Внутри 1,522879 0,000453
Самюэль 1,698970 0,000506
Бьорк 1,698970 0,000506
самый 0,958607 0,000285
обаятельный 1,522879 0,000453
маньяк 1,698970 0,000506
мой 1,221849 0,000364
Томаса 1,522879 0,000453
Харриса 1,698970 0,000506
Харрис 1,397940 0,000416
Молчание 1,698970 0,000506
ягнят 1,698970 0,000506
Ганнибал 1,698970 0,000506
Давыденко 1,698970 0,000506
порекомендую 1,698970 0,000506
metaloleg 1,698970 0,000506
Парфюмер 1,522879 0,000453
amorabranca 1,698970 0,001518
Фантастический 1,397940 0,000416
рассказ 1,221849 0,000546
машину 1,000000 0,000298
анализирующую 1,698970 0,000506
тексты 1,221849 0,000364
Znatok 1,698970 0,000506
Похоже 1,397940 0,000416
помню 1,522879 0,000453
какой 0,886057 0,000264
Фриц 1,698970 0,000506
Лейбер 1,698970 0,000506
Серебряные 1,698970 0,000506
яйцеглавы 1,698970 0,000506
подходит 1,397940 0,000832
аннотации 1,698970 0,000506
Далекое 1,698970 0,000506
Издательская 1,397940 0,000416
Клиффорд 1,397940 0,000416
Саймак 1,522879 0,000453
Сила 1,698970 0,000506
воображения 1,698970 0,000506
Наконец 1,522879 0,000453
поравнялся 1,698970 0,000506
дверью 1,397940 0,000416
толкнул 1,698970 0,000506
Борис 0,769551 0,000229
Стругацкие 1,522879 0,000453
Хромая 1,698970 0,000506
выпил 1,698970 0,000506
рюмку 1,698970 0,000506
водки 1,221849 0,000364
стал 0,585027 0,000174
размышлять 1,698970 0,000506
M 1,154902 0,001204
каком 1,301030 0,000387
порядке 1,397940 0,000416
Плоский 1,698970 0,000759
мир 0,552842 0,000247
Пратчетта 1,698970 0,000506
хронология 1,698970 0,000506
подциклы 1,698970 0,000506
Dhimmeluberli 1,698970 0,000506
Привет 1,397940 0,000416
эксперт 1,221849 0,000364
Пратчетте 1,698970 0,000506
хаотично 1,698970 0,000506
есть 0,568636 0,000423
любопытная 1,698970 0,000506
картинка 1,698970 0,000506
начинать 1,397940 0,000416
первых 0,853872 0,000254
Ринсвида 1,698970 0,000506
значительно 1,397940 0,000416
слабее 1,698970 0,000506
работ 1,397940 0,000416
Cerber 1,698970 0,000506
На 0,283997 0,000085
фантлабе 1,698970 0,000506
страница 1,221849 0,000364
цикла 1,397940 0,000416
ссылка 1,154902 0,000344
картинку 1,698970 0,000506
рекомендациями 1,522879 0,000453
порядку 1,698970 0,000506
Chuna 1,698970 0,000759
интересный 1,397940 0,000416
подростка 1,522879 0,000453
Стюарт 1,698970 0,000759
Тертон 1,698970 0,000506
смертей 1,698970 0,000506
Эвелины 1,522879 0,000453
Хардкасл 1,698970 0,000506
Дня 1,096910 0,000327
сурка 1,698970 0,000506
Объяснение 1,698970 0,000506
этому 1,096910 0,000327
У 0,431798 0,000129
Себастьена 1,698970 0,000506
Жапризо 1,698970 0,000506
отличные 1,698970 0,000506
заходят 1,522879 0,000453
наверно 1,698970 0,000506
Райли 1,397940 0,000416
Сейнер 1,698970 0,000506
Запри 1,698970 0,000506
двери 1,522879 0,000453
читается 1,698970 0,000506
легко 1,045757 0,000311
держит 1,522879 0,000453
напряжении 1,698970 0,000506
Меловой 1,698970 0,000506
человечек 1,698970 0,000506
WolsdorfScepter 1,698970 0,000506
Прям 1,522879 0,000453
современного 1,221849 0,000364
знаю 1,096910 0,000327
Хедли 1,698970 0,000506
заходил 1,522879 0,000453
группах 1,522879 0,000453
Редкие 1,522879 0,000453
мысли 1,522879 0,000453
писательстве 1,698970 0,000506
Кормака 1,698970 0,000506
Маккарти 1,698970 0,000506
невероятном 1,698970 0,000506
интервью 0,823909 0,000245
дня 0,494850 0,000147
ЮФ 1,698970 0,000506
Античтение 1,698970 0,000506
news 1,154902 0,000344
Доктор 0,853872 0,000254
Стрэндж 1,301030 0,000387
картинках 1,522879 0,000680
меньше 1,154902 0,000860
часа 1,154902 0,000344
Раздача 1,698970 0,000506
дней 0,744727 0,000887
минут 0,920819 0,000274
Книгофильм 1,698970 0,000506
Сядь 1,397940 0,000416
руль 1,301030 0,000387
моей 1,000000 0,000298
машины 1,045757 0,000311
покорил 1,698970 0,000506
Канны 1,698970 0,000506
Голливуд 1,698970 0,000506
Книжные 1,397940 0,000416
новинки 0,886057 0,000396
Мартовские 1,698970 0,000506
издательской 1,698970 0,000506
Альпина 1,522879 0,000453
Лайвлиб 1,698970 0,001012
ведения 1,397940 0,000416
блогов 1,397940 0,000416
Клубный 1,698970 0,000506
Клац 1,698970 0,000506
вампиром 1,522879 0,000453
Отчет 1,397940 0,000416
м 1,154902 0,000344
заседании 1,522879 0,000453
курского 1,698970 0,000506
клуба 1,301030 0,000387
хаос 1,698970 0,000506
Техподдержка 1,221849 0,000364
Обновления 1,522879 0,000453
Лайвлибе 1,698970 0,000506
Книжная 1,397940 0,000416
премия 1,221849 0,000364
Премия 1,045757 0,000311
итоги 1,000000 0,000298
голосования 1,698970 0,000506
месяца 0,920819 0,000274
великих 1,301030 0,000387
Нобелевских 1,698970 0,000506
лауреатов 1,698970 0,000506
должен 0,886057 0,000264
знать 1,000000 0,000298
каждый 0,823909 0,000245
Rock 1,698970 0,000759
Book 1,522879 0,000680
Объявлен 1,698970 0,000506
победителей 1,154902 0,000344
месяцев 1,221849 0,001091
Интервью 0,638272 0,000285
Люди 1,000000 0,000298
сильно 1,045757 0,000311
изменились 1,221849 0,000364
последние 0,769551 0,000229
тысячи 1,221849 0,000364
Алексом 1,698970 0,000506
Михаэлидесом 1,698970 0,000506
библиотекарей 1,522879 0,000453
кураторов 1,522879 0,000453
Пожалуйста 1,096910 0,000327
поправьте 1,698970 0,000506
критиков 1,154902 0,000344
выше 1,397940 0,000832
трагическая 1,698970 0,000506
советского 1,397940 0,000416
Фауста 1,698970 0,000506
Видео 0,431798 0,000129
Пинкер 1,698970 0,000506
ангелы 1,698970 0,000506
вышел 1,000000 0,000298
русский 0,920819 0,000274
перевод 1,397940 0,000416
глобальном 1,698970 0,000506
снижении 1,301030 0,000387
насилия 1,397940 0,000416
год 0,568636 0,000254
Первый 0,853872 0,000254
критик 1,698970 0,000506
Ннеди 1,698970 0,000506
Окорафор 1,698970 0,000506
боится 1,698970 0,000506
смерти 0,744727 0,000222
LiveBookTube 1,698970 0,000506
Darynme 1,698970 0,000506
Обзор 1,221849 0,000364
Виктории 1,522879 0,000453
Алая 1,698970 0,000506
королева 1,301030 0,000387
Специальный 1,154902 0,000344
корреспондент 1,397940 0,000416
дороги 1,096910 0,000327
ведут 1,221849 0,000364
Анк 1,698970 0,000506
Морпорк 1,698970 0,000506
Незримый 1,698970 0,000506
Благой 1,698970 0,000506
Фестиваль 1,221849 0,000364
Плоскоземье 1,698970 0,000506
Литература 1,301030 0,000387
Используйте 1,397940 0,000416
удобную 1,522879 0,000453
схему 1,522879 0,000453
завязку 1,698970 0,000506
своего 0,920819 0,000274
личного 1,397940 0,000416
постапокалиптического 1,698970 0,000506
Флудилка 1,698970 0,000506
Присоединяйтесь 1,301030 0,000387
Рецензий 1,698970 0,000506
оценок 1,397940 0,000416
личных 1,221849 0,000364
коллекций 1,397940 0,000416
Зарегистрироваться 1,221849 0,000364
Ежемесячные 1,698970 0,000506
дайджесты 1,698970 0,000506
важное 1,522879 0,000453
мира 0,537602 0,000160
вашей 1,301030 0,000387
почте 1,397940 0,000416
Подписаться 0,795880 0,000355
Нажимая 1,397940 0,000416
соглашаетесь 1,154902 0,000344
c 0,920819 0,000274
условиями 1,221849 0,000364
обслуживания 1,698970 0,000506
проекте 0,657577 0,000294
Команда 1,096910 0,000490
Контакты 0,455932 0,000204
Мобильная 1,000000 0,000447
версия 0,769551 0,000344
Сотрудничество 1,301030 0,000387
Реклама 0,387216 0,000173
Услуги 1,301030 0,000581
Поддержка 1,154902 0,000344
Техническая 1,221849 0,000546
поддержка 1,045757 0,000467
Центр 0,920819 0,000411
полетами 1,698970 0,000759
Пользовательское 0,677781 0,000303
соглашение 0,619789 0,000277
Политика 0,443697 0,000132
обработки 0,958607 0,000285
персональных 0,769551 0,000229
данных 0,657577 0,000196
Понравилось 1,698970 0,000506
Включая 1,698970 0,000506
друзей 1,045757 0,000311
Прочитали 1,698970 0,000506
Хотят 1,522879 0,000453
прочитать 1,522879 0,000453
Вы 0,619789 0,000185
уверены 1,301030 0,000387
хотите 1,045757 0,000311
отказаться 1,301030 0,000581
участия 1,045757 0,000311
любой 0,853872 0,000254
можете 0,795880 0,000237
вернуться 0,958607 0,000285
участвовать 1,221849 0,000364
Отмена 1,301030 0,000387
