Киноафиша 1,698970 0,004374
все 0,292430 0,001076
о 0,136677 0,000754
кино 0,568636 0,002928
и 0,075721 0,000947
кинотеатрах 1,397940 0,001542
афиша 1,397940 0,001028
кинотеатров 1,301030 0,001435
России 0,251812 0,000463
Смотрите 1,221849 0,000899
фильмы 0,886057 0,003911
за 0,180456 0,001858
рубль 1,045757 0,010384
Оповещения 1,522879 0,001120
от 0,193820 0,000356
Киноафиши 1,698970 0,001250
Скоро 1,000000 0,001103
в 0,070581 0,000960
прокате 1,397940 0,005141
Красавица 1,154902 0,001274
дракон 1,154902 0,001274
Напомним 1,522879 0,001120
вам 0,677781 0,000499
выходе 1,522879 0,001120
прокат 1,221849 0,000899
любимых 1,045757 0,001154
премьер 1,045757 0,001154
главных 0,853872 0,000628
новостях 1,522879 0,001120
прямо 1,000000 0,000736
браузере 1,397940 0,001028
Включить 1,397940 0,001028
Позже 1,397940 0,001028
Меню 1,221849 0,000899
Казань 0,823909 0,000909
RU 0,886057 0,000652
Поиск 0,619789 0,000456
Отмена 1,301030 0,000957
Вход 0,657577 0,000484
Регистрация 0,657577 0,000484
Ваши 1,221849 0,000899
билеты 1,096910 0,001210
личном 1,698970 0,001250
кабинете 1,698970 0,001250
Онлайн 0,769551 0,000849
Афиша 0,795880 0,000878
Кинотеатры 1,522879 0,002800
Премьеры 1,096910 0,005648
Рейтинги 1,301030 0,001914
Новости 0,221849 0,000490
звездах 1,301030 0,000957
Это 0,537602 0,000395
точно 1,154902 0,001274
не 0,142668 0,000472
утомительное 1,698970 0,001250
философское 1,698970 0,001250
упражнение 1,698970 0,001250
интервью 0,823909 0,000909
с 0,102373 0,000753
режиссерами 1,698970 0,001250
фильма 0,795880 0,000585
Все 0,148742 0,001368
везде 1,221849 0,001797
сразу 0,795880 0,001171
Читать 0,886057 0,000652
токсичных 1,698970 0,001250
мужских 1,698970 0,001250
персонажей 1,221849 0,000899
которые 0,431798 0,000953
раньше 1,221849 0,000899
такими 1,522879 0,001120
казались 1,698970 0,001250
Узнать 1,397940 0,006170
блестящих 1,698970 0,001250
фильмов 0,795880 0,001464
играют 1,522879 0,001120
пониманием 1,698970 0,001250
реальности 1,154902 0,000850
Топ 0,958607 0,001763
турецких 1,698970 0,001250
сериалов 1,045757 0,002308
для 0,119186 0,000307
создания 1,221849 0,000899
весеннего 1,698970 0,001250
настроения 1,301030 0,000957
ярких 1,301030 0,000957
тех 0,920819 0,000677
кто 0,494850 0,000364
без 0,387216 0,000427
ума 1,154902 0,000850
Бриджертонов 1,698970 0,001250
Острые 1,397940 0,001028
козырьки 1,397940 0,001028
что 0,187087 0,000206
можно 0,443697 0,000653
ждать 1,154902 0,001274
продолжения 1,221849 0,000899
сериала 0,920819 0,001016
Лунный 1,301030 0,000957
рыцарь 1,522879 0,002240
на 0,075721 0,000418
способен 1,522879 0,001120
загадочный 1,397940 0,001028
супергерой 1,698970 0,001250
культовых 1,397940 0,001028
возвращаются 1,698970 0,001250
апреле 0,853872 0,000942
Не 0,481486 0,000885
только 0,309804 0,000342
Хогвартс 1,522879 0,001120
топ 1,221849 0,000899
школах 1,698970 0,001250
волшебников 1,698970 0,001250
Тест 0,886057 0,000978
кому 1,154902 0,000850
суждено 1,698970 0,001250
быть 0,431798 0,000476
твоим 1,698970 0,001250
тотемным 1,698970 0,001250
мультгероем 1,698970 0,001250
причин 1,154902 0,000850
почему 0,494850 0,000364
стоит 0,677781 0,000748
Морбиуса 1,698970 0,001250
новых 0,508638 0,000374
апреля 0,301030 0,000775
антология 1,522879 0,001120
про 0,568636 0,000837
первых 0,853872 0,000628
леди 1,301030 0,000957
создание 1,096910 0,000807
Крестного 1,698970 0,001250
отца 1,000000 0,000736
КИНОТЕРАПИЯ 1,698970 0,001250
Каро 1,698970 0,001250
пересмотреть 1,698970 0,001250
большом 1,698970 0,001250
экране 1,397940 0,001028
Фильмы 0,744727 0,001643
Рейтинг 0,958607 0,001410
Подборки 0,795880 0,001464
Финник 1,301030 0,000957
Мультфильм 1,221849 0,001348
приключениях 1,522879 0,001680
забавного 1,698970 0,001250
озорного 1,698970 0,001250
домового 1,698970 0,001250
анимация 1,522879 0,002240
приключения 1,045757 0,005385
комедия 1,045757 0,003846
Россия 0,455932 0,002180
Мальчик 1,301030 0,001435
дельфин 1,301030 0,001435
веселых 1,698970 0,001250
мальчика 1,096910 0,000807
подводном 1,698970 0,001250
мире 0,468521 0,000517
фэнтези 1,045757 0,002692
Турция 1,397940 0,001028
Захватывающее 1,698970 0,001250
путешествие 1,096910 0,001614
по 0,124939 0,000138
мультивселенным 1,698970 0,001250
со 0,387216 0,000570
звездой 1,096910 0,000807
Marvel 1,301030 0,000957
фантастика 1,045757 0,004615
боевик 1,522879 0,008961
США 0,508638 0,004677
Анчартед 1,301030 0,000957
картах 1,301030 0,000957
значится 1,221849 0,000899
Том 1,096910 0,001210
Холланд 1,522879 0,001120
Марк 1,154902 0,000850
Уолберг 1,698970 0,001250
отправляются 1,522879 0,001120
поиски 1,221849 0,000899
сокровищ 1,301030 0,001435
Моя 1,096910 0,001210
ужасная 1,522879 0,001120
сестра 1,301030 0,000957
Комедия 1,096910 0,000807
Глюкозой 1,698970 0,001250
противостоянии 1,698970 0,001250
двух 0,886057 0,000652
девочек 1,221849 0,000899
вынужденных 1,522879 0,001120
жить 0,958607 0,000705
одной 0,958607 0,000705
семье 1,154902 0,000850
семейный 1,397940 0,002571
Мистер 1,522879 0,001680
нокаут 1,698970 0,001875
Спортивная 1,698970 0,001250
драма 1,045757 0,005385
Виктором 1,221849 0,000899
Хориняком 1,698970 0,001250
Сергеем 1,301030 0,000957
Безруковым 1,522879 0,001120
советской 1,221849 0,000899
легенде 1,522879 0,001120
бокса 1,698970 0,001250
спорт 1,154902 0,001274
Гарри 1,045757 0,001923
Хафт 1,221849 0,001797
Последний 0,920819 0,001355
бой 1,096910 0,001614
Биографический 1,522879 0,001120
фильм 0,823909 0,000606
об 0,292430 0,000323
американском 1,698970 0,001250
боксере 1,698970 0,001250
пережившем 1,698970 0,001250
ужасы 1,522879 0,002800
концлагеря 1,698970 0,001250
биография 1,522879 0,001120
Канада 1,301030 0,000957
Венгрия 1,221849 0,000899
Лулу 1,698970 0,001250
Бриггс 1,698970 0,001250
Семейная 1,397940 0,001028
Ченнингом 1,698970 0,001250
Татумом 1,698970 0,001250
путешествии 1,698970 0,001250
рейнджера 1,698970 0,001250
служебной 1,698970 0,001250
собаки 1,522879 0,001120
Салют 1,221849 0,001348
Героическая 1,698970 0,001250
Павлом 1,698970 0,001250
Деревянко 1,522879 0,001120
освоении 1,522879 0,001120
космоса 1,154902 0,000850
исторический 1,522879 0,001120
Хочу 0,920819 0,000677
замуж 1,221849 0,000899
Романтическая 1,698970 0,001250
Милошем 1,698970 0,001250
Биковичем 1,698970 0,001250
Кристиной 1,698970 0,001250
Асмус 1,522879 0,001120
Скрежет 1,154902 0,001699
Скандинавский 1,698970 0,001250
хоррор 1,301030 0,001435
чудовище 1,522879 0,001120
проникшем 1,698970 0,001250
образцовую 1,698970 0,001250
семью 1,154902 0,001274
Финляндия 1,154902 0,000850
Швеция 1,397940 0,001028
Бабушка 1,154902 0,001274
Европейский 1,301030 0,000957
модели 1,221849 0,000899
вынужденной 1,698970 0,001250
ухаживать 1,698970 0,001250
престарелой 1,698970 0,001250
родственницей 1,698970 0,001250
Испания 1,301030 0,000957
Франция 1,096910 0,001210
Календарь 1,045757 0,000769
Ожидаемые 1,397940 0,001028
премьеры 1,301030 0,000957
Казани 1,045757 0,001154
Рядом 1,698970 0,001875
Карта 1,096910 0,000807
Скидки 1,301030 0,001435
Сети 1,301030 0,000957
Киноклубы 1,698970 0,001875
Добавляйте 1,698970 0,001250
кинотеатры 1,397940 0,002571
избранное 1,698970 0,001250
чтобы 0,481486 0,000354
пользоваться 1,221849 0,000899
удобным 1,698970 0,001250
расписанием 1,698970 0,001250
BROOKLYN 1,698970 0,001250
ул 1,000000 0,003678
Столичная 1,522879 0,001120
LOVE 1,698970 0,001250
Cinema 1,698970 0,001875
Патриса 1,698970 0,001250
Лумумбы 1,698970 0,001250
а 0,327902 0,000362
Top 1,301030 0,000957
Республика 1,522879 0,002240
Татарстан 1,221849 0,001348
Высокогорский 1,698970 0,001250
район 1,397940 0,001028
село 1,522879 0,001120
Высокая 1,522879 0,001680
Гора 1,698970 0,001250
Большая 1,000000 0,000736
Красная 1,301030 0,000957
улица 1,301030 0,000957
ТРЦ 1,698970 0,003124
гора 1,522879 0,001120
этаж 1,301030 0,001914
Алмаз 1,698970 0,003124
Синема 1,698970 0,004374
XL 1,522879 0,001680
просп 1,698970 0,002499
Ямашева 1,522879 0,001680
ТК 1,698970 0,001250
Гранд 1,698970 0,001250
Суконная 1,698970 0,001875
слобода 1,698970 0,001875
Площадь 1,698970 0,003124
Г 1,045757 0,001923
Тукая 1,522879 0,002800
Родина 1,301030 0,000957
Кремлевская 1,698970 0,001875
Сувар 1,698970 0,001250
Мавлютова 1,698970 0,001250
ТРК 1,698970 0,001875
Рамстор 1,698970 0,001250
Сити 1,221849 0,000899
Центр 0,920819 0,000677
ДК 1,522879 0,001120
Железнодорожников 1,698970 0,001250
Ильича 1,397940 0,001028
д 0,886057 0,000652
к 0,207608 0,000305
КАРО 1,698970 0,001250
Кольцо 1,397940 0,001028
Кино 0,677781 0,000499
Театр 0,920819 0,000677
Иннополис 1,698970 0,001875
г 0,602060 0,000443
Парковая 1,698970 0,001250
Киномакс 1,698970 0,002499
IMAX 1,522879 0,001120
Павлюхина 1,698970 0,001250
Kazan 1,522879 0,001120
Mall 1,698970 0,001250
Тандем 1,698970 0,001250
Козья 1,698970 0,001250
Слобода 1,698970 0,001250
Яшьлек 1,698970 0,001250
Club 1,397940 0,001028
Победы 1,000000 0,000736
Южный 1,698970 0,001250
Кинотеатр 1,522879 0,001120
воде 1,698970 0,001250
Water 1,698970 0,001250
Film 1,522879 0,001120
Корстон 1,522879 0,001120
Н 0,823909 0,000606
Ершова 1,698970 0,001250
Культурно 1,397940 0,001028
досуговый 1,698970 0,001250
комплекс 1,522879 0,001120
им 0,602060 0,000886
В 0,167491 0,000554
И 0,408935 0,000301
Ленина 1,301030 0,001435
Авиастроительная 1,698970 0,001250
Мир 0,698970 0,000771
Достоевского 1,301030 0,000957
Хусаина 1,698970 0,001250
Park 1,698970 0,001250
House 1,397940 0,001028
Парк 1,301030 0,000957
Хаус 1,301030 0,000957
ЦКИНТ 1,698970 0,001250
Горького 1,397940 0,001542
центр 0,638272 0,000469
культуры 0,795880 0,000585
ЦСК 1,698970 0,001250
Смена 1,397940 0,001028
Показать 0,886057 0,000652
еще 0,408935 0,000301
подборки 1,154902 0,001274
Что 0,346787 0,000255
смотреть 0,769551 0,000566
Супергеройское 1,698970 0,001250
Порадуй 1,698970 0,001250
ребенка 0,823909 0,000606
лучшие 0,886057 0,000652
детей 0,431798 0,000318
романтического 1,397940 0,001028
свидания 1,221849 0,000899
Трейлеры 1,221849 0,001348
трейлеры 1,221849 0,002696
Новые 0,552842 0,000813
Доктор 0,853872 0,000942
Стрэндж 1,301030 0,001435
мультивселенной 1,301030 0,001435
безумия 1,301030 0,001435
teaser 1,698970 0,001250
Миньоны 1,698970 0,002499
Грювитация 1,698970 0,002499
trailer 1,698970 0,001250
Кот 1,221849 0,001797
сапогах 1,397940 0,002057
Последнее 1,000000 0,001471
желание 1,698970 0,002499
дублированный 1,522879 0,001120
трейлер 1,221849 0,001797
Ампир 1,397940 0,001542
V 0,958607 0,001058
предпремьерный 1,698970 0,001250
Рецензии 0,920819 0,001016
рецензии 1,221849 0,001797
Отталкивающие 1,698970 0,001250
картины 1,096910 0,000807
фоне 1,154902 0,000850
обоев 1,698970 0,001250
цветочек 1,698970 0,001250
Юной 1,698970 0,001250
гимнастке 1,698970 0,001250
Тинье 1,698970 0,001250
повезло 1,397940 0,001028
семьей 1,154902 0,000850
Во 0,886057 0,000652
всяком 1,698970 0,001250
случае 0,920819 0,000677
этом 0,585027 0,000430
сомневаются 1,698970 0,001250
подписчики 1,522879 0,001120
матери 1,301030 0,000957
девочки 1,397940 0,001028
Блогер 1,522879 0,001120
матриарх 1,698970 0,001250
безупречной 1,698970 0,001250
укладкой 1,698970 0,001250
показывает 1,698970 0,001250
миру 1,154902 0,000850
менее 1,154902 0,000850
идеальную 1,397940 0,001028
Драматическая 1,698970 0,001250
история 0,721246 0,000531
выборе 1,301030 0,000957
выбора 1,522879 0,001120
Боксера 1,698970 0,001250
Хафта 1,522879 0,001120
Бен 1,301030 0,000957
Фостер 1,397940 0,001028
зовут 1,301030 0,000957
ринг 1,522879 0,001120
обозначая 1,698970 0,001250
как 0,251812 0,000185
героя 1,096910 0,000807
выжившего 1,397940 0,001028
Освенциме 1,397940 0,001028
Он 0,721246 0,000531
выходит 0,958607 0,000705
никак 1,397940 0,001028
подчеркивая 1,698970 0,001250
этот 0,795880 0,000585
титул 1,522879 0,001120
бьется 1,698970 0,001250
молодым 1,397940 0,001028
боксером 1,698970 0,001250
который 0,508638 0,000374
явно 1,397940 0,001028
новости 0,420216 0,000773
Статьи 0,886057 0,000978
Хиддлстон 1,698970 0,001250
возглавил 1,397940 0,001028
актерский 1,698970 0,001250
состав 1,301030 0,000957
мини 1,397940 0,001028
Белая 1,154902 0,000850
тьма 1,397940 0,001028
ловушке 1,522879 0,001120
сломанного 1,698970 0,001250
времени 0,721246 0,000531
вышел 1,000000 0,000736
второго 1,221849 0,000899
сезона 0,958607 0,000705
Жизней 1,522879 0,001120
матрешки 1,397940 0,001028
Лора 1,397940 0,001028
Дерн 1,698970 0,001250
Лиам 1,698970 0,001250
Хемсворт 1,698970 0,001250
снимутся 1,698970 0,001250
романтическом 1,698970 0,001250
фильме 1,096910 0,000807
Одинокая 1,698970 0,001250
планета 1,522879 0,001120
Викторина 1,522879 0,001120
Разыгрываем 1,522879 0,001120
призы 1,397940 0,001028
фильму 1,522879 0,001120
Худший 1,522879 0,001120
человек 0,494850 0,000364
свете 1,154902 0,000850
Станьте 1,698970 0,001250
обладателем 1,522879 0,001120
уникальной 1,301030 0,000957
толстовки 1,698970 0,001250
Принять 1,397940 0,001028
участие 0,958607 0,000705
викторины 1,522879 0,001680
онлайн 0,508638 0,001497
Мультфильмы 1,301030 0,000957
Сериалы 1,045757 0,001538
Джентльмены 1,522879 0,001120
криминал 1,522879 0,002800
Смотреть 0,721246 0,008754
Т 1,397940 0,001028
военный 1,221849 0,000899
Холодное 1,522879 0,001120
сердце 0,920819 0,000677
детский 1,522879 0,001120
Движение 1,301030 0,000957
вверх 1,301030 0,000957
Огонь 1,522879 0,001120
Король 1,221849 0,001348
Лев 1,000000 0,000736
Мстители 1,522879 0,001120
Финал 1,301030 0,000957
Джокер 1,698970 0,001250
Малефисента 1,698970 0,001250
Владычица 1,698970 0,001250
тьмы 1,397940 0,001028
После 0,795880 0,000878
Глава 0,698970 0,000514
мелодрама 1,301030 0,001435
Форсаж 1,522879 0,001120
Веном 1,698970 0,001250
сериалы 0,920819 0,000677
года 0,356547 0,000393
Саюки 1,698970 0,001250
Перезарядка 1,698970 0,001250
Зероин 1,698970 0,001250
аниме 1,397940 0,001028
Япония 0,823909 0,000606
Номинация 1,698970 0,001250
Ночные 1,698970 0,001250
вызовы 1,698970 0,001250
Великобритания 1,301030 0,001914
Агеев 1,698970 0,001250
детектив 1,096910 0,000807
Бэтмена 1,522879 0,001120
Лига 1,221849 0,000899
справедливости 1,397940 0,001542
Бэтмен 1,698970 0,001875
против 0,387216 0,000570
Супермена 1,698970 0,001250
На 0,283997 0,000418
заре 1,522879 0,001120
Темный 1,522879 0,001680
Возрождение 1,301030 0,000957
легенды 1,000000 0,000736
триллер 1,221849 0,001797
мистика 1,154902 0,000850
Лучшие 0,823909 0,000909
Робертом 1,522879 0,001120
Паттинсоном 1,698970 0,001250
ожидании 1,397940 0,001028
варваров 1,698970 0,001250
Маяк 1,154902 0,000850
Девица 1,698970 0,001250
вестерн 1,522879 0,001120
Высшее 1,698970 0,001250
общество 0,958607 0,000705
Германия 0,958607 0,000705
части 0,920819 0,000677
Звездных 1,522879 0,001120
войн 1,397940 0,001028
Звездные 1,397940 0,002571
Войны 1,522879 0,002800
Скайуокер 1,698970 0,001250
Восход 1,698970 0,001250
Хан 1,522879 0,001120
Соло 1,698970 0,001250
Истории 0,853872 0,000942
Последние 0,853872 0,000628
джедаи 1,698970 0,001250
Изгой 1,698970 0,001250
Один 0,853872 0,000628
Самые 0,920819 0,000677
ожидаемые 1,698970 0,001250
Волк 1,096910 0,002017
Уолл 1,522879 0,001680
стрит 1,522879 0,001680
Аватар 1,522879 0,002240
декабря 0,886057 0,001304
Тор 1,397940 0,001542
Любовь 0,823909 0,000909
гром 1,397940 0,001542
июля 0,958607 0,001058
Человек 0,958607 0,001058
паук 1,221849 0,001348
Нет 0,886057 0,001304
пути 0,886057 0,000978
домой 0,958607 0,001058
Скорая 1,698970 0,001250
Спасти 1,522879 0,001680
планету 1,698970 0,001250
Зверопой 1,522879 0,001680
лучших 1,096910 0,000807
Зеленая 1,698970 0,001250
миля 1,698970 0,001250
Истребитель 1,698970 0,001250
демонов 1,301030 0,000957
Поезд 1,301030 0,000957
Бесконечный 1,698970 0,001250
Весь 0,920819 0,000677
рейтинг 1,301030 0,000957
Балканский 1,397940 0,001028
рубеж 1,221849 0,000899
Бука 1,397940 0,001028
Мое 1,301030 0,001435
любимое 1,301030 0,000957
чудище 1,397940 0,001028
Первый 0,853872 0,000628
Оскар 1,000000 0,000736
Крылья 1,221849 0,000899
над 0,823909 0,000606
Берлином 1,397940 0,001028
Кочегар 1,698970 0,001250
Я 0,508638 0,000748
тоже 1,000000 0,000736
хочу 1,397940 0,001028
Артек 1,522879 0,001120
Большое 1,522879 0,001120
Закат 1,397940 0,001028
Дело 1,096910 0,000807
Коллини 1,698970 0,001250
Чудеса 1,397940 0,001028
Стражи 1,397940 0,001028
Терракоты 1,698970 0,001250
Девять 1,698970 0,001250
жизней 1,522879 0,001120
Подельники 1,301030 0,000957
Тролль 1,522879 0,001120
История 0,494850 0,000546
хвостом 1,698970 0,001250
Призрак 1,301030 0,000957
монахини 1,522879 0,001120
из 0,167491 0,000123
Борли 1,522879 0,001120
Грэйс 1,522879 0,001120
Джо 1,301030 0,000957
любви 0,677781 0,000499
Операция 1,221849 0,000899
Мясной 1,397940 0,001028
фарш 1,397940 0,001028
Казнь 1,397940 0,001028
Панда 1,698970 0,001250
пришельцев 1,698970 0,001250
План 1,301030 0,000957
спасения 1,397940 0,001028
Земли 1,154902 0,000850
Оторви 1,397940 0,001028
выбрось 1,397940 0,001028
Лето 1,221849 0,000899
Джерси 1,698970 0,001250
Пост 1,397940 0,001028
Мортем 1,522879 0,001120
Призраки 1,221849 0,001348
квартиры 1,154902 0,000850
Отчаянные 1,397940 0,001542
мстители 1,522879 0,001120
Близнец 1,522879 0,001120
Дьяволик 1,522879 0,001120
Бодибилдер 1,522879 0,001120
игле 1,698970 0,001250
KGF 1,698970 0,001250
Родители 1,301030 0,000957
строгого 1,522879 0,001120
режима 1,397940 0,001028
Дочь 1,522879 0,001120
рыбака 1,698970 0,001250
Пласт 1,522879 0,001120
Тед 1,522879 0,001120
К 0,638272 0,000469
Унабомбер 1,522879 0,001120
Крио 1,522879 0,001120
Слэпфейс 1,522879 0,001120
Флешбэк 1,522879 0,001120
Прыг 1,522879 0,001120
скок 1,522879 0,001120
поисках 1,522879 0,001120
Вне 1,301030 0,000957
закона 1,045757 0,000769
Мне 0,958607 0,000705
больно 1,522879 0,001120
Бумер 1,522879 0,001680
Малхолланд 1,698970 0,001250
Драйв 1,698970 0,001250
До 0,958607 0,000705
встречи 1,045757 0,000769
Грейс 1,397940 0,001028
иду 1,522879 0,001120
искать 1,301030 0,000957
МУЛЬТ 1,698970 0,001250
Выпуск 1,154902 0,000850
мультики 1,522879 0,001120
детям 1,096910 0,000807
Злость 1,522879 0,001120
Добро 1,301030 0,000957
пожаловать 1,301030 0,000957
Обратимая 1,522879 0,001120
реальность 1,000000 0,000736
Альпийские 1,522879 0,001120
Жена 1,154902 0,000850
художника 1,045757 0,000769
Этот 1,000000 0,000736
новый 0,552842 0,000407
мир 0,552842 0,000610
Братцы 1,522879 0,001120
Кролики 1,522879 0,001120
Пасхальный 1,522879 0,001120
переполох 1,397940 0,001028
дольщики 1,397940 0,001028
Морфий 1,522879 0,001120
Фильм 1,154902 0,000850
второй 0,920819 0,000677
Тарас 1,154902 0,000850
Бульба 1,154902 0,000850
Стикер 1,397940 0,001028
Королевская 1,301030 0,000957
битва 1,301030 0,000957
мая 0,823909 0,000606
Ган 1,397940 0,001028
Мэверик 1,397940 0,001028
Проклятие 1,301030 0,000957
плачущей 1,522879 0,001120
Безвременье 1,522879 0,001120
Мария 0,698970 0,000514
Москву 0,886057 0,000652
Где 0,958607 0,000705
Анна 0,568636 0,000418
Франк 1,522879 0,001120
Заклятье 1,698970 0,001250
Спуск 1,698970 0,001250
дьяволу 1,698970 0,001250
Главная 0,823909 0,000606
роль 1,000000 0,000736
Воспламеняющая 1,698970 0,001250
взглядом 1,522879 0,001120
говори 1,522879 0,001120
никому 1,301030 0,000957
Флай 1,698970 0,001250
Ботан 1,397940 0,001028
супербаба 1,522879 0,001120
Снежная 1,397940 0,001028
королева 1,301030 0,000957
Закусочная 1,698970 0,001250
Боба 1,522879 0,001120
Дела 1,397940 0,001028
человеческие 1,522879 0,001120
Супергерои 1,698970 0,001250
Суворов 1,698970 0,001250
Великое 1,522879 0,001120
шагаю 1,522879 0,001120
Москве 0,455932 0,000335
Молох 1,698970 0,001250
Невидимый 1,698970 0,001250
Хеллбендер 1,698970 0,001250
Jetski 1,698970 0,001250
Исповедь 1,397940 0,001028
Вечеринка 1,698970 0,001250
вылет 1,698970 0,001250
Улей 1,698970 0,001250
Иезуит 1,698970 0,001250
Точка 0,795880 0,000585
кипения 1,698970 0,001250
Этому 1,522879 0,001120
Джейн 1,221849 0,000899
глазами 1,397940 0,001028
Шарлотты 1,698970 0,001250
Тайна 1,397940 0,001028
амулета 1,522879 0,001120
Крутые 1,397940 0,001028
яйца 1,397940 0,001028
июня 0,920819 0,000677
Юрского 1,698970 0,001250
периода 1,397940 0,001028
Господство 1,698970 0,001250
Базз 1,522879 0,001120
Лайтер 1,522879 0,001120
Три 0,823909 0,000606
кота 1,221849 0,000899
море 1,397940 0,001028
приключений 1,698970 0,001250
львенок 1,698970 0,001250
Венецияфрения 1,698970 0,001250
пиратская 1,698970 0,001250
свадьба 1,154902 0,001274
Ника 1,397940 0,001028
Вихрь 1,522879 0,001120
Двойник 1,522879 0,001120
Самая 1,522879 0,001120
безумная 1,522879 0,001120
Комната 1,698970 0,001250
чудес 1,522879 0,001120
Мужчина 1,154902 0,000850
грани 1,221849 0,000899
нервного 1,698970 0,001250
срыва 1,522879 0,001120
Тибра 1,698970 0,001250
Коати 1,698970 0,001250
Легенда 1,301030 0,000957
джунглей 1,522879 0,001120
Самый 1,000000 0,000736
верный 1,698970 0,001250
друг 0,795880 0,000585
Дикие 1,698970 0,001250
Реки 1,397940 0,001028
Суперчел 1,698970 0,001250
Хиросима 1,698970 0,001250
моя 1,096910 0,000807
любовь 0,698970 0,000514
Суперпитомцы 1,698970 0,001250
Нитрам 1,698970 0,001250
Элвис 1,698970 0,001250
Певица 1,522879 0,001120
всю 0,823909 0,000606
голову 1,397940 0,001028
Нахимовцы 1,698970 0,001250
прошлого 1,154902 0,000850
звезди 1,698970 0,001250
ненавидят 1,698970 0,001250
Йохана 1,698970 0,001250
Неувольняемый 1,698970 0,001250
августа 1,000000 0,000736
Неудержимые 1,698970 0,001250
Долго 1,698970 0,001250
счастливо 1,522879 0,001120
Бордерлендс 1,522879 0,001120
Diana 1,698970 0,001250
Двойная 1,698970 0,001250
петля 1,698970 0,001250
Самаритянин 1,698970 0,001250
On 1,522879 0,001120
a 0,920819 0,001016
Wing 1,698970 0,001250
and 0,958607 0,000705
Prayer 1,698970 0,001250
Moomios 1,698970 0,001250
Секретная 1,698970 0,001250
штаб 1,522879 0,001120
квартира 1,397940 0,001028
сентября 1,221849 0,000899
МЫ 1,698970 0,001250
Преступления 1,698970 0,001250
будущего 0,823909 0,000606
Царство 1,698970 0,001250
разбойников 1,522879 0,001120
Жребий 1,698970 0,001250
волнуйся 1,698970 0,001250
солнышко 1,698970 0,001250
октября 1,096910 0,000807
Джиперс 1,698970 0,001250
Криперс 1,698970 0,001250
Возрожденный 1,698970 0,001250
Сердце 1,301030 0,000957
пармы 1,698970 0,001250
Тень 1,698970 0,001250
Караваджо 1,698970 0,001250
Distant 1,522879 0,001120
Дыхание 1,698970 0,001250
Персоны 1,522879 0,001120
Архив 1,096910 0,000807
Дистрибьюторы 1,698970 0,001250
Кинофестивали 1,698970 0,001250
График 1,221849 0,000899
выхода 1,000000 0,000736
Netflix 1,221849 0,000899
Санкт 0,795880 0,000585
Петербурга 1,154902 0,000850
карте 1,301030 0,000957
Пресс 0,657577 0,000484
показы 1,301030 0,000957
Нужен 1,522879 0,001120
ли 0,397940 0,000293
QR 1,397940 0,001028
код 1,096910 0,000807
кинотеатре 1,698970 0,001250
Пушкинская 1,301030 0,000957
карта 1,154902 0,000850
Тексты 1,522879 0,001120
Викторины 1,522879 0,001120
Интервью 0,638272 0,000469
События 0,886057 0,000652
Редакция 0,769551 0,000566
Спроси 1,698970 0,001250
Киноафишу 1,698970 0,001250
Билеты 1,221849 0,000899
Избранное 1,397940 0,001542
Расписание 1,221849 0,000899
Оценки 1,522879 0,001120
Отзывы 1,301030 0,000957
Клуб 1,154902 0,000850
Приложения 1,154902 0,000850
AppStore 1,301030 0,000957
Google 0,744727 0,000548
Play 1,000000 0,000736
сети 0,823909 0,000606
ВКонтакте 0,795880 0,000585
Яндекс 0,638272 0,000469
Дзен 1,000000 0,000736
Твиттер 1,397940 0,001028
Одноклассники 0,823909 0,000606
Ютубе 1,698970 0,001250
Чат 1,698970 0,001250
других 0,795880 0,000585
странах 1,045757 0,000769
Беларусь 1,154902 0,000850
Узбекистан 1,698970 0,001250
Казахстан 1,154902 0,000850
Украина 0,698970 0,000514
Молдавия 1,522879 0,001120
Туркмения 1,698970 0,001250
Азербайджан 1,522879 0,001120
Эстония 1,301030 0,000957
Таджикистан 1,522879 0,001120
Киргизия 1,397940 0,001028
Литва 1,397940 0,001028
Латвия 1,397940 0,001028
Армения 1,522879 0,001120
Грузия 1,698970 0,001250
Наши 0,886057 0,000652
проекты 0,698970 0,000514
рестораны 1,698970 0,001250
кафе 1,397940 0,001028
Прогноз 1,522879 0,001120
погоды 1,522879 0,001120
Kinoafisha 1,698970 0,001250
info 0,886057 0,000978
это 0,292430 0,000215
лучшее 1,154902 0,000850
место 0,795880 0,000585
фанатов 1,397940 0,001028
киноиндустрии 1,522879 0,001120
Круглосуточно 1,698970 0,001250
ваше 1,045757 0,000769
распоряжение 1,698970 0,001250
предоставлены 1,397940 0,001028
дублированные 1,698970 0,001250
самых 0,585027 0,000430
ожидаемых 1,522879 0,001120
кинокартин 1,698970 0,001250
отзывы 1,221849 0,000899
идут 1,301030 0,000957
свежие 1,096910 0,000807
всего 0,744727 0,000822
света 1,221849 0,000899
обзоры 1,301030 0,000957
мнения 1,221849 0,000899
критиков 1,154902 0,000850
эксклюзивные 1,522879 0,001120
аналитика 1,301030 0,000957
расписание 1,221849 0,000899
Беларуси 1,698970 0,001250
бронирование 1,698970 0,001250
билетов 1,154902 0,000850
более 0,585027 0,000430
тысячи 1,221849 0,000899
биографий 1,698970 0,001250
актеров 1,221849 0,001348
мира 0,537602 0,000395
включая 1,301030 0,000957
полные 1,522879 0,001120
фильмографии 1,698970 0,001250
Зная 1,698970 0,001250
хочется 1,221849 0,000899
поделиться 1,397940 0,001028
этим 1,000000 0,000736
другими 1,221849 0,000899
Делитесь 1,698970 0,001250
фильмами 1,698970 0,001250
трейлерами 1,698970 0,001250
персонами 1,397940 0,001028
новостями 1,397940 0,001028
социальных 0,769551 0,000566
сетях 0,769551 0,000566
присваивайте 1,698970 0,001250
рейтинги 1,301030 0,000957
фильмам 1,698970 0,001250
обсуждайте 1,698970 0,001250
их 0,455932 0,000335
друзьями 1,301030 0,000957
подписчиками 1,698970 0,001250
Интересные 1,301030 0,000957
ближайшие 1,397940 0,001028
добавлять 1,698970 0,001250
Система 1,522879 0,001120
покажет 1,221849 0,000899
связанные 1,397940 0,001028
ними 1,154902 0,000850
новые 0,508638 0,000374
подскажет 1,522879 0,001120
когда 0,585027 0,000430
купить 1,221849 0,000899
билет 1,096910 0,000807
интересующую 1,698970 0,001250
премьеру 1,221849 0,000899
Присоединяйтесь 1,301030 0,000957
www 0,698970 0,000514
kinoafisha 1,698970 0,001250
города 0,698970 0,000514
Скачай 1,698970 0,001250
приложение 0,920819 0,000677
права 0,431798 0,000318
материалы 0,537602 0,000395
принадлежат 1,096910 0,000807
Копирование 1,522879 0,001120
информации 0,698970 0,000514
письменного 1,000000 0,000736
разрешения 0,853872 0,000628
редакции 0,481486 0,000531
О 0,207608 0,000153
НАС 1,522879 0,001120
Вакансии 0,657577 0,000484
Вебмастерам 1,522879 0,001120
Блог 1,045757 0,000769
Конфиденциальность 1,522879 0,001120
Контактный 1,522879 0,001120
e 0,958607 0,000705
mail 0,721246 0,000531
email 1,698970 0,001250
protected 1,698970 0,001250
