Вести 1,096910 0,015449
ФМ 1,698970 0,047858
слушать 1,045757 0,029458
эфир 0,795880 0,022419
видеотрансляция 1,698970 0,047858
Соловьев 1,154902 0,032532
Новости 0,221849 0,006249
Программы 1,096910 0,030899
Коллектив 1,698970 0,047858
Эксперты 1,096910 0,030899
Реклама 0,387216 0,010907
Города 1,522879 0,042898
вещания 1,397940 0,039379
Слушать 1,698970 0,047858
Смотреть 0,721246 0,020317
Путин 0,721246 0,020317
попрощался 1,301030 0,036649
с 0,102373 0,002884
лидером 1,154902 0,032532
ЛДПР 0,744727 0,020978
Владимиром 0,677781 0,019092
Жириновским 0,585027 0,016480
Вконтакте 1,045757 0,044187
Одноклассники 0,823909 0,034813
Российская 1,096910 0,030899
авиация 1,522879 0,042898
поразила 1,698970 0,047858
более 0,585027 0,016480
военных 0,795880 0,022419
объектов 1,301030 0,036649
на 0,075721 0,002133
Украине 0,537602 0,015144
Полная 1,301030 0,036649
версия 0,769551 0,021677
сайта 0,522879 0,014729
