Дней 1,698970 0,002114
ру 0,886057 0,001103
Новости 0,221849 0,001933
интервью 0,823909 0,001538
фото 0,657577 0,001228
и 0,075721 0,001084
видео 0,568636 0,001062
звезд 1,154902 0,002156
Караван 1,698970 0,003172
историй 1,096910 0,002048
Коллекция 1,221849 0,001521
Войти 0,508638 0,000950
Поиск 0,619789 0,000771
Звезды 0,823909 0,002563
Кино 0,677781 0,003796
Красота 0,920819 0,002292
Здоровье 0,853872 0,003188
Мода 1,154902 0,002156
Развлечения 1,522879 0,002843
Мой 0,853872 0,002125
дом 0,823909 0,002051
Видео 0,431798 0,001343
Скидки 1,301030 0,002429
Модная 1,522879 0,001895
критика 1,397940 0,001740
Александра 0,638272 0,000794
Васильева 1,522879 0,001895
Гороскопы 1,301030 0,002429
Монархи 1,522879 0,001895
Спорт 0,537602 0,001004
Политики 1,221849 0,001521
В 0,167491 0,000521
мире 0,468521 0,000583
Светская 1,397940 0,001740
хроника 1,221849 0,001521
Частная 1,698970 0,004229
жизнь 0,537602 0,001673
Рейтинги 1,301030 0,001619
Энциклопедия 1,522879 0,001895
Рецензии 0,920819 0,001146
Подборки 0,795880 0,001486
Обзоры 1,397940 0,002610
Новинки 0,853872 0,001063
Макияж 1,397940 0,001740
Прически 1,698970 0,002114
Секреты 1,221849 0,003802
красоты 1,221849 0,003802
Маникюр 1,522879 0,001895
Тело 1,397940 0,001740
человека 0,568636 0,001062
Секс 1,301030 0,001619
медицины 1,698970 0,002114
Наука 0,638272 0,000794
Похудеть 1,698970 0,002114
Питание 1,522879 0,001895
Эстетическая 1,698970 0,002114
медицина 1,096910 0,001365
Коронавирус 0,958607 0,001193
Гардероб 1,698970 0,002114
Тренды 1,397940 0,001740
Афиша 0,795880 0,000991
Музыка 0,795880 0,000991
Книги 0,795880 0,000991
Тесты 0,920819 0,001146
Подкасты 0,744727 0,000927
Театры 1,154902 0,002156
Опросы 1,221849 0,001521
Создаем 1,522879 0,002843
уют 1,397940 0,002610
Готовим 1,397940 0,001740
вместе 0,769551 0,000958
Семья 1,000000 0,001245
На 0,283997 0,000707
отдых 1,301030 0,001619
Промокод 1,397940 0,013049
Летуаль 1,698970 0,002114
Adidas 1,698970 0,002114
Спортмастер 1,698970 0,002114
Эльдорадо 1,698970 0,002114
Технопарк 1,698970 0,002114
Перекресток 1,698970 0,002114
Domino 1,698970 0,002114
s 0,823909 0,001025
Pizza 1,698970 0,002114
Яндекс 0,638272 0,000794
Маркет 1,397940 0,001740
iHerb 1,698970 0,002114
Hoff 1,698970 0,002114
Кассир 1,522879 0,001895
Иви 1,522879 0,001895
Алиэкспресс 1,698970 0,002114
ASOS 1,698970 0,002114
Теги 1,397940 0,001740
Издательство 1,221849 0,003802
Правовая 0,920819 0,001719
информация 0,638272 0,001192
Рекламодателям 1,301030 0,002429
Контакты 0,455932 0,001135
О 0,207608 0,000388
проекте 0,657577 0,001228
войти 1,221849 0,003041
как 0,251812 0,001567
пользователь 1,698970 0,002114
Вы 0,619789 0,000771
можете 0,795880 0,000991
на 0,075721 0,000518
сайт 0,494850 0,001232
если 0,698970 0,001305
зарегистрированы 1,522879 0,002843
одном 0,958607 0,001193
из 0,167491 0,000730
этих 0,958607 0,001193
сервисов 1,045757 0,001302
Запомнить 1,397940 0,001740
Напомнить 1,522879 0,001895
пароль 0,920819 0,001146
Еще 0,585027 0,000728
не 0,142668 0,000888
Регистрация 0,657577 0,000818
Прибалтику 1,698970 0,002114
к 0,207608 0,000775
отцу 1,522879 0,001895
Стас 1,397940 0,001740
Пьеха 1,522879 0,001895
высказался 1,154902 0,001437
об 0,292430 0,000546
эмиграции 1,522879 0,001895
Уехавшая 1,698970 0,002114
России 0,251812 0,000627
Литвинова 1,522879 0,001895
отправила 1,522879 0,001895
Хабенскому 1,698970 0,002114
важное 1,522879 0,001895
послание 1,698970 0,002114
Совсем 1,397940 0,001740
пала 1,698970 0,002114
духом 1,698970 0,002114
осунувшаяся 1,698970 0,002114
Нетребко 1,096910 0,002048
записала 1,522879 0,001895
печальное 1,698970 0,002114
после 0,397940 0,000991
изгнания 1,522879 0,001895
Седьмое 1,698970 0,002114
поколение 1,154902 0,001437
роботов 1,397940 0,001740
пылесосов 1,698970 0,002114
плюсы 1,397940 0,001740
минусы 1,522879 0,001895
личный 1,221849 0,001521
опыт 1,154902 0,001437
Сейчас 0,823909 0,001538
читают 1,301030 0,001619
Легкий 1,522879 0,001895
юмор 1,522879 0,002843
разговор 1,221849 0,001521
о 0,136677 0,000765
главном 1,096910 0,001365
в 0,070581 0,000966
жизни 0,443697 0,000828
почему 0,494850 0,000924
мы 0,468521 0,000875
смотрим 1,397940 0,001740
сериал 1,045757 0,002603
Здравствуйте 1,522879 0,001895
вам 0,677781 0,000844
пора 1,698970 0,002114
Онлайн 0,769551 0,000958
кинотеатр 1,397940 0,001740
PREMIER 1,698970 0,002114
апреля 0,301030 0,001124
представил 1,221849 0,001521
новый 0,552842 0,001032
вестнике 1,698970 0,002114
смерти 0,744727 0,000927
который 0,508638 0,000950
внезапно 1,154902 0,001437
влюбляется 1,221849 0,001521
Без 0,920819 0,001719
слез 1,221849 0,001521
взглянешь 1,698970 0,002114
Кудрявцева 1,522879 0,001895
вынуждена 1,221849 0,001521
пользоваться 1,221849 0,001521
фотошопом 1,698970 0,002114
Телеведущая 1,698970 0,002114
призналась 1,698970 0,002114
что 0,187087 0,000582
совсем 1,221849 0,002281
так 0,522879 0,000976
идеальна 1,698970 0,002114
кажется 1,045757 0,001302
Потеряет 1,698970 0,002114
деньги 0,958607 0,001193
переедет 1,522879 0,001895
изгнанной 1,698970 0,002114
предрекли 1,522879 0,001895
болезненный 1,698970 0,002114
провал 1,522879 0,001895
певицы 1,397940 0,001740
наступила 1,698970 0,002114
черная 1,698970 0,002114
полоса 1,522879 0,002843
Мне 0,958607 0,001790
хотелось 1,522879 0,001895
разорвать 1,698970 0,002114
ее 0,508638 0,000633
части 0,920819 0,001146
первое 0,886057 0,001103
Жени 1,698970 0,002114
Малаховой 1,698970 0,002114
рождения 0,677781 0,000844
ребенка 0,823909 0,001025
CODA 1,698970 0,002114
Ребенок 1,522879 0,001895
глухих 1,698970 0,002114
родителей 0,958607 0,001193
штампы 1,698970 0,002114
свобода 1,397940 0,001740
Оскар 1,000000 0,001245
Видеохостинг 1,698970 0,002114
Rutube 1,301030 0,001619
обновит 1,698970 0,002114
инфраструктуру 1,397940 0,001740
со 0,387216 0,000482
Все 0,148742 0,000278
звездах 1,301030 0,001619
Честность 1,698970 0,002114
искренность 1,698970 0,002114
формула 1,698970 0,002114
успеха 1,096910 0,001365
блогера 1,522879 0,001895
Валерии 1,698970 0,002114
Чекалиной 1,698970 0,002114
Почему 0,522879 0,000651
Лерчек 1,698970 0,002114
близка 1,698970 0,002114
дорога 1,096910 0,001365
миллионам 1,698970 0,002114
подписчиков 1,221849 0,001521
Валерия 1,221849 0,001521
сказали 1,698970 0,002114
А 0,376751 0,000469
вы 0,420216 0,000523
понимаете 1,522879 0,001895
всех 0,552842 0,000688
бесите 1,698970 0,002114
Иосиф 1,301030 0,001619
говорит 1,154902 0,001437
Я 0,508638 0,000950
себе 0,619789 0,000771
представить 1,154902 0,001437
мог 1,301030 0,001619
можно 0,443697 0,000552
одну 1,096910 0,001365
женщину 1,522879 0,001895
любить 1,522879 0,001895
столько 1,221849 0,001521
лет 0,366532 0,001140
Меня 1,221849 0,001521
саму 1,698970 0,002114
Ирина 0,886057 0,001654
Безрукова 1,698970 0,003172
по 0,124939 0,000311
новому 1,301030 0,001619
посмотрела 1,698970 0,002114
давно 0,823909 0,001025
известные 1,301030 0,001619
ей 1,045757 0,001302
события 0,795880 0,000991
Актриса 1,301030 0,001619
получила 1,221849 0,001521
невероятный 1,397940 0,001740
повод 1,397940 0,001740
для 0,119186 0,000223
радости 1,397940 0,001740
театре 1,045757 0,001302
им 0,602060 0,000749
Пушкина 1,000000 0,001245
тренде 1,698970 0,002114
Регина 1,698970 0,002114
Тодоренко 1,522879 0,001895
певица 1,221849 0,002281
телеведущая 1,698970 0,004229
Настя 1,301030 0,001619
Ивлеева 1,698970 0,002114
видеоблогер 1,698970 0,003172
Давид 1,397940 0,001740
Манукян 1,522879 0,001895
певец 1,522879 0,002843
танцовщик 1,698970 0,002114
блогер 1,397940 0,001740
Ольга 0,769551 0,000958
Бузова 1,301030 0,001619
актриса 1,301030 0,001619
Моргенштерн 1,301030 0,001619
Тор 1,397940 0,001740
Любовь 0,823909 0,001025
гром 1,397940 0,001740
удивил 1,698970 0,002114
фанатов 1,397940 0,001740
до 0,244125 0,000304
выхода 1,000000 0,001245
кино 0,568636 0,001062
Матрешка 1,698970 0,002114
балалайка 1,698970 0,002114
путешествия 1,301030 0,001619
во 0,494850 0,000616
времени 0,721246 0,000898
опубликован 1,698970 0,002114
трейлер 1,221849 0,001521
продолжения 1,221849 0,001521
Жизней 1,522879 0,001895
матрешки 1,397940 0,001740
Сергей 0,468521 0,000583
Шнуров 1,698970 0,002114
стал 0,585027 0,000728
официальным 1,397940 0,001740
голосом 1,522879 0,001895
канала 1,000000 0,001245
ТНТ 1,397940 0,001740
Салют 1,221849 0,002281
человечное 1,698970 0,002114
про 0,568636 0,001062
подвиги 1,154902 0,001437
сверхлюдей 1,698970 0,002114
Повторный 1,698970 0,002114
выход 1,096910 0,001365
прокат 1,221849 0,001521
фильма 0,795880 0,000991
Клима 1,698970 0,002114
Шипенко 1,397940 0,002610
режиссерской 1,698970 0,002114
версии 1,000000 0,001245
стоит 0,677781 0,000844
пропускать 1,698970 0,002114
Бабушка 1,154902 0,001437
геронтохоррор 1,698970 0,002114
жуткую 1,698970 0,002114
старушку 1,698970 0,002114
с 0,102373 0,000701
недобрым 1,698970 0,002114
взглядом 1,522879 0,001895
Новый 0,698970 0,000870
фильм 0,823909 0,001025
от 0,193820 0,000482
одного 0,795880 0,000991
режиссеров 1,301030 0,001619
культового 1,397940 0,002610
Репортажа 1,698970 0,002114
мощными 1,522879 0,001895
актерскими 1,698970 0,002114
работами 1,522879 0,001895
Закат 1,397940 0,001740
Тим 1,397940 0,002610
Рот 1,698970 0,003172
покинул 1,096910 0,001365
территорию 1,221849 0,001521
роскошного 1,522879 0,001895
мексиканского 1,698970 0,002114
отеля 1,698970 0,002114
серьезно 1,221849 0,001521
влип 1,698970 0,002114
наслаждается 1,698970 0,002114
жизнью 1,221849 0,001521
последний 1,096910 0,001365
раз 0,698970 0,001740
сначала 1,154902 0,001437
шикарном 1,698970 0,002114
отеле 1,397940 0,001740
Акапулько 1,698970 0,002114
потом 0,920819 0,001146
общественном 1,698970 0,002114
пляже 1,522879 0,001895
местной 1,301030 0,001619
девицей 1,698970 0,002114
а 0,327902 0,000408
затем 1,301030 0,001619
переполненной 1,698970 0,002114
камере 1,698970 0,002114
мексиканской 1,698970 0,002114
тюрьмы 1,397940 0,001740
Патинко 1,698970 0,002114
корейский 1,522879 0,001895
поразит 1,522879 0,001895
ваше 1,045757 0,001302
воображение 1,698970 0,002114
Впечатляющая 1,698970 0,002114
историческая 1,698970 0,002114
драма 1,045757 0,001952
похожая 1,698970 0,002114
Паразитов 1,698970 0,002114
или 0,301030 0,000562
Игру 1,698970 0,002114
кальмара 1,522879 0,001895
приключения 1,045757 0,001302
триллер 1,221849 0,001521
Режиссер 1,154902 0,001437
Клим 1,301030 0,001619
Россия 0,455932 0,000567
IMDb 1,698970 0,002114
Кинопоиск 1,698970 0,002114
Появились 1,397940 0,001740
новые 0,508638 0,000633
страхи 1,698970 0,002114
молодая 1,522879 0,001895
жена 1,000000 0,001245
Макаревича 1,698970 0,002114
впервые 0,744727 0,001390
новорожденном 1,698970 0,002114
сыне 1,397940 0,001740
Кольцо 1,397940 0,001740
секретом 1,698970 0,002114
Аврил 1,221849 0,001521
Лавин 1,221849 0,001521
снова 0,769551 0,000958
выходит 0,958607 0,001193
замуж 1,221849 0,001521
Наше 1,154902 0,001437
чудо 1,154902 0,001437
второй 0,920819 0,001146
ставшая 1,397940 0,001740
мамой 1,522879 0,001895
Кабаева 1,698970 0,002114
показала 1,221849 0,001521
роддома 1,522879 0,001895
Частенько 1,698970 0,002114
звал 1,698970 0,002114
меня 0,721246 0,000898
домой 0,958607 0,001193
Долина 1,522879 0,001895
рассказала 0,958607 0,001790
связи 0,455932 0,000851
Андреем 1,698970 0,002114
Мироновым 1,698970 0,002114
операбелен 1,698970 0,002114
Актер 1,397940 0,001740
Бедной 1,301030 0,001619
Насти 1,301030 0,001619
узнал 1,397940 0,001740
смертельном 1,698970 0,002114
диагнозе 1,698970 0,002114
Пришлось 1,522879 0,001895
выжигать 1,698970 0,002114
Савичева 1,698970 0,002114
своей 0,853872 0,001063
тяжелой 1,154902 0,001437
болезни 1,221849 0,001521
Больше 0,886057 0,001654
новостей 0,619789 0,000771
Стильно 1,698970 0,002114
дешево 1,698970 0,002114
эксперты 1,096910 0,001365
советуют 1,522879 0,001895
закупать 1,698970 0,002114
секонд 1,698970 0,002114
хендах 1,698970 0,002114
Как 0,301030 0,000375
осуществить 1,522879 0,001895
грамотный 1,698970 0,002114
шоппинг 1,698970 0,002114
за 0,180456 0,000225
копейки 1,698970 0,002114
детей 0,431798 0,000806
надежды 1,221849 0,001521
нет 0,619789 0,000771
россияне 1,154902 0,001437
рассказали 0,744727 0,000927
планируют 1,096910 0,001365
обеспечивать 1,522879 0,001895
себя 0,552842 0,000688
старости 1,221849 0,001521
Только 0,958607 0,001193
граждан 1,045757 0,001302
рассчитывают 1,698970 0,002114
финансовую 1,698970 0,002114
помощь 1,045757 0,001302
родственников 1,522879 0,001895
Творожная 1,698970 0,002114
запеканка 1,698970 0,002114
кроликом 1,698970 0,002114
брюссельской 1,698970 0,002114
капустой 1,698970 0,002114
пошаговый 1,698970 0,002114
рецепт 1,698970 0,002114
Рецепт 1,522879 0,001895
приготовления 1,698970 0,002114
нежной 1,698970 0,002114
пышной 1,698970 0,002114
запеканки 1,698970 0,002114
творога 1,698970 0,002114
духовке 1,698970 0,002114
домашних 1,397940 0,001740
условиях 0,886057 0,001103
Маска 1,221849 0,001521
эффектом 1,698970 0,002114
инъекций 1,698970 0,002114
биоревитализации 1,698970 0,002114
другие 0,677781 0,000844
новинки 0,886057 0,001103
которые 0,431798 0,000806
нас 0,508638 0,000633
удивили 1,397940 0,001740
косметики 1,698970 0,002114
останемся 1,698970 0,002114
российские 0,958607 0,001193
бьюти 1,397940 0,001740
бренды 1,221849 0,001521
альтернативах 1,698970 0,002114
готовы 1,154902 0,001437
предложить 1,397940 0,001740
все 0,292430 0,000364
западные 1,397940 0,001740
марки 1,045757 0,001302
уйдут 1,698970 0,002114
рынка 1,096910 0,001365
Ангелина 1,522879 0,001895
Стречина 1,698970 0,002114
Профессионалы 1,698970 0,002114
снимают 1,522879 0,001895
отеки 1,522879 0,001895
горячей 1,522879 0,001895
водой 1,301030 0,001619
Выдают 1,698970 0,002114
возраст 1,301030 0,001619
сохранить 1,000000 0,001245
молодость 1,221849 0,001521
кожи 1,522879 0,001895
рук 1,301030 0,001619
руках 1,221849 0,001521
быстрее 1,221849 0,001521
всего 0,744727 0,001390
истончается 1,698970 0,002114
кожа 1,698970 0,002114
жировая 1,698970 0,002114
прослойка 1,698970 0,002114
ускоренном 1,698970 0,002114
порядке 1,397940 0,001740
создают 1,698970 0,002114
регистр 1,698970 0,002114
доноров 1,698970 0,002114
костного 1,698970 0,002114
мозга 1,154902 0,001437
Пересадка 1,698970 0,002114
может 0,397940 0,000495
спасти 1,221849 0,001521
больных 1,698970 0,002114
раком 1,522879 0,001895
крови 1,522879 0,001895
Иммунолог 1,522879 0,001895
назвал 0,795880 0,000991
самые 0,721246 0,000898
аллергенные 1,698970 0,002114
регионы 1,397940 0,001740
повезло 1,397940 0,001740
югу 1,698970 0,002114
Приморью 1,698970 0,002114
Гороскоп 1,397940 0,001740
Финансовый 1,397940 0,001740
гороскоп 1,301030 0,001619
неделю 0,920819 0,001146
Такое 1,301030 0,001619
случается 1,698970 0,002114
сближение 1,698970 0,002114
Юпитера 1,698970 0,002114
Нептуна 1,698970 0,002114
повлияет 1,698970 0,002114
судьбу 1,698970 0,002114
каждого 1,522879 0,001895
знака 1,522879 0,001895
зодиака 1,397940 0,001740
Учитель 1,522879 0,001895
врач 1,096910 0,001365
бизнесмен 1,221849 0,001521
понять 1,000000 0,001245
свое 0,721246 0,000898
предназначение 1,522879 0,001895
Двойное 1,698970 0,002114
Новолуние 1,698970 0,002114
года 0,356547 0,000444
опасности 1,397940 0,001740
возможности 1,000000 0,001245
уникального 1,698970 0,002114
явления 1,522879 0,001895
Белая 1,154902 0,001437
удачи 1,698970 0,002114
благоприятных 1,698970 0,002114
дней 0,744727 0,001390
апреле 0,853872 0,001063
когда 0,585027 0,000728
дела 1,045757 0,001302
будут 0,638272 0,000794
идти 1,397940 0,001740
гору 1,698970 0,002114
Специальные 1,522879 0,001895
предложения 1,301030 0,001619
Промокоды 1,221849 0,003041
Every 1,522879 0,001895
Health 1,522879 0,001895
М 0,744727 0,000927
Глобус 1,698970 0,002114
обсуждают 1,154902 0,001437
Спрут 1,698970 0,002114
выглядят 1,397940 0,001740
звезды 1,301030 0,001619
сериала 0,920819 0,001146
спустя 1,154902 0,001437
Перейти 1,045757 0,002603
обсуждению 1,698970 0,004229
Кто 0,638272 0,000794
был 0,481486 0,000599
честен 1,698970 0,002114
верен 1,522879 0,001895
остается 1,154902 0,001437
одиноким 1,522879 0,001895
разводе 1,698970 0,002114
Сергеем 1,301030 0,001619
Безруковым 1,522879 0,001895
Барокамера 1,698970 0,002114
прогулки 1,397940 0,001740
восстановиться 1,698970 0,002114
коронавируса 0,886057 0,001103
АО 0,795880 0,000991
Семь 1,096910 0,001365
права 0,431798 0,000537
защищены 0,602060 0,000749
Сетевое 0,795880 0,000991
издание 0,657577 0,000818
ru 0,187087 0,000349
зарегистрировано 0,823909 0,001025
Федеральной 0,619789 0,000771
службой 0,744727 0,000927
надзору 0,619789 0,000771
сфере 0,552842 0,000688
информационных 0,585027 0,000728
технологий 0,568636 0,000708
массовых 0,568636 0,000708
коммуникаций 0,585027 0,000728
Роскомнадзор 0,823909 0,001025
Свидетельство 0,721246 0,000898
Эл 0,721246 0,000898
ФС 0,522879 0,000651
июля 0,958607 0,001193
г 0,602060 0,001124
учредитель 1,522879 0,001895
ЗАО 1,522879 0,001895
СЕМЬ 1,698970 0,002114
ДНЕЙ 1,698970 0,002114
Главный 0,585027 0,000728
редактор 0,585027 0,000728
Калинова 1,698970 0,002114
Полина 1,096910 0,001365
Леонидовна 1,698970 0,002114
Адрес 0,721246 0,000898
редакции 0,481486 0,000599
Москва 0,508638 0,000633
Волоколамское 1,698970 0,002114
ш 1,522879 0,001895
д 0,886057 0,001103
корп 1,698970 0,002114
official 1,698970 0,002114
dn 1,698970 0,002114
Согласно 1,522879 0,001895
ФЗ 1,522879 0,002843
DAYS 1,698970 0,002114
RU 0,886057 0,001103
относится 1,397940 0,001740
категории 1,698970 0,002114
информационной 1,397940 0,001740
продукции 1,522879 0,001895
достигших 1,698970 0,002114
возраста 1,522879 0,001895
шестнадцати 1,522879 0,001895
