Cosmopolitan 1,698970 0,004592
все 0,292430 0,001186
о 0,136677 0,000369
моде 1,698970 0,004592
красоте 1,522879 0,004116
и 0,075721 0,001023
отношениях 0,886057 0,002395
Cosmo 1,698970 0,004592
Красота 0,920819 0,009955
Мода 1,154902 0,015607
Звезды 0,823909 0,007794
Установить 1,397940 0,003778
поиск 0,920819 0,002489
Купить 1,096910 0,002965
журнал 1,221849 0,003302
Азбука 1,301030 0,003516
здоровья 0,958607 0,002591
Новости 0,221849 0,001499
Отношения 1,397940 0,005667
Здоровье 0,853872 0,006923
Стиль 1,000000 0,006757
жизни 0,443697 0,002398
Карьера 1,301030 0,007033
COVID 1,096910 0,002965
Общество 0,638272 0,002588
Карантин 1,522879 0,004116
Конкурсы 1,045757 0,002826
Видео 0,431798 0,001167
Секс 1,301030 0,007033
Диеты 1,397940 0,005667
Спорт 0,537602 0,002179
фитнес 1,397940 0,005667
Лайфхаки 1,397940 0,005667
Рецепты 1,221849 0,004953
Cosmoshop 1,698970 0,004592
звезд 1,154902 0,006243
Тенденции 1,522879 0,004116
Шопинг 1,698970 0,004592
Недели 1,522879 0,004116
моды 1,397940 0,003778
Практика 1,301030 0,003516
Кто 0,638272 0,003450
есть 0,568636 0,001537
ктоStreet 1,698970 0,004592
styleКоллекции 1,698970 0,004592
брендов 1,154902 0,003121
Блоги 1,096910 0,002965
Макияж 1,397940 0,003778
Уход 1,221849 0,003302
за 0,180456 0,000732
лицом 1,301030 0,003516
Парфюм 1,698970 0,004592
Волосы 1,698970 0,004592
Тело 1,397940 0,003778
Маникюр 1,522879 0,004116
Мастер 1,096910 0,002965
классCosmo 1,698970 0,004592
тест 0,958607 0,002591
Светская 1,397940 0,003778
хроника 1,221849 0,003302
онлайн 0,508638 0,001375
Новые 0,552842 0,001494
имена 1,301030 0,003516
Крупным 1,698970 0,004592
планом 1,698970 0,004592
Интервью 0,638272 0,001725
Биографии 1,397940 0,003778
Ты 1,000000 0,002703
он 0,568636 0,001537
Что 0,346787 0,000937
думают 1,397940 0,003778
мужчины 0,920819 0,002489
Свадьба 1,397940 0,003778
Гороскоп 1,397940 0,005667
Йога 1,698970 0,004592
Беременность 1,698970 0,004592
Есть 0,886057 0,002395
вопрос 0,698970 0,001889
Афиша 0,795880 0,002151
Путешествия 1,154902 0,003121
Хобби 1,397940 0,003778
Фильмы 0,744727 0,002013
Сериалы 1,045757 0,002826
Трейлеры 1,221849 0,003302
Музыка 0,795880 0,002151
Книги 0,795880 0,002151
Интерьер 1,698970 0,004592
Техника 1,301030 0,003516
Авто 0,853872 0,002308
Психология 1,000000 0,004054
Дети 0,958607 0,005182
Образование 0,886057 0,002395
История 0,494850 0,001337
успеха 1,096910 0,002965
Персона 1,522879 0,004116
Бизнес 0,853872 0,002308
Мотивация 1,698970 0,004592
Блог 1,045757 0,002826
Редакции 1,397940 0,003778
Спецпроекты 0,657577 0,001777
Мероприятия 1,221849 0,003302
Контакты 0,455932 0,001848
совместимости 1,698970 0,004592
Камасутра 1,698970 0,004592
Счетчик 1,698970 0,004592
калорий 1,698970 0,004592
Калькулятор 1,698970 0,004592
веса 1,698970 0,004592
Политика 0,443697 0,001799
конфиденциальности 0,744727 0,003019
Почтовая 1,698970 0,004592
рассылка 1,698970 0,004592
РЕКЛАМА 1,698970 0,006888
ПРОДОЛЖЕНИЕ 1,522879 0,006174
НИЖЕ 1,698970 0,006888
Все 0,148742 0,000402
началось 1,522879 0,004116
в 0,070581 0,000382
м 1,154902 0,003121
как 0,251812 0,001021
выглядели 1,698970 0,004592
первые 1,000000 0,002703
победительницы 1,698970 0,004592
Мисс 1,154902 0,003121
мира 0,537602 0,001453
Поза 1,698970 0,004592
счастья 1,045757 0,002826
укладка 1,698970 0,004592
на 0,075721 0,001126
масле 1,522879 0,004116
бьюти 1,397940 0,003778
секреты 1,096910 0,002965
стюардесс 1,698970 0,004592
Почему 0,522879 0,001413
девушки 1,096910 0,002965
Руси 1,397940 0,003778
топились 1,698970 0,004592
после 0,397940 0,001076
первой 1,000000 0,004054
брачной 1,698970 0,004592
ночи 1,301030 0,003516
Как 0,301030 0,000814
главное 1,301030 0,003516
слово 0,886057 0,002395
из 0,167491 0,000453
уст 1,698970 0,004592
Миронова 1,522879 0,004116
лишило 1,698970 0,004592
Александру 1,522879 0,004116
Яковлеву 1,522879 0,004116
надежды 1,221849 0,003302
роман 0,920819 0,002489
Обыкновенный 1,698970 0,004592
эйджизм 1,698970 0,004592
почему 0,494850 0,001337
любой 0,853872 0,002308
возраст 1,301030 0,003516
женщины 0,958607 0,002591
плох 1,698970 0,004592
для 0,119186 0,000805
общества 1,096910 0,002965
Тупые 1,698970 0,004592
острые 1,698970 0,004592
ультрамодных 1,698970 0,004592
моделей 1,221849 0,003302
обуви 1,397940 0,003778
с 0,102373 0,000553
квадратным 1,522879 0,004116
треугольным 1,698970 0,004592
мысом 1,698970 0,004592
Эта 1,397940 0,005667
россиянка 1,698970 0,004592
делает 1,301030 0,003516
маникюр 1,698970 0,004592
половине 1,698970 0,004592
Голливуда 1,698970 0,004592
нейл 1,698970 0,004592
идей 1,397940 0,003778
тебя 1,096910 0,002965
весну 1,301030 0,003516
модель 1,045757 0,002826
получила 1,221849 0,003302
миллион 1,154902 0,003121
контракт 1,522879 0,004116
угадай 1,698970 0,004592
ее 0,508638 0,001375
имя 0,886057 0,002395
Блеск 1,301030 0,003516
камней 1,698970 0,004592
завладеть 1,698970 0,004592
бриллиантами 1,522879 0,004116
по 0,124939 0,000338
щелчку 1,698970 0,004592
плащей 1,698970 0,004592
Кейт 1,301030 0,003516
Миддлтон 1,522879 0,004116
от 0,193820 0,001048
которых 0,677781 0,001832
мы 0,468521 0,001266
без 0,387216 0,001047
ума 1,154902 0,003121
надел 1,698970 0,006888
мою 1,522879 0,006174
винтажку 1,698970 0,006888
внучка 1,698970 0,006888
Марины 1,301030 0,005274
Зудиной 1,698970 0,006888
колье 1,522879 0,006174
Chanel 1,154902 0,004682
удивила 1,698970 0,006888
маму 1,154902 0,004682
Если 0,769551 0,003120
бы 0,585027 0,002372
я 0,522879 0,002120
знала 1,522879 0,006174
что 0,187087 0,000758
будет 0,387216 0,001570
такой 0,853872 0,003462
результат 1,301030 0,005274
Алла 1,221849 0,004953
Михеева 1,698970 0,006888
перенесла 1,698970 0,006888
операцию 1,522879 0,006174
Я 0,508638 0,002062
ужасно 1,698970 0,006888
нервничаю 1,698970 0,006888
Дженнифер 1,301030 0,005274
Лопес 1,522879 0,006174
бриллиантовым 1,698970 0,006888
кольцом 1,522879 0,006174
потрясла 1,698970 0,006888
фанатов 1,397940 0,005667
Еву 1,397940 0,005667
Польну 1,522879 0,006174
обожаю 1,698970 0,006888
оскорбивший 1,698970 0,006888
певицу 1,522879 0,006174
комик 1,698970 0,006888
Илья 1,045757 0,004240
Соболев 1,301030 0,005274
принес 1,522879 0,006174
извинения 1,698970 0,006888
Какой 1,221849 0,004953
образ 1,221849 0,004953
победил 1,698970 0,006888
Гагарина 1,301030 0,005274
показала 1,221849 0,004953
платья 1,522879 0,006174
финала 1,221849 0,004953
шоу 0,657577 0,002666
Голос 1,397940 0,005667
Item 1,698970 0,004592
of 0,920819 0,002489
новости 0,420216 0,001704
Подписаться 0,795880 0,002151
ООО 0,853872 0,003462
Фэшн 1,397940 0,005667
Пресс 0,657577 0,002666
При 0,769551 0,002080
размещении 1,698970 0,004592
материалов 0,585027 0,002372
Сайте 1,522879 0,004116
Пользователь 1,698970 0,004592
безвозмездно 1,698970 0,004592
предоставляет 1,154902 0,003121
неисключительные 1,698970 0,004592
права 0,431798 0,001167
использование 0,795880 0,002151
воспроизведение 1,522879 0,004116
распространение 1,397940 0,003778
создание 1,096910 0,002965
производных 1,698970 0,004592
произведений 0,853872 0,002308
а 0,327902 0,000886
также 0,494850 0,001337
демонстрацию 1,698970 0,004592
доведение 1,698970 0,004592
их 0,455932 0,001232
до 0,244125 0,000660
всеобщего 1,698970 0,004592
сведения 1,221849 0,003302
через 0,585027 0,001581
сайт 0,494850 0,001337
www 0,698970 0,001889
cosmo 1,698970 0,004592
ru 0,187087 0,000758
официальных 1,301030 0,003516
страницах 1,221849 0,003302
этого 0,619789 0,001675
сайта 0,522879 0,001413
vk 1,522879 0,004116
com 0,744727 0,003019
twitter 1,397940 0,003778
ok 1,698970 0,004592
Пользовательское 0,677781 0,001832
соглашение 0,619789 0,001675
Условия 1,154902 0,003121
размещения 1,522879 0,004116
