Life 1,698970 0,001084
ru 0,187087 0,000239
информационный 1,397940 0,001784
портал 0,823909 0,001052
Функционирует 1,522879 0,001944
при 0,468521 0,000897
финансовой 1,154902 0,001474
поддержке 1,096910 0,001400
Министерства 1,096910 0,001400
цифрового 1,397940 0,001784
развития 0,721246 0,000921
связи 0,455932 0,000582
и 0,075721 0,001015
массовых 0,568636 0,000726
коммуникаций 0,585027 0,000747
Российской 0,769551 0,000982
Федерации 0,795880 0,001016
Новости 0,221849 0,000283
РасследованияWowДичь 1,698970 0,002168
Статьи 0,886057 0,001131
Мнения 1,000000 0,001276
Спецпроекты 0,657577 0,000839
Видео 0,431798 0,000551
Регион 1,698970 0,002168
Уведомления 1,221849 0,001559
отключены 1,698970 0,002168
Страница 1,522879 0,001944
не 0,142668 0,000546
загружается 1,698970 0,002168
Возможно 1,522879 0,001944
Низкая 1,698970 0,002168
скорость 1,522879 0,001944
интернета 1,397940 0,001784
проверьте 1,698970 0,002168
интернет 0,657577 0,000839
соединение 1,698970 0,002168
Устарела 1,698970 0,002168
версия 0,769551 0,000982
браузера 1,301030 0,001661
попробуйте 1,698970 0,002168
обновить 1,301030 0,001661
его 0,376751 0,000721
Коронавирус 0,958607 0,001223
Владимир 0,431798 0,000551
Путин 0,721246 0,001381
Операция 1,221849 0,001559
в 0,070581 0,002162
Донбассе 0,958607 0,001223
Происшествия 0,823909 0,001052
Россия 0,455932 0,000582
НАТО 0,769551 0,001473
Армия 1,000000 0,001276
История 0,494850 0,000632
Личные 1,522879 0,001944
финансы 1,698970 0,002168
Политика 0,443697 0,000566
В 0,167491 0,001176
мире 0,468521 0,000598
Наука 0,638272 0,000815
технологии 1,000000 0,001276
Криминал 1,301030 0,001661
Шоубиз 1,698970 0,002168
Спорт 0,537602 0,000686
Тем 1,522879 0,001944
временем 1,397940 0,001784
Лепс 1,522879 0,001944
Пророчества 1,698970 0,002168
Жириновского 0,657577 0,000839
можно 0,443697 0,000849
сравнить 1,698970 0,002168
с 0,102373 0,001045
предсказаниями 1,698970 0,002168
Ванги 1,698970 0,002168
Россияне 1,397940 0,001784
о 0,136677 0,000436
Владимире 1,397940 0,001784
Жириновском 1,698970 0,002168
Уходит 1,698970 0,002168
целая 1,397940 0,001784
эпоха 1,397940 0,002676
становления 1,698970 0,002168
новой 0,769551 0,000982
России 0,251812 0,001125
Разместившая 1,698970 0,002168
видео 0,568636 0,001452
про 0,568636 0,000726
расчленение 1,698970 0,002168
москаля 1,698970 0,003253
москвичка 1,698970 0,002168
побила 1,698970 0,002168
полицейских 1,698970 0,002168
задержании 1,397940 0,001784
Житель 1,522879 0,002916
Херсонской 1,154902 0,001474
области 0,721246 0,001381
кинул 1,698970 0,002168
оппонента 1,698970 0,002168
гранату 1,698970 0,002168
ходе 1,000000 0,001276
пьяной 1,698970 0,002168
драки 1,698970 0,002168
хотят 0,920819 0,001175
установить 1,698970 0,002168
камеры 1,397940 0,001784
распознаванием 1,698970 0,002168
лиц 1,045757 0,001335
на 0,075721 0,000677
всех 0,552842 0,000706
объектах 1,522879 0,001944
транспорта 1,301030 0,001661
Брат 1,397940 0,001784
совершившем 1,698970 0,002168
подвиг 1,698970 0,002168
рядовом 1,698970 0,002168
Юртаеве 1,698970 0,002168
Очень 1,045757 0,001335
переживали 1,698970 0,002168
за 0,180456 0,001152
него 0,795880 0,001016
молились 1,522879 0,001944
ждали 1,522879 0,001944
Российский 0,853872 0,001090
эмигрант 1,522879 0,001944
агитировал 1,698970 0,002168
бывших 1,698970 0,003253
однокурсников 1,698970 0,002168
Украину 1,301030 0,001661
чате 1,522879 0,001944
WhatsApp 1,397940 0,001784
Лайф 1,698970 0,002168
снял 1,221849 0,001559
коптера 1,698970 0,002168
территорию 1,221849 0,001559
завода 1,522879 0,001944
Азовсталь 1,522879 0,001944
где 0,537602 0,001029
идут 1,301030 0,001661
основные 1,397940 0,001784
бои 1,397940 0,001784
Мариуполь 1,096910 0,001400
Пленный 1,698970 0,002168
разведчик 1,522879 0,001944
ВСУ 0,744727 0,001426
рассказал 0,619789 0,001187
об 0,292430 0,000560
антироссийской 1,698970 0,002168
пропаганде 1,698970 0,002168
среди 0,958607 0,001223
украинских 0,795880 0,001016
военных 0,795880 0,001016
Серпухове 1,698970 0,002168
у 0,387216 0,000741
задержанного 1,522879 0,001944
призывы 1,698970 0,002168
к 0,207608 0,000530
насилию 1,522879 0,001944
над 0,823909 0,001577
силовиками 1,522879 0,001944
нашли 1,045757 0,002002
склад 1,522879 0,001944
оружия 1,397940 0,001784
Мэр 1,301030 0,001661
Кировска 1,698970 0,002168
рассказала 0,958607 0,001223
обстреле 1,522879 0,001944
жилых 1,698970 0,002168
районов 1,397940 0,001784
города 0,698970 0,000892
украинскими 1,096910 0,001400
Ураганами 1,698970 0,002168
Опубликованы 1,522879 0,002916
кадры 1,000000 0,001276
обстрела 1,698970 0,002168
из 0,167491 0,000748
Градов 1,522879 0,001944
позиций 1,397940 0,001784
Марьинке 1,698970 0,002168
Москве 0,455932 0,000582
задержали 1,154902 0,001474
летнюю 1,522879 0,001944
мать 0,958607 0,001223
съемок 1,301030 0,001661
расчленяющей 1,698970 0,002168
дочкой 1,698970 0,002168
Прокуратура 1,397940 0,001784
ЛНР 1,221849 0,001559
показала 1,221849 0,001559
рейд 1,522879 0,001944
против 0,387216 0,000494
формирования 1,221849 0,001559
подполья 1,698970 0,002168
членов 1,522879 0,001944
нацбатов 1,698970 0,002168
фото 0,657577 0,000839
безработных 1,698970 0,002168
Урала 1,522879 0,001944
вымогавших 1,698970 0,002168
выкуп 1,698970 0,002168
жены 1,045757 0,001335
российского 0,823909 0,001577
военнопленного 1,698970 0,002168
Некуда 1,698970 0,002168
бежать 1,698970 0,002168
Какие 0,721246 0,000921
подразделения 1,698970 0,002168
могли 1,045757 0,001335
быть 0,431798 0,000551
окружены 1,698970 0,002168
Мариуполе 1,045757 0,002002
вчера 1,397940 0,016058
Длинный 1,698970 0,002168
язык 0,823909 0,001052
Как 0,301030 0,001537
мэр 1,522879 0,001944
Днепропетровска 1,698970 0,002168
стал 0,585027 0,000747
миллионером 1,698970 0,002168
сделал 1,154902 0,001474
карьеру 1,301030 0,001661
угрозах 1,698970 0,002168
убивать 1,522879 0,001944
русских 0,853872 0,001090
Появились 1,397940 0,001784
дополнительные 1,096910 0,001400
льготы 1,397940 0,001784
Чем 0,920819 0,001175
отличаются 1,698970 0,002168
апрельские 1,698970 0,002168
меры 1,000000 0,001276
соцподдержки 1,698970 0,002168
кому 1,154902 0,001474
повысят 1,698970 0,002168
выплаты 1,301030 0,001661
Почему 0,522879 0,002002
Макаревичу 1,698970 0,002168
надо 0,823909 0,001052
объяснять 1,522879 0,001944
россиянам 1,154902 0,002211
кто 0,494850 0,000947
тут 0,886057 0,001131
русский 0,920819 0,001175
народ 1,301030 0,001661
Центробанк 1,221849 0,001559
внезапно 1,154902 0,001474
понизил 1,698970 0,002168
ключевую 0,677781 0,001298
ставку 0,657577 0,001259
это 0,292430 0,000560
решение 0,853872 0,001090
скажется 1,698970 0,002168
курсе 1,096910 0,001400
рубля 1,045757 0,001335
вкладах 1,698970 0,002168
кредитах 1,698970 0,002168
сегодня 0,677781 0,002595
Американский 1,221849 0,001559
ленд 1,522879 0,001944
лиз 1,522879 0,001944
для 0,119186 0,000304
Украины 0,721246 0,001381
Какое 1,397940 0,001784
чудо 1,154902 0,001474
оружие 1,154902 0,001474
Вашингтон 1,221849 0,001559
поставит 1,698970 0,002168
Киеву 1,397940 0,001784
победы 1,522879 0,001944
русскими 1,301030 0,001661
До 0,958607 0,001223
дефолта 1,397940 0,001784
осталось 1,301030 0,001661
дней 0,744727 0,000951
Что 0,346787 0,000443
может 0,397940 0,000762
грозить 1,522879 0,001944
Расследования 1,522879 0,001944
криминал 1,522879 0,001944
Неонацист 1,698970 0,002168
убийца 1,154902 0,001474
долларовый 1,698970 0,002168
миллионер 1,698970 0,002168
Кто 0,638272 0,001629
такой 0,853872 0,001090
Сергей 0,468521 0,000897
Боцман 1,698970 0,002168
Коротких 1,698970 0,003253
руководивший 1,698970 0,002168
зачисткой 1,698970 0,002168
Буче 0,958607 0,001835
Одним 1,522879 0,001944
участников 1,000000 0,001276
карательной 1,698970 0,002168
операции 0,920819 0,001175
украинской 1,154902 0,001474
был 0,481486 0,000615
бывший 1,522879 0,001944
россиянин 1,522879 0,001944
ищут 1,301030 0,001661
убийства 1,221849 0,002339
национализм 1,522879 0,001944
он 0,568636 0,001089
живет 1,045757 0,001335
Киеве 1,397940 0,001784
чем 0,420216 0,001341
зарабатывает 1,698970 0,003253
жизнь 0,537602 0,000686
апреля 0,301030 0,002113
Нетребко 1,096910 0,002100
отменила 1,698970 0,003253
Россию 0,568636 0,001089
ради 1,096910 0,001400
Запада 1,000000 0,001914
но 0,481486 0,001229
проиграла 1,698970 0,002168
везде 1,221849 0,001559
Звери 1,698970 0,002168
Кракена 1,698970 0,002168
Спецназ 1,698970 0,002168
ищет 1,096910 0,001400
тех 0,920819 0,001175
Украине 0,537602 0,001029
пытал 1,698970 0,002168
убивал 1,522879 0,001944
пленных 1,397940 0,001784
российских 0,468521 0,001196
солдат 1,096910 0,001400
Тайный 1,522879 0,001944
казначей 1,698970 0,002168
экс 1,221849 0,001559
главы 1,045757 0,001335
МВД 1,154902 0,001474
Аваков 1,698970 0,002168
скрывает 1,301030 0,001661
свою 0,638272 0,000815
жену 1,221849 0,002339
марта 0,769551 0,003929
Золотые 1,522879 0,001944
А 0,376751 0,000481
производстве 1,522879 0,001944
офисной 1,301030 0,001661
бумаги 1,096910 0,001400
Заказы 1,698970 0,002168
За 0,568636 0,000726
что 0,187087 0,000597
редакция 1,154902 0,001474
Важных 1,698970 0,002168
историй 1,096910 0,001400
получает 1,045757 0,001335
чеки 1,698970 0,002168
США 0,508638 0,000649
Отморозки 1,698970 0,002168
Арсена 1,698970 0,002168
Авакова 1,698970 0,002168
формировался 1,698970 0,002168
известен 1,698970 0,002168
нацистский 1,698970 0,002168
полк 1,698970 0,002168
Азов 1,154902 0,001474
Сытая 1,698970 0,002168
гавань 1,698970 0,002168
Роснано 1,698970 0,002168
Анатолия 1,522879 0,001944
Чубайса 1,522879 0,001944
искать 1,301030 0,001661
роскошных 1,301030 0,001661
виллах 1,522879 0,001944
итальянской 1,522879 0,001944
Тосканы 1,698970 0,002168
Читаемое 1,698970 0,002168
Сами 1,698970 0,002168
себя 0,552842 0,001058
загонят 1,698970 0,002168
сложную 1,698970 0,002168
ситуацию 1,096910 0,001400
ISU 1,698970 0,002168
выстрелить 1,522879 0,001944
себе 0,619789 0,000791
ногу 1,397940 0,001784
избавившись 1,698970 0,002168
от 0,193820 0,000742
фигуристов 1,698970 0,002168
станция 1,522879 0,001944
Венера 1,698970 0,002168
Д 1,096910 0,001400
полетит 1,522879 0,001944
без 0,387216 0,000988
участия 1,045757 0,001335
NASA 1,698970 0,002168
Банки 1,397940 0,001784
застройщики 1,698970 0,002168
сменили 1,698970 0,002168
тактику 1,698970 0,002168
Кому 1,301030 0,001661
продадут 1,698970 0,002168
квартиру 1,301030 0,001661
дешевле 1,301030 0,001661
особенность 1,698970 0,002168
новых 0,508638 0,000649
программ 1,698970 0,002168
приостановка 1,522879 0,001944
работы 0,638272 0,000815
СПЧ 0,920819 0,001175
ведет 1,096910 0,001400
распаду 1,698970 0,002168
ООН 0,823909 0,001052
Новые 0,552842 0,000706
правила 0,958607 0,001223
оплаты 1,301030 0,001661
ЖКУ 1,522879 0,001944
теперь 0,677781 0,000865
будет 0,387216 0,000494
платить 1,096910 0,001400
меньше 1,154902 0,001474
сигналов 1,698970 0,002168
Зеленского 0,958607 0,001223
которые 0,431798 0,001102
могут 0,522879 0,000667
говорить 1,045757 0,001335
распоряжается 1,698970 0,002168
своей 0,853872 0,001090
судьбой 1,522879 0,001944
WOW 1,698970 0,002168
Андрей 0,552842 0,000706
Данилко 1,397940 0,001784
пережил 1,301030 0,001661
нервный 1,301030 0,001661
срыв 1,397940 0,001784
оказавшись 1,522879 0,001944
бортом 1,698970 0,002168
шоубиза 1,698970 0,002168
Отменившая 1,698970 0,002168
объяснилась 1,698970 0,002168
подписчики 1,522879 0,001944
так 0,522879 0,000667
поняли 1,522879 0,001944
певица 1,221849 0,001559
хотела 1,221849 0,001559
сказать 1,154902 0,001474
Пять 1,221849 0,001559
знаков 1,698970 0,002168
зодиака 1,397940 0,001784
таким 1,045757 0,001335
тяжелым 1,397940 0,001784
характером 1,522879 0,001944
ними 1,154902 0,001474
хуже 1,397940 0,001784
аду 1,698970 0,002168
простых 1,301030 0,001661
привычек 1,522879 0,001944
помогут 1,096910 0,001400
диет 1,698970 0,002168
похудеть 1,698970 0,002168
лету 1,522879 0,001944
Аморалов 1,397940 0,001784
назвал 0,795880 0,001016
виновных 1,698970 0,002168
смерти 0,744727 0,000951
Тома 1,397940 0,001784
Хаоса 1,522879 0,001944
корит 1,698970 0,002168
ли 0,397940 0,000508
гибель 1,522879 0,001944
отпетого 1,698970 0,002168
мошенника 1,698970 0,002168
продуктов 1,301030 0,001661
кажутся 1,698970 0,002168
нам 0,657577 0,000839
полезными 1,397940 0,001784
деле 0,886057 0,001131
лишь 1,096910 0,001400
работа 0,920819 0,001175
маркетологов 1,698970 0,002168
Бузова 1,301030 0,001661
потребовала 1,698970 0,002168
Chanel 1,154902 0,002211
вернуть 1,000000 0,001276
деньги 0,958607 0,001223
сумки 1,522879 0,001944
окрестив 1,698970 0,002168
бренд 1,522879 0,001944
нацистским 1,698970 0,002168
клиентов 1,397940 0,001784
ее 0,508638 0,000649
магазины 1,522879 0,001944
обклеили 1,698970 0,002168
стикерами 1,698970 0,002168
Гитлером 1,698970 0,002168
Будь 1,301030 0,001661
здоров 1,698970 0,002168
способов 1,221849 0,001559
укрепить 1,698970 0,002168
иммунитет 1,397940 0,001784
домашних 1,397940 0,001784
условиях 0,886057 0,001131
химии 1,698970 0,002168
Дичь 1,698970 0,002168
Опубликовано 1,522879 0,001944
Краматорска 1,045757 0,001335
украинская 1,397940 0,001784
Точка 0,795880 0,001016
У 0,431798 0,000827
убила 1,698970 0,002168
менее 1,154902 0,001474
гражданских 1,698970 0,002168
На 0,283997 0,000362
Кубани 1,522879 0,001944
яме 1,522879 0,001944
водой 1,301030 0,001661
тело 1,045757 0,002002
пропавшего 1,397940 0,001784
восьмилетнего 1,698970 0,002168
мальчика 1,096910 0,001400
Пятигорске 1,698970 0,002168
летний 1,045757 0,001335
тренер 1,522879 0,001944
спортшколы 1,698970 0,002168
принимал 1,698970 0,002168
душ 1,397940 0,001784
голышом 1,698970 0,002168
малолетними 1,698970 0,002168
ученицами 1,698970 0,002168
Забальзамированное 1,698970 0,002168
рэпера 1,698970 0,002168
Goonew 1,698970 0,002168
выставили 1,698970 0,002168
напоказ 1,698970 0,002168
во 0,494850 0,000632
время 0,366532 0,000468
вечеринки 1,698970 0,002168
фанаты 1,698970 0,002168
онемели 1,698970 0,002168
шока 1,698970 0,002168
Психанул 1,698970 0,002168
перенервничал 1,698970 0,002168
Башкирии 1,698970 0,002168
ударил 1,301030 0,001661
ножом 1,522879 0,001944
магазине 1,522879 0,001944
раза 1,301030 0,001661
Первоапрельские 1,698970 0,002168
розыгрыши 1,698970 0,002168
обернувшиеся 1,698970 0,002168
ужасными 1,698970 0,002168
смертями 1,698970 0,002168
до 0,244125 0,000467
казни 1,522879 0,001944
Тульской 1,698970 0,002168
женщина 1,000000 0,001276
напала 1,698970 0,002168
пенсионерку 1,397940 0,001784
подъезде 1,522879 0,001944
отобрала 1,698970 0,002168
пакет 0,853872 0,001090
сахаром 1,698970 0,002168
Пензе 1,698970 0,002168
сорвавшаяся 1,698970 0,002168
поводка 1,698970 0,002168
собака 1,698970 0,002168
покусала 1,698970 0,002168
семь 1,397940 0,001784
человек 0,494850 0,000632
включая 1,301030 0,001661
детей 0,431798 0,000551
Радость 1,698970 0,002168
со 0,387216 0,000494
слезами 1,698970 0,002168
глазах 1,522879 0,001944
волонтеры 1,397940 0,001784
помогли 1,301030 0,001661
летнему 1,522879 0,001944
мальчику 1,522879 0,001944
воссоединиться 1,698970 0,002168
семьей 1,154902 0,001474
ГЛАВНОЕ 1,397940 0,001784
ПОСЛЕДНИЕ 1,698970 0,002168
НОВОСТИ 1,397940 0,001784
Минобороны 0,698970 0,000892
назвали 0,920819 0,001175
провокацией 1,154902 0,001474
заявления 1,045757 0,001335
Киева 1,045757 0,001335
вине 1,522879 0,001944
РФ 0,568636 0,001089
ракетном 1,397940 0,001784
ударе 0,853872 0,001090
по 0,124939 0,000239
Краматорску 0,744727 0,001426
ЦБ 0,795880 0,001016
снизил 0,698970 0,000892
Украинские 1,000000 0,001276
войска 1,221849 0,001559
нанесли 1,096910 0,001400
удар 0,920819 0,001175
Точкой 0,958607 0,001223
простился 1,045757 0,001335
Владимиром 0,677781 0,000865
Жириновским 0,585027 0,000747
Военные 1,301030 0,001661
уничтожили 1,301030 0,001661
Центр 0,920819 0,001175
сбора 1,154902 0,001474
подготовки 1,000000 0,001276
иностранных 0,886057 0,001131
наемников 0,958607 0,001223
под 0,376751 0,000721
Одессой 1,096910 0,001400
Два 0,853872 0,001090
человека 0,568636 0,000726
оказались 1,154902 0,001474
завалом 1,698970 0,002168
шахте 1,045757 0,001335
Кузбассе 1,221849 0,001559
Глава 0,698970 0,000892
МИД 0,920819 0,001175
Китая 1,045757 0,001335
Ван 1,096910 0,001400
И 0,408935 0,000522
указал 1,522879 0,001944
первопричину 1,522879 0,001944
украинского 1,096910 0,001400
кризиса 1,154902 0,001474
Гинцбург 1,522879 0,001944
сообщил 0,823909 0,001052
выходе 1,522879 0,001944
назальной 1,522879 0,001944
вакцины 1,522879 0,001944
ковида 1,397940 0,001784
гражданский 1,397940 0,001784
оборот 1,301030 0,001661
Посмотреть 1,522879 0,001944
все 0,292430 0,000373
News 1,221849 0,001559
Media 1,154902 0,001474
Все 0,148742 0,000190
права 0,431798 0,000551
защищены 0,602060 0,000768
Обратная 0,585027 0,000747
связь 0,552842 0,000706
Нашли 1,221849 0,001559
ошибку 1,154902 0,001474
Напишите 1,397940 0,001784
техподдержку 1,698970 0,002168
Партнерам 1,397940 0,001784
Контакты 0,455932 0,000582
Редакция 0,769551 0,000982
Правовая 0,920819 0,001175
информация 0,638272 0,000815
Вакансии 0,657577 0,000839
RSS 0,853872 0,001090
Оставьте 1,522879 0,001944
ваш 0,853872 0,001090
e 0,958607 0,001223
mail 0,721246 0,000921
чтобы 0,481486 0,000615
получать 0,886057 0,001131
подборки 1,154902 0,001474
наших 0,823909 0,001052
новостей 0,619789 0,000791
Принимаю 1,397940 0,001784
пользовательское 1,698970 0,002168
соглашение 0,619789 0,000791
Layer 1,698970 0,002168
