Detective 1,698970 0,037340
Conan 1,698970 0,046675
World 1,397940 0,038405
detective 1,698970 0,018670
conan 1,698970 0,018670
One 1,301030 0,014297
truth 1,698970 0,018670
prevails 1,698970 0,018670
Home 1,698970 0,018670
Anime 1,698970 0,018670
Forum 1,397940 0,015362
Wiki 1,522879 0,016735
Studio 1,397940 0,015362
Support 1,221849 0,013427
us 1,397940 0,030724
Welcome 1,522879 0,025102
to 0,886057 0,014605
Join 1,397940 0,023043
today 1,301030 0,021446
Latest 1,522879 0,025102
episodes 1,698970 0,018670
Kitakyushu 1,698970 0,028005
Light 1,698970 0,028005
and 0,958607 0,015801
Seaside 1,698970 0,028005
Mystery 1,698970 0,028005
Tour 1,698970 0,028005
Part 1,698970 0,046675
A 0,886057 0,014605
Woman 1,397940 0,023043
Standing 1,698970 0,028005
by 1,000000 0,016484
the 0,958607 0,026335
Window 1,698970 0,028005
The 0,721246 0,019814
Scarlet 1,698970 0,028005
School 1,522879 0,025102
Trip 1,698970 0,028005
Red 1,522879 0,025102
Love 1,698970 0,028005
Arc 1,698970 0,028005
Hour 1,698970 0,028005
Special 1,522879 0,025102
Bright 1,698970 0,018670
Movies 1,698970 0,018670
Zero 1,698970 0,018670
Enforcer 1,698970 0,018670
Crimson 1,522879 0,016735
Letter 1,698970 0,018670
Darkest 1,698970 0,018670
Nightmare 1,698970 0,018670
Sunflowers 1,698970 0,018670
of 0,920819 0,015178
Inferno 1,698970 0,018670
Dimensional 1,698970 0,018670
Sniper 1,698970 0,018670
Private 1,698970 0,018670
Eye 1,698970 0,018670
in 1,000000 0,010989
Distant 1,522879 0,016735
Sea 1,698970 0,018670
copyright 1,698970 0,018670
Twitter 0,853872 0,009383
Terms 1,221849 0,013427
Use 1,397940 0,015362
Privacy 1,154902 0,012691
Policy 1,522879 0,016735
RSS 0,853872 0,009383
Feed 1,698970 0,018670
