Портал 1,221849 0,004348
Домашний 1,397940 0,009950
официальный 1,221849 0,008696
сайт 0,494850 0,003522
телеканала 0,958607 0,006823
Прямой 0,823909 0,005864
эфир 0,795880 0,005665
Телепрограмма 1,000000 0,007117
Сериалы 1,045757 0,007443
и 0,075721 0,001617
фильмы 0,886057 0,006306
В 0,167491 0,002384
эфире 0,823909 0,011728
Рекомендуем 1,397940 0,019900
посмотреть 1,000000 0,010676
Черно 1,698970 0,012092
белая 1,698970 0,012092
любовь 0,698970 0,004975
Доктор 0,853872 0,006077
Надежда 1,045757 0,007443
Цыганка 1,698970 0,012092
Мама 1,096910 0,007807
Великолепный 1,698970 0,012092
век 1,000000 0,007117
Империя 1,397940 0,009950
Кесем 1,698970 0,012092
Смотреть 0,721246 0,007700
все 0,292430 0,003122
Шоу 0,744727 0,005301
проекты 0,698970 0,004975
Порча 1,698970 0,012092
Давай 1,698970 0,012092
разведемся 1,698970 0,012092
Беременные 1,698970 0,012092
После 0,795880 0,005665
Рублево 1,698970 0,012092
Бирюлево 1,698970 0,012092
Реальная 1,301030 0,009260
мистика 1,154902 0,008220
Еще 0,585027 0,006246
Новости 0,221849 0,001579
Рецепты 1,221849 0,008696
Гороскопы 1,301030 0,009260
Отношения 1,397940 0,009950
Мода 1,154902 0,008220
Красота 0,920819 0,006554
Здоровье 0,853872 0,006077
Психология 1,000000 0,007117
Семья 1,000000 0,007117
Диеты 1,397940 0,009950
Дом 0,698970 0,004975
Тесты 0,920819 0,006554
Все 0,148742 0,001059
темы 0,920819 0,006554
Подборки 0,795880 0,005665
more 1,154902 0,008220
tv 1,096910 0,007807
Смотрите 1,221849 0,017393
онлайн 0,508638 0,007240
Не 0,481486 0,003427
пропустите 1,522879 0,010839
Закрыть 1,000000 0,007117
Как 0,301030 0,002143
готовиться 1,522879 0,010839
к 0,207608 0,001478
предстоящему 1,698970 0,012092
материнству 1,698970 0,012092
Какие 0,721246 0,005133
Каждая 1,698970 0,012092
серия 1,000000 0,007117
сериала 0,920819 0,006554
Проводница 1,698970 0,012092
это 0,292430 0,003122
Принято 1,698970 0,012092
считать 1,397940 0,009950
что 0,187087 0,001332
рождение 1,698970 0,018138
ребенка 0,823909 0,008796
делит 1,522879 0,010839
жизнь 0,537602 0,005740
Создание 1,154902 0,008220
семьи 0,853872 0,006077
главные 0,823909 0,005864
события 0,795880 0,005665
Если 0,769551 0,005477
семейная 1,301030 0,009260
стала 0,823909 0,005864
пресной 1,698970 0,012092
пропала 1,522879 0,010839
радость 1,221849 0,008696
Видели 1,698970 0,012092
ли 0,397940 0,002832
вы 0,420216 0,002991
когда 0,585027 0,004164
нибудь 1,301030 0,009260
как 0,251812 0,001792
четыре 1,000000 0,007117
разъяренные 1,698970 0,012092
невесты 1,698970 0,012092
Отцы 1,301030 0,009260
дети 0,853872 0,006077
не 0,142668 0,001015
просто 0,657577 0,004680
название 1,397940 0,009950
Dомашний 1,698970 0,024185
на 0,075721 0,000539
телефоне 1,522879 0,010839
планшете 1,522879 0,010839
в 0,070581 0,000502
социальных 0,769551 0,005477
сетях 0,769551 0,005477
Напишите 1,397940 0,009950
нам 0,657577 0,004680
Контакты 0,455932 0,003245
Рекламодателям 1,301030 0,009260
Пользовательское 0,677781 0,004824
соглашение 0,619789 0,004411
Конфиденциальность 1,522879 0,010839
Правообладатели 1,698970 0,012092
Дистрибуция 1,698970 0,012092
Телеканал 0,769551 0,005477
АО 0,795880 0,005665
Новый 0,698970 0,004975
канал 0,920819 0,006554
Главная 0,823909 0,005864
Эфир 0,958607 0,006823
Программа 0,958607 0,006823
Видео 0,431798 0,003073
Меню 1,221849 0,008696
