Проза 1,397940 0,008272
ру 0,886057 0,007340
Авторы 0,958607 0,005672
Произведения 1,221849 0,005784
Рецензии 0,920819 0,003269
Поиск 0,619789 0,002200
Магазин 1,045757 0,003713
О 0,207608 0,000737
портале 1,221849 0,008676
Вход 0,657577 0,002335
для 0,119186 0,000423
авторов 0,920819 0,004359
российский 0,886057 0,002097
литературный 1,397940 0,003309
портал 0,823909 0,001950
предоставляющий 1,522879 0,003604
авторам 1,301030 0,007698
возможность 0,769551 0,002732
свободной 1,301030 0,004619
публикации 0,823909 0,003900
произведений 0,853872 0,007073
Подробнее 0,698970 0,005790
о 0,136677 0,001294
На 0,283997 0,001008
сегодняшний 1,522879 0,003604
день 0,585027 0,001385
апреля 0,301030 0,000712
года 0,356547 0,001688
опубликовано 1,522879 0,003604
текстов 1,397940 0,003309
Колонка 1,301030 0,003079
редактора 1,096910 0,002596
Выбор 0,886057 0,002097
редакции 0,481486 0,001140
портала 1,221849 0,004338
Ты 1,000000 0,002367
была 0,744727 0,001763
в 0,070581 0,000835
моей 1,000000 0,002367
жизни 0,443697 0,001050
Мария 0,698970 0,001654
Купчинова 1,698970 0,004021
В 0,167491 0,000595
режиме 1,301030 0,003079
ожидания 1,698970 0,004021
Дина 1,301030 0,004619
Иванова 1,397940 0,004963
Внеплановый 1,698970 0,004021
отпуск 1,221849 0,002892
из 0,167491 0,000991
Заполярья 1,698970 0,004021
Леонид 0,958607 0,002269
Свиягин 1,698970 0,004021
Бессонница 1,698970 0,004021
Сергей 0,468521 0,002772
Свидерский 1,698970 0,004021
Шар 1,698970 0,004021
мироздания 1,698970 0,004021
Людмила 0,920819 0,002179
Семенова 1,397940 0,003309
Танго 1,698970 0,004021
Ольга 0,769551 0,003643
Остроумова 1,698970 0,004021
Штирия 1,698970 0,004021
Австрийские 1,698970 0,004021
мотивы 1,698970 0,004021
Роза 1,397940 0,003309
Салах 1,522879 0,003604
Человечек 1,698970 0,004021
пособия 1,522879 0,003604
по 0,124939 0,000739
волшебству 1,698970 0,004021
Эмануил 1,698970 0,004021
Бланк 1,698970 0,004021
Бог 1,221849 0,002892
любит 1,301030 0,003079
вас 0,823909 0,001950
Юрий 0,795880 0,001884
Милешин 1,698970 0,004021
Дорога 1,522879 0,003604
школу 1,096910 0,002596
Ирина 0,886057 0,003146
Франц 1,301030 0,003079
Украденный 1,698970 0,004021
месяц 0,853872 0,002021
Хельга 1,698970 0,004021
Кэрри 1,522879 0,003604
Вторая 1,397940 0,003309
посадка 1,698970 0,004021
на 0,075721 0,000896
Ганимед 1,698970 0,004021
Макаров 1,698970 0,004021
Юс 1,698970 0,004021
Однажды 1,045757 0,002475
Тридевятом 1,698970 0,004021
царстве 1,698970 0,004021
Дарья 1,154902 0,002733
Щедрина 1,698970 0,004021
С 0,455932 0,001619
приветом 1,522879 0,003604
прошлого 1,154902 0,002733
Вальдес 1,698970 0,004021
Мартинес 1,698970 0,004021
Знание 1,698970 0,004021
ученика 1,522879 0,003604
и 0,075721 0,000538
знание 1,397940 0,003309
учителя 1,221849 0,002892
Игорь 0,823909 0,002925
Муханов 1,698970 0,006032
Персидская 1,698970 0,004021
сирень 1,698970 0,004021
Тамара 1,698970 0,004021
Коханская 1,698970 0,004021
Запретная 1,698970 0,004021
музыка 1,045757 0,002475
Суханова 1,698970 0,004021
Жизнь 0,823909 0,001950
колесах 1,522879 0,003604
Иоланта 1,522879 0,003604
Сержантова 1,698970 0,004021
Жилины 1,698970 0,004021
Владимир 0,431798 0,001533
Жестков 1,698970 0,004021
Выпал 1,698970 0,004021
снег 1,221849 0,002892
Светлана 1,045757 0,002475
Смирнова 1,522879 0,003604
Угощайтесь 1,698970 0,004021
Александр 0,468521 0,001109
Сергеевич 1,522879 0,003604
Зоя 1,522879 0,003604
Кудрявцева 1,522879 0,003604
Рекомендуемые 1,397940 0,004963
произведения 0,823909 0,002925
публикуется 1,522879 0,003604
сейчас 0,657577 0,001556
них 0,769551 0,001821
сети 0,823909 0,002925
авторы 1,000000 0,003550
Саша 1,154902 0,002733
Тумп 1,698970 0,004021
Юрьевна 1,698970 0,004021
Ланская 1,698970 0,004021
Иосиф 1,301030 0,003079
Гальперин 1,698970 0,004021
Наталья 0,853872 0,002021
Гук 1,698970 0,004021
Борис 0,769551 0,002732
Алексеев 1,397940 0,003309
Послушайте 1,522879 0,003604
Бурлаченко 1,698970 0,004021
Продолжение 1,301030 0,004619
списка 1,397940 0,004963
приглашают 1,397940 0,003309
Добавить 1,154902 0,002733
ваше 1,045757 0,002475
имя 0,886057 0,002097
Елена 0,769551 0,001821
Грозовская 1,698970 0,004021
Галина 1,301030 0,004619
Гурьева 1,698970 0,004021
Попович 1,698970 0,004021
Пи 1,698970 0,004021
Ноа 1,522879 0,003604
Евгения 0,853872 0,002021
Савва 1,698970 0,004021
Рейтинг 0,958607 0,002269
Ваши 1,221849 0,002892
позиции 1,301030 0,003079
рейтинге 1,301030 0,003079
За 0,568636 0,001346
Россию 0,568636 0,001346
или 0,301030 0,000712
против 0,387216 0,000916
России 0,251812 0,000596
Диана 1,221849 0,004338
Серебрякова 1,698970 0,006032
Совсем 1,397940 0,003309
Станиславскому 1,698970 0,004021
От 0,795880 0,001884
старости 1,221849 0,002892
лекарства 1,221849 0,002892
нет 0,619789 0,001467
размышления 1,698970 0,004021
Олег 0,795880 0,001884
Устинов 1,698970 0,004021
Пожалейте 1,698970 0,004021
Небензю 1,698970 0,004021
Тамарин 1,698970 0,004021
Перед 1,096910 0,002596
рассветом 1,522879 0,003604
Сковала 1,698970 0,004021
душу 1,397940 0,003309
Марина 0,958607 0,002269
Репина 1,522879 0,003604
Софьин 1,698970 0,004021
красавчик 1,698970 0,004021
Валентина 1,045757 0,002475
Забайкальская 1,698970 0,004021
записки 1,698970 0,004021
Петр 1,000000 0,002367
Кондратьев 1,698970 0,004021
любовью 1,397940 0,003309
Любови 1,698970 0,004021
Фан 1,522879 0,003604
Бонн 1,698970 0,004021
Дригайло 1,698970 0,004021
Как 0,301030 0,000712
впервой 1,698970 0,004021
коварный 1,522879 0,003604
Двавл 1,698970 0,004021
Ваньку 1,698970 0,004021
сходу 1,698970 0,004021
охмуря 1,698970 0,004021
Радимиров 1,698970 0,004021
Полная 1,301030 0,003079
таблица 1,397940 0,003309
рейтинга 1,301030 0,003079
Антология 1,301030 0,003079
русской 0,744727 0,002644
прозы 1,301030 0,004619
Издательство 1,221849 0,002892
Российского 1,096910 0,003894
союза 1,301030 0,004619
писателей 1,045757 0,003713
приступило 1,522879 0,003604
к 0,207608 0,000737
формированию 1,522879 0,003604
Антологии 1,301030 0,004619
за 0,180456 0,001281
год 0,568636 0,003365
об 0,292430 0,000692
Премия 1,045757 0,004950
Писатель 1,154902 0,004100
Открыт 1,522879 0,003604
конкурс 0,920819 0,003269
национальной 1,301030 0,003079
литературной 1,397940 0,003309
премии 0,853872 0,008084
Наследие 1,221849 0,002892
Проводится 1,522879 0,005407
соискание 1,522879 0,005407
торжественная 1,522879 0,003604
церемония 1,221849 0,002892
вручения 1,221849 0,002892
состоится 1,096910 0,003894
июне 1,397940 0,003309
Русь 1,397940 0,003309
моя 1,096910 0,002596
прием 1,221849 0,004338
рукописей 1,522879 0,003604
итоги 1,000000 0,002367
будут 0,638272 0,001511
подведены 1,522879 0,003604
ко 0,958607 0,002269
Дню 0,958607 0,002269
рождения 0,677781 0,001604
Сергея 0,920819 0,002179
Есенина 1,301030 0,003079
Георгиевская 1,397940 0,003309
лента 1,045757 0,002475
Проходит 1,397940 0,003309
Награждение 1,522879 0,003604
победителей 1,154902 0,002733
мая 0,823909 0,001950
канун 1,397940 0,003309
празднования 1,522879 0,003604
Дня 1,096910 0,002596
Победы 1,000000 0,002367
конкурсе 1,397940 0,003309
Стихи 1,096910 0,002596
Портал 1,221849 0,004338
предоставляет 1,154902 0,002733
своих 0,657577 0,001556
литературных 1,397940 0,003309
Интернет 0,823909 0,001950
основании 1,301030 0,006159
пользовательского 1,154902 0,002733
договора 1,397940 0,003309
Все 0,148742 0,000528
авторские 1,221849 0,002892
права 0,431798 0,001533
принадлежат 1,096910 0,003894
охраняются 1,221849 0,002892
законом 1,522879 0,003604
Перепечатка 1,301030 0,003079
возможна 1,397940 0,003309
только 0,309804 0,000733
с 0,102373 0,000363
согласия 1,000000 0,002367
его 0,376751 0,001338
автора 0,886057 0,002097
которому 1,221849 0,002892
вы 0,420216 0,000995
можете 0,795880 0,002826
обратиться 1,397940 0,003309
авторской 1,301030 0,003079
странице 1,045757 0,002475
Ответственность 1,397940 0,003309
тексты 1,221849 0,002892
несут 1,397940 0,003309
самостоятельно 1,154902 0,002733
правил 0,958607 0,002269
законодательства 1,000000 0,002367
Российской 0,769551 0,001821
Федерации 0,795880 0,001884
Данные 1,522879 0,003604
пользователей 0,853872 0,002021
обрабатываются 1,522879 0,003604
Политики 1,221849 0,002892
обработки 0,958607 0,002269
персональных 0,769551 0,001821
данных 0,657577 0,001556
Вы 0,619789 0,001467
также 0,494850 0,001171
посмотреть 1,000000 0,002367
более 0,585027 0,002077
подробную 1,397940 0,003309
информацию 0,721246 0,001707
связаться 1,301030 0,003079
администрацией 1,522879 0,003604
Ежедневная 1,522879 0,003604
аудитория 1,397940 0,003309
порядка 1,301030 0,003079
тысяч 0,744727 0,001763
посетителей 1,221849 0,004338
которые 0,431798 0,001022
общей 1,522879 0,003604
сумме 1,522879 0,003604
просматривают 1,522879 0,003604
полумиллиона 1,698970 0,004021
страниц 1,154902 0,002733
данным 1,221849 0,002892
счетчика 1,522879 0,003604
посещаемости 1,522879 0,003604
который 0,508638 0,001204
расположен 1,522879 0,003604
справа 1,397940 0,003309
от 0,193820 0,000459
этого 0,619789 0,001467
текста 1,045757 0,002475
каждой 1,221849 0,002892
графе 1,522879 0,003604
указано 1,522879 0,003604
две 0,795880 0,001884
цифры 1,397940 0,003309
количество 1,154902 0,004100
просмотров 1,221849 0,002892
работает 0,657577 0,001556
под 0,376751 0,000892
эгидой 1,221849 0,002892
