НТВ 1,698970 0,007688
Ru 1,397940 0,000703
Новости 0,221849 0,000279
видео 0,568636 0,000286
передачи 1,301030 0,000654
телеканала 0,958607 0,000482
онлайн 0,508638 0,000384
вещание 1,522879 0,000766
программа 0,958607 0,000723
передач 1,045757 0,000526
div 1,000000 0,000503
img 0,795880 0,000400
src 0,795880 0,000400
https 0,721246 0,000363
mc 1,000000 0,000503
yandex 1,000000 0,000503
ru 0,187087 0,000188
watch 1,000000 0,000503
style 0,823909 0,000414
position 0,853872 0,000429
absolute 0,958607 0,000482
left 0,958607 0,000482
px 0,920819 0,000463
alt 0,886057 0,000445
play 1,698970 0,000854
pause 1,698970 0,000854
volume 1,522879 0,000766
size 1,522879 0,000766
ТВ 0,657577 0,000331
Эфир 0,958607 0,000723
Стиль 1,000000 0,000503
Право 1,301030 0,000654
Сериал 1,000000 0,000503
Статьи 0,886057 0,002450
Видео 0,431798 0,000217
Передачи 1,221849 0,000614
Сериалы 1,045757 0,000526
Телепрограмма 1,000000 0,000503
Сегодня 0,677781 0,002045
в 0,070581 0,002040
Москве 0,455932 0,001146
AppStore 1,301030 0,000981
Google 0,744727 0,000936
Play 1,000000 0,000754
Яндекс 0,638272 0,000642
Дзен 1,000000 0,000754
facebook 1,221849 0,000921
instagram 1,522879 0,001148
найти 0,698970 0,000703
Что 0,346787 0,000349
вам 0,677781 0,000341
Найти 0,853872 0,000429
Специальная 1,301030 0,005560
военная 1,301030 0,005560
операция 1,000000 0,004274
России 0,251812 0,001962
Санкции 1,301030 0,003271
против 0,387216 0,001265
РФ 0,568636 0,002001
и 0,075721 0,001275
ответные 1,698970 0,003844
меры 1,000000 0,003017
Весна 1,221849 0,001229
Борьба 1,301030 0,001308
с 0,102373 0,000798
коронавирусом 1,154902 0,001742
Вести 1,096910 0,000551
историю 0,795880 0,000400
Удалить 1,522879 0,000766
приложение 0,920819 0,000463
История 0,494850 0,000373
активности 1,698970 0,000854
Курс 0,886057 0,000445
евро 0,823909 0,000414
опустился 1,301030 0,000654
ниже 0,920819 0,000463
рублей 0,585027 0,000735
впервые 0,744727 0,000374
июля 0,958607 0,000723
года 0,356547 0,000896
Курсы 1,221849 0,000614
валют 1,397940 0,000703
цены 0,823909 0,000621
на 0,075721 0,001047
нефть 1,522879 0,000766
Водитель 1,698970 0,000854
насмерть 1,522879 0,001148
задавил 1,698970 0,000854
пенсионерку 1,397940 0,000703
Ленинском 1,698970 0,000854
проспекте 1,698970 0,000854
начал 1,000000 0,000503
маркировать 1,301030 0,000981
как 0,251812 0,000506
нарушителя 1,698970 0,000854
законодательства 1,000000 0,000503
На 0,283997 0,000286
Московском 1,698970 0,000854
скоростном 1,698970 0,000854
диаметре 1,698970 0,000854
началась 1,221849 0,000614
установка 1,698970 0,000854
шумозащитных 1,698970 0,000854
экранов 1,698970 0,000854
Москвичей 1,522879 0,001148
предупредили 1,096910 0,001379
о 0,136677 0,000756
дожде 1,522879 0,001148
сильном 1,698970 0,001281
ветре 1,522879 0,001148
ВТБ 1,301030 0,000654
планирует 1,154902 0,001161
снизить 1,301030 0,000654
ставки 1,154902 0,000581
по 0,124939 0,000722
ипотеке 1,301030 0,000654
Церемонию 1,522879 0,000766
прощания 1,045757 0,000526
Жириновским 0,585027 0,000588
продлили 1,397940 0,000703
В 0,167491 0,000800
задержали 1,154902 0,000581
водителя 1,698970 0,001281
сбившего 1,698970 0,000854
мужчину 1,698970 0,000854
Минобороны 0,698970 0,001406
опровергло 1,221849 0,001536
заявления 1,045757 0,001314
российском 1,000000 0,001257
ударе 0,853872 0,001717
вокзалу 0,853872 0,001717
Краматорске 0,823909 0,001657
Ажиотаж 1,301030 0,000981
или 0,301030 0,000303
дефицит 1,221849 0,000921
почему 0,494850 0,000498
люди 0,677781 0,000682
аптеках 1,397940 0,001054
дрались 1,698970 0,001281
за 0,180456 0,000771
лекарства 1,221849 0,000921
Специалисты 1,522879 0,000766
наполовину 1,522879 0,000766
смонтировали 1,698970 0,000854
инженерные 1,698970 0,000854
системы 1,301030 0,000981
станции 1,221849 0,000921
БКЛ 1,522879 0,001148
Текстильщики 1,522879 0,000766
Япония 0,823909 0,000828
водит 1,698970 0,001281
новые 0,508638 0,000767
санкции 0,744727 0,000936
Самолет 1,397940 0,000703
Белград 1,397940 0,000703
Москва 0,508638 0,000639
приземлился 1,698970 0,000854
Шереметьево 1,698970 0,000854
после 0,397940 0,000400
сообщения 1,154902 0,000581
минировании 1,698970 0,000854
Евросоюз 1,000000 0,000754
принял 1,000000 0,000754
пятый 0,920819 0,000694
пакет 0,853872 0,000644
антироссийских 1,096910 0,000827
санкций 0,677781 0,000852
Россиян 1,397940 0,001054
мошенниках 1,698970 0,000854
торгующих 1,698970 0,000854
офисной 1,301030 0,000654
бумагой 1,522879 0,000766
Неизвестный 1,301030 0,000654
украл 1,522879 0,000766
у 0,387216 0,000195
пенсионера 1,522879 0,000766
миллиона 1,301030 0,000654
ресторане 1,301030 0,000654
Кубанские 1,698970 0,000854
фермеры 1,698970 0,000854
готовят 1,397940 0,000703
к 0,207608 0,000261
посевной 1,522879 0,000766
затопленные 1,698970 0,000854
снежной 1,522879 0,000766
зимы 1,397940 0,000703
поля 1,301030 0,000654
Власти 1,000000 0,001006
Москвы 0,744727 0,001498
одобрили 1,698970 0,001281
первые 1,000000 0,001006
льготные 1,698970 0,001281
кредиты 1,522879 0,001148
для 0,119186 0,000300
промышленников 1,522879 0,001148
ООН 0,823909 0,000414
продовольствие 1,154902 0,000581
мире 0,468521 0,000236
достигли 1,154902 0,000581
рекорда 1,301030 0,000654
Жители 1,397940 0,000703
районов 1,397940 0,000703
переезжают 1,698970 0,000854
новостройки 1,698970 0,000854
программе 1,045757 0,001052
реновации 1,698970 0,001281
Программа 0,958607 0,000723
Как 0,301030 0,000530
может 0,397940 0,000400
поменяться 1,698970 0,000854
политика 0,920819 0,000463
Франции 1,000000 0,000503
случае 0,920819 0,000463
поражения 1,522879 0,000766
Макрона 1,698970 0,000854
выборах 1,301030 0,000654
президента 0,958607 0,000723
ДНР 0,823909 0,001243
сообщили 0,958607 0,001205
об 0,292430 0,000662
украинских 0,795880 0,001400
войск 1,154902 0,001161
Точкой 0,958607 0,000964
У 0,431798 0,000434
Лукашенко 1,397940 0,000703
Белоруссия 1,397940 0,001054
будет 0,387216 0,000487
Россией 0,795880 0,000400
любых 1,096910 0,000551
сложностях 1,397940 0,000703
трудностях 1,301030 0,000654
ЦБ 0,795880 0,000600
снизил 0,698970 0,000527
ключевую 0,677781 0,000511
ставку 0,657577 0,000496
до 0,244125 0,000430
Задержан 1,301030 0,000654
подозреваемый 1,522879 0,000766
обливший 1,698970 0,000854
краской 1,397940 0,000703
главреда 1,096910 0,000551
Новой 1,045757 0,000526
газеты 0,958607 0,000482
Муратова 1,154902 0,000581
Кадыров 0,958607 0,000723
сообщил 0,823909 0,000621
что 0,187087 0,000564
Мариуполь 1,096910 0,000827
освобожден 1,154902 0,000871
от 0,193820 0,000487
националистов 0,958607 0,001446
процентов 1,154902 0,000871
Аэропорт 1,522879 0,000766
Внуково 1,698970 0,000854
объявил 1,221849 0,000614
переходе 1,698970 0,000854
летнее 1,698970 0,000854
расписание 1,221849 0,000614
освобожденных 1,397940 0,001054
городах 1,221849 0,000921
Донбасса 0,886057 0,000891
Украины 0,721246 0,000544
создаются 1,698970 0,001281
отряды 1,522879 0,001148
народной 1,397940 0,001054
милиции 1,397940 0,001054
ФАС 1,045757 0,000526
проверяет 1,698970 0,000854
Мираторг 1,096910 0,000551
из 0,167491 0,000547
цен 0,958607 0,000482
мясо 1,397940 0,000703
сутки 0,795880 0,000600
выявили 1,221849 0,000921
новых 0,508638 0,000384
случаев 1,045757 0,000789
коронавируса 0,886057 0,000891
Путин 0,721246 0,000907
простился 1,045757 0,000526
вышлет 1,698970 0,000854
восемь 1,397940 0,000703
российских 0,468521 0,000471
дипломатов 0,958607 0,000482
Медики 1,522879 0,000766
волонтеры 1,397940 0,000703
спешат 1,698970 0,000854
помощь 1,045757 0,001052
работающим 1,698970 0,000854
республиках 1,698970 0,000854
врачам 1,698970 0,000854
Пострадавшие 1,698970 0,000854
при 0,468521 0,000353
взрыве 1,397940 0,000703
газа 1,221849 0,000614
Нижневартовске 1,522879 0,000766
находятся 1,397940 0,000703
реанимации 1,698970 0,000854
Минкультуры 1,397940 0,000703
задержанные 1,397940 0,000703
Финляндии 1,397940 0,000703
картины 1,096910 0,000551
скоро 0,958607 0,000964
вернутся 1,522879 0,000766
Россию 0,568636 0,000286
Отделка 1,698970 0,000854
платформы 1,397940 0,000703
стартовала 1,522879 0,000766
метро 1,096910 0,000551
Марьина 1,698970 0,000854
Роща 1,698970 0,000854
После 0,795880 0,000400
ухода 1,221849 0,000614
международных 1,045757 0,000526
брендов 1,154902 0,000581
российские 0,958607 0,000964
ТЦ 1,522879 0,000766
потеряют 1,698970 0,000854
выручки 1,698970 0,000854
Колонный 1,698970 0,001281
зал 1,301030 0,000981
орудийный 1,698970 0,001281
лафет 1,698970 0,001281
Новодевичье 1,397940 0,001054
Жириновский 0,677781 0,000511
сам 1,000000 0,000754
написал 1,154902 0,000871
сценарий 1,221849 0,000921
своих 0,657577 0,000496
похорон 1,522879 0,001148
Yappy 1,698970 0,000854
Там 1,096910 0,000827
ICQ 1,397940 0,000703
Минцифры 1,301030 0,000654
предлагает 1,045757 0,000526
замену 1,397940 0,000703
иностранным 1,698970 0,000854
сервисам 1,698970 0,000854
Поезд 1,301030 0,000654
столкнулся 1,301030 0,000654
легковушкой 1,698970 0,000854
Ти 1,698970 0,000854
НАО 1,698970 0,000854
приехал 1,301030 0,000654
прощание 1,221849 0,000614
под 0,376751 0,000474
Одессой 1,096910 0,000827
уничтожен 1,301030 0,000981
центр 0,638272 0,000481
сбора 1,154902 0,000871
иностранных 0,886057 0,000668
наемников 0,958607 0,000723
Пассажир 1,698970 0,000854
ударил 1,301030 0,000654
таксиста 1,522879 0,000766
ножом 1,522879 0,000766
Басманном 1,698970 0,000854
районе 1,522879 0,000766
Суд 1,154902 0,000581
разрешил 1,397940 0,000703
Хованскому 1,522879 0,000766
пользоваться 1,221849 0,000614
интернетом 1,522879 0,000766
Макрон 1,397940 0,000703
заявил 0,744727 0,000374
конфликт 1,154902 0,000581
Украине 0,537602 0,000541
не 0,142668 0,000287
закончится 0,958607 0,000482
ближайшее 1,397940 0,001054
время 0,366532 0,000276
Два 0,853872 0,000644
экомаршрута 1,698970 0,000854
обустроят 1,698970 0,000854
Битцевском 1,698970 0,000854
лесу 1,154902 0,000581
утвердила 1,698970 0,000854
перечень 1,397940 0,000703
недружественных 1,698970 0,000854
стран 1,045757 0,000526
Минфин 1,096910 0,000551
направил 1,698970 0,000854
правительство 1,221849 0,001229
доработанный 1,522879 0,000766
законопроект 1,154902 0,000581
регулировании 1,698970 0,000854
криптовалют 1,698970 0,000854
Спецназовцы 1,698970 0,001281
Росгвардии 1,698970 0,001281
уничтожили 1,301030 0,001635
артиллерию 1,522879 0,001148
ВСУ 0,744727 0,000562
Харьковской 1,698970 0,001281
области 0,721246 0,001088
правильно 1,154902 0,000581
хранить 1,522879 0,000766
продукты 1,154902 0,000581
Памятные 1,698970 0,000854
знаки 1,522879 0,000766
честь 1,096910 0,000551
юбилея 1,698970 0,000854
Битвы 1,698970 0,000854
Москву 0,886057 0,000445
передадут 1,698970 0,000854
музеи 1,301030 0,000654
День 0,795880 0,000400
Победы 1,000000 0,000503
Нечем 1,698970 0,001281
было 0,585027 0,000441
кормить 1,522879 0,001148
детей 0,431798 0,000543
труднодоступные 1,698970 0,001281
районы 1,397940 0,001054
Мариуполя 0,853872 0,000644
доставили 1,397940 0,001054
гуманитарную 1,698970 0,001281
ОАК 1,221849 0,000921
построить 1,301030 0,000981
самолетов 1,045757 0,000789
Ту 1,154902 0,000871
Собянин 1,397940 0,000703
рассказал 0,619789 0,000467
планах 1,301030 0,000654
благоустройства 1,522879 0,000766
юге 1,698970 0,000854
опубликовало 1,397940 0,000703
свидетельства 1,397940 0,000703
преступлений 1,221849 0,000614
годы 0,853872 0,000429
ВОВ 1,301030 0,000654
Мариуполе 1,045757 0,000789
военные 0,920819 0,001620
бойцы 1,522879 0,001148
штурмуют 1,698970 0,001281
последние 0,769551 0,000774
укрепления 1,221849 0,000921
человека 0,568636 0,000286
оказались 1,154902 0,000581
завалами 1,522879 0,000766
обрушения 1,698970 0,000854
породы 1,522879 0,000766
шахте 1,045757 0,000526
Кузбассе 1,221849 0,000614
Российские 0,920819 0,001389
беспилотника 1,698970 0,001281
буксирующий 1,698970 0,001281
гаубицу 1,698970 0,001281
украинский 1,397940 0,001054
грузовик 1,522879 0,001148
Дети 0,958607 0,000482
полностью 0,795880 0,000600
обеспечиваются 1,698970 0,000854
профилактическими 1,698970 0,000854
прививками 1,698970 0,000854
Booking 1,301030 0,000654
отчиталась 1,522879 0,000766
уплате 1,522879 0,000766
штрафа 1,522879 0,000766
млрд 1,221849 0,000614
Шольц 1,301030 0,000654
Германия 0,958607 0,000482
прекратит 1,397940 0,000703
импорт 1,096910 0,000551
угля 1,000000 0,000503
течение 1,096910 0,000551
дней 0,744727 0,000374
Место 1,522879 0,000766
встречи 1,045757 0,000526
Разрыв 1,522879 0,000766
шаблона 1,698970 0,000854
За 0,568636 0,000858
гранью 1,698970 0,000854
Пугачева 1,698970 0,000854
разорилась 1,698970 0,000854
ЧП 1,522879 0,000766
Расследование 1,301030 0,000654
Фейковая 1,698970 0,000854
страна 1,096910 0,000551
апреля 0,301030 0,001059
Чингачгук 1,698970 0,000854
серия 1,000000 0,000503
Минуту 1,698970 0,001708
Главное 0,657577 0,001653
утро 1,301030 0,001962
вечер 1,397940 0,001757
короче 1,698970 0,002990
Семейный 1,397940 0,000703
подряд 1,301030 0,000654
убийство 1,301030 0,000981
Детский 1,096910 0,000551
туризм 1,522879 0,000766
году 0,602060 0,000605
путевку 1,698970 0,000854
получить 0,769551 0,000580
кешбэк 1,698970 0,000854
Ростуризм 1,522879 0,000766
возобновляет 1,698970 0,000854
программу 1,301030 0,000654
кешбэка 1,698970 0,000854
поездки 1,301030 0,000654
детские 1,301030 0,000654
лагеря 1,698970 0,000854
прошлом 1,221849 0,000614
этой 0,744727 0,000374
отдохнули 1,698970 0,000854
более 0,585027 0,000294
тысяч 0,744727 0,000562
Особенно 1,698970 0,000854
актуальным 1,698970 0,000854
такое 0,638272 0,000321
решение 0,853872 0,000644
стало 1,000000 0,000503
многодетных 1,698970 0,000854
семей 1,221849 0,000614
где 0,537602 0,000270
каждый 0,823909 0,000414
ребенок 1,154902 0,000581
мог 1,301030 0,000654
полцены 1,698970 0,000854
поехать 1,522879 0,000766
отдых 1,301030 0,000654
лагерь 1,301030 0,000654
Банда 1,522879 0,001148
гуманоидов 1,698970 0,000854
Глаза 1,698970 0,000854
убийцы 1,301030 0,000654
План 1,301030 0,000654
поддержат 1,522879 0,000766
горожан 1,397940 0,001054
бизнес 0,657577 0,000331
условиях 0,886057 0,000668
представили 1,698970 0,001281
поддержки 0,823909 0,000414
бизнеса 1,000000 0,000503
западных 1,301030 0,000654
Первоочередной 1,698970 0,000854
план 1,221849 0,000614
включает 1,522879 0,000766
сохранение 1,397940 0,000703
рабочих 1,221849 0,000614
мест 1,045757 0,000526
обеспечение 1,301030 0,000654
бесперебойного 1,698970 0,000854
функционирования 1,522879 0,000766
предприятий 1,522879 0,000766
импортозамещение 1,397940 0,000703
социальную 1,698970 0,000854
поддержку 1,000000 0,000503
москвичей 1,698970 0,000854
Комплекс 1,698970 0,000854
бога 1,522879 0,000766
Уход 1,221849 0,000614
Visa 1,397940 0,001054
Mastercard 1,397940 0,001054
банковскими 1,698970 0,001281
картами 1,522879 0,001148
Международные 1,397940 0,000703
приостанавливают 1,698970 0,000854
операции 0,920819 0,000463
станет 0,920819 0,000694
Какие 0,721246 0,000544
их 0,455932 0,000344
функции 1,698970 0,000854
станут 1,397940 0,000703
недоступны 1,698970 0,000854
расплачиваться 1,698970 0,000854
границей 1,154902 0,000581
покупать 0,886057 0,000445
интернет 0,657577 0,000331
магазинах 1,522879 0,000766
Объясняем 1,301030 0,000654
Мосфильма 1,698970 0,000854
МВД 1,154902 0,000581
КГБ 1,301030 0,000654
Убийца 1,522879 0,000766
масти 1,698970 0,000854
Двойник 1,522879 0,000766
шпиона 1,698970 0,000854
Влюбленная 1,698970 0,000854
убийца 1,154902 0,000581
Реформы 1,698970 0,000854
индексации 1,698970 0,001281
растут 1,698970 0,000854
пенсии 1,397940 0,000703
января 0,958607 0,000482
Владимир 0,431798 0,000217
дал 1,221849 0,000614
поручение 1,698970 0,000854
которое 1,096910 0,000551
коснется 1,522879 0,000766
миллионов 1,045757 0,000526
граждан 1,045757 0,000526
должно 1,301030 0,000654
принять 1,221849 0,000614
страховых 1,698970 0,000854
пенсий 1,522879 0,000766
уровне 1,397940 0,000703
выше 1,397940 0,000703
уровня 1,221849 0,000614
инфляции 1,522879 0,000766
Большие 1,698970 0,000854
пресс 0,886057 0,000668
конференции 1,154902 0,000581
Большая 1,000000 0,000503
конференция 1,221849 0,000921
традиционная 1,698970 0,000854
ежегодная 1,698970 0,000854
встреча 1,096910 0,000827
главы 1,045757 0,000526
государства 1,221849 0,000614
российскими 1,154902 0,000581
иностранными 1,522879 0,000766
журналистами 1,698970 0,000854
Президент 1,000000 0,000754
подводит 1,698970 0,000854
итоги 1,000000 0,000503
работы 0,638272 0,000321
год 0,568636 0,000429
рассказывает 0,958607 0,000482
экономической 1,698970 0,000854
политической 1,096910 0,000551
социальной 1,522879 0,000766
жизни 0,443697 0,000446
ее 0,508638 0,000511
внешней 1,301030 0,000654
внутренней 1,698970 0,000854
политике 1,221849 0,000614
а 0,327902 0,000495
также 0,494850 0,000373
общается 1,301030 0,000654
присутствующими 1,698970 0,000854
менее 1,154902 0,000581
глобальные 1,698970 0,000854
темы 0,920819 0,000694
Пресс 0,657577 0,000331
пройдет 1,221849 0,000614
декабря 0,886057 0,000445
Почему 0,522879 0,000394
европейский 1,698970 0,001281
лидер 1,096910 0,000551
антиковидным 1,698970 0,000854
инновациям 1,698970 0,000854
возглавила 1,698970 0,000854
рейтинг 1,301030 0,000981
индексу 1,698970 0,000854
инновационной 1,698970 0,000854
устойчивости 1,698970 0,000854
коронавирусу 1,698970 0,000854
втором 1,698970 0,000854
месте 0,886057 0,000445
Лондон 1,301030 0,000654
третьем 1,522879 0,000766
Барселона 1,301030 0,000654
аналогичном 1,698970 0,000854
мировом 1,698970 0,000854
рейтинге 1,301030 0,000654
российская 1,154902 0,000581
столица 1,397940 0,000703
заняла 1,522879 0,000766
третью 1,698970 0,000854
строчку 1,698970 0,000854
две 0,795880 0,000400
заняли 1,301030 0,000654
Сан 1,221849 0,000614
Франциско 1,522879 0,000766
Нью 1,221849 0,000614
Йорк 1,397940 0,000703
Рассказываем 1,154902 0,000871
какие 0,795880 0,000400
заслуги 1,522879 0,000766
удостоена 1,698970 0,000854
награды 1,301030 0,000654
магазин 1,154902 0,000581
QR 1,397940 0,001054
кодом 1,397940 0,000703
борьбе 1,096910 0,001103
COVID 1,096910 0,001930
ноября 1,221849 0,000921
рассмотрение 1,522879 0,000766
Госдуму 1,522879 0,000766
внесло 1,698970 0,000854
два 0,853872 0,000644
законопроекта 1,698970 0,000854
кодах 1,698970 0,000854
Они 0,886057 0,000445
вступят 1,698970 0,001281
силу 1,301030 0,000981
февраля 0,853872 0,000429
зачем 0,853872 0,000429
нужны 0,920819 0,000463
экстренные 1,698970 0,000854
каких 1,000000 0,000503
случаях 1,301030 0,000654
россияне 1,154902 0,000581
будут 0,638272 0,000321
обязаны 1,698970 0,001281
предъявлять 1,698970 0,000854
цифровые 1,698970 0,000854
идентификаторы 1,698970 0,000854
антирекорды 1,698970 0,000854
ограничения 1,221849 0,001229
вновь 0,823909 0,000414
вводятся 1,522879 0,000766
нерабочие 1,698970 0,000854
дни 1,000000 0,000503
чтобы 0,481486 0,000242
справиться 1,301030 0,000654
резким 1,698970 0,000854
ростом 1,698970 0,000854
заболеваемости 1,301030 0,000654
одобрил 1,698970 0,000854
соответствующие 1,698970 0,000854
предложения 1,301030 0,000654
Координационного 1,698970 0,000854
совета 1,397940 0,000703
Ранее 1,221849 0,000614
ряде 1,698970 0,000854
регионов 1,221849 0,000614
том 0,568636 0,000286
числе 1,045757 0,000526
уже 0,602060 0,000303
ввели 1,522879 0,001148
собственные 1,522879 0,000766
жесткие 1,522879 0,000766
Вакцинация 1,522879 0,000766
ответы 1,045757 0,000526
самые 0,721246 0,000725
частые 1,522879 0,000766
вопросы 0,744727 0,000562
прививках 1,698970 0,001281
По 0,619789 0,000935
данным 1,221849 0,000921
начало 1,221849 0,000921
первый 0,769551 0,000387
компонент 1,698970 0,000854
вакцины 1,522879 0,000766
получили 1,045757 0,000526
млн 0,886057 0,000668
россиян 0,744727 0,000562
привились 1,698970 0,000854
свыше 1,397940 0,000703
человек 0,494850 0,000622
Это 0,537602 0,000270
немало 1,698970 0,000854
но 0,481486 0,000363
недостаточно 1,397940 0,000703
появления 1,522879 0,000766
коллективного 1,698970 0,000854
иммунитета 1,698970 0,000854
Ведущие 1,698970 0,000854
специалисты 1,397940 0,000703
иммунологии 1,698970 0,000854
вирусам 1,698970 0,000854
отвечают 1,698970 0,000854
распространенные 1,522879 0,000766
Мы 0,537602 0,000811
Так 1,045757 0,001577
Видим 1,698970 0,002563
С 0,455932 0,000573
наступающим 1,698970 0,000854
Звездные 1,397940 0,000703
скандалы 1,522879 0,001148
Уходящий 1,698970 0,000854
был 0,481486 0,000242
богат 1,698970 0,000854
громкие 1,522879 0,000766
звезд 1,154902 0,000581
Новые 0,552842 0,000556
русские 1,045757 0,000789
сенсации 1,698970 0,001281
вспомнила 1,698970 0,000854
яркие 1,397940 0,000703
них 0,769551 0,000387
Составлен 1,522879 0,000766
самых 0,585027 0,000441
популярных 1,096910 0,000827
котов 1,698970 0,001281
десятилетия 1,698970 0,000854
Названы 1,301030 0,000654
которые 0,431798 0,000326
становились 1,698970 0,000854
героями 1,301030 0,000654
новостей 0,619789 0,000312
лет 0,366532 0,000369
Анализы 1,698970 0,000854
алкоголь 1,397940 0,001054
лишение 1,522879 0,000766
прав 0,920819 0,000694
без 0,387216 0,000487
суда 1,397940 0,001054
ждет 0,853872 0,000429
водителей 1,045757 0,001052
Получить 1,522879 0,000766
водительское 1,698970 0,000854
удостоверение 1,522879 0,000766
сложнее 1,397940 0,000703
Теперь 0,958607 0,000723
этого 0,619789 0,000312
надо 0,823909 0,000414
сдать 1,698970 0,000854
анализы 1,522879 0,000766
наркотики 1,522879 0,000766
медицинскими 1,698970 0,000854
справками 1,698970 0,000854
выстроились 1,522879 0,000766
огромные 1,522879 0,000766
очереди 1,221849 0,000614
ведь 1,154902 0,000581
они 0,657577 0,000496
подорожают 1,698970 0,000854
Но 0,619789 0,000312
это 0,292430 0,000294
только 0,309804 0,000156
Готовятся 1,698970 0,000854
поправки 1,698970 0,000854
закон 1,221849 0,000614
согласно 1,301030 0,000654
которым 1,045757 0,000526
ГИБДД 1,221849 0,000614
сможет 1,096910 0,000551
лишать 1,698970 0,000854
водительских 1,522879 0,000766
получив 1,522879 0,000766
медиков 1,522879 0,000766
сведения 1,221849 0,000614
изменениях 1,698970 0,000854
здоровье 1,045757 0,000526
Не 0,481486 0,000242
говори 1,522879 0,000766
да 1,045757 0,000789
стоит 0,677781 0,000682
ли 0,397940 0,000400
бояться 1,397940 0,000703
крадущих 1,698970 0,000854
голоса 1,698970 0,001281
мошенников 1,301030 0,000654
Сообщения 1,221849 0,000614
телефонных 1,522879 0,000766
звонках 1,698970 0,000854
предложением 1,522879 0,000766
пройти 1,154902 0,000581
некий 1,522879 0,000766
соцопрос 1,698970 0,000854
поступают 1,522879 0,000766
все 0,292430 0,000294
чаще 1,154902 0,000581
Есть 0,886057 0,000445
мнение 1,045757 0,000526
так 0,522879 0,000394
аферисты 1,698970 0,000854
пытаются 1,301030 0,000654
образец 1,698970 0,000854
вашего 1,154902 0,000581
первую 0,958607 0,000482
очередь 1,301030 0,000654
интересует 1,698970 0,000854
слово 0,886057 0,000445
Когда 0,602060 0,000303
заработала 1,522879 0,000766
единая 1,698970 0,000854
биометрическая 1,698970 0,000854
система 1,221849 0,000614
слухи 1,301030 0,000654
стали 0,853872 0,000429
выглядеть 1,221849 0,000614
пугающе 1,698970 0,000854
сболтнешь 1,698970 0,000854
лишнего 1,698970 0,000854
потеряешь 1,522879 0,000766
деньги 0,958607 0,000482
банковском 1,698970 0,000854
счете 1,698970 0,000854
новый 0,552842 0,000278
вид 1,154902 0,000581
мошенничества 1,522879 0,000766
городская 1,301030 0,000654
легенда 1,698970 0,000854
Отставка 1,698970 0,000854
бегство 1,698970 0,000854
Эво 1,698970 0,001281
Моралеса 1,698970 0,001281
хроника 1,221849 0,000614
событий 0,853872 0,000429
Лидер 1,397940 0,000703
Боливии 1,698970 0,000854
Моралес 1,698970 0,000854
подал 1,522879 0,000766
отставку 1,698970 0,000854
спустя 1,154902 0,000581
почти 0,853872 0,000429
правления 1,522879 0,000766
конца 0,886057 0,000445
октября 1,096910 0,000551
страну 1,301030 0,000654
будоражили 1,698970 0,000854
массовые 1,522879 0,000766
беспорядки 1,522879 0,000766
унесли 1,698970 0,000854
трех 1,221849 0,000614
власть 1,221849 0,000614
перешла 1,698970 0,000854
оппозиционеру 1,698970 0,000854
Жанин 1,698970 0,000854
Аньес 1,698970 0,000854
самого 1,045757 0,000789
хотят 0,920819 0,000463
арестовать 1,698970 0,000854
некоторым 1,698970 0,000854
он 0,568636 0,000429
пытался 1,397940 0,000703
сбежать 1,698970 0,000854
семьей 1,154902 0,000581
Аргентину 1,698970 0,000854
Мифы 1,221849 0,000614
правда 0,958607 0,001205
БАДах 1,698970 0,000854
иммуномодуляторах 1,698970 0,000854
Женьшень 1,698970 0,000854
эхинацея 1,698970 0,000854
препараты 1,698970 0,000854
оленьих 1,698970 0,000854
рогов 1,698970 0,000854
чудо 1,154902 0,000581
растений 1,698970 0,000854
обещает 1,522879 0,000766
реклама 1,154902 0,000581
способны 1,698970 0,000854
взбодрить 1,698970 0,000854
организм 1,698970 0,000854
подстегнуть 1,698970 0,000854
иммунитет 1,397940 0,001054
Звучит 1,698970 0,000854
заманчиво 1,698970 0,000854
дорого 1,522879 0,000766
этих 0,958607 0,000482
веществах 1,698970 0,000854
возможности 1,000000 0,000503
усиливать 1,522879 0,000766
целом 1,301030 0,000654
знает 1,000000 0,000503
наука 1,301030 0,000654
Наркотики 1,698970 0,000854
безобидных 1,698970 0,000854
лекарствах 1,698970 0,000854
приболевшие 1,698970 0,000854
водители 1,698970 0,000854
рискуют 1,698970 0,000854
правами 1,522879 0,000766
Успокоительные 1,698970 0,000854
обезболивающие 1,698970 0,000854
продаются 1,698970 0,000854
рецепта 1,522879 0,000766
превращают 1,698970 0,000854
приболевших 1,698970 0,000854
официальных 1,301030 0,000654
наркоманов 1,698970 0,000854
Минздраве 1,698970 0,000854
давно 0,823909 0,000414
обсуждают 1,154902 0,000581
маркировку 1,522879 0,000766
медпрепаратов 1,698970 0,000854
которых 0,677781 0,000341
нельзя 0,853872 0,000429
садиться 1,698970 0,000854
руль 1,301030 0,000654
Такой 1,522879 0,000766
знак 1,522879 0,000766
упаковках 1,698970 0,000854
появиться 1,397940 0,000703
вместе 0,769551 0,000387
ужесточением 1,698970 0,000854
наказания 1,397940 0,000703
вождение 1,698970 0,000854
воздействием 1,522879 0,000766
лекарств 1,154902 0,000581
перемены 1,698970 0,000854
ждут 1,301030 0,000654
завтрашнего 1,698970 0,000854
дня 0,494850 0,000373
стартует 1,301030 0,000654
переход 1,698970 0,000854
называемый 1,522879 0,000766
устойчивый 1,698970 0,000854
Интернет 0,823909 0,000414
можно 0,443697 0,000335
оформить 1,522879 0,000766
ДТП 1,301030 0,000654
бланков 1,698970 0,000854
выдаче 1,522879 0,000766
микрокредитов 1,698970 0,000854
туристическим 1,698970 0,000854
фирмам 1,698970 0,000854
запретят 1,698970 0,000854
заниматься 1,301030 0,000654
паломническими 1,698970 0,000854
турами 1,698970 0,000854
Кокорин 1,522879 0,000766
Мамаев 1,698970 0,000854
вышли 1,397940 0,000703
свободу 1,397940 0,000703
Сколько 1,154902 0,000871
стоят 1,397940 0,000703
сборы 1,301030 0,000654
школу 1,096910 0,000827
разных 0,920819 0,000463
странах 1,045757 0,000526
мира 0,537602 0,000405
среднем 1,522879 0,000766
собрать 1,698970 0,000854
ребенка 0,823909 0,000414
долларов 1,096910 0,000551
этим 1,000000 0,000503
обстоят 1,698970 0,000854
дела 1,045757 0,000526
США 0,508638 0,000639
Швейцарии 1,301030 0,000654
Китае 1,397940 0,000703
Японии 0,958607 0,000482
Аргентине 1,698970 0,000854
Робот 1,698970 0,000854
Boston 1,698970 0,000854
Dynamics 1,698970 0,000854
выдержал 1,698970 0,000854
конкуренции 1,698970 0,000854
Федором 1,698970 0,000854
Шапокляк 1,698970 0,000854
либералов 1,698970 0,000854
Вот 0,958607 0,000482
оно 1,301030 0,000654
какое 1,096910 0,000551
наше 1,221849 0,000614
лето 1,045757 0,000526
Британская 1,301030 0,000654
полиция 1,301030 0,000654
нашла 1,522879 0,000766
руки 1,154902 0,000581
Кремля 1,397940 0,000703
деле 0,886057 0,000445
Скрипалей 1,698970 0,000854
Бориску 1,698970 0,000854
царство 1,698970 0,000854
Рогозина 1,698970 0,000854
Жигулях 1,698970 0,000854
запустили 1,397940 0,000703
космос 1,522879 0,000766
Порошенко 1,698970 0,000854
vs 1,301030 0,000654
Зеленский 1,154902 0,000581
Файт 1,698970 0,000854
Главные 0,769551 0,000387
Все 0,148742 0,000224
новости 0,420216 0,000528
теме 1,045757 0,001314
Синоптик 1,397940 0,000703
пообещал 1,397940 0,000703
москвичам 1,698970 0,000854
майскую 1,698970 0,000854
погоду 1,698970 0,000854
пятницу 1,096910 0,001654
Аномально 1,698970 0,000854
теплая 1,698970 0,000854
погода 1,397940 0,000703
ожидается 1,301030 0,000654
Гинцбург 1,522879 0,000766
назальная 1,522879 0,000766
вакцина 1,397940 0,000703
вышла 1,045757 0,000526
гражданский 1,397940 0,000703
оборот 1,301030 0,000654
ВОЗ 1,522879 0,000766
поставила 1,397940 0,000703
паузу 1,522879 0,000766
регистрацию 1,397940 0,000703
Спутника 1,698970 0,000854
V 0,958607 0,000482
Скоро 1,000000 0,000503
эфире 0,823909 0,000414
Своя 1,397940 0,001054
Провокация 1,397940 0,000703
Буче 0,958607 0,000482
организаторы 1,698970 0,000854
угрозы 1,397940 0,000703
Зеленского 0,958607 0,000482
уговоры 1,698970 0,000854
Страна 1,397940 0,001054
талантов 1,397940 0,001054
Одаренные 1,698970 0,000854
всех 0,552842 0,000278
уголков 1,522879 0,000766
шоу 0,657577 0,000496
Жди 1,522879 0,001148
меня 0,721246 0,000544
детстве 1,397940 0,000703
героя 1,096910 0,000551
разлучили 1,698970 0,000854
сестрой 1,522879 0,000766
которую 1,000000 0,000503
позже 1,221849 0,000614
удочерили 1,698970 0,000854
Состоится 1,698970 0,000854
долгожданная 1,698970 0,000854
Захар 1,522879 0,001148
Прилепин 1,522879 0,001148
Уроки 1,301030 0,000981
русского 0,769551 0,000580
Русский 1,045757 0,000526
писатель 1,221849 0,000614
русской 0,744727 0,000374
вере 1,698970 0,000854
Поедем 1,698970 0,001281
поедим 1,698970 0,001281
Федерико 1,522879 0,000766
Арнальди 1,698970 0,000854
Домбае 1,698970 0,000854
заберется 1,698970 0,000854
головокружительную 1,698970 0,000854
высоту 1,698970 0,000854
насладится 1,698970 0,000854
кавказским 1,522879 0,000766
застольем 1,698970 0,000854
Главная 0,823909 0,000621
дорога 1,096910 0,000827
Коварные 1,698970 0,000854
переходы 1,698970 0,000854
подсветкой 1,698970 0,000854
способы 1,301030 0,000654
задержать 1,698970 0,000854
пьяного 1,522879 0,000766
субботу 1,301030 0,002289
Живая 1,522879 0,001148
еда 1,522879 0,001148
распознать 1,522879 0,000766
фальшивый 1,698970 0,000854
продукт 1,522879 0,000766
полезного 1,397940 0,000703
вкусного 1,698970 0,000854
есть 0,568636 0,000286
оленине 1,698970 0,000854
Квартирный 1,698970 0,001281
вопрос 0,698970 0,000527
превратит 1,522879 0,000766
кухню 1,522879 0,000766
островок 1,698970 0,000854
зелени 1,698970 0,000854
Однажды 1,045757 0,000789
Счастье 1,698970 0,000854
Ивана 1,301030 0,000654
Колесникова 1,698970 0,000854
интервью 0,823909 0,000414
Александры 1,522879 0,000766
Яковлевой 1,221849 0,000614
Любаша 1,698970 0,000854
внутренний 1,522879 0,000766
двигатель 1,522879 0,000766
следу 1,522879 0,001148
монстра 1,397940 0,001054
Дело 1,096910 0,000551
подмосковном 1,698970 0,000854
маньяке 1,698970 0,000854
избегавшем 1,698970 0,000854
правосудия 1,522879 0,000766
новом 0,853872 0,000429
фильме 1,096910 0,000551
цикла 1,397940 0,000703
Следствие 1,522879 0,001148
вели 1,698970 0,001281
Жестокое 1,698970 0,000854
мужчины 0,920819 0,000463
Саратовской 1,698970 0,000854
Кому 1,301030 0,000654
помешал 1,698970 0,000854
помогло 1,698970 0,000854
поймать 1,522879 0,000766
преступника 1,397940 0,000703
Секрет 1,301030 0,000981
миллион 1,154902 0,000871
Блестящая 1,698970 0,000854
Ксения 1,221849 0,000614
Новикова 1,698970 0,000854
годами 1,522879 0,000766
терпела 1,698970 0,000854
издевательства 1,698970 0,000854
мужа 1,221849 0,000614
едва 1,522879 0,000766
потеряла 1,221849 0,000614
теперь 0,677781 0,000511
лишиться 1,522879 0,000766
дома 0,744727 0,000374
субботуна 1,698970 0,000854
Ты 1,000000 0,000754
поверишь 1,698970 0,001281
Наташа 1,301030 0,000654
Королева 1,301030 0,000654
сбежала 1,522879 0,000766
со 0,387216 0,000195
рождения 0,677781 0,000341
Эвелины 1,522879 0,000766
Бледанс 1,522879 0,000766
опасные 1,221849 0,000614
секреты 1,096910 0,000551
красоты 1,221849 0,000614
Ирины 1,698970 0,000854
Безруковой 1,698970 0,000854
Центральное 1,698970 0,001281
телевидение 1,397940 0,001054
вплоть 1,522879 0,000766
дефолта 1,397940 0,000703
раскол 1,698970 0,000854
европейском 1,698970 0,000854
единстве 1,698970 0,000854
транспортная 1,698970 0,000854
блокада 1,522879 0,000766
Калининграда 1,301030 0,000654
Чудо 1,301030 0,000981
техники 1,221849 0,000921
Роботы 1,397940 0,000703
вместо 0,744727 0,000374
людей 0,698970 0,000351
фермах 1,698970 0,000854
лечебные 1,698970 0,000854
тапочки 1,698970 0,000854
реальная 1,397940 0,000703
польза 1,698970 0,000854
фунготерапии 1,698970 0,000854
воскресенье 1,397940 0,001757
Дачный 1,698970 0,001281
ответ 1,045757 0,000789
следам 1,698970 0,000854
инков 1,698970 0,000854
отправит 1,698970 0,000854
мансарду 1,698970 0,000854
Перу 1,397940 0,000703
Наш 1,045757 0,000789
Потреб 1,698970 0,001281
Надзор 1,698970 0,001281
ажиотаже 1,698970 0,000854
зарабатывают 1,698970 0,000854
владельцы 1,698970 0,000854
торговых 1,397940 0,000703
сетей 1,698970 0,000854
заводах 1,698970 0,000854
хватает 1,301030 0,000654
упаковки 1,698970 0,000854
Он 0,721246 0,000363
предвидел 1,522879 0,000766
Неизвестные 1,522879 0,000766
пророчества 1,698970 0,000854
главное 1,301030 0,000654
завещание 1,698970 0,000854
Владимира 0,721246 0,000363
Жириновского 0,657577 0,000331
Новых 1,698970 0,000854
русских 0,853872 0,000429
сенсациях 1,698970 0,000854
Звезды 0,823909 0,000621
сошлись 1,301030 0,000981
легендарный 1,301030 0,000654
обладатель 1,698970 0,000854
Хрустальной 1,698970 0,000854
совы 1,698970 0,000854
оказался 0,920819 0,000463
грани 1,221849 0,000614
нищеты 1,698970 0,000854
Маска 1,221849 0,000921
сцене 1,397940 0,000703
популярного 1,397940 0,000703
начинается 1,301030 0,000654
битва 1,301030 0,000654
титанов 1,301030 0,000654
Морские 1,698970 0,001281
дьяволы 1,698970 0,001281
серии 0,920819 0,000463
боевика 1,397940 0,000703
Дальние 1,698970 0,000854
рубежи 1,698970 0,000854
Полицейское 1,698970 0,001281
братство 1,698970 0,001281
Эти 1,221849 0,000614
пенсионеры 1,698970 0,000854
всегда 0,657577 0,000331
готовы 1,154902 0,000581
тряхнуть 1,698970 0,000854
стариной 1,698970 0,000854
премьера 1,154902 0,000581
Теги 1,397940 0,000703
армии 1,045757 0,000526
Спецоперация 1,096910 0,000827
российский 0,886057 0,000668
военный 1,221849 0,000921
спас 1,698970 0,001281
раненых 1,698970 0,001281
товарищей 1,698970 0,001281
горящего 1,397940 0,001054
танка 1,698970 0,001281
эвакуировали 1,154902 0,000871
Херсонской 1,154902 0,000871
Крым 1,154902 0,000871
армия 1,096910 0,000551
флот 1,522879 0,000766
Instagram 1,221849 0,001229
Разработчики 1,698970 0,000854
Россграма 1,698970 0,000854
интерфейс 1,301030 0,000654
соцсети 1,154902 0,000581
СМИ 0,481486 0,000847
Meta 1,301030 0,000654
запрещенную 1,698970 0,000854
территории 1,096910 0,000551
организацию 1,397940 0,000703
Роскомнадзор 0,823909 0,000621
ограничил 1,698970 0,000854
доступ 1,045757 0,000526
Euronews 1,522879 0,000766
Юрист 1,522879 0,000766
назвал 0,795880 0,000400
способа 1,522879 0,000766
разблокировать 1,698970 0,000854
Facebook 0,958607 0,000723
наказании 1,397940 0,000703
покупку 1,698970 0,000854
рекламы 0,823909 0,000414
авиация 1,522879 0,000766
расширили 1,522879 0,000766
антироссийские 1,397940 0,000703
Новая 0,823909 0,000414
полетная 1,698970 0,000854
Сочи 0,920819 0,000463
улететь 1,698970 0,000854
Каир 1,698970 0,000854
Тель 1,221849 0,000614
Авив 1,698970 0,000854
Анталью 1,698970 0,000854
экспортные 1,698970 0,000854
отношении 0,853872 0,000429
Аэрофлота 1,698970 0,000854
Utair 1,698970 0,000854
Azur 1,698970 0,000854
Air 1,397940 0,000703
Мишустин 0,920819 0,000463
сроках 1,397940 0,000703
полного 1,522879 0,000766
импортозамещения 1,154902 0,000581
узлов 1,698970 0,000854
агрегатов 1,698970 0,000854
МС 1,397940 0,000703
Официальные 1,522879 0,000766
аккаунты 1,698970 0,000854
twitter 1,397940 0,000703
VK 1,154902 0,000581
Одноклассники 0,823909 0,000414
Telegram 0,769551 0,000387
youtube 1,397940 0,000703
RuTube 1,698970 0,000854
Приложения 1,154902 0,000581
компании 0,677781 0,000341
Вещание 1,397940 0,000703
Вакансии 0,657577 0,000331
Логотип 1,522879 0,000766
Реклама 0,387216 0,000195
Тематические 1,522879 0,000766
каналы 1,522879 0,000766
AO 1,698970 0,000854
Телекомпания 1,698970 0,001281
права 0,431798 0,000217
защищены 0,602060 0,000303
При 0,769551 0,000387
любом 1,154902 0,000581
использовании 1,221849 0,000614
материалов 0,585027 0,000294
ссылка 1,154902 0,000581
сайтов 1,301030 0,000654
гиперссылка 1,397940 0,000703
www 0,698970 0,000527
ntv 1,698970 0,001281
обязательна 1,154902 0,000581
Используя 1,221849 0,000614
настоящий 1,221849 0,000614
сайт 0,494850 0,000249
вы 0,420216 0,000211
обязуетесь 1,698970 0,000854
выполнять 1,522879 0,000766
условия 0,958607 0,000482
данного 1,301030 0,000654
соглашения 1,000000 0,000503
сетевое 1,221849 0,000614
издание 0,657577 0,000331
NTV 1,698970 0,002990
RU 0,886057 0,001559
зарегистрировано 0,823909 0,000414
Федеральной 0,619789 0,000312
службе 0,920819 0,000463
надзору 0,619789 0,000312
сфере 0,552842 0,000278
связи 0,455932 0,000229
информационных 0,585027 0,000294
технологий 0,568636 0,000286
массовых 0,568636 0,000286
коммуникаций 0,585027 0,000294
Свидетельство 0,721246 0,000363
регистрации 0,638272 0,000321
средства 1,154902 0,000581
массовой 1,000000 0,000503
информации 0,698970 0,000351
Эл 0,721246 0,000363
ФС 0,522879 0,000263
г 0,602060 0,000303
Название 1,221849 0,000614
Учредитель 0,698970 0,000351
соучредители 1,397940 0,000703
сетевого 1,096910 0,001379
издания 0,886057 0,001114
Акционерное 1,698970 0,000854
общество 0,958607 0,000482
Главный 0,585027 0,000294
редактор 0,585027 0,000294
Демков 1,698970 0,000854
К 0,638272 0,000321
Номер 1,522879 0,000766
телефона 1,397940 0,000703
редакции 0,481486 0,000363
Адрес 0,721246 0,000363
электронной 0,886057 0,000445
почты 0,886057 0,000445
