Мариинский 1,522879 0,017754
театр 1,221849 0,009496
Официальный 1,221849 0,001583
сайт 0,494850 0,000641
Афиша 0,795880 0,001031
и 0,075721 0,001030
билеты 1,096910 0,001421
Детям 1,301030 0,001685
Визит 1,698970 0,002201
в 0,070581 0,001143
Труппа 1,698970 0,002201
О 0,207608 0,000269
театре 1,045757 0,003387
Новости 0,221849 0,000287
Для 0,494850 0,000641
прессы 1,698970 0,002201
апреля 0,301030 0,001755
пятница 1,301030 0,001685
Игрок 1,698970 0,002201
опера 1,522879 0,009863
Сергея 0,920819 0,001789
Прокофьева 1,698970 0,005502
В 0,167491 0,002170
главных 0,853872 0,007742
партиях 1,698970 0,015405
Сергей 0,468521 0,001821
Семишкур 1,698970 0,002201
Татьяна 1,000000 0,001943
Павловская 1,698970 0,002201
Геннадий 1,221849 0,001583
Беззубенков 1,698970 0,002201
Купить 1,096910 0,020603
билет 1,096910 0,020603
Лебединое 1,698970 0,003301
озеро 1,397940 0,002716
балет 1,397940 0,007243
Мариуса 1,698970 0,004401
Петипа 1,698970 0,007703
Льва 1,301030 0,002528
Иванова 1,397940 0,002716
на 0,075721 0,000441
музыку 1,397940 0,007243
Петра 1,000000 0,002591
Чайковского 1,301030 0,004213
Мария 0,698970 0,001358
Ильюшкина 1,698970 0,002201
Никита 1,154902 0,002244
Корнеев 1,698970 0,003301
онлайн 0,508638 0,000988
трансляция 1,154902 0,002244
VI 1,698970 0,007703
Международный 1,397940 0,006338
фестиваль 1,221849 0,007122
арфы 1,698970 0,012104
Северная 1,522879 0,009863
лира 1,698970 0,011004
Выставка 1,301030 0,003371
демонстрация 1,698970 0,003301
старинных 1,698970 0,003301
коллекционных 1,698970 0,003301
арфовых 1,698970 0,003301
инструментов 1,301030 0,003371
за 0,180456 0,000584
час 1,000000 0,001943
до 0,244125 0,000474
начала 0,769551 0,001495
концерта 1,522879 0,002959
На 0,283997 0,000552
струнах 1,698970 0,002201
через 0,585027 0,001137
пространства 1,522879 0,001973
века 0,721246 0,000934
Концертный 1,698970 0,012104
зал 1,301030 0,009269
суббота 1,397940 0,001811
Виктория 1,154902 0,001496
Терешкина 1,698970 0,002201
Кимин 1,698970 0,002201
Ким 1,698970 0,002201
Трубадур 1,698970 0,002201
Джузеппе 1,698970 0,004401
Верди 1,522879 0,003945
Ахмед 1,698970 0,002201
Агади 1,698970 0,002201
Ирина 0,886057 0,001722
Чурилова 1,698970 0,003301
Екатерина 0,920819 0,004771
Семенчук 1,698970 0,004401
Алексей 0,602060 0,001170
Марков 1,698970 0,003301
Дирижер 1,522879 0,007891
Валерий 1,000000 0,005829
Гергиев 1,522879 0,008877
Страдивари 1,698970 0,002201
ансамбль 1,698970 0,002201
детям 1,096910 0,001421
Лоренц 1,698970 0,002201
Настурика 1,698970 0,002201
Гершовичи 1,698970 0,002201
лет 0,366532 0,000712
музыкальному 1,698970 0,002201
училищу 1,698970 0,002201
им 0,602060 0,000780
Н 0,823909 0,001067
А 0,376751 0,000488
Римского 1,522879 0,001973
Корсакова 1,522879 0,001973
Мастер 1,096910 0,002131
класс 1,301030 0,002528
Эмилии 1,698970 0,003301
Москвитиной 1,698970 0,003301
арфа 1,698970 0,003301
Зал 1,698970 0,011004
Французская 1,522879 0,001973
испанская 1,698970 0,002201
музыка 1,045757 0,002709
для 0,119186 0,000463
Класс 1,522879 0,001973
Концерт 1,397940 0,003622
молодых 1,154902 0,002992
оперных 1,698970 0,003301
солистов 1,698970 0,003301
Айгуль 1,698970 0,002201
Хисматуллина 1,698970 0,002201
Гамид 1,698970 0,003301
Абдулов 1,522879 0,002959
Владислав 1,221849 0,001583
Куприянов 1,698970 0,002201
Рахманинова 1,397940 0,006338
Санникова 1,698970 0,002201
Александр 0,468521 0,000910
Михайлов 1,397940 0,001811
Дмитрий 0,602060 0,000780
Григорьев 1,397940 0,001811
воскресенье 1,397940 0,001811
Дягилев 1,698970 0,003301
Жизель 1,698970 0,003301
Коралли 1,698970 0,003301
Перро 1,522879 0,002959
Адольфа 1,522879 0,002959
Адана 1,522879 0,002959
Рената 1,522879 0,001973
Шакирова 1,698970 0,002201
Хорева 1,698970 0,002201
Сергеев 1,698970 0,002201
Дон 1,522879 0,001973
Карлос 1,698970 0,002201
Хибла 1,698970 0,002201
Герзмава 1,698970 0,002201
Скороходов 1,698970 0,002201
Роман 0,795880 0,001031
Бурденко 1,698970 0,002201
Ильдар 1,698970 0,003301
Абдразаков 1,698970 0,003301
Алексашкин 1,698970 0,002201
Иоланта 1,522879 0,001973
концертное 1,698970 0,002201
исполнение 1,397940 0,001811
Мигран 1,698970 0,002201
Агаджанян 1,698970 0,002201
Станислав 1,154902 0,002244
Трофимов 1,397940 0,002716
Евгений 0,698970 0,001358
Никитин 1,397940 0,002716
Песни 1,045757 0,001355
Земли 1,154902 0,001496
Гала 1,301030 0,001685
концерт 1,522879 0,002959
закрытие 1,522879 0,001973
фестиваля 1,397940 0,003622
Людмилы 1,522879 0,001973
Рохлиной 1,698970 0,002201
понедельник 1,397940 0,001811
Струнные 1,698970 0,002201
квартеты 1,698970 0,002201
Гайдна 1,698970 0,002201
Бетховена 1,698970 0,002201
Исполняют 1,698970 0,002201
Дина 1,301030 0,001685
Зикеева 1,698970 0,002201
Грибанова 1,698970 0,002201
скрипка 1,522879 0,001973
Юрий 0,795880 0,001546
Афонькин 1,698970 0,002201
альт 1,698970 0,002201
Олег 0,795880 0,001031
Сендецкий 1,698970 0,002201
виолончель 1,698970 0,002201
вторник 1,698970 0,002201
К 0,638272 0,002067
юбилею 1,397940 0,002716
Елены 1,397940 0,001811
Евтеевой 1,698970 0,002201
Баядерка 1,698970 0,002201
Людвига 1,397940 0,001811
Минкуса 1,698970 0,002201
летию 1,221849 0,001583
со 0,387216 0,000752
дня 0,494850 0,000961
рождения 0,677781 0,001317
Галины 1,698970 0,002201
Ковалевой 1,698970 0,002201
Жизнь 0,823909 0,001067
царя 1,698970 0,002201
Михаила 1,154902 0,001496
Глинки 1,522879 0,001973
Антонина 1,698970 0,003301
Весенина 1,698970 0,002201
Крапивина 1,698970 0,002201
Денис 0,853872 0,001106
Закиров 1,698970 0,002201
Русалка 1,522879 0,001973
Дворжака 1,698970 0,002201
Гелена 1,698970 0,002201
Гаскарова 1,698970 0,002201
Игорь 0,823909 0,001067
Барбаков 1,698970 0,002201
Михаил 0,568636 0,001473
Колелишвили 1,698970 0,002201
Старкова 1,698970 0,002201
Надежда 1,045757 0,001355
Сердюк 1,698970 0,002201
среда 1,522879 0,001973
Макбет 1,522879 0,001973
Ариунбаатар 1,698970 0,002201
Ганбаатар 1,698970 0,002201
Времена 1,698970 0,003301
года 0,356547 0,001155
Ильи 1,397940 0,002716
Живого 1,698970 0,003301
Антонио 1,698970 0,003301
Вивальди 1,698970 0,003301
Макса 1,522879 0,002959
Рихтера 1,522879 0,002959
Пер 1,698970 0,002201
Гюнт 1,698970 0,002201
театрализованный 1,698970 0,002201
Чтец 1,698970 0,002201
Николай 0,744727 0,000965
Мартон 1,698970 0,002201
Камерная 1,698970 0,003301
Вольфганга 1,698970 0,003301
Амадея 1,698970 0,003301
Моцарта 1,698970 0,003301
четверг 1,221849 0,001583
Перенос 1,698970 0,002201
спектакля 1,221849 0,001583
с 0,102373 0,000332
мая 0,823909 0,001601
Парсифаль 1,698970 0,002201
Рихарда 1,522879 0,001973
Вагнера 1,522879 0,001973
Векуа 1,698970 0,002201
Анна 0,568636 0,000737
Маркарова 1,698970 0,002201
Воробьев 1,397940 0,001811
Петренко 1,397940 0,001811
Свадьба 1,397940 0,001811
Фигаро 1,698970 0,002201
постановке 1,698970 0,002201
Александра 0,638272 0,000827
Петрова 1,221849 0,001583
Людмила 0,920819 0,001193
Разумкова 1,698970 0,002201
Соловьева 1,397940 0,001811
Иван 0,744727 0,000965
Новоселов 1,698970 0,002201
Романов 1,301030 0,001685
духового 1,698970 0,002201
квинтета 1,698970 0,002201
программе 1,045757 0,001355
Таффанель 1,698970 0,002201
Моцарт 1,698970 0,002201
Пуленк 1,698970 0,002201
Мариинском 1,698970 0,012104
Открытый 1,397940 0,001811
меньше 1,154902 0,001496
назад 0,721246 0,000934
подарил 1,698970 0,002201
новые 0,508638 0,000659
возможности 1,000000 0,001295
музыкантов 1,397940 0,001811
оркестра 1,522879 0,003945
хора 1,522879 0,001973
вокалистов 1,698970 0,002201
Исполнение 1,522879 0,001973
камерной 1,698970 0,002201
музыки 1,221849 0,001583
совершенно 0,886057 0,001148
особенная 1,698970 0,002201
область 1,045757 0,001355
музицирования 1,698970 0,002201
которая 0,823909 0,001601
нуждается 1,698970 0,002201
подходящих 1,522879 0,001973
этого 0,619789 0,000803
акустических 1,698970 0,002201
условиях 0,886057 0,001148
домашней 1,698970 0,002201
обстановке 1,522879 0,001973
Сейчас 0,823909 0,001067
новая 1,000000 0,001295
площадка 1,698970 0,002201
Мариинского 1,522879 0,005918
процессе 1,301030 0,001685
формирования 1,221849 0,001583
своего 0,920819 0,001193
репертуара 1,698970 0,002201
завоевания 1,522879 0,001973
публики 1,698970 0,002201
апреле 0,853872 0,001106
здесь 0,744727 0,000965
пройдет 1,221849 0,002374
цикл 1,301030 0,001685
концертов 1,221849 0,001583
которые 0,431798 0,000559
намечают 1,522879 0,001973
некоторые 1,096910 0,001421
репертуарные 1,698970 0,002201
сюжеты 1,301030 0,001685
демонстрируют 1,698970 0,002201
потенциал 1,522879 0,001973
зала 1,522879 0,001973
уникальных 1,698970 0,002201
фестивале 1,154902 0,001496
этом 0,585027 0,000758
году 0,602060 0,001170
концертная 1,698970 0,002201
программа 0,958607 0,001242
Международного 1,698970 0,002201
приуроченного 1,698970 0,002201
к 0,207608 0,000269
национальных 1,522879 0,001973
культур 1,522879 0,001973
знакомит 1,397940 0,001811
зрителей 1,221849 0,001583
многочисленными 1,698970 0,002201
предшественниками 1,698970 0,002201
близкими 1,522879 0,001973
дальними 1,698970 0,002201
родственниками 1,698970 0,002201
современной 0,958607 0,001242
Год 0,958607 0,001242
Дягилева 1,522879 0,002959
Сегодня 0,677781 0,000878
исполняется 1,522879 0,001973
репертуаре 1,698970 0,002201
театра 1,154902 0,003740
насчитывается 1,698970 0,002201
два 0,853872 0,001106
десятка 1,698970 0,002201
произведений 0,853872 0,001106
обязанных 1,698970 0,002201
легендарному 1,698970 0,002201
импресарио 1,698970 0,002201
своим 1,045757 0,001355
возникновением 1,698970 0,002201
С 0,455932 0,000591
по 0,124939 0,000162
уже 0,602060 0,000780
шестой 1,698970 0,002201
раз 0,698970 0,000905
состоится 1,096910 0,001421
Его 0,958607 0,001863
основательница 1,698970 0,002201
организатор 1,698970 0,002201
солистка 1,397940 0,001811
Софья 1,522879 0,002959
Кипрская 1,698970 0,003301
Традиционно 1,698970 0,002201
событие 1,397940 0,001811
посвящают 1,698970 0,002201
японской 1,698970 0,002201
арфистке 1,698970 0,002201
Йоко 1,698970 0,002201
Нагаэ 1,698970 0,002201
Ческине 1,698970 0,002201
меценату 1,698970 0,002201
многолетнему 1,698970 0,002201
другу 1,045757 0,001355
партнеру 1,698970 0,002201
концерте 1,522879 0,001973
честь 1,096910 0,002131
открытия 1,397940 0,001811
будет 0,387216 0,000502
дирижировать 1,698970 0,002201
лауреат 1,397940 0,001811
президентской 1,397940 0,001811
премии 0,853872 0,001659
Поздравляем 1,698970 0,002201
солистку 1,698970 0,002201
Софью 1,698970 0,002201
Кипрскую 1,698970 0,002201
стала 0,823909 0,001067
лауреатом 1,397940 0,001811
Президента 1,698970 0,002201
Российской 0,769551 0,000997
Федерации 0,795880 0,001031
деятелей 1,301030 0,001685
культуры 0,795880 0,001031
год 0,568636 0,000737
Соответствующий 1,522879 0,001973
указ 1,522879 0,001973
сегодня 0,677781 0,000878
подписал 1,522879 0,001973
руководитель 1,397940 0,002716
страны 0,638272 0,000827
Владимир 0,431798 0,000839
Путин 0,721246 0,000934
встреча 1,096910 0,001421
лауреатами 1,698970 0,002201
прошла 1,045757 0,001355
днем 1,301030 0,001685
формате 1,154902 0,001496
видеоконференции 1,698970 0,002201
ней 0,823909 0,001067
принял 1,000000 0,001295
участие 0,958607 0,001242
художественный 1,397940 0,001811
директор 1,397940 0,001811
Просмотр 1,698970 0,002201
балетную 1,698970 0,002201
труппу 1,698970 0,002201
Приморской 1,698970 0,002201
сцены 1,522879 0,001973
Mariinsky 1,698970 0,002201
tv 1,096910 0,002131
Программа 0,958607 0,001242
Пушкинская 1,301030 0,001685
карта 1,154902 0,001496
XIV 1,698970 0,002201
конкурс 0,920819 0,001193
артистов 1,301030 0,001685
балета 1,154902 0,002244
Лейбл 1,698970 0,002201
Виртуальные 1,221849 0,001583
выставки 1,096910 0,001421
Шостакович 1,698970 0,002201
Oрганный 1,698970 0,002201
вопросах 1,698970 0,004401
ответах 1,522879 0,003945
Tест 1,698970 0,002201
зорких 1,698970 0,002201
театралов 1,698970 0,002201
Лизы 1,397940 0,001811
Полины 1,698970 0,002201
Графини 1,698970 0,002201
Театр 0,920819 0,001789
годы 0,853872 0,001106
войны 0,744727 0,000965
Лауреаты 1,698970 0,002201
конкурса 1,154902 0,001496
имени 0,721246 0,000934
Вихарев 1,698970 0,002201
Юлия 0,823909 0,001067
Махалина 1,698970 0,002201
Опера 1,698970 0,002201
Пеллеас 1,698970 0,002201
Мелизанда 1,698970 0,002201
Памяти 1,221849 0,001583
Майи 1,698970 0,002201
Плисецкой 1,698970 0,002201
Натальи 1,301030 0,001685
Макаровой 1,698970 0,002201
Римский 1,698970 0,002201
Корсаков 1,698970 0,002201
Щедрин 1,698970 0,002201
Балет 1,522879 0,001973
Дафнис 1,698970 0,002201
Хлоя 1,698970 0,002201
Прокофьев 1,698970 0,002201
Шкляров 1,698970 0,002201
творческому 1,698970 0,002201
вечеру 1,698970 0,002201
post 1,698970 0,002201
mariinsky 1,698970 0,005502
ru 0,187087 0,000364
Справочная 1,301030 0,001685
служба 1,301030 0,001685
tickets 1,698970 0,002201
Театральная 1,522879 0,001973
площадь 1,698970 0,002201
д 0,886057 0,004591
ул 1,000000 0,004534
Декабристов 1,698970 0,003301
Камерные 1,698970 0,002201
залы 1,221849 0,001583
Писарева 1,698970 0,002201
вход 1,397940 0,001811
Приморский 1,522879 0,001973
филиал 1,522879 0,001973
Владивосток 1,301030 0,002528
Приморская 1,698970 0,002201
сцена 1,698970 0,002201
г 0,602060 0,001560
Фастовская 1,698970 0,002201
Филиал 1,522879 0,001973
РСО 1,698970 0,002201
Алания 1,698970 0,002201
Владикавказ 1,397940 0,003622
оперы 1,221849 0,001583
Тхапсаева 1,698970 0,002201
Миллера 1,522879 0,001973
fm 1,698970 0,002201
Любое 0,886057 0,001148
использование 0,795880 0,001031
либо 1,000000 0,001295
копирование 1,301030 0,001685
материалов 0,585027 0,000758
сайта 0,522879 0,000677
элементов 1,698970 0,002201
дизайна 1,522879 0,001973
оформления 1,522879 0,001973
запрещено 1,221849 0,001583
без 0,387216 0,000502
разрешения 0,853872 0,001106
правообладателя 0,886057 0,001148
Закрыть 1,000000 0,001295
Вход 0,657577 0,001278
личный 1,221849 0,001583
кабинет 1,045757 0,001355
Забыли 1,221849 0,001583
пароль 0,920819 0,001193
Регистрация 0,657577 0,000852
Войти 0,508638 0,000659
user 1,397940 0,001811
name 1,301030 0,001685
Выход 1,301030 0,001685
Профиль 1,698970 0,002201
Корзина 1,698970 0,002201
История 0,494850 0,000641
заказов 1,522879 0,001973
