Пятница 1,522879 0,006942
Официальный 1,221849 0,001392
сайт 0,494850 0,000564
телеканала 0,958607 0,001092
Смотри 1,154902 0,001316
лучшие 0,886057 0,001010
шоу 0,657577 0,004496
когда 0,585027 0,000667
удобно 1,221849 0,001392
Прямой 0,823909 0,000939
эфир 0,795880 0,001360
Шоу 0,744727 0,005516
Телепрограмма 1,000000 0,001140
Кастинги 1,301030 0,001483
Магазин 1,045757 0,001192
ПРИЗЫ 1,698970 0,001936
ОТ 1,698970 0,001936
XIAOMI 1,698970 0,001936
О 0,207608 0,001183
телеканале 1,221849 0,002089
Вакансии 0,657577 0,000749
Правовая 0,920819 0,001574
информация 0,638272 0,001091
Города 1,522879 0,002603
и 0,075721 0,000906
страны 0,638272 0,001091
Черный 1,154902 0,014477
список 0,823909 0,010328
Сеструха 1,522879 0,002603
Талант 1,698970 0,009681
Детектор 1,698970 0,008713
Евгенич 1,698970 0,002904
На 0,283997 0,007606
ножах 1,698970 0,045499
Пацанки 1,698970 0,002904
Кондитер 1,698970 0,038723
Адская 1,698970 0,002904
кухня 1,522879 0,002603
Все 0,148742 0,000932
Кошмарному 1,698970 0,002904
сервису 1,698970 0,002904
станет 0,920819 0,001574
жутко 1,522879 0,002603
Новый 0,698970 0,001991
сезон 0,853872 0,002433
с 0,102373 0,000350
Димой 1,698970 0,006777
Масленниковым 1,698970 0,006777
Понедельник 1,522879 0,003471
Смотреть 0,721246 0,003699
Премьера 1,221849 0,002089
Пришло 1,698970 0,001936
время 0,366532 0,000418
говорить 1,045757 0,001192
правду 1,301030 0,001483
Среда 1,397940 0,001593
Вторник 1,698970 0,002904
Новые 0,552842 0,000945
серии 0,920819 0,001049
Четверг 1,698970 0,001936
Выпуски 1,301030 0,005931
Экстра 1,698970 0,007745
С 0,455932 0,003637
Ренатом 1,698970 0,008713
Агзамовым 1,698970 0,008713
Сезон 0,958607 0,078109
Сезоны 1,698970 0,007745
выпуски 1,221849 0,006266
Серия 1,154902 0,015794
Доступно 1,698970 0,004840
через 0,585027 0,001667
дня 0,494850 0,001128
новым 1,000000 0,001140
ведущим 1,522879 0,001735
Клининг 1,698970 0,003872
корпоративы 1,698970 0,001936
такси 1,301030 0,001483
Электрики 1,698970 0,001936
девичники 1,698970 0,001936
Уход 1,221849 0,001392
за 0,180456 0,000925
животными 1,698970 0,001936
клининг 1,698970 0,001936
Повара 1,698970 0,001936
косметологи 1,522879 0,001735
Жена 1,154902 0,001974
на 0,075721 0,000345
час 1,000000 0,002279
сигнализации 1,698970 0,002904
Курьерские 1,698970 0,001936
службы 1,221849 0,001392
утепление 1,698970 0,001936
стен 1,522879 0,001735
Спецуборка 1,698970 0,001936
автосервис 1,698970 0,001936
Тату 1,698970 0,001936
фаер 1,698970 0,001936
Натяжные 1,698970 0,001936
потолки 1,698970 0,001936
муж 1,154902 0,001316
Вскрытие 1,698970 0,001936
замков 1,698970 0,001936
строительные 1,698970 0,001936
эксперты 1,096910 0,001250
офиса 1,397940 0,001593
переезды 1,698970 0,001936
выпуск 1,000000 0,002849
Ольга 0,769551 0,002192
Бузова 1,301030 0,003707
Карина 1,522879 0,004339
Кросс 1,301030 0,003707
Владимир 0,431798 0,001230
Маркони 1,698970 0,004840
часов 0,958607 0,001092
Перчатка 1,522879 0,001735
Возраст 1,522879 0,001735
не 0,142668 0,000163
преграда 1,698970 0,001936
Теперь 0,958607 0,001092
все 0,292430 0,000333
таланты 1,698970 0,001936
из 0,167491 0,000286
Интернета 1,221849 0,001392
Пятнице 1,698970 0,001936
Павел 0,853872 0,000973
Раков 1,522879 0,001735
Лена 1,522879 0,001735
Катина 1,698970 0,001936
Стас 1,397940 0,003186
Пьеха 1,522879 0,001735
Птаха 1,698970 0,001936
Айза 1,522879 0,001735
Лаура 1,522879 0,001735
Лукина 1,698970 0,001936
Михайловск 1,698970 0,002904
Big 1,397940 0,002390
Russian 1,301030 0,002224
Burger 1,698970 0,002904
Ставрополь 1,397940 0,003186
Гиро 1,698970 0,002904
Бум 1,698970 0,002904
Оренбург 1,221849 0,001392
Башня 1,522879 0,001735
Краснодар 1,000000 0,002849
Пивной 1,698970 0,001936
офис 1,397940 0,001593
Екатеринбург 1,000000 0,001140
Room 1,522879 0,001735
Cafe 1,698970 0,001936
Москва 0,508638 0,001449
Территория 1,698970 0,001936
Ростов 0,958607 0,002185
Дону 1,000000 0,001709
Креветка 1,698970 0,002904
Тольятти 1,698970 0,002904
Супер 1,221849 0,002089
Рон 1,698970 0,001936
Белый 1,397940 0,001593
попугай 1,698970 0,001936
Подольск 1,698970 0,001936
Синяя 1,522879 0,001735
птица 1,397940 0,001593
Bazar 1,698970 0,001936
Детский 1,096910 0,001250
клуб 0,958607 0,001092
Тула 1,221849 0,002089
Brutal 1,698970 0,001936
Астрахань 1,221849 0,002089
Очень 1,045757 0,001192
вкусно 1,698970 0,001936
Красноармейск 1,698970 0,001936
Геоцент 1,698970 0,001936
Королев 1,698970 0,002904
Садко 1,698970 0,001936
Маяк 1,154902 0,001316
Дворик 1,698970 0,001936
Ульяновск 1,301030 0,001483
Deku 1,698970 0,001936
Курск 1,397940 0,002390
Эли 1,698970 0,001936
S 1,221849 0,001392
Зеленоград 1,698970 0,001936
Cherdak 1,698970 0,001936
Саранск 1,397940 0,001593
Прокофий 1,698970 0,001936
Великий 1,221849 0,001392
Иван 0,744727 0,000849
Царевич 1,698970 0,001936
Санкт 0,795880 0,002267
Петербург 0,920819 0,002623
Миледи 1,698970 0,001936
Prim 1,698970 0,001936
Grill 1,698970 0,001936
свои 0,698970 0,000797
Солнечногорск 1,522879 0,001735
Маренгольц 1,698970 0,001936
Сочи 0,920819 0,001574
Funduk 1,698970 0,001936
Причал 1,698970 0,001936
Драма 1,301030 0,001483
комедия 1,045757 0,001192
Щелково 1,698970 0,002904
Арабика 1,698970 0,001936
WOM 1,698970 0,001936
cafe 1,698970 0,001936
Пермь 1,096910 0,001875
DEDUSHKA 1,698970 0,001936
Дежавю 1,698970 0,001936
Густо 1,698970 0,001936
Джусто 1,698970 0,001936
Вельвет 1,698970 0,001936
Берлога 1,698970 0,001936
Пушкино 1,698970 0,001936
Авеню 1,698970 0,001936
Волгоград 1,096910 0,001875
Freddys 1,698970 0,001936
Shabash 1,698970 0,001936
Ярославль 1,154902 0,001316
Хлебсоль 1,698970 0,001936
Суперфинал 1,698970 0,001936
Спецвыпуск 1,698970 0,004840
готовят 1,397940 0,002390
дети 0,853872 0,000973
звезды 1,301030 0,001483
Cуперфинал 1,698970 0,001936
Московская 1,301030 0,001483
область 1,045757 0,001192
Центральный 1,397940 0,001593
федеральный 1,698970 0,002904
округ 1,698970 0,002904
Регионы 1,154902 0,003290
России 0,251812 0,000717
Уральский 1,698970 0,001936
Финал 1,301030 0,002224
Новосибирск 1,045757 0,001788
Казань 0,823909 0,000939
Выпуск 1,154902 0,007239
Вундеркинды 1,698970 0,013553
вундеркинды 1,698970 0,001936
Четыре 1,154902 0,012503
свадьбы 1,522879 0,016487
Цыганское 1,698970 0,002904
бохо 1,698970 0,002904
VS 1,397940 0,012745
Свадьба 1,397940 0,010355
в 0,070581 0,000523
автобусе 1,698970 0,002904
Королевская 1,301030 0,001483
свадьба 1,154902 0,010529
железнодорожной 1,522879 0,001735
тематике 1,522879 0,001735
Сказочная 1,698970 0,001936
замке 1,397940 0,001593
Фэшн 1,397940 0,001593
стиле 1,301030 0,002224
минимализма 1,698970 0,001936
Гангстерская 1,522879 0,001735
Лунная 1,698970 0,001936
эко 1,698970 0,001936
адыгейскими 1,698970 0,001936
мотивами 1,522879 0,001735
рустик 1,698970 0,001936
сюрпризом 1,698970 0,001936
тысяч 0,744727 0,002970
отмененная 1,698970 0,001936
Байкерская 1,698970 0,001936
классическая 1,397940 0,003186
БДСМ 1,698970 0,001936
Можно 1,000000 0,001140
ли 0,397940 0,000453
организовать 1,397940 0,001593
свадьбу 1,522879 0,001735
рублей 0,585027 0,001333
Сызрани 1,698970 0,001936
Москве 0,455932 0,000779
Классическая 1,397940 0,001593
Деревенская 1,698970 0,001936
городская 1,301030 0,001483
свадьб 1,698970 0,001936
Безалкогольная 1,698970 0,001936
Сейчас 0,823909 0,000939
эфире 0,823909 0,000939
Нетрадиционная 1,698970 0,001936
медицина 1,096910 0,001250
кондитеры 1,698970 0,001936
прямой 1,522879 0,001735
Далее 1,301030 0,001483
Затем 1,522879 0,001735
Помощники 1,698970 0,001936
по 0,124939 0,000142
хозяйству 1,698970 0,001936
сметчики 1,698970 0,001936
Свежие 1,301030 0,001483
Получать 1,698970 0,012585
уведомления 1,522879 0,011281
о 0,136677 0,001012
новых 0,508638 0,003768
сериях 1,698970 0,012585
Внимание 1,522879 0,011281
Для 0,494850 0,003666
выполнения 1,698970 0,012585
данного 1,301030 0,009637
действия 1,221849 0,009051
необходимо 0,920819 0,006821
авторизоваться 1,698970 0,012585
четыресвадьбы 1,698970 0,001936
санкт 1,698970 0,001936
петербург 1,698970 0,001936
геленджик 1,698970 0,001936
москва 1,698970 0,001936
сочи 1,698970 0,001936
михайловск 1,698970 0,001936
наножах 1,698970 0,002904
константинивлев 1,698970 0,002904
регинатодоренко 1,698970 0,001936
тимурродригез 1,698970 0,001936
кондитер 1,698970 0,001936
ренатагзамов 1,698970 0,001936
Дмитрий 0,602060 0,000686
Масленников 1,522879 0,001735
шоуталант 1,698970 0,001936
клавакока 1,698970 0,001936
романкаграманов 1,698970 0,001936
каринакросс 1,698970 0,001936
ольгабузова 1,698970 0,001936
владимирмаркони 1,698970 0,001936
Показать 0,886057 0,001515
еще 0,408935 0,000699
Новое 0,958607 0,001092
сайте 0,431798 0,000492
News 1,221849 0,003481
пятницаnews 1,698970 0,004840
игорьлантратов 1,698970 0,004840
уиллсмит 1,698970 0,004840
стражигалактики 1,698970 0,001936
мистернокаут 1,698970 0,001936
всевездеисразу 1,698970 0,001936
скрежет 1,698970 0,001936
мальчикдельфин 1,698970 0,001936
пушкин 1,698970 0,001936
Эд 1,397940 0,001593
Ширан 1,522879 0,001735
джастинбибер 1,698970 0,001936
Оззи 1,698970 0,001936
Осборн 1,698970 0,001936
джейсонмомоа 1,698970 0,001936
селенагомес 1,698970 0,001936
Ван 1,096910 0,001250
Дамм 1,698970 0,001936
гороскоп 1,301030 0,003707
Асгар 1,698970 0,001936
Фархади 1,698970 0,001936
герой 0,958607 0,001092
Джеймс 1,096910 0,001250
Кэмерон 1,522879 0,001735
аватар 1,698970 0,001936
формаводы 1,698970 0,001936
корольлев 1,698970 0,001936
александрскарсгард 1,698970 0,001936
варяг 1,698970 0,001936
николькидман 1,698970 0,001936
Пол 1,522879 0,001735
Маккартни 1,698970 0,001936
Сильвестр 1,698970 0,001936
Сталлоне 1,698970 0,001936
theweekend 1,698970 0,001936
федорконюхов 1,698970 0,001936
юлиясавичева 1,698970 0,001936
валерия 1,698970 0,001936
павелдуров 1,698970 0,001936
Алисия 1,522879 0,001735
Викандер 1,522879 0,001735
петрарка 1,698970 0,001936
серенауильямс 1,698970 0,001936
беллахадид 1,698970 0,001936
Энди 1,522879 0,001735
Уорхол 1,698970 0,001936
аннасеменович 1,698970 0,001936
анфисачехова 1,698970 0,001936
острыекозырьки 1,698970 0,001936
Михайлов 1,397940 0,001593
кортникокс 1,698970 0,002904
грэмми 1,698970 0,001936
ледигага 1,698970 0,001936
BombaEstereo 1,698970 0,001936
Джон 0,958607 0,001092
Батист 1,698970 0,001936
биллиайлиш 1,698970 0,001936
SilkSonic 1,698970 0,001936
bts 1,698970 0,001936
дэвидбоуи 1,698970 0,001936
лоя 1,698970 0,001936
иринабезрукова 1,698970 0,001936
анатолийцой 1,698970 0,001936
виталийгогунский 1,698970 0,001936
бруклинбекхэм 1,698970 0,001936
уматурман 1,698970 0,001936
александрбольшунов 1,698970 0,001936
килианмбаппе 1,698970 0,001936
Эль 1,522879 0,001735
Макферсон 1,698970 0,001936
Умный 1,522879 0,001735
дом 0,823909 0,000939
умныйдом 1,698970 0,001936
александрпушной 1,698970 0,001936
Готовь 1,698970 0,001936
как 0,251812 0,000287
шеф 1,301030 0,001483
Оладьи 1,698970 0,001936
тыквы 1,698970 0,001936
готовькакшеф 1,698970 0,001936
виталийистомин 1,698970 0,001936
всегда 0,657577 0,000749
у 0,387216 0,000441
тебя 1,096910 0,001250
кармане 1,698970 0,001936
Телеканал 0,769551 0,000877
Сообщить 1,221849 0,001392
об 0,292430 0,000333
ошибке 1,221849 0,001392
Friday 1,698970 0,001936
ru 0,187087 0,000213
отслеживает 1,698970 0,001936
анонимные 1,522879 0,001735
визиты 1,698970 0,001936
использованием 1,522879 0,001735
cookies 1,301030 0,001483
Подробнее 0,698970 0,000797
условиях 0,886057 0,001010
использования 0,920819 0,001049
сайта 0,522879 0,000596
Закройте 1,698970 0,001936
это 0,292430 0,000333
сообщение 1,045757 0,001192
чтобы 0,481486 0,000549
подтвердить 1,698970 0,001936
что 0,187087 0,000213
вы 0,420216 0,000479
согласны 1,301030 0,001483
