Артхив 1,698970 0,003970
Социальная 1,301030 0,001106
сеть 1,154902 0,000981
художников 1,096910 0,004661
и 0,075721 0,001737
ценителей 1,698970 0,001083
искусств 1,096910 0,000466
Используя 1,221849 0,000519
наш 1,045757 0,000444
сайт 0,494850 0,001051
вы 0,420216 0,000536
принимаете 1,397940 0,000594
условия 0,958607 0,000407
согласно 1,301030 0,000553
которым 1,045757 0,000444
мы 0,468521 0,000398
используем 1,221849 0,000779
cookie 1,221849 0,001038
файлы 1,301030 0,000553
для 0,119186 0,000684
анализа 1,522879 0,000647
данных 0,657577 0,000279
создания 1,221849 0,000519
контента 1,397940 0,000594
в 0,070581 0,001305
том 0,568636 0,000725
числе 1,045757 0,000667
рекламного 1,698970 0,000722
на 0,075721 0,000740
основе 0,958607 0,000407
ваших 1,397940 0,000891
интересов 1,397940 0,000594
Узнать 1,397940 0,000594
больше 0,638272 0,000542
о 0,136677 0,000232
какие 0,795880 0,000338
данные 0,721246 0,000460
собираем 1,698970 0,000722
можно 0,443697 0,000377
здесь 0,744727 0,000475
Принять 1,397940 0,000594
русский 0,920819 0,000391
english 1,698970 0,000722
deutsch 1,698970 0,000722
espa 1,698970 0,000722
ol 1,522879 0,000647
fran 1,698970 0,000722
ais 1,522879 0,000647
italiano 1,698970 0,000722
Slovenski 1,698970 0,000722
Выберите 1,000000 0,000425
язык 0,823909 0,000350
Пользуйтесь 1,522879 0,000647
Артхивом 1,698970 0,000722
удобном 1,698970 0,000722
вас 0,823909 0,000350
языке 0,886057 0,000376
Художники 1,397940 0,001782
Картины 1,698970 0,001444
Галереи 1,397940 0,001485
Выставки 1,045757 0,001333
Новости 0,221849 0,000283
Тесты 0,920819 0,000783
Знания 1,522879 0,001618
Энциклопедия 1,522879 0,002265
Коллекции 1,154902 0,001227
Подборки 0,795880 0,000845
Справочник 1,522879 0,001294
Художникам 1,698970 0,001805
Галереям 1,698970 0,001444
Коллекционерам 1,698970 0,001805
Любителям 1,698970 0,001444
искусства 0,886057 0,000941
О 0,207608 0,000265
проекте 0,657577 0,000699
Блог 1,045757 0,001333
Артхива 1,698970 0,004331
Вакансии 0,657577 0,000699
Реклама 0,387216 0,000411
Создать 1,522879 0,001941
художника 1,045757 0,002888
или 0,301030 0,001215
галереи 1,397940 0,002376
PRO 1,301030 0,001935
аккаунт 1,301030 0,001106
Мобильные 1,397940 0,002673
приложения 1,045757 0,002000
социальных 0,769551 0,000490
сетях 0,769551 0,000654
Введите 1,221849 0,000519
ключевые 1,698970 0,000722
слова 1,096910 0,000466
Быстрый 1,522879 0,000647
поиск 0,920819 0,000391
поможет 0,886057 0,000376
найти 0,698970 0,000297
картину 1,522879 0,003235
пользователя 1,397940 0,000594
статью 1,301030 0,000553
а 0,327902 0,000975
также 0,494850 0,000421
подскажет 1,522879 0,000647
что 0,187087 0,000676
искали 1,397940 0,000594
Артхиве 1,698970 0,002166
ранее 1,221849 0,000519
Вход 0,657577 0,000559
Войдите 1,698970 0,001805
Залогиньтесь 1,698970 0,000722
чтобы 0,481486 0,000409
использовать 1,154902 0,000736
максимум 1,522879 0,000971
функций 1,698970 0,001083
Регистрация 0,657577 0,000559
Создайте 1,522879 0,001618
учетную 1,698970 0,000722
запись 1,522879 0,000647
Зарегистрируйтесь 1,698970 0,001083
регистрация 1,397940 0,000594
Это 0,537602 0,000457
действие 1,397940 0,000891
доступно 1,522879 0,001294
только 0,309804 0,000395
зарегистрированным 1,698970 0,001083
пользователям 1,698970 0,001805
зарегистрируйтесь 1,522879 0,000971
Забыли 1,221849 0,000779
пароль 0,920819 0,000783
Оставаться 1,698970 0,001083
системе 1,522879 0,000971
Я 0,508638 0,000324
захожу 1,698970 0,001083
Или 1,096910 0,001165
войдите 1,698970 0,001083
через 0,585027 0,000994
социальные 1,397940 0,001485
сети 0,823909 0,000875
Согласен 1,522879 0,000971
с 0,102373 0,000848
правилами 1,522879 0,000971
политикой 1,221849 0,000779
конфиденциальности 0,744727 0,000633
файлов 1,301030 0,000829
получать 0,886057 0,000565
рассылку 1,000000 0,000637
Начать 1,397940 0,000891
работу 0,823909 0,001225
восстановите 1,698970 0,000722
Готово 1,522879 0,000971
Восстановление 1,221849 0,000519
пароля 1,154902 0,000491
выполнен 1,698970 0,000722
Контакты 0,455932 0,000194
Главное 0,657577 0,000279
меню 1,045757 0,000444
Главная 0,823909 0,000350
страницу 1,154902 0,000981
Зарегистрировать 1,698970 0,000722
галерею 1,698970 0,001444
Продать 1,698970 0,000722
Добавить 1,154902 0,000491
выставку 1,397940 0,000891
Приложения 1,154902 0,000981
галерей 1,698970 0,003249
Остановите 1,698970 0,001083
войну 1,301030 0,000829
Украине 0,537602 0,000343
помощью 0,769551 0,000817
конструктора 1,522879 0,000971
Arthive 1,698970 0,001805
Sites 1,698970 0,001083
Разработан 1,698970 0,000722
специально 1,221849 0,000519
Простое 1,698970 0,000722
управление 1,397940 0,000594
профиль 1,522879 0,000647
Прекрасный 1,698970 0,000722
дизайн 1,154902 0,000736
гибкие 1,698970 0,000722
настройки 1,397940 0,000594
Прямые 1,698970 0,000722
продажи 1,221849 0,000519
удобная 1,698970 0,000722
статистика 1,301030 0,000553
Используйте 1,397940 0,000891
все 0,292430 0,000621
Подписывайтесь 1,698970 0,000722
любимых 1,045757 0,000444
Собирайте 1,698970 0,000722
подборки 1,154902 0,000736
из 0,167491 0,000605
произведений 0,853872 0,000726
статей 1,301030 0,000553
Слушайте 1,698970 0,000722
аудиогиды 1,698970 0,001083
от 0,193820 0,000412
нашей 0,853872 0,000363
редакции 0,481486 0,000307
Пополняйте 1,698970 0,000722
коллекцию 1,301030 0,000553
работами 1,522879 0,000647
отобранными 1,698970 0,000722
экспертами 1,301030 0,000553
музеев 1,096910 0,001631
Распознавание 1,522879 0,000971
произве 1,698970 0,001083
дений 1,698970 0,001083
по 0,124939 0,000345
фотографии 1,154902 0,000736
Афиша 0,795880 0,000507
выставок 1,397940 0,000891
каждом 1,301030 0,000553
смартфоне 1,397940 0,000594
приложение 0,920819 0,000978
Художника 1,698970 0,001083
Музея 1,522879 0,000647
Возьмите 1,698970 0,001083
собой 0,823909 0,000700
музей 1,000000 0,001062
Тысячи 1,698970 0,000722
картин 1,154902 0,001718
описани 1,698970 0,000722
ями 1,698970 0,000722
аудиогидами 1,698970 0,001083
актуальных 1,397940 0,000594
арт 1,301030 0,002211
событий 0,853872 0,000544
доступ 1,045757 0,000444
к 0,207608 0,000397
базе 1,221849 0,000519
Установите 1,522879 0,000647
iOS 1,000000 0,000425
Android 0,958607 0,000407
Арт 1,221849 0,002077
новости 0,420216 0,000357
знания 1,522879 0,000971
энциклопедия 1,698970 0,000722
Краткий 1,698970 0,001083
курс 0,920819 0,000587
украинского 1,096910 0,000699
языка 1,096910 0,000699
картинах 1,698970 0,001444
Часть 1,221849 0,000779
II 1,221849 0,000519
Предметы 1,698970 0,000722
быта 1,522879 0,000647
Знаменитые 1,522879 0,000647
работы 0,638272 0,001085
которых 0,677781 0,000432
есть 0,568636 0,000242
ф 1,522879 0,000647
л 1,397940 0,000594
жанка 1,698970 0,000722
ганч 1,698970 0,000722
рка 1,698970 0,000722
шкарпетки 1,698970 0,000722
некоторые 1,096910 0,000699
другие 0,677781 0,000288
объекты 1,698970 0,000722
Новичкам 1,698970 0,001083
Боритесь 1,698970 0,000722
поборете 1,698970 0,000722
знаковых 1,698970 0,001083
работ 1,397940 0,002376
Тараса 1,397940 0,000594
Шевченко 1,698970 0,000722
Поэт 1,301030 0,000553
создал 1,397940 0,000891
тысячи 1,221849 0,000779
протяжении 1,522879 0,000647
трех 1,221849 0,000519
десятилетий 1,522879 0,000647
I 0,853872 0,000363
Животные 1,522879 0,000647
птицы 1,397940 0,000594
насекомые 1,698970 0,000722
Найдем 1,698970 0,000722
известных 1,096910 0,001165
полотнах 1,698970 0,000722
лелеку 1,698970 0,000722
пацюка 1,698970 0,000722
метелика 1,698970 0,000722
Новость 1,397940 0,000594
Бэнкси 1,698970 0,000722
Охматдет 1,698970 0,000722
разрушенный 1,698970 0,000722
им 0,602060 0,000256
Куинджи 1,698970 0,002527
проект 0,744727 0,000316
JR 1,698970 0,000722
во 0,494850 0,000841
Львове 1,698970 0,000722
дайджест 1,397940 0,000594
Представляем 1,698970 0,000722
обзор 1,301030 0,000553
проектов 1,154902 0,000736
связанных 1,698970 0,000722
Украиной 1,045757 0,000444
Русские 1,221849 0,000519
танцовщицы 1,698970 0,001083
стали 0,853872 0,000544
украинскими 1,096910 0,000466
Лондонская 1,698970 0,000722
Национальная 1,397940 0,000594
галерея 1,221849 0,000779
переименовала 1,698970 0,000722
Дега 1,698970 0,005775
Эти 1,221849 0,000519
украинских 0,795880 0,000338
костюмах 1,698970 0,000722
А 0,376751 0,000400
венках 1,698970 0,000722
у 0,387216 0,000576
них 0,769551 0,000490
желтые 1,698970 0,000722
голубые 1,698970 0,000722
ленты 1,522879 0,000647
Факт 1,698970 0,000722
дня 0,494850 0,000210
Почему 0,522879 0,000333
жена 1,000000 0,001062
Айвазовского 1,698970 0,002166
сожгла 1,698970 0,001083
балетку 1,698970 0,000722
Все 0,148742 0,000158
женщины 0,958607 0,000407
необычны 1,698970 0,000722
Первая 1,096910 0,000466
гувернантка 1,698970 0,000722
Юлия 0,823909 0,000350
Гревс 1,698970 0,000722
Вторая 1,397940 0,000594
Анна 0,568636 0,000362
Саркизова 1,698970 0,000722
младше 1,698970 0,000722
его 0,376751 0,001201
почти 0,853872 0,000907
лет 0,366532 0,000467
Но 0,619789 0,000922
была 0,744727 0,001266
еще 0,408935 0,000348
одна 1,096910 0,000466
женщина 1,000000 0,000425
балерина 1,698970 0,000722
Мария 0,698970 0,000594
Тальони 1,698970 0,001083
старше 1,000000 0,000425
История 0,494850 0,000210
их 0,455932 0,000581
отношений 1,045757 0,000444
сути 1,522879 0,000647
легенды 1,000000 0,000637
помогла 1,698970 0,000722
подняться 1,522879 0,000647
Айвазовскому 1,698970 0,001444
когда 0,585027 0,000373
задетый 1,698970 0,000722
ее 0,508638 0,001837
экипажем 1,698970 0,000722
он 0,568636 0,002175
упал 1,154902 0,000491
дороге 1,221849 0,000519
Он 0,721246 0,000766
получал 1,698970 0,000722
билеты 1,096910 0,000466
представления 1,698970 0,000722
Италии 1,154902 0,000491
выставке 1,397940 0,001188
две 0,795880 0,000338
картины 1,096910 0,002563
купила 1,698970 0,000722
Наконец 1,522879 0,000647
личная 1,698970 0,000722
встреча 1,096910 0,000466
много 0,958607 0,000407
счастья 1,045757 0,000444
любви 0,677781 0,000288
живописи 1,397940 0,001485
балета 1,154902 0,000491
предлагал 1,698970 0,000722
возлюбленной 1,522879 0,000647
руку 1,522879 0,000647
сердце 0,920819 0,000391
но 0,481486 0,000511
получил 0,958607 0,000815
отказ 1,096910 0,000466
балет 1,397940 0,000594
превыше 1,698970 0,000722
всего 0,744727 0,000475
И 0,408935 0,000434
как 0,251812 0,000481
говорят 1,000000 0,000425
память 1,045757 0,000444
Марии 1,397940 0,000594
всю 0,823909 0,000525
жизнь 0,537602 0,000343
осталась 1,221849 0,000519
розовая 1,698970 0,000722
балетка 1,698970 0,000722
Когда 0,602060 0,000767
художник 1,096910 0,001398
умер 1,154902 0,000491
первым 1,154902 0,000981
делом 1,301030 0,000553
эту 1,000000 0,000425
реликвию 1,698970 0,000722
Венценосные 1,698970 0,000722
художники 1,154902 0,000981
Британская 1,301030 0,000553
королева 1,301030 0,000553
Виктория 1,154902 0,000491
делала 1,698970 0,000722
наброски 1,698970 0,000722
портретов 1,698970 0,001083
членов 1,522879 0,000971
королевской 1,698970 0,001083
семьи 0,853872 0,000544
которые 0,431798 0,000275
ни 0,744727 0,000949
коем 1,522879 0,000647
случае 0,920819 0,000391
не 0,142668 0,000788
предназначались 1,698970 0,000722
посторонних 1,698970 0,000722
глаз 1,221849 0,000519
некий 1,522879 0,000647
журналист 1,154902 0,000491
сообщил 0,823909 0,000350
Ее 1,397940 0,000594
Величество 1,698970 0,000722
подала 1,698970 0,000722
суд 1,301030 0,000553
был 0,481486 0,000614
один 0,721246 0,000613
первых 0,853872 0,000363
исков 1,698970 0,000722
публичной 1,698970 0,000722
персоны 1,698970 0,000722
против 0,387216 0,000165
СМИ 0,481486 0,000205
Так 1,045757 0,000889
первую 0,958607 0,000407
персональную 1,522879 0,000647
ей 1,045757 0,000444
устроили 1,301030 0,000553
после 0,397940 0,000423
смерти 0,744727 0,000791
году 0,602060 0,001151
Зрители 1,301030 0,000553
увидели 1,397940 0,000594
милые 1,698970 0,000722
эскизы 1,698970 0,000722
дочери 1,301030 0,000829
Виктории 1,522879 0,000647
ванне 1,698970 0,000722
одетой 1,698970 0,001083
королевские 1,522879 0,000647
платья 1,522879 0,000647
Рисунки 1,698970 0,000722
раскрыли 1,522879 0,000647
людям 1,221849 0,000519
талант 1,522879 0,000971
королевы 1,397940 0,000594
котором 1,045757 0,000444
мало 1,154902 0,000491
кто 0,494850 0,000210
знал 1,154902 0,000491
до 0,244125 0,000207
того 0,853872 0,001270
Кстати 1,522879 0,000647
рисованием 1,698970 0,000722
увлекается 1,698970 0,000722
потомок 1,698970 0,000722
Чарльз 1,698970 0,000722
принц 1,522879 0,000647
Уэльский 1,698970 0,000722
создает 1,221849 0,000519
живописные 1,698970 0,000722
акварельные 1,698970 0,000722
пейзажи 1,698970 0,000722
разных 0,920819 0,000391
мест 1,045757 0,000444
всему 1,301030 0,000553
миру 1,154902 0,000491
Австралии 1,301030 0,000553
Азии 1,301030 0,000553
Ямайке 1,698970 0,000722
конечно 1,301030 0,000829
Королевских 1,698970 0,000722
садах 1,698970 0,000722
Любовница 1,698970 0,001083
Тициана 1,698970 0,001805
стала 0,823909 0,000350
честной 1,698970 0,000722
женщиной 1,221849 0,000519
Приятный 1,698970 0,000722
сюрприз 1,397940 0,000594
реставратор 1,698970 0,000722
обнаружила 1,522879 0,000647
полотно 1,698970 0,000722
лондонской 1,698970 0,000722
резиденции 1,698970 0,000722
герцогов 1,698970 0,000722
Веллингтонов 1,698970 0,000722
принадлежит 1,522879 0,000647
кисти 1,698970 0,001083
великого 1,301030 0,001106
безымянного 1,698970 0,000722
последователя 1,698970 0,000722
Картина 1,301030 0,001382
под 0,376751 0,000240
названием 1,522879 0,000647
считалось 1,698970 0,000722
нарисована 1,698970 0,000722
последователем 1,698970 0,000722
г 0,602060 0,000256
появлялась 1,698970 0,000722
публике 1,698970 0,000722
столетиями 1,698970 0,000722
чуть 1,096910 0,000699
ли 0,397940 0,000169
тех 0,920819 0,000783
времен 1,096910 0,000466
было 0,585027 0,000746
добыто 1,698970 0,000722
награблено 1,698970 0,000722
Испанской 1,698970 0,000722
коллекции 1,301030 0,001106
привезено 1,698970 0,000722
Лондон 1,301030 0,000553
Какая 1,522879 0,000647
ирония 1,698970 0,000722
герцог 1,698970 0,000722
владел 1,698970 0,000722
тремя 1,522879 0,000647
подлинниками 1,698970 0,000722
зная 1,698970 0,001083
об 0,292430 0,000249
этом 0,585027 0,000373
они 0,657577 0,000559
считались 1,698970 0,000722
копиями 1,698970 0,000722
Рейнольдс 1,522879 0,001294
варвар 1,698970 0,000722
Первый 0,853872 0,000544
президент 1,397940 0,000594
Королевской 1,698970 0,000722
академии 1,522879 0,000647
Джошуа 1,522879 0,000647
имел 1,522879 0,000647
навязчивую 1,698970 0,000722
склонность 1,698970 0,000722
переписыванию 1,698970 0,000722
переработке 1,698970 0,000722
своих 0,657577 0,000419
великих 1,301030 0,000553
коллег 1,301030 0,000553
время 0,366532 0,000389
исследования 1,397940 0,000594
полотна 1,522879 0,001294
Рембрандта 1,698970 0,000722
Сусанна 1,698970 0,001083
старцы 1,698970 0,001083
реставраторы 1,698970 0,000722
пришли 1,154902 0,000491
шокирующему 1,698970 0,000722
выводу 1,698970 0,000722
значительная 1,698970 0,000722
часть 0,795880 0,000338
перекрашена 1,698970 0,000722
XVIII 1,397940 0,000594
веке 1,522879 0,000647
участки 1,698970 0,000722
просто 0,657577 0,000419
промыты 1,698970 0,000722
растворителем 1,698970 0,000722
прописаны 1,698970 0,000722
заново 1,698970 0,000722
более 0,585027 0,000249
современных 1,221849 0,001298
времени 0,721246 0,000613
светлых 1,698970 0,000722
тонах 1,698970 0,000722
Ученые 1,154902 0,000491
считают 1,301030 0,000553
варварством 1,698970 0,000722
занимался 1,397940 0,000891
никто 1,096910 0,000466
иной 1,698970 0,000722
редактура 1,698970 0,000722
относится 1,397940 0,000594
раз 0,698970 0,000297
тому 1,096910 0,000466
периоду 1,698970 0,000722
находилась 1,522879 0,000647
За 0,568636 0,000242
Наполеон 1,698970 0,001444
III 1,154902 0,000736
отстегал 1,698970 0,000722
хлыстом 1,698970 0,001444
Курбе 1,698970 0,001805
Известная 1,698970 0,000722
история 0,721246 0,000306
увидев 1,698970 0,001083
Гюстава 1,698970 0,001083
Купальщицы 1,698970 0,000722
Салоне 1,698970 0,000722
года 0,356547 0,000303
ударил 1,301030 0,000553
ней 0,823909 0,000525
почему 0,494850 0,000315
это 0,292430 0,000373
сделал 1,154902 0,000981
Общепринятая 1,698970 0,000722
версия 0,769551 0,000490
императора 1,397940 0,000594
возмутил 1,698970 0,000722
грубый 1,698970 0,000722
натурализм 1,698970 0,000722
вместо 0,744727 0,000316
богини 1,522879 0,000647
коренастая 1,698970 0,000722
крестьянка 1,698970 0,000722
да 1,045757 0,000889
грязными 1,698970 0,000722
пятками 1,698970 0,000722
Альтернативная 1,698970 0,000722
дело 0,886057 0,000376
вообще 1,221849 0,000519
таким 1,045757 0,000444
образом 1,045757 0,000889
отреагировал 1,397940 0,000594
блестящую 1,698970 0,000722
шутку 1,698970 0,000722
своей 0,853872 0,001088
жены 1,045757 0,000667
Императрица 1,698970 0,000722
Евгения 0,853872 0,000544
сопровождала 1,698970 0,000722
там 0,958607 0,000407
удивили 1,397940 0,000594
гигантские 1,698970 0,000722
лошадиные 1,698970 0,000722
крупы 1,698970 0,000722
Розы 1,522879 0,000647
Бонер 1,698970 0,000722
Императрице 1,698970 0,000722
объяснили 1,397940 0,000594
изображены 1,698970 0,000722
скакуны 1,698970 0,000722
першероны 1,698970 0,000722
эта 1,096910 0,000466
порода 1,698970 0,000722
славится 1,698970 0,000722
крепким 1,698970 0,000722
телосложением 1,698970 0,000722
дошли 1,698970 0,000722
Купальщиц 1,698970 0,000722
указывая 1,522879 0,000647
впечатляющий 1,698970 0,000722
зад 1,698970 0,000722
главной 1,045757 0,000444
героини 1,397940 0,000594
улыбнулась 1,698970 0,000722
спросила 1,698970 0,000722
она 0,744727 0,000475
першеронка 1,698970 0,000722
Наполеона 1,698970 0,000722
острота 1,698970 0,000722
так 0,522879 0,000444
восхитила 1,698970 0,000722
щелкнул 1,698970 0,000722
картине 1,698970 0,001083
Кот 1,221849 0,000519
Винчи 1,698970 0,001083
Леонардо 1,522879 0,000971
любил 1,096910 0,000466
наблюдать 1,698970 0,000722
за 0,180456 0,000268
кошками 1,698970 0,000722
зарисовывать 1,698970 0,000722
настроения 1,301030 0,000553
позы 1,698970 0,000722
Судя 1,698970 0,000722
восьми 1,397940 0,000594
подготовительным 1,698970 0,000722
рисункам 1,698970 0,000722
задумывал 1,698970 0,000722
Мадонна 1,522879 0,000647
младенцем 1,522879 0,000647
котом 1,698970 0,000722
наброску 1,698970 0,000722
Британского 1,698970 0,000722
музея 1,221849 0,000779
понять 1,000000 0,000425
идея 1,221849 0,000519
воплотилась 1,698970 0,000722
комбинация 1,397940 0,000594
живых 1,301030 0,000553
моделей 1,221849 0,000779
очень 0,657577 0,000279
непоседливой 1,698970 0,000722
блестяще 1,698970 0,000722
уловил 1,698970 0,000722
борьбу 1,397940 0,000594
малыша 1,397940 0,000891
животным 1,698970 0,000722
явно 1,397940 0,000594
вынужден 1,397940 0,000594
рисовать 1,522879 0,000647
высокой 1,522879 0,000647
скоростью 1,698970 0,000722
Должно 1,698970 0,000722
быть 0,431798 0,000183
понял 1,301030 0,000553
попытки 1,301030 0,000553
удержать 1,522879 0,000647
кошку 1,698970 0,000722
течение 1,096910 0,000466
многих 1,154902 0,000491
часов 0,958607 0,000407
необходимых 1,698970 0,000722
детальной 1,698970 0,000722
проработки 1,698970 0,000722
маслом 1,698970 0,000722
обречены 1,698970 0,000722
провал 1,522879 0,000647
кот 1,301030 0,000553
лишил 1,698970 0,000722
нас 0,508638 0,000540
законченного 1,698970 0,000722
произведения 0,823909 0,000525
мастера 1,522879 0,000971
Унижение 1,698970 0,000722
Рубенсом 1,698970 0,001083
Ван 1,096910 0,001165
Дейка 1,698970 0,000722
посмертно 1,698970 0,000722
В 0,167491 0,000320
умирает 1,522879 0,000647
Рубенс 1,698970 0,000722
Дейк 1,698970 0,001444
получает 1,045757 0,000444
депешу 1,698970 0,000722
испанского 1,522879 0,000647
короля 1,397940 0,000594
сомневается 1,698970 0,000722
ему 0,853872 0,000544
предложат 1,397940 0,000594
место 0,795880 0,000338
при 0,468521 0,000199
дворе 1,522879 0,000971
Филипп 1,221849 0,000519
IV 1,522879 0,000647
просит 1,522879 0,000647
прежде 1,096910 0,000699
закончить 1,698970 0,000722
завершенные 1,698970 0,000722
Даже 1,221849 0,000519
могилы 1,522879 0,000647
сумел 1,698970 0,000722
унизить 1,698970 0,000722
меня 0,721246 0,000460
скажет 1,522879 0,000647
досадой 1,698970 0,000722
Жить 1,301030 0,000553
оставалось 1,522879 0,000647
совсем 1,221849 0,000779
недолго 1,522879 0,000647
спустя 1,154902 0,000491
год 0,568636 0,000242
Рубенса 1,698970 0,000722
декабря 0,886057 0,000376
летний 1,045757 0,000444
умрет 1,522879 0,000647
загадочной 1,698970 0,000722
болезни 1,221849 0,000519
будет 0,387216 0,000247
похоронен 1,698970 0,000722
день 0,585027 0,000373
крестинами 1,698970 0,000722
новорожденной 1,698970 0,000722
Иустинианы 1,698970 0,000722
Как 0,301030 0,000384
Джексон 1,301030 0,000829
Поллок 1,698970 0,001083
свою 0,638272 0,000678
визитку 1,698970 0,000722
изобретал 1,698970 0,000722
Полотно 1,698970 0,001083
Фреска 1,698970 0,000722
считается 1,698970 0,001083
знаковой 1,698970 0,000722
работой 1,522879 0,000971
Поллока 1,698970 0,000722
ибо 1,698970 0,000722
писал 1,522879 0,000647
огромных 1,397940 0,000594
Пегги 1,698970 0,000722
Гуггенхайм 1,698970 0,000722
заказала 1,522879 0,000647
фреску 1,698970 0,000722
стены 1,522879 0,000647
дома 0,744727 0,000316
своего 0,920819 0,000391
сюрреалист 1,698970 0,000722
Марсель 1,522879 0,000971
Дюшан 1,698970 0,000722
посоветовал 1,221849 0,000519
выполнить 1,397940 0,000594
штукатурке 1,698970 0,000722
холсте 1,698970 0,000722
отложил 1,522879 0,000647
заказ 1,397940 0,001485
полку 1,522879 0,000647
несколько 0,795880 0,000507
месяцев 1,221849 0,000519
провел 1,221849 0,000519
созерцая 1,698970 0,000722
обдумывая 1,698970 0,000722
чистый 1,698970 0,000722
холст 1,698970 0,000722
постепенно 1,698970 0,000722
впадал 1,698970 0,000722
настоящую 1,221849 0,000519
депрессию 1,698970 0,000722
словам 1,397940 0,000594
Ли 1,221849 0,000519
Краснер 1,698970 0,000722
Однако 0,958607 0,000611
вырулил 1,698970 0,000722
нее 1,045757 0,000444
одну 1,096910 0,000699
ночь 1,000000 0,000425
творца 1,698970 0,000722
посетило 1,698970 0,000722
вдохновение 1,522879 0,000647
менее 1,154902 0,000491
чем 0,420216 0,000357
сутки 0,795880 0,000338
позже 1,221849 0,000779
признанную 1,698970 0,000722
шедевром 1,698970 0,000722
Ну 1,045757 0,000889
перестал 1,522879 0,000971
бояться 1,397940 0,000594
больших 1,397940 0,000594
холстов 1,698970 0,000722
то 0,537602 0,000343
мега 1,698970 0,000722
визитной 1,698970 0,000722
карточкой 1,698970 0,000722
Пикассо 1,397940 0,001782
играл 1,221849 0,000519
Язвительных 1,698970 0,000722
шуток 1,698970 0,000722
снисходительных 1,698970 0,000722
замечаний 1,698970 0,000722
Эдгара 1,698970 0,001083
удалось 1,301030 0,000553
избежать 1,221849 0,000519
никому 1,301030 0,000829
Доставалось 1,698970 0,000722
художникам 1,698970 0,000722
писателям 1,698970 0,000722
критикам 1,698970 0,000722
политикам 1,698970 0,000722
отрывки 1,698970 0,000722
разговоров 1,522879 0,000647
участием 1,397940 0,000594
кафе 1,397940 0,001188
выставках 1,698970 0,000722
записывали 1,698970 0,000722
восхищенные 1,698970 0,000722
биографы 1,698970 0,000722
летописцы 1,698970 0,000722
импрессионизма 1,522879 0,000647
Пабло 1,397940 0,001485
поселился 1,698970 0,000722
Монмартре 1,698970 0,000722
Эдгаре 1,698970 0,000722
ходили 1,698970 0,000722
Жильцы 1,698970 0,000722
коммуны 1,698970 0,000722
Бато 1,698970 0,000722
Лавуар 1,698970 0,000722
гости 1,221849 0,000519
поэты 1,522879 0,000647
друзья 1,045757 0,000444
развлекались 1,698970 0,000722
вечерам 1,698970 0,000722
игрой 1,698970 0,000722
делать 0,920819 0,000391
Смысл 1,698970 0,000722
игры 1,000000 0,000425
заключался 1,698970 0,000722
высказывать 1,698970 0,000722
друг 0,795880 0,000507
другу 1,045757 0,000444
грубости 1,698970 0,000722
оскорбления 1,698970 0,000722
совершенно 0,886057 0,000376
спокойным 1,698970 0,000722
голосом 1,522879 0,000647
максимально 1,698970 0,000722
вежливо 1,698970 0,000722
светски 1,698970 0,000722
забор 1,522879 0,000971
красил 1,698970 0,000722
Архип 1,698970 0,001083
отправился 1,522879 0,000971
учиться 1,301030 0,000553
Феодосию 1,698970 0,000722
застенчивый 1,698970 0,000722
полный 1,154902 0,000491
юноша 1,698970 0,000722
прибыл 1,397940 0,000594
рубахе 1,698970 0,000722
цветастом 1,698970 0,000722
жилете 1,698970 0,000722
клетчатых 1,698970 0,000722
пузырящихся 1,698970 0,000722
коленях 1,698970 0,000722
панталонах 1,698970 0,000722
соломенной 1,698970 0,000722
шляпе 1,698970 0,000722
Юный 1,698970 0,000722
изрядно 1,698970 0,000722
повеселил 1,698970 0,000722
Ивана 1,301030 0,000553
Константиновича 1,698970 0,000722
дочь 1,096910 0,000699
Елену 1,522879 0,000647
вдоволь 1,698970 0,000722
посмеялись 1,698970 0,000722
над 0,823909 0,000525
наивной 1,698970 0,000722
деревенской 1,698970 0,000722
мазней 1,698970 0,000722
вечно 1,522879 0,000971
пунцовой 1,698970 0,000722
физиономией 1,698970 0,000722
Два 0,853872 0,000363
месяца 0,920819 0,000391
жил 1,698970 0,000722
навесом 1,698970 0,000722
мастерскую 1,698970 0,001083
пускали 1,698970 0,000722
конце 1,397940 0,000594
обучения 1,301030 0,000553
мэтр 1,698970 0,000722
доверил 1,698970 0,000722
покрасить 1,698970 0,000722
свой 0,721246 0,000306
впрочем 1,698970 0,000722
дельных 1,698970 0,000722
советов 1,522879 0,000647
же 0,721246 0,000460
ученика 1,522879 0,000647
Адольфа 1,522879 0,000647
Фесслера 1,698970 0,000722
Этот 1,000000 0,000425
урок 1,522879 0,000647
усвоил 1,698970 0,000722
сам 1,000000 0,000425
никогда 0,958607 0,000407
отказывал 1,698970 0,000722
поклонник 1,522879 0,001294
Сезанна 1,698970 0,001083
Сезанн 1,698970 0,001444
ехал 1,698970 0,000722
мотивов 1,698970 0,000722
нес 1,698970 0,000722
подмышкой 1,698970 0,000722
этюд 1,698970 0,000722
Проходя 1,698970 0,000722
вокзал 1,397940 0,000594
Сен 1,698970 0,000722
Лазар 1,698970 0,000722
столкнулся 1,301030 0,000553
незнакомцем 1,698970 0,000722
который 0,508638 0,000324
попросил 1,301030 0,000829
показать 1,397940 0,000891
Бледный 1,698970 0,000722
тощий 1,698970 0,000722
молодой 1,221849 0,000519
человек 0,494850 0,000210
развернутый 1,698970 0,000722
стене 1,698970 0,000722
пейзаж 1,698970 0,001444
потрясен 1,698970 0,000722
невиданным 1,698970 0,000722
зеленым 1,522879 0,000647
цветом 1,698970 0,000722
свежестью 1,698970 0,000722
манерой 1,698970 0,000722
письма 1,221849 0,000519
Если 0,769551 0,000490
вам 0,677781 0,000432
нравятся 1,522879 0,000647
мои 1,522879 0,000647
деревья 1,397940 0,000594
забирайте 1,698970 0,000722
предложил 1,045757 0,000667
Мне 0,958607 0,000407
нечем 1,522879 0,000647
заплатить 1,698970 0,000722
возражает 1,698970 0,000722
художнику 1,522879 0,000971
новый 0,552842 0,000235
отдает 1,522879 0,000647
даром 1,522879 0,000647
оба 1,698970 0,000722
уходят 1,397940 0,000594
вокзала 1,397940 0,000891
абсолютно 1,221849 0,000519
счастливые 1,522879 0,000647
Прямо 1,698970 0,000722
счастливый 1,522879 0,000647
Поль 1,522879 0,000647
которую 1,000000 0,000425
снимали 1,698970 0,000722
вместе 0,769551 0,000490
Ренуаром 1,698970 0,000722
Моне 1,522879 0,001618
У 0,431798 0,000459
появился 1,301030 0,000553
торжественно 1,698970 0,000722
заявил 0,744727 0,000475
порога 1,698970 0,000722
встречным 1,698970 0,000722
оказался 0,920819 0,000391
нищий 1,698970 0,000722
изгоняемый 1,698970 0,000722
всех 0,552842 0,000352
где 0,537602 0,000457
пытался 1,397940 0,000594
играть 1,698970 0,000722
свои 0,698970 0,000445
сочинения 1,698970 0,000722
композитор 1,522879 0,000647
музыкант 1,301030 0,000553
Эрнест 1,397940 0,000594
Кабанер 1,698970 0,000722
Сарджент 1,698970 0,001083
писать 1,045757 0,000444
портреты 1,698970 0,000722
Американский 1,221849 0,000519
Джон 0,958607 0,000407
Сингер 1,698970 0,000722
дружил 1,698970 0,000722
известным 1,522879 0,000647
Лондоне 1,301030 0,000553
дилером 1,698970 0,000722
Эшером 1,698970 0,000722
Вертмейхером 1,698970 0,000722
написав 1,698970 0,000722
известная 1,698970 0,001083
Сарджентовская 1,698970 0,000722
месса 1,698970 0,000722
Любимой 1,698970 0,000722
моделью 1,522879 0,000647
младшая 1,698970 0,000722
Вертмейхера 1,698970 0,000722
Инна 1,397940 0,000594
которой 0,886057 0,000565
романтически 1,698970 0,000722
настроенного 1,698970 0,000722
портретиста 1,698970 0,000722
разделяли 1,698970 0,000722
жизни 0,443697 0,000189
разные 1,096910 0,000466
круги 1,698970 0,000722
общения 1,154902 0,000491
Накануне 1,301030 0,000553
свадьбы 1,522879 0,000647
написал 1,154902 0,000491
портрет 1,522879 0,000647
Инны 1,698970 0,000722
уплывающей 1,698970 0,000722
костюме 1,522879 0,000647
морского 1,698970 0,000722
офицера 1,698970 0,000722
оставив 1,698970 0,000722
записной 1,698970 0,000722
книжке 1,522879 0,000647
строки 1,397940 0,000594
Уитмена 1,698970 0,000722
Мы 0,537602 0,000228
можем 1,397940 0,000594
ждать 1,154902 0,000491
столь 1,221849 0,000519
долго 1,000000 0,000425
корабль 1,096910 0,000466
души 0,958607 0,000407
рвется 1,522879 0,000647
открытое 1,698970 0,000722
море 1,397940 0,000594
После 0,795880 0,000507
чего 0,795880 0,000338
официально 1,397940 0,000594
заказными 1,698970 0,000722
портретами 1,698970 0,000722
покончено 1,698970 0,000722
Исключение 1,522879 0,000647
делал 1,698970 0,000722
друзей 1,045757 0,000444
Джона 1,522879 0,000647
Рокфеллера 1,698970 0,000722
Генри 1,397940 0,000594
Джеймса 1,397940 0,000594
Вудро 1,698970 0,000722
Вильсона 1,698970 0,000722
Эдгар 1,698970 0,000722
уничтожил 1,522879 0,000647
репутацию 1,698970 0,000722
известной 1,301030 0,000553
актрисы 1,397940 0,000594
Эллен 1,522879 0,001294
Андре 1,698970 0,001083
парижская 1,698970 0,000722
актриса 1,301030 0,000553
играла 1,698970 0,000722
театре 1,045757 0,000444
Пале 1,698970 0,000722
Рояль 1,522879 0,000647
баре 1,698970 0,000722
Фоли 1,698970 0,000722
Бержер 1,698970 0,000722
Позировала 1,698970 0,000722
Огюста 1,698970 0,000722
Ренуара 1,698970 0,001083
Эдуара 1,698970 0,000722
Мане 1,698970 0,001805
часто 1,301030 0,000553
засиживалась 1,698970 0,000722
художниками 1,698970 0,000722
поэтами 1,698970 0,000722
Новые 0,552842 0,000470
Афины 1,397940 0,000594
невиданная 1,698970 0,000722
дерзость 1,698970 0,000722
питейных 1,698970 0,000722
заведениях 1,698970 0,000722
дама 1,698970 0,000722
могла 1,698970 0,000722
появляться 1,522879 0,000647
сопровождении 1,522879 0,000647
Абсент 1,698970 0,000722
позировала 1,698970 0,000722
художником 1,522879 0,000647
Марселем 1,698970 0,000722
Дебутеном 1,698970 0,000722
репутации 1,522879 0,000971
сказалась 1,698970 0,000722
тоже 1,000000 0,000425
самым 0,920819 0,000391
выгодным 1,698970 0,000722
вызвала 1,698970 0,000722
настоящий 1,221849 0,000519
скандал 1,301030 0,000553
называли 1,397940 0,000594
отвратительной 1,698970 0,000722
аморальной 1,698970 0,000722
видели 1,301030 0,000553
вызов 1,221849 0,000519
подозревали 1,698970 0,000722
запойном 1,698970 0,000722
пьянстве 1,698970 0,000722
Эдгару 1,698970 0,000722
пришлось 1,221849 0,000519
выступить 1,522879 0,000647
официальным 1,397940 0,000594
заявлением 1,698970 0,000722
никакие 1,698970 0,000722
алкоголики 1,698970 0,000722
отлично 1,522879 0,000971
сыграли 1,301030 0,000553
роли 0,958607 0,000407
Чтобы 0,795880 0,000338
компенсировать 1,698970 0,000722
такой 0,853872 0,000363
удар 0,920819 0,000391
даже 0,619789 0,000263
подарок 1,221849 0,000519
Великий 1,221849 0,000519
Тьеполо 1,698970 0,001083
бесстыжая 1,698970 0,000722
Флора 1,698970 0,000722
спрятали 1,698970 0,000722
красоту 1,522879 0,000647
имя 0,886057 0,000565
устах 1,522879 0,000647
мире 0,468521 0,000199
нашли 1,045757 0,000667
чердаке 1,698970 0,000722
французского 1,221849 0,000519
имения 1,698970 0,000722
Стыдливые 1,698970 0,000722
бабушка 1,301030 0,000553
дедушка 1,698970 0,000722
нынешних 1,698970 0,000722
владельцев 1,522879 0,000647
припрятали 1,698970 0,000722
изображенную 1,698970 0,000722
полотне 1,698970 0,000722
шикарную 1,698970 0,000722
даму 1,698970 0,000722
топлесс 1,698970 0,000722
греха 1,698970 0,000722
подальше 1,698970 0,000722
Благодаря 1,698970 0,000722
этому 1,096910 0,000466
картина 1,301030 0,000553
сохранилась 1,698970 0,000722
Предполагают 1,698970 0,000722
заказывала 1,698970 0,000722
российская 1,154902 0,000491
императрица 1,698970 0,000722
Елизавета 1,221849 0,000519
украшения 1,522879 0,000647
Зимнего 1,698970 0,000722
дворца 1,397940 0,000594
имеются 1,698970 0,000722
аналогичные 1,397940 0,000594
образы 1,698970 0,000722
серии 0,920819 0,000391
назвали 0,920819 0,000391
Портрет 1,397940 0,000891
леди 1,301030 0,000553
образе 1,522879 0,000647
Флоры 1,698970 0,000722
вскоре 1,301030 0,000553
продали 1,522879 0,000647
аукциона 1,698970 0,000722
Christie 1,698970 0,000722
s 0,823909 0,000350
долларов 1,096910 0,000466
втрое 1,698970 0,000722
перекрыв 1,698970 0,000722
немалый 1,698970 0,000722
эстимейт 1,698970 0,000722
Тинторетто 1,698970 0,001805
известнейший 1,698970 0,000722
итальянский 1,522879 0,000647
Якопо 1,698970 0,001083
хитростью 1,698970 0,000722
выиграл 1,397940 0,000594
конкурс 0,920819 0,000391
роспись 1,698970 0,000722
собора 1,397940 0,000594
Скуола 1,698970 0,000722
Сан 1,221849 0,000779
Рокко 1,698970 0,001083
Конкурентами 1,698970 0,000722
были 0,769551 0,000327
сильнейшие 1,698970 0,000722
итальянски 1,698970 0,000722
живописцы 1,698970 0,000722
однако 1,221849 0,000519
успешно 1,301030 0,000553
реализовал 1,698970 0,000722
многоходовую 1,698970 0,000722
комбинацию 1,698970 0,000722
предоставил 1,698970 0,000722
жюри 1,397940 0,000594
эскиз 1,698970 0,000722
готовую 1,698970 0,000722
Святой 1,698970 0,000722
Рох 1,698970 0,000722
Более 1,000000 0,000425
устав 1,698970 0,000722
скуолы 1,698970 0,000722
школы 0,853872 0,000363
запрещает 1,698970 0,000722
отказываться 1,698970 0,000722
подарков 1,698970 0,000722
мастер 1,698970 0,000722
дарственную 1,698970 0,000722
надпись 1,698970 0,000722
этой 0,744727 0,000316
Святому 1,698970 0,000722
Роху 1,698970 0,000722
Пришлось 1,522879 0,000647
отдать 1,522879 0,000647
находчивому 1,698970 0,000722
тот 0,853872 0,000544
обеспечил 1,698970 0,000722
себя 0,552842 0,000235
занятием 1,698970 0,000722
ближайшие 1,397940 0,000594
именно 0,920819 0,000587
столько 1,221849 0,000519
заняло 1,698970 0,000722
создание 1,096910 0,000466
композиций 1,698970 0,000722
Шедевр 1,522879 0,000647
отметили 1,522879 0,000647
идеальное 1,698970 0,000722
уродство 1,698970 0,000722
Скульптура 1,397940 0,000594
Маленькая 1,397940 0,000891
четырнадцатилетняя 1,698970 0,001083
танцовщица 1,522879 0,000971
первого 1,000000 0,000425
показа 1,522879 0,000647
воспринята 1,698970 0,000722
негативно 1,698970 0,000722
Она 0,958607 0,000611
похожа 1,522879 0,000647
обезьяну 1,698970 0,000722
ацтека 1,698970 0,000722
абортированный 1,698970 0,000722
зародыш 1,698970 0,000722
Будь 1,301030 0,000553
меньше 1,154902 0,000491
размером 1,522879 0,000647
возникло 1,698970 0,000722
бы 0,585027 0,000249
искушение 1,698970 0,000722
замариновать 1,698970 0,000722
поместив 1,698970 0,000722
банку 1,698970 0,000722
со 0,387216 0,000247
спиртом 1,698970 0,000722
отмечал 1,698970 0,000722
критиков 1,154902 0,000491
Другие 0,958607 0,000407
девочку 1,522879 0,000647
платье 1,301030 0,000553
идеально 1,397940 0,000594
уродливой 1,698970 0,000722
лоб 1,698970 0,000722
губы 1,522879 0,000647
отмеченными 1,698970 0,000722
явной 1,698970 0,000722
порочностью 1,698970 0,000722
теперь 0,677781 0,000432
одним 1,397940 0,000594
шедевров 1,397940 0,000594
Моделью 1,698970 0,000722
скульптуры 1,698970 0,000722
Мари 1,221849 0,000519
ван 1,522879 0,000647
Гетем 1,698970 0,000722
нарисовал 1,698970 0,000722
ти 1,522879 0,000647
видах 1,698970 0,000722
обнаженной 1,698970 0,000722
слепок 1,698970 0,000722
Художник 1,522879 0,000647
планировал 1,698970 0,000722
статуэтку 1,698970 0,000722
Пятой 1,698970 0,000722
импрессионистов 1,397940 0,000891
моменту 1,698970 0,000722
открытия 1,397940 0,000594
удовлетворен 1,698970 0,000722
демонстрировалась 1,698970 0,000722
годом 1,397940 0,000594
наряженная 1,698970 0,000722
юбку 1,698970 0,000722
муслина 1,698970 0,000722
атласной 1,698970 0,000722
лентой 1,698970 0,000722
волос 1,397940 0,000594
Отец 1,397940 0,000594
голуби 1,698970 0,000722
признан 1,154902 0,000491
По 0,619789 0,000263
воспоминаниям 1,698970 0,000722
родственников 1,522879 0,000647
словом 1,698970 0,000722
слово 0,886057 0,000376
карандаш 1,698970 0,000722
мальчик 1,154902 0,000491
подрос 1,698970 0,000722
отец 1,301030 0,000553
стал 0,585027 0,000249
брать 1,397940 0,000594
сына 1,000000 0,000637
колледж 1,522879 0,000647
преподавал 1,698970 0,000722
рисование 1,522879 0,000647
мол 1,698970 0,000722
однажды 1,154902 0,000491
отца 1,000000 0,000850
зачем 0,853872 0,000363
вызвали 1,397940 0,000594
кабинета 1,698970 0,000722
момент 0,920819 0,000391
работал 1,522879 0,000647
картиной 1,522879 0,000647
изображением 1,698970 0,000722
голубей 1,698970 0,000722
Вернувшись 1,522879 0,000647
обнаружил 1,397940 0,000594
юный 1,522879 0,000647
закончил 1,522879 0,000647
Мастерство 1,698970 0,000722
летнего 1,301030 0,000553
потрясло 1,698970 0,000722
отдал 1,698970 0,000722
палитру 1,698970 0,000722
пор 1,045757 0,000444
подходил 1,698970 0,000722
мольберту 1,698970 0,000722
Бездарный 1,698970 0,000722
Ренуар 1,698970 0,001083
Однажды 1,045757 0,000444
Огюст 1,698970 0,000722
Эдуар 1,698970 0,001083
писали 1,698970 0,000722
рядом 1,045757 0,000444
Они 0,886057 0,000376
гостили 1,698970 0,000722
Клода 1,698970 0,001083
доме 1,000000 0,000425
Аржантее 1,698970 0,000722
расположились 1,698970 0,000722
мольбертами 1,698970 0,000722
саду 1,698970 0,000722
пока 1,000000 0,000425
хозяин 1,698970 0,000722
домашними 1,698970 0,000722
делами 1,698970 0,000722
этого 0,619789 0,000263
совместного 1,397940 0,000594
пленэра 1,698970 0,000722
смущаясь 1,698970 0,000722
каким 1,154902 0,000491
нибудь 1,301030 0,000553
постараться 1,698970 0,000722
намекнуть 1,698970 0,000722
Ренуару 1,698970 0,000722
оставить 1,221849 0,000519
живопись 1,522879 0,000647
бедняги 1,698970 0,000722
нет 0,619789 0,000263
таланта 1,301030 0,000553
Увлеченный 1,698970 0,000722
Кайботт 1,698970 0,000722
цветы 1,522879 0,000647
яхты 1,522879 0,000647
марки 1,045757 0,000444
Даешь 1,698970 0,000722
импрессионизм 1,698970 0,001083
импрессиониста 1,698970 0,000722
Кайботта 1,698970 0,000722
знали 1,522879 0,000647
мецената 1,698970 0,000722
Унаследовав 1,698970 0,000722
состояние 1,301030 0,000553
поддерживал 1,698970 0,000722
тогда 1,154902 0,000491
признанных 1,698970 0,000722
покупал 1,698970 0,001083
оплачивал 1,698970 0,000722
мастерские 1,698970 0,000722
примеру 1,522879 0,000647
организовывал 1,698970 0,000722
выставки 1,096910 0,000466
аукционы 1,698970 0,000722
выставлял 1,698970 0,000722
втридорога 1,698970 0,000722
маркетинговый 1,698970 0,000722
ход 1,045757 0,000444
Среди 1,221849 0,000519
хобби 1,522879 0,000647
разведение 1,698970 0,000722
орхидей 1,698970 0,000722
строительство 1,522879 0,000647
яхт 1,522879 0,000647
текстиля 1,698970 0,000722
почетном 1,698970 0,000722
Списке 1,698970 0,000722
выдающихся 1,522879 0,000647
филателистов 1,698970 0,000722
значится 1,221849 0,000519
отцом 1,301030 0,000553
филателии 1,698970 0,000722
марочная 1,698970 0,000722
коллекция 1,397940 0,000891
находится 1,301030 0,000553
Британском 1,698970 0,000722
музее 1,154902 0,000736
завещанная 1,698970 0,000722
Франции 1,000000 0,000425
Писарро 1,698970 0,000722
Сислея 1,698970 0,000722
частью 1,096910 0,000466
Фонде 1,698970 0,000722
Барнса 1,698970 0,000722
Филадельфии 1,698970 0,000722
остаток 1,698970 0,000722
Д 1,096910 0,000466
Орсе 1,698970 0,000722
Вермеера 1,698970 0,001444
ставшая 1,397940 0,000594
символом 1,698970 0,000722
дружбы 1,522879 0,000971
народов 1,221849 0,000519
Во 0,886057 0,000376
Второй 1,045757 0,000444
мировой 0,958607 0,000407
войны 0,744727 0,000475
Девушку 1,698970 0,000722
письмом 1,698970 0,000722
открытого 1,698970 0,000722
окна 1,522879 0,000647
Яна 1,000000 0,000425
перевезли 1,698970 0,000722
Дрездена 1,522879 0,000647
шахту 1,698970 0,000722
Саксонии 1,698970 0,000722
спасло 1,698970 0,000722
уничтожения 1,397940 0,000594
Солдаты 1,698970 0,000722
Красной 1,397940 0,000594
Армии 1,301030 0,000553
отправили 1,522879 0,000647
Советский 1,301030 0,000553
Союз 1,154902 0,000491
Сталина 1,698970 0,000722
принято 1,522879 0,000647
решение 0,853872 0,000363
вернуть 1,000000 0,000425
укрепления 1,221849 0,000519
развития 0,721246 0,000306
между 0,823909 0,000350
советским 1,301030 0,000553
немецким 1,522879 0,000647
народами 1,698970 0,000722
Некоторые 1,522879 0,000647
искусствоведы 1,698970 0,000722
хранители 1,698970 0,000722
советских 1,397940 0,000594
потерявших 1,522879 0,000647
сотни 1,221849 0,000519
экспонатов 1,522879 0,000647
предлагали 1,698970 0,000722
пожертвовать 1,522879 0,000647
шедевр 1,522879 0,000647
Спящую 1,698970 0,000722
Венеру 1,698970 0,000722
Джорджоне 1,698970 0,000722
Советскому 1,698970 0,000722
Союзу 1,698970 0,000722
знак 1,522879 0,000647
признательности 1,698970 0,000722
сохранение 1,397940 0,000594
возвращение 1,397940 0,000594
всемирно 1,698970 0,000722
сокровищ 1,301030 0,000553
Дрезденской 1,698970 0,000722
немцы 1,301030 0,000553
согласились 1,522879 0,000647
вернулись 1,397940 0,000594
Германию 1,522879 0,000647
Читать 0,886057 0,000376
дальше 0,886057 0,000376
Свернуть 1,522879 0,000647
публикации 0,823909 0,000350
показы 1,301030 0,000553
Рекомендуемые 1,397940 0,000891
Продвигать 1,698970 0,000722
Работы 1,522879 0,000971
блоке 1,698970 0,000722
показаны 1,522879 0,000647
статусом 1,698970 0,000722
Подробнее 0,698970 0,000445
аккаунтах 1,698970 0,000722
Смотреть 0,721246 0,000766
Выбор 0,886057 0,000376
экспертов 1,096910 0,000466
Дебют 1,522879 0,000647
Лента 0,920819 0,000391
Продажа 1,397940 0,001188
Оценка 1,301030 0,000829
атрибуция 1,698970 0,001083
Что 0,346787 0,000147
такое 0,638272 0,000271
сообщество 1,522879 0,000647
коллекционеров 1,522879 0,000647
дилеров 1,698970 0,000722
удобно 1,221849 0,000519
собирать 1,397940 0,000594
публиковать 1,301030 0,000553
связано 1,698970 0,000722
искусством 1,698970 0,000722
управлять 1,698970 0,001083
коллекциями 1,698970 0,000722
покупать 0,886057 0,000376
продавать 1,397940 0,000594
продвигать 1,698970 0,000722
Объединяет 1,522879 0,000647
Наш 1,045757 0,000444
предоставляет 1,154902 0,000491
возможность 0,769551 0,000327
легко 1,045757 0,000667
находить 1,698970 0,000722
друга 0,886057 0,000376
общаться 1,397940 0,000594
обсуждать 1,522879 0,000647
темы 0,920819 0,000391
творчестве 1,221849 0,000779
Ведите 1,698970 0,000722
занимайтесь 1,698970 0,000722
продажами 1,522879 0,000647
выпустите 1,698970 0,000722
свое 0,721246 0,000306
мобильное 1,397940 0,000891
Галерея 1,221849 0,000779
Ищете 1,397940 0,000594
конкретных 1,397940 0,000594
качественные 1,522879 0,000647
копии 1,522879 0,000647
репродукции 1,698970 0,000722
Больше 0,886057 0,000376
нужно 0,721246 0,000306
просматривать 1,698970 0,000722
множество 1,397940 0,000594
сайтов 1,301030 0,000553
блогов 1,397940 0,000594
Крупнейшая 1,698970 0,000722
онлайн 0,508638 0,000216
знаменитых 1,397940 0,000594
авторов 0,920819 0,000587
собрана 1,522879 0,000647
Обширные 1,698970 0,000722
описание 1,698970 0,000722
авторские 1,221849 0,000519
биографии 1,221849 0,000519
достоверными 1,698970 0,000722
фактами 1,522879 0,000647
проверенными 1,698970 0,000722
датами 1,698970 0,000722
страницах 1,221849 0,000519
живописцев 1,698970 0,000722
получить 0,769551 0,000327
полное 1,522879 0,000647
представление 1,397940 0,000594
портал 0,823909 0,000350
каждый 0,823909 0,000350
открывает 1,154902 0,000491
новые 0,508638 0,000216
имена 1,301030 0,000553
зарегистрированы 1,522879 0,000647
семьдесят 1,522879 0,000647
тысяч 0,744727 0,000316
работающих 1,698970 0,000722
всевозможных 1,698970 0,000722
жанрах 1,397940 0,000594
современного 1,221849 0,000519
Периоды 1,698970 0,000722
техники 1,221849 0,000519
сюжеты 1,301030 0,000553
многочисленных 1,698970 0,000722
фильтров 1,698970 0,000722
найдете 1,045757 0,000444
те 1,221849 0,000519
интересны 1,522879 0,000647
Платформа 1,522879 0,000647
представляте 1,698970 0,000722
владеете 1,698970 0,000722
галереей 1,698970 0,000722
откройте 1,522879 0,000647
Анонсы 1,522879 0,000647
загруженные 1,698970 0,000722
нашим 1,301030 0,000553
С 0,455932 0,000194
страницы 1,221849 0,000519
можете 0,795880 0,000338
коллекцией 1,522879 0,000647
привлечь 1,221849 0,000519
подписчиков 1,221849 0,000519
выпустить 1,698970 0,000722
собственное 1,221849 0,000519
Возможности 1,698970 0,000722
дилерам 1,698970 0,000722
Пользователям 1,397940 0,000594
Кураторам 1,698970 0,000722
экспертам 1,698970 0,000722
Об 0,698970 0,000297
Политика 0,443697 0,000189
Помощь 1,045757 0,000444
FAQ 1,397940 0,000594
Контактные 1,522879 0,000647
сервисы 1,154902 0,000491
выставочных 1,522879 0,000647
Соц 1,698970 0,000722
чатах 1,698970 0,000722
Страница 1,522879 0,000647
Медиуме 1,698970 0,000722
Канал 1,221849 0,000519
Телеграме 1,698970 0,000722
Инстаграме 1,698970 0,000722
Бот 1,698970 0,000722
Телеграма 1,698970 0,000722
весь 1,000000 0,000425
артхив 1,698970 0,000722
Рейтинг 0,958607 0,000611
Современное 1,698970 0,000722
искусство 1,045757 0,000444
Недорогие 1,522879 0,000647
Реализм 1,698970 0,000722
реалистичные 1,698970 0,000722
Публикации 1,698970 0,000722
стилей 1,698970 0,000722
символов 1,522879 0,000647
словарь 1,522879 0,000647
термины 1,522879 0,000647
определения 1,698970 0,000722
досье 1,698970 0,000722
сообщества 1,522879 0,000647
приколы 1,698970 0,000722
Стрит 1,397940 0,000594
Популярное 0,853872 0,000363
поиске 1,698970 0,000722
Современный 1,698970 0,001083
натюрморт 1,698970 0,000722
карандашом 1,698970 0,000722
Акварельный 1,698970 0,000722
Европейский 1,301030 0,000553
Жизнь 0,823909 0,000350
СССР 0,795880 0,000338
