Яндекс 0,638272 0,017407
Метро 1,522879 0,041533
Казань 0,823909 0,029960
Адана 1,522879 0,027689
Алматы 1,698970 0,030890
Анкара 1,698970 0,030890
Афины 1,397940 0,025417
Баку 1,698970 0,030890
Будапешт 1,698970 0,030890
Бурса 1,698970 0,030890
Бухарест 1,698970 0,030890
Варшава 1,522879 0,027689
Вена 1,698970 0,030890
Волгоград 1,096910 0,019944
Днепр 1,698970 0,030890
Дубай 1,698970 0,030890
Екатеринбург 1,000000 0,018182
Ереван 1,698970 0,030890
Измир 1,698970 0,030890
Киев 0,920819 0,016742
Лиссабон 1,698970 0,030890
Милан 1,698970 0,030890
Минск 1,522879 0,027689
Москва 0,508638 0,009248
Нижний 0,853872 0,015525
Новгород 0,886057 0,016110
Новосибирск 1,045757 0,019014
Прага 1,698970 0,030890
Рим 1,522879 0,027689
Самара 1,221849 0,022215
Сан 1,221849 0,022215
Франциско 1,522879 0,027689
Санкт 0,795880 0,014471
Петербург 0,920819 0,016742
София 1,301030 0,023655
Стамбул 1,522879 0,027689
Стокгольм 1,698970 0,030890
Ташкент 1,698970 0,030890
Тбилиси 1,522879 0,027689
Харьков 1,698970 0,030890
Хельсинки 1,698970 0,030890
Обратная 0,585027 0,010637
связь 0,552842 0,010052
Справка 1,221849 0,022215
Разместить 1,397940 0,025417
рекламу 1,096910 0,019944
Условия 1,154902 0,020998
использования 0,920819 0,016742
схема 1,522879 0,027689
метро 1,096910 0,019944
Установите 1,522879 0,027689
приложение 0,920819 0,016742
Подробнее 0,698970 0,012709
