ГИС 1,698970 0,019472
советует 1,522879 0,008727
обновить 1,301030 0,011184
браузер 1,221849 0,010503
прекрасно 1,397940 0,008011
работает 0,657577 0,003768
в 0,070581 0,000809
новых 0,508638 0,002915
браузерах 1,698970 0,009736
а 0,327902 0,001879
старых 1,301030 0,007456
могут 0,522879 0,002996
быть 0,431798 0,002474
неожиданности 1,698970 0,009736
У 0,431798 0,002474
вас 0,823909 0,004722
не 0,142668 0,001635
самый 0,958607 0,005493
новый 0,552842 0,003168
и 0,075721 0,000651
мы 0,468521 0,004027
рекомендуем 1,522879 0,008727
его 0,376751 0,002159
Chrome 1,522879 0,008727
Firefox 1,522879 0,008727
Opera 1,522879 0,008727
Но 0,619789 0,003552
если 0,698970 0,004006
хотите 1,045757 0,005993
настаиваем 1,698970 0,009736
Пропустить 1,698970 0,009736
обновление 1,397940 0,008011
браузера 1,301030 0,007456
перейти 1,397940 0,008011
script 1,397940 0,016022
function 1,397940 0,052072
n 1,522879 0,056726
e 0,958607 0,024721
var 1,522879 0,017454
t 1,221849 0,049014
o 1,522879 0,047999
i 1,522879 0,030545
c 0,920819 0,026384
f 1,522879 0,030545
passive 1,522879 0,008727
capture 1,698970 0,009736
r 1,522879 0,026181
new 1,000000 0,011461
Date 1,698970 0,019472
a 0,920819 0,010554
pointerup 1,698970 0,009736
u 1,698970 0,019472
pointercancel 1,698970 0,009736
p 1,221849 0,014004
w 1,698970 0,019472
s 0,823909 0,009443
forEach 1,698970 0,014604
l 1,522879 0,013091
if 1,221849 0,035010
cancelable 1,698970 0,009736
timeStamp 1,698970 0,014604
performance 1,522879 0,008727
now 1,301030 0,007456
pointerdown 1,698970 0,014604
type 1,522879 0,008727
click 1,522879 0,008727
mousedown 1,698970 0,009736
keydown 1,698970 0,009736
touchstart 1,698970 0,009736
self 1,522879 0,017454
perfMetrics 1,698970 0,019472
onFirstInputDelay 1,698970 0,009736
push 1,301030 0,033551
addEventListener 1,698970 0,009736
removeEventListener 1,698970 0,009736
features 1,301030 0,044735
try 1,522879 0,008727
Array 1,698970 0,019472
prototype 1,698970 0,014604
flat 1,698970 0,009736
flatMap 1,698970 0,009736
flatMapAndFlat 1,698970 0,009736
false 1,522879 0,008727
firstInputDelay 1,698970 0,009736
window 1,301030 0,018639
IntersectionObserver 1,698970 0,014604
Object 1,698970 0,014604
assign 1,698970 0,014604
requestIdleCallback 1,698970 0,014604
Worker 1,698970 0,014604
ResizeObserver 1,698970 0,014604
catch 1,698970 0,009736
length 1,522879 0,008727
document 1,698970 0,009736
write 1,522879 0,008727
src 0,795880 0,004561
polyfills 1,698970 0,009736
min 1,698970 0,009736
js 1,045757 0,005993
join 1,522879 0,008727
scr 1,698970 0,009736
ipt 1,698970 0,009736
