Coursera 1,698970 0,020735
Online 1,301030 0,003970
Courses 1,698970 0,012959
Credentials 1,698970 0,002592
From 1,698970 0,003888
Top 1,301030 0,002977
Educators 1,522879 0,002323
Join 1,397940 0,007464
for 1,045757 0,021537
Free 1,522879 0,027879
Explore 1,397940 0,006398
Loading 1,522879 0,002323
DegreesFind 1,698970 0,002592
your 1,154902 0,006167
New 1,154902 0,002643
CareerFor 1,698970 0,002592
EnterpriseFor 1,698970 0,002592
Universities 1,698970 0,003888
Log 1,397940 0,002133
In 1,397940 0,002133
Upskill 1,698970 0,002592
team 1,397940 0,002133
with 1,096910 0,007530
world 1,397940 0,005332
class 1,397940 0,004265
learning 1,522879 0,004646
customers 1,522879 0,002323
can 1,221849 0,001864
claim 1,698970 0,002592
discount 1,698970 0,002592
Close 1,522879 0,002323
banner 1,698970 0,002592
Learn 1,221849 0,004660
without 1,397940 0,002133
limits 1,522879 0,002323
Get 1,221849 0,002796
that 1,154902 0,001762
ready 1,522879 0,003485
anything 1,397940 0,002133
feeling 1,522879 0,002323
more 1,154902 0,002643
than 1,397940 0,002133
courses 1,698970 0,022031
Professional 1,301030 0,016871
Certificates 1,698970 0,011663
and 0,958607 0,014624
degrees 1,698970 0,002592
from 1,221849 0,004660
universities 1,698970 0,006480
companies 1,301030 0,004962
FreeTry 1,698970 0,002592
Business 1,397940 0,006398
We 1,221849 0,003728
collaborate 1,698970 0,002592
leading 1,698970 0,002592
job 1,522879 0,002323
an 1,154902 0,002643
in 1,000000 0,004577
demand 1,698970 0,002592
career 1,698970 0,007776
Break 1,698970 0,003888
into 1,397940 0,002133
a 0,920819 0,009131
new 1,000000 0,002288
field 1,522879 0,002323
like 1,397940 0,004265
information 1,397940 0,002133
technology 1,397940 0,002133
or 1,154902 0,004405
data 1,154902 0,001762
science 1,522879 0,002323
No 1,397940 0,002133
prior 1,698970 0,002592
experience 1,397940 0,002133
necessary 1,698970 0,002592
to 0,886057 0,006083
get 1,397940 0,002133
started 1,301030 0,001985
Google 0,744727 0,009089
UX 1,522879 0,004646
Design 1,522879 0,005808
Certificate 1,698970 0,016847
Meta 1,301030 0,004962
Social 1,522879 0,005808
Media 1,154902 0,002643
Marketing 1,522879 0,008131
IBM 1,522879 0,015101
Data 1,221849 0,016776
Engineering 1,397940 0,006398
Intuit 1,698970 0,005184
Bookkeeping 1,698970 0,003888
Analytics 1,397940 0,006398
Science 1,522879 0,013939
Project 1,397940 0,005332
Management 1,301030 0,005954
Salesforce 1,698970 0,009072
Sales 1,397940 0,006398
Operations 1,698970 0,005184
IT 0,920819 0,002810
Support 1,221849 0,002796
Cybersecurity 1,698970 0,006480
Analyst 1,698970 0,007776
Development 1,301030 0,005954
Representative 1,698970 0,003888
You 1,045757 0,003988
are 1,154902 0,004405
Currently 1,698970 0,005184
on 1,096910 0,005857
slide 1,698970 0,007776
Specializations 1,698970 0,002592
Can 1,698970 0,002592
Complete 1,698970 0,002592
Day 1,698970 0,002592
Over 1,698970 0,002592
topics 1,522879 0,003485
business 1,522879 0,002323
analytics 1,698970 0,002592
graphic 1,698970 0,002592
design 1,522879 0,002323
Python 1,221849 0,003728
Foundations 1,698970 0,002592
of 0,920819 0,008429
Mindfulness 1,698970 0,002592
Rice 1,698970 0,002592
University 1,522879 0,023232
Course 1,698970 0,031102
Innovation 1,698970 0,002592
Through 1,698970 0,002592
Think 1,698970 0,002592
Make 1,522879 0,002323
Repeat 1,698970 0,002592
The 0,721246 0,002751
Sydney 1,698970 0,002592
Cloud 1,301030 0,008932
Computing 1,698970 0,002592
Basics 1,698970 0,002592
LearnQuest 1,698970 0,002592
Statistics 1,698970 0,002592
SAS 1,698970 0,003888
Brain 1,698970 0,002592
Space 1,522879 0,002323
Duke 1,698970 0,002592
Powerful 1,698970 0,003888
Tools 1,698970 0,002592
Teaching 1,698970 0,005184
Learning 1,522879 0,008131
Digital 1,301030 0,001985
Storytelling 1,698970 0,002592
Houston 1,698970 0,002592
Designing 1,698970 0,002592
Your 1,522879 0,002323
Personal 1,698970 0,003888
Weight 1,522879 0,002323
Loss 1,698970 0,002592
Plan 1,522879 0,002323
Case 1,522879 0,002323
Western 1,698970 0,002592
Reserve 1,698970 0,002592
Problem 1,698970 0,002592
Solving 1,698970 0,002592
Using 1,397940 0,002133
Computational 1,698970 0,002592
Thinking 1,698970 0,002592
Michigan 1,698970 0,003888
MLOps 1,698970 0,002592
Machine 1,522879 0,003485
Fundamentals 1,698970 0,002592
DNA 1,698970 0,002592
Decoded 1,698970 0,002592
McMaster 1,698970 0,002592
Music 1,522879 0,003485
Wellness 1,698970 0,002592
Berklee 1,698970 0,002592
College 1,698970 0,002592
Skills 1,522879 0,017424
Start 1,397940 0,003199
online 1,397940 0,003199
the 0,958607 0,005118
s 0,823909 0,004399
top 1,154902 0,002643
Stanford 1,698970 0,006480
Well 1,698970 0,002592
Being 1,698970 0,002592
Yale 1,698970 0,005184
How 1,397940 0,003199
mental 1,698970 0,002592
tools 1,301030 0,001985
help 1,301030 0,001985
you 1,096910 0,001673
master 1,698970 0,002592
tough 1,698970 0,002592
subjects 1,698970 0,002592
Deep 1,522879 0,002323
Solutions 1,522879 0,002323
Financial 1,698970 0,002592
Markets 1,698970 0,002592
English 1,154902 0,002643
Career 1,698970 0,006480
Pennsylvania 1,698970 0,002592
Successful 1,698970 0,002592
Negotiation 1,698970 0,002592
Essential 1,698970 0,002592
Strategies 1,698970 0,002592
Chinese 1,698970 0,002592
Beginners 1,698970 0,002592
Peking 1,698970 0,002592
Introduction 1,698970 0,005184
Psychology 1,698970 0,002592
Child 1,698970 0,002592
Nutrition 1,698970 0,002592
Cooking 1,698970 0,002592
Philosophy 1,698970 0,002592
Edinburgh 1,698970 0,002592
Food 1,698970 0,002592
Health 1,522879 0,004646
First 1,522879 0,002323
Step 1,698970 0,002592
Korean 1,698970 0,002592
Yonsei 1,698970 0,002592
Computer 1,698970 0,003888
Sciences 1,698970 0,003888
Arts 1,397940 0,002133
Humanities 1,698970 0,002592
Physical 1,698970 0,002592
Language 1,397940 0,003199
Information 1,522879 0,002323
Technology 1,397940 0,002133
Math 1,522879 0,002323
Logic 1,698970 0,002592
Learner 1,698970 0,002592
outcomes 1,698970 0,002592
people 1,698970 0,003888
professional 1,698970 0,003888
development 1,221849 0,002796
report 1,522879 0,002323
benefits 1,522879 0,002323
getting 1,698970 0,002592
promotion 1,698970 0,002592
raise 1,698970 0,002592
starting 1,522879 0,002323
careerCoursera 1,698970 0,002592
Impact 1,397940 0,002133
Report 1,522879 0,002323
community 1,301030 0,001985
million 1,522879 0,002323
already 1,522879 0,002323
Previous 1,698970 0,002592
Next 1,698970 0,002592
ve 1,522879 0,002323
got 1,522879 0,002323
solution 1,301030 0,001985
training 1,397940 0,002133
programs 1,522879 0,002323
developed 1,698970 0,002592
by 1,000000 0,001526
All 1,154902 0,002643
EnterpriseCoursera 1,698970 0,002592
Teams 1,698970 0,006480
Thousands 1,698970 0,002592
institutions 1,698970 0,002592
use 1,154902 0,001762
enterprise 1,698970 0,002592
offering 1,698970 0,002592
Take 1,397940 0,003199
next 1,397940 0,002133
step 1,522879 0,002323
toward 1,698970 0,002592
personal 1,522879 0,002323
goals 1,698970 0,002592
now 1,301030 0,001985
receive 1,698970 0,002592
personalized 1,698970 0,002592
recommendations 1,698970 0,002592
full 1,301030 0,001985
catalog 1,698970 0,002592
Footer 1,698970 0,002592
advance 1,397940 0,002133
Excel 1,698970 0,003888
R 1,301030 0,001985
Full 1,698970 0,003888
Stack 1,522879 0,003485
Developer 1,221849 0,002796
Facebook 0,958607 0,002194
Preparing 1,698970 0,003888
Certification 1,522879 0,003485
Architect 1,698970 0,002592
Engineer 1,698970 0,002592
Launch 1,522879 0,002323
Prepare 1,698970 0,002592
certification 1,698970 0,002592
Advance 1,698970 0,002592
Browse 1,522879 0,002323
popular 1,397940 0,002133
Java 1,301030 0,001985
Web 1,301030 0,003970
SQL 1,301030 0,002977
Cursos 1,698970 0,002592
Gratis 1,698970 0,002592
Microsoft 1,522879 0,002323
Human 1,698970 0,002592
Resources 1,397940 0,002133
Speaking 1,522879 0,002323
Content 1,522879 0,002323
Writing 1,698970 0,002592
Artificial 1,698970 0,002592
Intelligence 1,698970 0,002592
C 1,000000 0,001526
Programming 1,397940 0,003199
Communication 1,698970 0,002592
Blockchain 1,698970 0,002592
See 1,522879 0,003485
all 1,154902 0,002643
Popular 1,698970 0,007776
articles 1,522879 0,002323
Driven 1,698970 0,002592
Decision 1,698970 0,002592
Making 1,698970 0,002592
Software 1,301030 0,001985
Soft 1,522879 0,002323
Product 1,301030 0,001985
Manager 1,698970 0,005184
Finance 1,698970 0,002592
UK 1,698970 0,002592
Beliebte 1,698970 0,002592
Technologiekurse 1,698970 0,002592
Deutschland 1,698970 0,002592
Certifications 1,698970 0,005184
Guide 1,522879 0,004646
Designers 1,698970 0,002592
Earn 1,522879 0,002323
degree 1,698970 0,002592
certificate 1,698970 0,002592
MasterTrack 1,698970 0,003888
MBA 1,698970 0,003888
Degrees 1,698970 0,016847
Public 1,522879 0,002323
European 1,698970 0,002592
Master 1,522879 0,003485
Bachelor 1,698970 0,003888
Performance 1,522879 0,002323
Pathway 1,698970 0,002592
Bsc 1,698970 0,002592
What 1,221849 0,002796
is 1,096910 0,001673
Degree 1,698970 0,003888
Long 1,698970 0,002592
Does 1,698970 0,002592
Is 1,522879 0,002323
Worth 1,698970 0,002592
It 1,301030 0,001985
Ways 1,698970 0,002592
Pay 1,522879 0,002323
Graduate 1,698970 0,002592
School 1,522879 0,002323
certificates 1,522879 0,002323
About 1,154902 0,001762
Offer 1,522879 0,002323
Leadership 1,522879 0,002323
Careers 1,522879 0,002323
Catalog 1,698970 0,002592
Plus 1,698970 0,002592
For 1,301030 0,003970
Enterprise 1,397940 0,002133
Government 1,522879 0,002323
Campus 1,698970 0,002592
Become 1,397940 0,002133
Partner 1,698970 0,002592
Coronavirus 1,698970 0,002592
Response 1,698970 0,002592
Community 1,221849 0,001864
Learners 1,698970 0,002592
Partners 1,397940 0,002133
Developers 1,522879 0,002323
Beta 1,522879 0,002323
Testers 1,698970 0,002592
Translators 1,698970 0,002592
Blog 1,397940 0,003199
Tech 1,522879 0,002323
Center 1,698970 0,002592
More 1,397940 0,002133
Press 1,154902 0,001762
Investors 1,698970 0,002592
Terms 1,221849 0,001864
Privacy 1,154902 0,001762
Help 1,522879 0,002323
Accessibility 1,698970 0,002592
Contact 1,221849 0,001864
Articles 1,522879 0,002323
Directory 1,698970 0,002592
Affiliates 1,698970 0,002592
Anywhere 1,698970 0,002592
Inc 1,154902 0,001762
rights 1,698970 0,002592
reserved 1,522879 0,002323
