МУЗ 1,522879 0,006310
ТВ 0,657577 0,005450
смотреть 0,769551 0,002126
онлайн 0,508638 0,001405
клипы 1,698970 0,004693
и 0,075721 0,000732
музыка 1,045757 0,002889
бесплатно 1,045757 0,002889
Звезды 0,823909 0,003414
чарты 1,698970 0,004693
хиты 1,397940 0,003862
шоу 0,657577 0,001817
бизнеса 1,000000 0,002762
Эфир 0,958607 0,002648
Телеканал 0,769551 0,002126
Проекты 1,096910 0,003030
Видео 0,431798 0,001789
дня 0,494850 0,002734
программа 0,958607 0,005296
Live 1,301030 0,003594
видеочат 1,698970 0,004693
Чарты 1,698970 0,004693
Голосование 1,221849 0,003375
Итоги 1,301030 0,003594
Новости 0,221849 0,001226
Премия 1,045757 0,002889
Тесты 0,920819 0,002544
Музыка 0,795880 0,002199
Войти 0,508638 0,001405
Прямая 1,397940 0,003862
трансляция 1,154902 0,004786
Сейчас 0,823909 0,002276
Отпуск 1,522879 0,004207
без 0,387216 0,001070
путевки 1,698970 0,004693
Дагестан 1,522879 0,004207
ч 1,397940 0,003862
передач 1,045757 0,004333
Вернуться 1,522879 0,004207
к 0,207608 0,000574
рекламе 1,522879 0,004207
в 0,070581 0,001170
эфире 0,823909 0,003414
Реклама 0,387216 0,001070
закончится 0,958607 0,002648
через 0,585027 0,001616
мин 1,522879 0,004207
сек 1,698970 0,004693
Муз 1,698970 0,004693
Онлайн 0,769551 0,002126
Далее 1,301030 0,003594
ЯНДЕКС 1,698970 0,004693
МУЗЫКА 1,522879 0,004207
чарт 1,698970 0,004693
Потом 1,698970 0,004693
PRO 1,301030 0,003594
новости 0,420216 0,001741
Получи 1,698970 0,004693
свое 0,721246 0,002989
персональное 1,698970 0,004693
предсказание 1,698970 0,004693
узнать 1,154902 0,003190
В 0,167491 0,000694
любимой 1,301030 0,003594
среде 1,698970 0,004693
обитания 1,397940 0,003862
жена 1,000000 0,002762
Брюса 1,522879 0,004207
Уиллиса 1,522879 0,004207
поделилась 1,698970 0,007040
трогательным 1,698970 0,004693
семейным 1,698970 0,004693
фото 0,657577 0,001817
Полина 1,096910 0,003030
Гагарина 1,301030 0,003594
Прощаться 1,698970 0,004693
любя 1,522879 0,004207
очень 0,657577 0,002725
больно 1,522879 0,004207
Аврил 1,221849 0,003375
Лавин 1,221849 0,003375
обручилась 1,698970 0,004693
с 0,102373 0,000848
рэпером 1,698970 0,004693
Mod 1,698970 0,004693
Sun 1,397940 0,003862
который 0,508638 0,001405
станет 0,920819 0,002544
ее 0,508638 0,002108
третьим 1,522879 0,004207
мужем 1,522879 0,004207
Позитив 1,698970 0,004693
витамины 1,698970 0,004693
летняя 1,301030 0,003594
Дженнифер 1,301030 0,003594
Лопес 1,522879 0,004207
секретами 1,522879 0,004207
красоты 1,221849 0,003375
Дэниел 1,397940 0,003862
Рэдклифф 1,522879 0,004207
признался 1,397940 0,003862
желании 1,698970 0,004693
сыграть 1,698970 0,004693
Человека 1,397940 0,003862
паука 1,522879 0,004207
JONY 1,698970 0,004693
МЕГАМИКС 1,698970 0,004693
ХИТОВ 1,698970 0,004693
Ты 1,000000 0,002762
беспощадна 1,698970 0,004693
Комета 1,698970 0,004693
Аллея 1,397940 0,003862
Камин 1,698970 0,004693
Мать 1,154902 0,003190
Бритни 1,522879 0,004207
Спирс 1,522879 0,004207
требует 1,096910 0,003030
от 0,193820 0,001071
певицы 1,397940 0,003862
компенсацию 1,698970 0,004693
судебных 1,698970 0,004693
издержек 1,698970 0,004693
по 0,124939 0,000690
делу 1,000000 0,004144
об 0,292430 0,001212
опекунстве 1,698970 0,004693
Кортни 1,698970 0,004693
Кардашьян 1,698970 0,004693
объявила 1,301030 0,003594
что 0,187087 0,000517
недавняя 1,698970 0,004693
тайная 1,698970 0,004693
свадьба 1,154902 0,003190
была 0,744727 0,002057
ненастоящей 1,698970 0,004693
Ангел 1,221849 0,003375
Аня 1,397940 0,003862
Тейлор 1,397940 0,003862
Джой 1,522879 0,004207
вышла 1,045757 0,002889
свет 1,154902 0,003190
сверкающем 1,698970 0,004693
платье 1,301030 0,003594
мини 1,397940 0,003862
Валерия 1,221849 0,003375
рассказала 0,958607 0,002648
почему 0,494850 0,001367
время 0,366532 0,001013
забрала 1,698970 0,004693
дочь 1,096910 0,003030
из 0,167491 0,000463
элитной 1,698970 0,004693
школы 0,853872 0,002359
Швейцарии 1,301030 0,003594
Дмитрий 0,602060 0,001663
Орлов 1,522879 0,004207
рассказал 0,619789 0,001712
отношениях 0,886057 0,002448
Ириной 1,698970 0,004693
Пеговой 1,698970 0,004693
после 0,397940 0,002199
развода 1,301030 0,003594
Премьера 1,221849 0,003375
клипа 1,397940 0,003862
Леша 1,698970 0,004693
Свик 1,698970 0,004693
Плакала 1,698970 0,004693
Трогательная 1,698970 0,004693
история 0,721246 0,001992
основанная 1,522879 0,004207
на 0,075721 0,000941
реальных 1,397940 0,003862
событиях 1,045757 0,002889
о 0,136677 0,000755
непростой 1,698970 0,004693
судьбе 1,301030 0,003594
многих 1,154902 0,003190
женщин 0,920819 0,002544
Заменивший 1,698970 0,004693
Канье 1,698970 0,004693
Уэста 1,698970 0,004693
The 0,721246 0,001992
Weeknd 1,522879 0,004207
хочет 1,000000 0,002762
получить 0,769551 0,002126
его 0,376751 0,001041
гонорар 1,522879 0,004207
за 0,180456 0,000498
выступление 1,522879 0,004207
Coachella 1,698970 0,004693
лондонском 1,698970 0,004693
Ковент 1,522879 0,004207
Гардене 1,698970 0,004693
поставят 1,698970 0,004693
оперу 1,698970 0,004693
последних 1,045757 0,002889
днях 1,397940 0,003862
жизни 0,443697 0,001226
Курта 1,522879 0,004207
Кобейна 1,522879 0,004207
Сергей 0,468521 0,001941
Аморалов 1,397940 0,003862
дал 1,221849 0,003375
первое 0,886057 0,002448
интервью 0,823909 0,002276
смерти 0,744727 0,002057
экс 1,221849 0,003375
коллеги 1,301030 0,003594
группе 1,397940 0,003862
Отпетые 1,698970 0,004693
мошенники 1,522879 0,004207
Леонид 0,958607 0,002648
Агутин 1,698970 0,004693
Секрет 1,301030 0,003594
Shortparis 1,698970 0,004693
выступят 1,397940 0,003862
фестивале 1,154902 0,003190
STEREOLETO 1,698970 0,004693
Петербурге 1,045757 0,002889
летний 1,045757 0,002889
Андрей 0,552842 0,001527
Макаревич 1,397940 0,003862
стал 0,585027 0,001616
отцом 1,301030 0,003594
четвертый 1,397940 0,003862
раз 0,698970 0,001931
Группа 1,397940 0,003862
Мумий 1,698970 0,004693
Тролль 1,522879 0,004207
анонсировала 1,522879 0,004207
выход 1,096910 0,003030
сборника 1,397940 0,003862
летних 1,522879 0,004207
песен 1,221849 0,003375
виниле 1,698970 0,004693
Как 0,301030 0,001247
возрастом 1,698970 0,004693
менялся 1,397940 0,003862
сын 0,958607 0,002648
Жанны 1,397940 0,003862
Фриске 1,397940 0,003862
Дмитрия 1,301030 0,003594
Шепелева 1,698970 0,004693
LIVE 1,154902 0,003190
Видеочат 1,698970 0,004693
со 0,387216 0,001070
звездой 1,096910 0,003030
Мари 1,221849 0,003375
Краймбрери 1,698970 0,004693
запись 1,522879 0,004207
октября 1,096910 0,003030
Зарубежные 1,221849 0,003375
бой 1,096910 0,003030
бэнды 1,698970 0,004693
помнишь 1,698970 0,004693
их 0,455932 0,001259
Отличишь 1,698970 0,004693
Джастина 1,522879 0,004207
Тимберлейка 1,698970 0,004693
Робби 1,698970 0,004693
Уильямса 1,522879 0,004207
Играть 1,698970 0,004693
Эд 1,397940 0,003862
Ширан 1,522879 0,004207
оправдан 1,698970 0,004693
судом 1,522879 0,004207
предполагаемом 1,698970 0,004693
плагиате 1,522879 0,004207
песни 1,221849 0,003375
Shape 1,698970 0,004693
Of 1,397940 0,003862
You 1,045757 0,002889
Я 0,508638 0,002108
тебе 1,096910 0,003030
не 0,142668 0,000591
нужен 0,958607 0,002648
новой 0,769551 0,002126
песне 1,698970 0,004693
Моргенштерн 1,301030 0,003594
намекнул 1,698970 0,004693
разлад 1,698970 0,004693
Диларой 1,698970 0,004693
Звезда 1,221849 0,003375
Бедной 1,301030 0,003594
Насти 1,301030 0,003594
Карякин 1,301030 0,003594
болен 1,522879 0,004207
серьезно 1,221849 0,003375
Все 0,148742 0,000411
мы 0,468521 0,001941
хотим 1,522879 0,004207
показывать 1,301030 0,003594
вам 0,677781 0,002808
только 0,309804 0,000856
ту 1,522879 0,004207
рекламу 1,096910 0,003030
которая 0,823909 0,002276
будет 0,387216 0,001070
интересна 1,698970 0,004693
для 0,119186 0,000329
этого 0,619789 0,001712
используем 1,221849 0,003375
cookie 1,221849 0,003375
это 0,292430 0,000808
печенье 1,522879 0,004207
понятно 1,397940 0,003862
О 0,207608 0,000574
телеканале 1,221849 0,003375
Контакты 0,455932 0,001259
Кастинг 1,522879 0,004207
Пожаловаться 1,522879 0,004207
проблемы 1,000000 0,002762
вещанием 1,698970 0,004693
разместить 1,698970 0,004693
клип 1,397940 0,003862
Размещение 0,958607 0,002648
рекламы 0,823909 0,002276
Пожалуйста 1,096910 0,003030
зарегистрируйся 1,698970 0,004693
сайте 0,431798 0,001193
чтобы 0,481486 0,001330
принять 1,221849 0,003375
участие 0,958607 0,002648
голосовании 1,522879 0,004207
Возможность 1,522879 0,004207
голосовать 1,698970 0,004693
открывается 1,397940 0,003862
спустя 1,154902 0,003190
регистрации 0,638272 0,001763
Регистрация 0,657577 0,001817
