Тупичок 1,698970 0,001823
Гоблина 1,698970 0,005469
Goblin 1,698970 0,027344
Переводы 1,301030 0,006980
кино 0,568636 0,001220
Студия 1,221849 0,002622
полный 1,154902 0,002478
Пэ 1,698970 0,003646
Божья 1,698970 0,003646
Искра 1,698970 0,003646
Синий 1,698970 0,003646
Фил 1,522879 0,003268
Новости 0,221849 0,001428
Заметки 1,522879 0,004902
Картинки 1,397940 0,006000
Видео 0,431798 0,002317
Магазин 1,045757 0,003366
Освободите 1,698970 0,003646
Джимми 1,698970 0,003646
Хорошие 1,522879 0,003268
мальчики 1,397940 0,003000
Идентификация 1,698970 0,003646
Борна 1,698970 0,003646
Рим 1,522879 0,003268
Лицо 1,698970 0,003646
со 0,387216 0,001662
шрамом 1,698970 0,003646
Большой 1,045757 0,002244
Лебовски 1,698970 0,003646
Очень 1,045757 0,002244
плохая 1,698970 0,003646
училка 1,698970 0,003646
Конструктор 1,698970 0,003646
для 0,119186 0,000384
будущих 1,397940 0,003000
инженеров 1,698970 0,003646
Защита 1,397940 0,003000
одежды 1,698970 0,003646
и 0,075721 0,001219
обуви 1,397940 0,003000
Набор 1,698970 0,003646
выживания 1,522879 0,003268
Поисковый 1,698970 0,003646
трекер 1,698970 0,003646
Chipolo 1,698970 0,003646
Брючный 1,698970 0,003646
ремень 1,698970 0,003646
Умные 1,522879 0,003268
весы 1,698970 0,003646
Picooc 1,698970 0,003646
Mini 1,522879 0,003268
Александр 0,468521 0,002514
Галушка 1,698970 0,005469
Что 0,346787 0,001116
происходит 0,920819 0,002964
в 0,070581 0,002045
экономике 1,221849 0,003933
Гоблин 1,698970 0,018229
Клим 1,301030 0,004188
Жуков 1,522879 0,004902
особой 1,698970 0,005469
зоне 1,397940 0,004500
инновационный 1,698970 0,005469
колледж 1,522879 0,004902
Алабуга 1,698970 0,005469
Политех 1,698970 0,005469
Дмитрий 0,602060 0,002584
Пучков 1,522879 0,004902
Открытой 1,397940 0,004500
студии 1,154902 0,003717
быть 0,431798 0,001390
русским 1,522879 0,004902
Советские 1,397940 0,004500
артиллеристы 1,698970 0,005469
Афганистане 1,698970 0,005469
Вспоминает 1,698970 0,005469
Меледин 1,698970 0,005469
Призраки 1,221849 0,003933
солдаты 1,522879 0,004902
забытой 1,522879 0,004902
войны 0,744727 0,002397
Лужники 1,522879 0,004902
Игра 1,045757 0,002244
кальмара 1,522879 0,003268
Любой 1,301030 0,002792
ценой 1,522879 0,003268
комментарий 1,221849 0,005244
Политика 0,443697 0,001428
img 0,795880 0,022203
src 0,795880 0,012809
https 0,721246 0,011608
youtube 1,397940 0,031499
com 0,744727 0,009589
vi 1,698970 0,021875
sEnO 1,698970 0,003646
CZ 1,698970 0,003646
lKk 1,698970 0,003646
jpg 1,698970 0,027344
просмотра 1,221849 0,011799
аудиоверсия 1,698970 0,020052
вконтакте 1,698970 0,023698
Телеграм 1,221849 0,003933
канал 0,920819 0,002964
Кристалл 1,698970 0,003646
роста 1,221849 0,002622
комментариев 1,397940 0,013499
Наука 0,638272 0,001370
QhAqtfw 1,698970 0,003646
Sw 1,698970 0,003646
rutube 1,522879 0,017974
дзен 1,698970 0,021875
Куда 1,154902 0,002478
пойти 1,221849 0,002622
учиться 1,301030 0,002792
Кошмар 1,698970 0,003646
Лондона 1,698970 0,003646
Джек 1,301030 0,002792
Прыгун 1,698970 0,003646
отец 1,301030 0,002792
всех 0,552842 0,001186
монстров 1,397940 0,003000
egoryakovlev 1,698970 0,003646
История 0,494850 0,001593
DdE 1,698970 0,003646
b 1,221849 0,002622
KazGc 1,698970 0,003646
maxresdefault 1,698970 0,005469
комментария 1,397940 0,007500
Это 0,537602 0,002307
ПЕАР 1,698970 0,007292
video 1,522879 0,011438
oper 1,698970 0,007292
ru 0,187087 0,001004
preview 1,698970 0,007292
openstudio 1,698970 0,003646
Программа 0,958607 0,002057
Открытая 1,301030 0,002792
студия 1,221849 0,002622
Onepamop 1,698970 0,003646
nSFoSu 1,698970 0,003646
XQc 1,698970 0,003646
просмотров 1,221849 0,005244
Поддержать 1,397940 0,003000
выпуск 1,000000 0,002146
новых 0,508638 0,001091
видеоматериалов 1,045757 0,002244
Специнформа 1,698970 0,003646
подписаться 1,698970 0,003646
Война 0,920819 0,001976
prizraki 1,698970 0,003646
Помочь 1,698970 0,003646
авторам 1,301030 0,002792
можно 0,443697 0,000952
перейдя 1,698970 0,003646
по 0,124939 0,000536
ссылке 1,301030 0,002792
авторов 0,920819 0,001976
фильма 0,795880 0,001708
Патриотические 1,698970 0,005469
книги 0,744727 0,002397
скидкой 1,301030 0,004188
реклама 1,154902 0,003717
Книги 0,795880 0,001708
Подборка 1,301030 0,002792
актуальных 1,397940 0,003000
книг 0,958607 0,002057
от 0,193820 0,000416
издательства 1,522879 0,003268
Питер 1,698970 0,003646
купону 1,698970 0,003646
ОПЕР 1,698970 0,003646
ГОБЛИН 1,698970 0,003646
ПУЧКОВ 1,698970 0,003646
Алексей 0,602060 0,001292
ИВАНОВ 1,698970 0,003646
ВОЙНА 1,698970 0,003646
МИР 1,522879 0,003268
T 1,301030 0,002792
oWpzzbG 1,698970 0,003646
Радио 0,958607 0,002057
Комсомольская 1,397940 0,003000
Правда 1,096910 0,002354
Степан 1,522879 0,003268
Земцов 1,698970 0,003646
про 0,568636 0,001220
малый 1,698970 0,003646
средний 1,522879 0,003268
бизнес 0,657577 0,001411
Арктике 1,698970 0,003646
Разное 1,397940 0,003000
hCd 1,698970 0,003646
eqQSb 1,698970 0,003646
k 1,522879 0,004902
Проектный 1,698970 0,003646
офис 1,397940 0,003000
развития 0,721246 0,001548
Арктики 1,522879 0,003268
ПОРА 1,698970 0,005469
на 0,075721 0,000650
YouTube 0,823909 0,002652
Крыму 1,301030 0,002792
Первый 0,853872 0,001832
пляж 1,522879 0,003268
Евпатории 1,698970 0,003646
Путешествия 1,154902 0,002478
nSBAWlSXRh 1,698970 0,003646
Борьба 1,301030 0,002792
Антона 1,397940 0,003000
Долина 1,522879 0,003268
спасение 1,301030 0,002792
российского 0,823909 0,001768
проката 1,522879 0,003268
Брюс 1,522879 0,003268
Уиллис 1,397940 0,003000
наушник 1,698970 0,003646
Фильмы 0,744727 0,003995
fKC 1,698970 0,003646
gQfNiA 1,698970 0,003646
просмотр 1,522879 0,003268
Скидка 1,698970 0,003646
коду 1,698970 0,003646
OPER 1,698970 0,003646
одежду 1,522879 0,003268
аксессуары 1,698970 0,003646
Дела 1,397940 0,003000
проекте 0,657577 0,001411
Вперед 1,397940 0,003000
вверх 1,301030 0,002792
rW 1,698970 0,003646
dibabuU 1,698970 0,003646
ИЗОЛЕНТА 1,698970 0,003646
live 1,522879 0,003268
isolenta 1,698970 0,003646
Изолента 1,698970 0,005469
Live 1,301030 0,004188
ВКонтакте 0,795880 0,001708
Telegram 0,769551 0,002477
Оскар 1,000000 0,002146
Уилл 1,154902 0,002478
Смит 1,154902 0,002478
Крис 1,397940 0,003000
Рок 1,301030 0,002792
Вильнев 1,698970 0,003646
спайс 1,698970 0,003646
выбор 1,000000 0,002146
зрителей 1,221849 0,002622
uxcKPdIZRAI 1,698970 0,003646
Кто 0,638272 0,001370
как 0,251812 0,000540
голосует 1,698970 0,003646
Оскаре 1,221849 0,002622
Обзор 1,221849 0,003933
Армии 1,301030 0,002792
мертвецов 1,698970 0,003646
Дюны 1,698970 0,003646
Про 1,000000 0,002146
газ 1,154902 0,002478
рубли 1,301030 0,002792
Чубайс 1,698970 0,003646
отъехал 1,698970 0,003646
сахарная 1,698970 0,003646
кома 1,698970 0,003646
прощальный 1,698970 0,003646
Совет 1,301030 0,002792
Европы 0,920819 0,001976
KvNr 1,698970 0,003646
STSfwM 1,698970 0,003646
Открыть 1,301030 0,002792
счет 1,000000 0,002146
Модульбанке 1,698970 0,003646
следующие 1,698970 0,003646
новости 0,420216 0,001353
архив 1,522879 0,003268
новостей 0,619789 0,001330
предыдущие 1,698970 0,003646
интересное 1,522879 0,003268
Опершоп 1,698970 0,003646
VIP 1,698970 0,003646
клуб 0,958607 0,002057
гоблин 1,698970 0,003646
Контакте 1,698970 0,005469
Rutube 1,301030 0,002792
Яндекс 0,638272 0,002055
Дзен 1,000000 0,002146
TikTok 1,221849 0,002622
iTunes 1,698970 0,005469
Store 1,154902 0,003717
tynu 1,698970 0,003646
Группа 1,397940 0,003000
RSS 0,853872 0,001832
Twitter 0,853872 0,001832
ЖЖ 1,698970 0,003646
Подкаст 1,397940 0,006000
Spotify 1,301030 0,002792
Музыка 0,795880 0,001708
переводе 1,522879 0,003268
Аудиокниги 1,397940 0,003000
Лит 1,221849 0,002622
Рес 1,301030 0,002792
Создание 1,154902 0,002478
сайтов 1,301030 0,002792
megagroup 1,698970 0,003646
EnterTorMent 1,698970 0,003646
заслать 1,698970 0,003646
письмо 1,045757 0,002244
цурюк 1,698970 0,003646
