img 0,795880 0,000442
src 0,795880 0,000883
https 0,721246 0,000800
c 0,920819 0,001022
paypal 1,698970 0,001886
com 0,744727 0,000827
v 1,698970 0,001886
r 1,522879 0,002535
d 1,301030 0,001444
b 1,221849 0,001356
ns 1,698970 0,001886
f 1,522879 0,001690
LITRES 1,698970 0,001886
BHKNHJM 1,698970 0,001886
NV 1,698970 0,001886
BA 1,698970 0,001886
amp 1,397940 0,003103
s 0,823909 0,000914
js 1,045757 0,001161
style 0,823909 0,000914
display 1,522879 0,001690
none 1,522879 0,001690
Электронная 1,522879 0,001690
библиотека 1,096910 0,002435
MyBook 1,698970 0,010371
читайте 1,221849 0,002034
книги 0,744727 0,009505
в 0,070581 0,001488
онлайн 0,508638 0,001411
библиотеке 1,397940 0,006206
Новинки 0,853872 0,003791
и 0,075721 0,002017
бестселлеры 1,698970 0,004714
литературы 0,920819 0,001022
электронных 1,096910 0,001826
книг 0,958607 0,009575
Что 0,346787 0,000770
выбрать 1,096910 0,003044
Библиотека 1,045757 0,001741
Подписка 0,853872 0,000948
Войти 0,508638 0,000847
Книги 0,795880 0,001767
Аудиокниги 1,397940 0,002327
Бесплатные 1,698970 0,003771
Топ 0,958607 0,003192
аудиокниг 1,397940 0,004655
Загрузи 1,698970 0,002828
свой 0,721246 0,001201
подкаст 1,397940 0,003103
слушайте 1,698970 0,003771
по 0,124939 0,000971
одной 0,958607 0,001596
подписке 1,397940 0,003879
дней 0,744727 0,001653
бесплатно 1,045757 0,001741
новинок 1,397940 0,001552
каждый 0,823909 0,001372
месяц 0,853872 0,001422
Подборки 0,795880 0,001325
рекомендации 1,221849 0,002034
Оффлайн 1,698970 0,001886
или 0,301030 0,001002
Еще 0,585027 0,001948
Лучшие 0,823909 0,001829
бизнес 0,657577 0,000730
Деловая 1,522879 0,001690
научно 1,397940 0,001552
популярная 1,397940 0,001552
литература 1,000000 0,002220
издательств 1,397940 0,001552
Манн 1,698970 0,001886
Иванов 1,096910 0,001217
Фербер 1,698970 0,001886
Альпина 1,522879 0,001690
Паблишер 1,698970 0,001886
Олимп 1,522879 0,001690
Бизнес 0,853872 0,001422
других 0,795880 0,000883
Переговоры 1,301030 0,001444
за 0,180456 0,000401
минуту 1,397940 0,002327
Экспресс 1,698970 0,001886
курс 0,920819 0,001022
делового 1,522879 0,001690
общения 1,154902 0,001282
Эдуард 1,221849 0,001356
Трымбовецкий 1,698970 0,001886
Воронки 1,698970 0,001886
продаж 1,096910 0,001826
методу 1,698970 0,001886
StoryBrand 1,698970 0,001886
Пошаговое 1,698970 0,001886
руководство 1,397940 0,001552
Donald 1,698970 0,002828
Miller 1,698970 0,002828
Экономика 0,568636 0,000631
Для 0,494850 0,000824
тех 0,920819 0,001022
кто 0,494850 0,000824
про 0,568636 0,000631
нее 1,045757 0,001161
не 0,142668 0,000792
может 0,397940 0,000442
слышать 1,698970 0,001886
Сергей 0,468521 0,000780
Нечаев 1,522879 0,001690
Я 0,508638 0,000847
редактор 0,585027 0,000649
Настольная 1,698970 0,001886
книга 0,958607 0,002128
для 0,119186 0,000595
всех 0,552842 0,001227
работает 0,657577 0,000730
медиа 1,154902 0,001282
Николай 0,744727 0,002066
Кононов 1,698970 0,001886
на 0,075721 0,000672
пальцах 1,698970 0,001886
Развитие 1,522879 0,001690
навыков 1,522879 0,001690
управления 1,221849 0,001356
маркетинга 1,397940 0,001552
Работа 1,221849 0,001356
любви 0,677781 0,000752
Как 0,301030 0,000501
построить 1,301030 0,001444
успешную 1,698970 0,001886
карьеру 1,301030 0,001444
превратить 1,698970 0,001886
ее 0,508638 0,000847
источник 1,397940 0,001552
вдохновения 1,698970 0,001886
счастья 1,045757 0,001161
Ольга 0,769551 0,000854
Лермонтова 1,397940 0,001552
Путь 1,301030 0,001444
как 0,251812 0,000419
ускорить 1,698970 0,001886
продвижение 1,397940 0,001552
к 0,207608 0,000806
финансовой 1,154902 0,001282
свободе 1,698970 0,001886
Тони 1,522879 0,001690
Роббинс 1,698970 0,001886
Pioner 1,698970 0,001886
Talks 1,522879 0,001690
разговоров 1,522879 0,001690
сегодня 0,677781 0,000752
о 0,136677 0,000531
том 0,568636 0,000631
что 0,187087 0,000727
ждет 0,853872 0,000948
нас 0,508638 0,000565
завтра 1,154902 0,001282
Сдобнов 1,698970 0,001886
Текст 1,397940 0,001552
полочкам 1,397940 0,001552
Краткое 1,698970 0,001886
пособие 1,397940 0,001552
деловой 1,698970 0,001886
переписке 1,698970 0,001886
Максим 0,958607 0,001064
Ильяхов 1,698970 0,001886
железных 1,522879 0,001690
принципов 1,698970 0,001886
успеха 1,096910 0,001217
Боб 1,522879 0,001690
Проктор 1,698970 0,001886
новые 0,508638 0,000565
Добавьте 1,698970 0,001886
лучшее 1,154902 0,001282
Мои 1,397940 0,001552
чтобы 0,481486 0,001336
ничего 1,045757 0,001161
упустить 1,698970 0,001886
Сказки 1,221849 0,001356
народов 1,221849 0,001356
мира 0,537602 0,000597
Борис 0,769551 0,000854
Акунин 1,698970 0,001886
Воронье 1,522879 0,001690
озеро 1,397940 0,001552
Мэри 1,154902 0,001282
Лоусон 1,522879 0,001690
Чумные 1,698970 0,001886
ночи 1,301030 0,001444
Орхан 1,698970 0,001886
Памук 1,698970 0,001886
Среди 1,221849 0,001356
гиен 1,698970 0,001886
другие 0,677781 0,001128
повести 1,221849 0,001356
Виктор 0,795880 0,000883
Шендерович 1,698970 0,001886
Имени 1,698970 0,002828
такого 1,301030 0,002166
то 0,537602 0,000895
Линор 1,522879 0,002535
Горалик 1,698970 0,002828
Рагнарек 1,698970 0,001886
Антония 1,522879 0,001690
Сьюзен 1,698970 0,001886
Байетт 1,698970 0,001886
Дело 1,096910 0,001217
Зили 1,698970 0,001886
султана 1,698970 0,001886
АНОНИМУС 1,698970 0,001886
Девушка 1,096910 0,001217
встречает 1,221849 0,001356
парня 1,221849 0,001356
Али 1,698970 0,001886
Смит 1,154902 0,001282
Барсук 1,698970 0,001886
Фредерик 1,698970 0,001886
Винтер 1,698970 0,001886
Собор 1,698970 0,001886
у 0,387216 0,000430
моря 1,301030 0,001444
Ильдефонсо 1,698970 0,001886
Фальконес 1,698970 0,001886
Десятки 1,698970 0,001886
тысяч 0,744727 0,000827
бесплатных 1,397940 0,001552
Родная 1,522879 0,001690
классика 1,301030 0,002166
проверенные 1,522879 0,001690
временем 1,397940 0,001552
Граф 1,522879 0,001690
Монте 1,698970 0,001886
Кристо 1,698970 0,001886
Александр 0,468521 0,000520
Дюма 1,698970 0,001886
Отцы 1,301030 0,001444
дети 0,853872 0,000948
Иван 0,744727 0,000827
Тургенев 1,301030 0,001444
Любви 1,397940 0,001552
старинные 1,698970 0,001886
туманы 1,698970 0,001886
Марина 0,958607 0,001064
Цветаева 1,397940 0,001552
Мертвые 1,397940 0,001552
души 0,958607 0,001064
Гоголь 1,397940 0,001552
Морфий 1,522879 0,001690
сборник 1,397940 0,004655
Михаил 0,568636 0,000631
Булгаков 1,522879 0,001690
Полное 1,301030 0,001444
собрание 1,397940 0,001552
сочинений 1,522879 0,001690
Том 1,096910 0,001217
Война 0,920819 0,001022
мир 0,552842 0,000614
Лев 1,000000 0,001665
Толстой 1,154902 0,001282
Алиса 1,301030 0,002166
Стране 1,698970 0,001886
чудес 1,522879 0,001690
Зазеркалье 1,698970 0,001886
Льюис 1,301030 0,001444
Кэрролл 1,698970 0,001886
Двадцать 1,397940 0,001552
четыре 1,000000 0,001110
часа 1,154902 0,001282
из 0,167491 0,000279
жизни 0,443697 0,000739
женщины 0,958607 0,001064
Стефан 1,522879 0,001690
Цвейг 1,698970 0,001886
Русская 1,045757 0,001161
идея 1,221849 0,001356
Миросозерцание 1,698970 0,001886
Достоевского 1,301030 0,001444
Бердяев 1,698970 0,001886
Бедная 1,397940 0,001552
Лиза 1,221849 0,001356
Карамзин 1,522879 0,001690
Теперь 0,958607 0,001064
аудиокниги 1,522879 0,003380
Более 1,000000 0,001665
взрослых 1,000000 0,001110
детей 0,431798 0,000958
Десять 1,397940 0,001552
правил 0,958607 0,001064
писательства 1,698970 0,001886
Джоанн 1,698970 0,001886
Харрис 1,397940 0,001552
Ты 1,000000 0,001110
меня 0,721246 0,001201
любишь 1,522879 0,001690
Кэролайн 1,698970 0,001886
Кепнес 1,698970 0,001886
Медленной 1,698970 0,001886
шлюпкой 1,698970 0,001886
Китай 1,096910 0,001217
Харуки 1,397940 0,001552
Мураками 1,301030 0,001444
Ночная 1,698970 0,001886
смена 1,698970 0,001886
Алексей 0,602060 0,000668
Поляринов 1,698970 0,001886
бездна 1,522879 0,001690
Донато 1,522879 0,001690
Карризи 1,522879 0,001690
Яблоки 1,698970 0,001886
падают 1,698970 0,001886
никогда 0,958607 0,001064
Лиана 1,698970 0,001886
Мориарти 1,698970 0,001886
Сны 1,397940 0,001552
поездов 1,397940 0,001552
Denis 1,698970 0,001886
Johnson 1,698970 0,001886
Семь 1,096910 0,001217
сестер 1,397940 0,001552
Люсинда 1,522879 0,001690
Райли 1,397940 0,001552
Добрый 1,698970 0,001886
друг 0,795880 0,000883
Декстер 1,698970 0,001886
Джеффри 1,698970 0,001886
Линдсей 1,698970 0,001886
Детям 1,301030 0,001444
родителям 1,522879 0,001690
всей 0,920819 0,001022
семьи 0,853872 0,000948
Райя 1,698970 0,001886
последний 1,096910 0,001217
дракон 1,154902 0,001282
Тенни 1,698970 0,001886
Нельсон 1,698970 0,001886
Холодное 1,522879 0,001690
сердце 0,920819 0,001022
Натан 1,301030 0,001444
Сара 1,397940 0,001552
Желтая 1,698970 0,001886
сказок 1,698970 0,001886
Эндрю 1,397940 0,001552
Лэнг 1,698970 0,001886
Король 1,221849 0,001356
Элизабет 1,698970 0,001886
Рудник 1,698970 0,001886
Три 0,823909 0,000914
твоих 1,522879 0,001690
имени 0,721246 0,000800
Дина 1,301030 0,001444
Сабитова 1,698970 0,001886
Глава 0,698970 0,000776
Джулиана 1,698970 0,001886
Р 1,301030 0,001444
Паласио 1,698970 0,001886
Зовите 1,698970 0,001886
Джин 1,698970 0,001886
Миллер 1,221849 0,001356
Дарья 1,154902 0,001282
Полукарова 1,698970 0,001886
Григорий 1,221849 0,001356
без 0,387216 0,001289
отчества 1,698970 0,001886
Бабочкин 1,698970 0,001886
Анна 0,568636 0,000631
Зенькова 1,698970 0,001886
Платье 1,698970 0,001886
цвета 1,397940 0,001552
полуночи 1,397940 0,001552
Терри 1,698970 0,001886
Пратчетт 1,698970 0,001886
Психология 1,000000 0,001110
сказки 1,154902 0,001282
кота 1,221849 0,001356
Киселя 1,698970 0,001886
Лариса 1,154902 0,001282
Суркова 1,698970 0,001886
Все 0,148742 0,000413
доступны 1,397940 0,001552
одновременно 1,221849 0,001356
Пользуйтесь 1,522879 0,001690
подпиской 1,698970 0,001886
безлимитным 1,698970 0,001886
абонементом 1,698970 0,001886
весь 1,000000 0,001110
каталог 1,154902 0,001282
Персональные 1,522879 0,001690
Подбираем 1,698970 0,002828
вашему 1,522879 0,001690
вкусу 1,397940 0,001552
основе 0,958607 0,001064
того 0,853872 0,000948
вы 0,420216 0,001166
прочитали 1,522879 0,001690
Статистика 1,154902 0,001923
чтения 1,397940 0,003879
Показываем 1,698970 0,001886
время 0,366532 0,000610
скорость 1,522879 0,001690
прогресс 1,522879 0,001690
вашего 1,154902 0,001282
приложении 1,698970 0,005657
подборки 1,154902 0,001282
Всегда 1,522879 0,001690
подскажем 1,698970 0,001886
почитать 1,154902 0,001923
темам 1,522879 0,001690
рейтингам 1,698970 0,001886
держим 1,698970 0,001886
курсе 1,096910 0,001217
книжных 1,698970 0,002828
новостей 0,619789 0,000688
Несбе 1,522879 0,001690
топ 1,221849 0,001356
скандинавских 1,698970 0,001886
детективов 1,522879 0,001690
Живите 1,698970 0,001886
долго 1,000000 0,001110
счастливо 1,522879 0,001690
долголетии 1,698970 0,001886
Гарри 1,045757 0,001161
Поттере 1,698970 0,001886
станут 1,397940 0,001552
недоступными 1,698970 0,001886
каталогах 1,698970 0,001886
Лит 1,221849 0,002034
Рес 1,301030 0,002166
с 0,102373 0,000284
апреля 0,301030 0,001002
недели 0,769551 0,001708
Кто 0,638272 0,000708
умеет 1,301030 0,001444
радоваться 1,522879 0,001690
тот 0,853872 0,000948
непобедим 1,698970 0,001886
коллекция 1,397940 0,003103
Макса 1,522879 0,001690
Фрая 1,698970 0,001886
Аудионовинки 1,698970 0,002828
историй 1,096910 0,001217
Disney 1,522879 0,001690
Полный 1,221849 0,001356
релакс 1,698970 0,001886
марта 0,769551 0,001281
Читайте 1,096910 0,001826
любимые 1,221849 0,001356
дома 0,744727 0,001653
дороге 1,221849 0,002034
даже 0,619789 0,001032
интернета 1,397940 0,001552
Скачайте 1,522879 0,001690
мобильное 1,397940 0,001552
приложение 0,920819 0,002044
выберите 1,397940 0,001552
лучшую 1,698970 0,001886
книгу 1,045757 0,002321
удобно 1,221849 0,001356
где 0,537602 0,000597
угодно 1,301030 0,002166
самая 1,301030 0,001444
большая 1,522879 0,001690
русском 1,154902 0,001282
языке 0,886057 0,000983
произведений 0,853872 0,001422
жанров 1,397940 0,001552
мобильном 1,698970 0,001886
сайте 0,431798 0,001198
детективы 1,522879 0,001690
фантастика 1,045757 0,001161
фэнтези 1,045757 0,001161
любовные 1,698970 0,001886
романы 1,221849 0,001356
бизнесу 1,522879 0,001690
психологии 1,301030 0,001444
современная 1,301030 0,002166
классическая 1,397940 0,001552
поступают 1,522879 0,001690
день 0,585027 0,000974
книжном 1,698970 0,001886
магазине 1,522879 0,001690
только 0,309804 0,000516
удобнее 1,397940 0,002327
Некоторые 1,522879 0,001690
электронные 1,397940 0,001552
бесплатны 1,698970 0,001886
их 0,455932 0,000506
можно 0,443697 0,000985
читать 0,823909 0,002743
подписки 1,397940 0,003103
Это 0,537602 0,000597
классические 1,698970 0,001886
произведения 0,823909 0,001372
школьной 1,397940 0,001552
программы 0,823909 0,000914
начинающих 1,221849 0,001356
авторов 0,920819 0,001022
Любые 1,698970 0,001886
входят 1,698970 0,001886
стандартную 1,698970 0,001886
премиум 1,522879 0,002535
Оформите 1,698970 0,001886
получить 0,769551 0,000854
полный 1,154902 0,001282
доступ 1,045757 0,002321
стандарт 1,698970 0,001886
классику 1,522879 0,001690
Можно 1,000000 0,001110
подходящий 1,698970 0,001886
срок 1,154902 0,001282
три 0,853872 0,000948
месяца 0,920819 0,001533
год 0,568636 0,000631
Больше 0,886057 0,000983
нужно 0,721246 0,000800
покупать 0,886057 0,000983
Если 0,769551 0,000854
вам 0,677781 0,001505
понравилась 1,522879 0,001690
можете 0,795880 0,001325
бросить 1,397940 0,001552
сожаления 1,698970 0,001886
потраченных 1,698970 0,001886
деньгах 1,698970 0,001886
Безлимитный 1,698970 0,001886
позволяет 1,301030 0,001444
тут 0,886057 0,000983
же 0,721246 0,000800
новую 0,769551 0,000854
Вся 0,886057 0,001475
Мы 0,537602 0,001193
рады 1,397940 0,001552
видеть 1,221849 0,001356
вас 0,823909 0,000914
здесь 0,744727 0,000827
слушать 1,045757 0,001161
Но 0,619789 0,000688
Смартфон 1,522879 0,001690
всегда 0,657577 0,000730
под 0,376751 0,000418
рукой 1,522879 0,001690
а 0,327902 0,000728
значит 1,154902 0,001282
вами 1,301030 0,001444
все 0,292430 0,000325
нужные 1,397940 0,001552
Мобильное 1,522879 0,001690
iOS 1,000000 0,001110
Android 0,958607 0,001064
это 0,292430 0,000487
ваша 1,698970 0,001886
смартфоне 1,397940 0,002327
планшете 1,522879 0,001690
Читать 0,886057 0,000983
электронной 0,886057 0,001475
любой 0,853872 0,000948
ситуации 1,000000 0,001110
сети 0,823909 0,001372
этого 0,619789 0,000688
откройте 1,522879 0,001690
нужную 1,698970 0,001886
режиме 1,301030 0,001444
включенным 1,698970 0,001886
интернетом 1,522879 0,001690
так 0,522879 0,000580
она 0,744727 0,000827
сохранится 1,698970 0,001886
память 1,045757 0,001161
устройства 1,301030 0,001444
дальнейшем 1,522879 0,001690
понадобится 1,698970 0,001886
Сохраняйте 1,698970 0,001886
свою 0,638272 0,001063
библиотеку 1,397940 0,001552
сколько 0,920819 0,001022
Ничего 1,397940 0,001552
потеряется 1,698970 0,001886
Сайт 1,301030 0,001444
mybook 1,698970 0,002828
ru 0,187087 0,000311
мобильные 1,522879 0,001690
приложения 1,045757 0,001741
ваших 1,397940 0,001552
устройствах 1,698970 0,001886
единое 1,698970 0,001886
целое 1,698970 0,001886
данные 0,721246 0,000800
чтении 1,522879 0,001690
синхронизируются 1,698970 0,001886
каждую 1,301030 0,001444
поэтому 0,886057 0,000983
начать 1,045757 0,001161
пути 0,886057 0,000983
работу 0,823909 0,000914
продолжить 1,522879 0,001690
планшета 1,698970 0,001886
сидя 1,698970 0,001886
диване 1,522879 0,001690
При 0,769551 0,000854
этом 0,585027 0,000649
заметки 1,698970 0,001886
цитаты 1,154902 0,001282
закладки 1,698970 0,001886
полезное 1,698970 0,001886
дополнение 1,698970 0,001886
вдумчивого 1,698970 0,001886
читателя 1,301030 0,001444
также 0,494850 0,000549
переносятся 1,698970 0,001886
важные 1,096910 0,001217
идеи 1,154902 0,001282
емкие 1,698970 0,001886
фразы 1,397940 0,001552
инструкции 1,522879 0,001690
которые 0,431798 0,000479
выделите 1,154902 0,001282
хранятся 1,698970 0,001886
разделе 1,522879 0,002535
заметок 1,522879 0,002535
На 0,283997 0,000315
доступна 1,522879 0,001690
выгрузка 1,698970 0,001886
текстовый 1,698970 0,001886
документ 1,397940 0,001552
Персональная 1,397940 0,001552
статистика 1,301030 0,001444
мотивирует 1,698970 0,001886
больше 0,638272 0,000708
течение 1,096910 0,001217
года 0,356547 0,000396
Каждый 1,154902 0,001282
мы 0,468521 0,000520
фиксируем 1,698970 0,001886
количество 1,154902 0,001282
прочитанных 1,522879 0,001690
страниц 1,154902 0,001282
рисуем 1,698970 0,001886
графики 1,522879 0,001690
профиле 1,522879 0,001690
отправляем 1,698970 0,001886
ежемесячную 1,698970 0,001886
статистику 1,698970 0,001886
почту 1,221849 0,001356
Давно 1,522879 0,001690
возвращались 1,698970 0,001886
книжке 1,522879 0,001690
Пора 1,698970 0,001886
наверстать 1,698970 0,001886
упущенное 1,698970 0,001886
Рекомендуем 1,397940 0,001552
хорошие 1,397940 0,001552
помощники 1,522879 0,001690
выборе 1,301030 0,001444
подходящих 1,522879 0,001690
настроению 1,698970 0,001886
теме 1,045757 0,001161
сезону 1,698970 0,001886
популярности 1,522879 0,001690
экспертной 1,698970 0,001886
оценке 1,522879 0,001690
отбираем 1,698970 0,001886
лучшие 0,886057 0,000983
нашей 0,853872 0,000948
приходилось 1,397940 0,001552
тратить 1,522879 0,001690
поиски 1,221849 0,001356
Рассказываем 1,154902 0,001282
лауреатах 1,698970 0,001886
премий 1,698970 0,001886
победителях 1,698970 0,001886
конкурсов 1,522879 0,001690
Подсказываем 1,698970 0,001886
модно 1,698970 0,001886
малоизвестно 1,698970 0,001886
отпуске 1,698970 0,001886
зимой 1,522879 0,001690
летом 1,522879 0,001690
Большой 1,045757 0,001161
выбор 1,000000 0,001110
хороших 1,397940 0,001552
О 0,207608 0,000346
проекте 0,657577 0,000730
такое 0,638272 0,000708
Правовая 0,920819 0,001022
информация 0,638272 0,000708
Правообладателям 1,397940 0,001552
Загрузить 1,397940 0,001552
Документация 1,698970 0,001886
Помощь 1,045757 0,001161
Купить 1,096910 0,001217
подписку 1,301030 0,002166
Подарить 1,522879 0,001690
оплатить 1,698970 0,001886
Ввести 1,698970 0,001886
подарочный 1,698970 0,001886
код 1,096910 0,001217
компаний 1,045757 0,001161
Настройки 1,221849 0,001356
Другие 0,958607 0,001064
проекты 0,698970 0,000776
Издать 1,698970 0,001886
Истории 0,853872 0,000948
Следите 1,522879 0,001690
новостями 1,397940 0,001552
Служба 1,397940 0,001552
поддержки 0,823909 0,000914
support 1,301030 0,001444
Скачать 1,698970 0,001886
принимаем 1,522879 0,001690
оплате 1,522879 0,001690
