Выбор 0,886057 0,001552
авто 1,096910 0,005763
удобный 1,301030 0,004557
сервис 0,958607 0,003358
выбора 1,522879 0,005334
все 0,292430 0,001024
бренды 1,221849 0,004280
расширенный 1,522879 0,005334
каталог 1,154902 0,004045
машин 1,096910 0,003842
чтобы 0,481486 0,001686
облегчить 1,397940 0,004896
выбор 1,000000 0,003503
автомобиля 1,000000 0,003503
В 0,167491 0,001467
продаже 1,221849 0,006420
Дилеры 1,522879 0,008001
Отзывы 1,301030 0,006836
Коммерческие 1,698970 0,008926
Штрафы 1,522879 0,005334
Редакция 0,769551 0,004043
Авто 0,853872 0,005982
Мото 1,698970 0,008926
Журнал 1,301030 0,006836
ПДД 1,301030 0,006836
Онлайн 0,769551 0,002695
Видео 0,431798 0,001512
Новое 0,958607 0,003358
в 0,070581 0,001112
журнале 1,698970 0,005951
Эксперты 1,096910 0,003842
тяжелые 1,397940 0,004896
электрокары 1,698970 0,005951
могут 0,522879 0,002747
привести 1,301030 0,004557
к 0,207608 0,002182
росту 1,397940 0,004896
смертности 1,698970 0,005951
на 0,075721 0,000663
дорогах 1,397940 0,004896
Появились 1,397940 0,004896
изображения 1,221849 0,004280
пятого 1,522879 0,005334
поколения 1,522879 0,005334
Mitsubishi 1,522879 0,008001
Pajero 1,698970 0,005951
эксклюзив 1,397940 0,004896
Quto 1,698970 0,011902
Самый 1,000000 0,003503
крупный 1,522879 0,005334
кроссовер 1,221849 0,004280
Smart 1,301030 0,004557
стал 0,585027 0,002049
серийным 1,698970 0,005951
Хуснуллин 1,698970 0,005951
трасса 1,698970 0,005951
М 0,744727 0,002609
будет 0,387216 0,002034
построена 1,522879 0,005334
срок 1,154902 0,004045
ГИБДД 1,221849 0,004280
напомнила 1,397940 0,004896
о 0,136677 0,000957
грубом 1,522879 0,005334
нарушении 1,301030 0,004557
За 0,568636 0,001992
что 0,187087 0,000655
водителей 1,045757 0,003663
лишат 1,698970 0,005951
прав 0,920819 0,003225
и 0,075721 0,000398
отправят 1,397940 0,004896
под 0,376751 0,001320
арест 1,301030 0,004557
Мантуров 1,397940 0,004896
объяснил 0,769551 0,002695
кто 0,494850 0,001733
поставлять 1,397940 0,004896
детали 1,397940 0,004896
ВАЗу 1,698970 0,005951
Минпромторг 1,397940 0,004896
предупредил 1,397940 0,004896
подорожании 1,698970 0,005951
роскошных 1,301030 0,004557
Aurus 1,221849 0,004280
Урал 1,397940 0,004896
откажется 1,397940 0,004896
от 0,193820 0,000679
китайских 1,522879 0,005334
мостов 1,698970 0,005951
пользу 1,301030 0,004557
российских 0,468521 0,001641
Легенда 1,301030 0,004557
девяностых 1,522879 0,005334
фактов 1,397940 0,007345
пятерке 1,522879 0,005334
BMW 1,397940 0,007345
E 0,920819 0,003225
Китайский 1,522879 0,005334
GAC 1,698970 0,005951
представил 1,221849 0,004280
убийцу 1,301030 0,004557
Creta 1,698970 0,005951
такая 1,154902 0,004045
машина 1,301030 0,004557
появится 1,301030 0,004557
России 0,251812 0,000882
Каталог 1,301030 0,004557
автомобилей 1,000000 0,003503
Audi 1,397940 0,009793
Chery 1,221849 0,004280
Citroen 1,522879 0,005334
Geely 1,397940 0,004896
Genesis 1,698970 0,005951
Haval 1,522879 0,005334
Honda 1,522879 0,005334
Hyundai 1,301030 0,006836
Infiniti 1,397940 0,004896
Jaguar 1,698970 0,005951
KIA 1,698970 0,005951
LADA 1,301030 0,004557
Land 1,698970 0,008926
Rover 1,522879 0,010668
Lexus 1,397940 0,009793
Mazda 1,522879 0,005334
Mercedes 1,301030 0,004557
Benz 1,522879 0,005334
Nissan 1,397940 0,007345
Peugeot 1,698970 0,005951
Renault 1,397940 0,004896
Skoda 1,698970 0,005951
Toyota 1,397940 0,004896
Volkswagen 1,397940 0,004896
Volvo 1,301030 0,004557
Все 0,148742 0,000781
марки 1,045757 0,003663
Новинки 0,853872 0,002991
автопрома 1,698970 0,005951
Staria 1,397940 0,004896
объявлены 1,522879 0,010668
цены 0,823909 0,005772
RS 1,522879 0,005334
хэтчбек 1,698970 0,005951
дв 1,397940 0,004896
доступен 1,522879 0,008001
заказу 1,522879 0,008001
LX 1,522879 0,008001
Pathfinder 1,698970 0,005951
открыт 1,397940 0,004896
прием 1,221849 0,004280
заказов 1,522879 0,005334
Exeed 1,522879 0,005334
стартовали 1,522879 0,005334
продажи 1,221849 0,004280
NX 1,522879 0,005334
Subaru 1,522879 0,005334
Forester 1,698970 0,005951
Range 1,397940 0,004896
новое 1,096910 0,003842
поколение 1,154902 0,006068
роскошного 1,522879 0,005334
внедорожника 1,698970 0,008926
Jeep 1,698970 0,005951
Grand 1,698970 0,005951
Cherokee 1,698970 0,005951
пятое 1,698970 0,005951
легендарного 1,522879 0,005334
Самое 1,000000 0,003503
читаемое 1,154902 0,004045
Скорость 1,698970 0,005951
МКАД 1,698970 0,005951
ограничили 1,698970 0,005951
до 0,244125 0,000855
км 1,397940 0,004896
ч 1,397940 0,004896
водителям 1,522879 0,008001
уже 0,602060 0,002109
мчат 1,698970 0,005951
письма 1,221849 0,004280
счастья 1,045757 0,003663
реакция 1,698970 0,005951
соцсетей 1,397940 0,004896
апреля 0,301030 0,002109
Бочка 1,698970 0,005951
меда 1,522879 0,005334
про 0,568636 0,001992
Страховщики 1,698970 0,005951
пригрозили 1,698970 0,005951
законопослушным 1,698970 0,005951
отказе 1,522879 0,005334
выплат 1,698970 0,005951
И 0,408935 0,001432
вот 0,795880 0,002788
почему 0,494850 0,001733
Туле 1,522879 0,005334
стартовало 1,698970 0,005951
производство 1,301030 0,004557
совершенно 0,886057 0,003104
нового 0,769551 0,002695
кроссовера 1,221849 0,004280
Отключить 1,698970 0,005951
рекламу 1,096910 0,003842
Мотокаталог 1,698970 0,005951
Более 1,000000 0,003503
моделей 1,221849 0,004280
каталоге 1,698970 0,005951
Погнали 1,522879 0,005334
Новости 0,221849 0,000777
партнеров 1,154902 0,004045
Подписаться 0,795880 0,002788
рассылку 1,000000 0,003503
Размещение 0,958607 0,003358
рекламы 0,823909 0,002886
Пользовательское 0,677781 0,002374
соглашение 0,619789 0,002171
ru 0,187087 0,000655
г 0,602060 0,002109
Нашли 1,221849 0,004280
опечатку 1,301030 0,004557
Выделите 1,397940 0,004896
текст 1,045757 0,003663
нажмите 1,045757 0,003663
Ctrl 0,958607 0,003358
Enter 0,958607 0,003358
Телефон 1,000000 0,003503
редакции 0,481486 0,001686
права 0,431798 0,001512
защищены 0,602060 0,002109
Полное 1,301030 0,004557
или 0,301030 0,001054
частичное 1,397940 0,004896
копирование 1,301030 0,004557
материалов 0,585027 0,002049
Сайта 1,698970 0,008926
коммерческих 1,698970 0,005951
целях 1,522879 0,005334
разрешено 1,698970 0,005951
только 0,309804 0,001085
с 0,102373 0,000538
письменного 1,000000 0,003503
разрешения 0,853872 0,002991
владельца 1,522879 0,005334
случае 0,920819 0,003225
обнаружения 1,698970 0,005951
нарушений 1,522879 0,005334
виновные 1,698970 0,005951
лица 1,397940 0,004896
быть 0,431798 0,001512
привлечены 1,698970 0,005951
ответственности 1,154902 0,004045
соответствии 0,795880 0,002788
действующим 1,522879 0,005334
законодательством 0,823909 0,002886
Российской 0,769551 0,002695
Федерации 0,795880 0,002788
