Google 0,744727 0,001655
Переводчик 1,522879 0,003384
Войти 0,508638 0,000565
О 0,207608 0,000346
Переводчике 1,698970 0,001888
Правила 0,853872 0,000949
и 0,075721 0,000084
принципы 1,397940 0,001553
Справка 1,221849 0,001358
Отправить 1,045757 0,001162
отзыв 1,397940 0,001553
Виды 1,698970 0,001888
перевода 1,698970 0,008495
translateТекст 1,698970 0,001888
insert 1,698970 0,001888
drive 1,698970 0,001888
fileДокументы 1,698970 0,001888
languageСайты 1,698970 0,001888
Перевод 1,522879 0,005076
текстов 1,397940 0,001553
Определить 1,698970 0,009439
язык 0,823909 0,003204
русский 0,920819 0,007673
английский 1,522879 0,010999
немецкий 1,522879 0,008460
swap 1,698970 0,003775
horiz 1,698970 0,003775
Обратный 1,522879 0,003384
перевод 1,397940 0,005436
Cmd 1,698970 0,003775
Shift 1,698970 0,003775
S 1,221849 0,002715
украинский 1,397940 0,006990
Закрыть 1,000000 0,011111
Язык 1,397940 0,005436
оригинала 1,698970 0,003775
search 1,522879 0,005922
Найти 0,853872 0,003321
языки 1,397940 0,014756
close 1,522879 0,005922
окно 1,522879 0,010999
поиска 1,221849 0,008824
clear 1,698970 0,007551
Очистить 1,522879 0,005922
checkhistory 1,698970 0,574818
языкauto 1,698970 0,003775
awesome 1,698970 0,003775
Недавно 1,397940 0,005436
выбранные 1,698970 0,006607
Все 0,148742 0,000578
азербайджанский 1,698970 0,006607
албанский 1,698970 0,006607
амхарский 1,698970 0,006607
арабский 1,698970 0,006607
армянский 1,698970 0,006607
африкаанс 1,698970 0,006607
баскский 1,698970 0,006607
белорусский 1,698970 0,006607
бенгальский 1,698970 0,006607
бирманский 1,698970 0,006607
болгарский 1,698970 0,006607
боснийский 1,698970 0,006607
валлийский 1,698970 0,006607
венгерский 1,698970 0,006607
вьетнамский 1,698970 0,006607
гавайский 1,698970 0,006607
галисийский 1,698970 0,006607
греческий 1,698970 0,006607
грузинский 1,698970 0,006607
гуджарати 1,698970 0,006607
датский 1,698970 0,006607
зулу 1,698970 0,006607
иврит 1,698970 0,006607
игбо 1,698970 0,006607
идиш 1,698970 0,006607
индонезийский 1,698970 0,006607
ирландский 1,522879 0,005922
исландский 1,698970 0,006607
испанский 1,397940 0,005436
итальянский 1,522879 0,005922
йоруба 1,698970 0,006607
казахский 1,698970 0,006607
каннада 1,698970 0,006607
каталанский 1,698970 0,006607
киргизский 1,698970 0,006607
китайский 1,522879 0,008460
корейский 1,522879 0,005922
корсиканский 1,698970 0,006607
креольский 1,698970 0,006607
Гаити 1,698970 0,006607
курманджи 1,698970 0,006607
кхмерский 1,698970 0,006607
кхоса 1,698970 0,006607
лаосский 1,698970 0,006607
латинский 1,698970 0,006607
латышский 1,698970 0,006607
литовский 1,698970 0,006607
люксембургский 1,698970 0,006607
македонский 1,698970 0,006607
малагасийский 1,698970 0,006607
малайский 1,698970 0,006607
малаялам 1,698970 0,006607
мальтийский 1,698970 0,006607
маори 1,698970 0,006607
маратхи 1,698970 0,006607
монгольский 1,698970 0,006607
непальский 1,698970 0,006607
нидерландский 1,698970 0,006607
норвежский 1,698970 0,006607
ория 1,698970 0,006607
панджаби 1,698970 0,006607
персидский 1,698970 0,005663
польский 1,698970 0,005663
португальский 1,698970 0,005663
пушту 1,698970 0,005663
руанда 1,698970 0,005663
румынский 1,698970 0,005663
самоанский 1,698970 0,005663
себуанский 1,698970 0,005663
сербский 1,698970 0,005663
сесото 1,698970 0,005663
сингальский 1,698970 0,005663
синдхи 1,698970 0,005663
словацкий 1,698970 0,005663
словенский 1,698970 0,005663
сомалийский 1,698970 0,005663
суахили 1,698970 0,005663
суданский 1,698970 0,005663
таджикский 1,698970 0,005663
тайский 1,698970 0,005663
тамильский 1,698970 0,005663
татарский 1,698970 0,005663
телугу 1,698970 0,005663
турецкий 1,698970 0,005663
туркменский 1,698970 0,005663
узбекский 1,698970 0,005663
уйгурский 1,698970 0,005663
урду 1,698970 0,005663
филиппинский 1,698970 0,005663
финский 1,698970 0,005663
французский 1,698970 0,005663
фризский 1,698970 0,005663
хауса 1,698970 0,005663
хинди 1,698970 0,005663
хмонг 1,698970 0,005663
хорватский 1,698970 0,005663
чева 1,698970 0,005663
чешский 1,698970 0,005663
шведский 1,698970 0,005663
шона 1,698970 0,005663
шотландский 1,698970 0,005663
гэльский 1,698970 0,005663
эсперанто 1,698970 0,005663
эстонский 1,698970 0,005663
яванский 1,698970 0,005663
японский 1,397940 0,004660
традиционный 1,522879 0,003384
упрощенный 1,698970 0,003775
Загрузка 1,522879 0,005076
Может 1,397940 0,003107
содержать 1,154902 0,002566
лексику 1,698970 0,003775
деликатного 1,698970 0,002832
характера 1,301030 0,002168
спорную 1,698970 0,001888
спорного 1,698970 0,001888
или 0,301030 0,000502
Подробнее 0,698970 0,001942
Исходный 1,698970 0,001888
текст 1,045757 0,002324
Удалить 1,522879 0,001692
исходный 1,698970 0,002832
Еще 0,585027 0,000650
Свернуть 1,522879 0,001692
Ваш 1,096910 0,001828
браузер 1,221849 0,002036
не 0,142668 0,000317
поддерживает 1,698970 0,002832
голосовой 1,698970 0,001888
ввод 1,698970 0,002832
Начать 1,397940 0,001553
речи 1,397940 0,002330
volume 1,522879 0,001692
up 1,221849 0,002036
синтез 1,698970 0,001888
stopvolume 1,698970 0,001888
Прослушать 1,698970 0,001888
Включить 1,397940 0,001553
рукописный 1,698970 0,001888
Выбрать 1,096910 0,001828
способ 1,045757 0,001162
ввода 1,522879 0,001692
keyboard 1,698970 0,001888
Результаты 1,522879 0,001692
Идет 1,522879 0,001692
При 0,769551 0,000855
переводе 1,522879 0,001692
принимается 1,698970 0,001888
во 0,494850 0,000550
внимание 0,853872 0,000949
грамматическая 1,698970 0,001888
категория 1,397940 0,001553
рода 1,397940 0,002330
с 0,102373 0,000114
учетом 1,698970 0,001888
всегда 0,657577 0,000731
возможен 1,698970 0,001888
error 1,698970 0,001888
outline 1,698970 0,001888
Ошибка 1,221849 0,001358
Повторить 1,698970 0,001888
starstar 1,698970 0,001888
border 1,397940 0,001553
Сохранить 1,522879 0,001692
Больше 0,886057 0,000985
информации 0,698970 0,000777
об 0,292430 0,000325
этом 0,585027 0,000650
исходном 1,698970 0,001888
тексте 1,154902 0,001283
Чтобы 0,795880 0,000884
получить 0,769551 0,000855
дополнительную 1,698970 0,001888
информацию 0,721246 0,000801
введите 1,397940 0,001553
документов 1,154902 0,001283
Выберите 1,000000 0,001111
документ 1,397940 0,001553
Загрузите 1,522879 0,001692
файл 1,301030 0,001446
DOCX 1,522879 0,001692
PDF 1,522879 0,001692
PPTX 1,698970 0,001888
XLSX 1,698970 0,001888
на 0,075721 0,000084
компьютере 1,698970 0,001888
Технологии 0,958607 0,001065
Cloud 1,301030 0,001446
сайтов 1,301030 0,001446
