ОТР 1,698970 0,006034
Общественное 1,522879 0,001803
Телевидение 1,698970 0,001006
России 0,251812 0,001043
В 0,167491 0,000744
Пекине 1,522879 0,001352
вручили 1,522879 0,001352
награды 1,301030 0,001155
и 0,075721 0,001143
подарки 1,301030 0,001155
триумфаторам 1,698970 0,001508
Зимних 1,698970 0,001508
Олимпийских 1,698970 0,001508
Паралимпийских 1,698970 0,001508
Игр 1,698970 0,001508
Пуэрто 1,698970 0,001508
Рико 1,698970 0,001508
треть 1,698970 0,001508
страны 0,638272 0,001133
осталась 1,221849 0,001085
без 0,387216 0,000344
электричества 1,698970 0,001508
Стрельба 1,522879 0,001352
в 0,070581 0,001483
Тель 1,221849 0,001808
Авиве 1,397940 0,001655
стала 0,823909 0,000731
четвертым 1,698970 0,001508
случаем 1,698970 0,001508
гибели 1,301030 0,001540
людей 0,698970 0,001241
из 0,167491 0,000694
за 0,180456 0,000801
террористов 1,397940 0,001241
последние 0,769551 0,000683
три 0,853872 0,000758
недели 0,769551 0,002505
Таможенники 1,698970 0,001508
перекрыли 1,698970 0,001508
канал 0,920819 0,000818
контрабанды 1,698970 0,001508
гашиша 1,698970 0,001508
Европы 0,920819 0,000818
Россию 0,568636 0,001010
Амурской 1,522879 0,001352
области 0,721246 0,001921
начал 1,000000 0,000888
действовать 1,301030 0,001155
противопожарный 1,698970 0,001508
режим 1,397940 0,001241
Из 0,698970 0,000827
под 0,376751 0,000780
завалов 1,698970 0,002011
на 0,075721 0,000627
шахте 1,045757 0,001238
Талдинская 1,698970 0,002011
Западная 1,698970 0,002011
спасли 1,397940 0,001241
шахтеров 1,698970 0,001508
ЦБ 0,795880 0,000707
снизил 0,698970 0,000621
ключевую 0,677781 0,000602
ставку 0,657577 0,000584
до 0,244125 0,000217
годовых 0,886057 0,000787
Запад 1,000000 0,001184
продолжает 1,045757 0,000928
усиливать 1,522879 0,001352
давление 1,154902 0,001025
На 0,283997 0,000588
выплаты 1,301030 0,001540
беженцам 1,522879 0,001352
Донбасса 0,886057 0,001049
с 0,102373 0,000939
Украины 0,721246 0,000854
выделили 1,698970 0,002011
еще 0,408935 0,000726
млн 0,886057 0,001049
рублей 0,585027 0,000693
Около 1,301030 0,001155
человек 0,494850 0,000439
погибли 1,096910 0,001299
после 0,397940 0,000471
удара 0,823909 0,000731
ракетой 1,154902 0,001367
Точка 0,795880 0,000707
У 0,431798 0,000639
по 0,124939 0,000296
вокзалу 0,853872 0,000758
города 0,698970 0,000827
Краматорска 1,045757 0,001238
ДНР 0,823909 0,000731
Все 0,148742 0,000088
новости 0,420216 0,000249
Прямой 0,823909 0,000731
эфир 0,795880 0,000707
Телепрограмма 1,000000 0,000888
Новости 0,221849 0,000197
Кино 0,677781 0,000602
Программы 1,096910 0,000974
Лица 1,221849 0,000723
Гости 1,522879 0,000901
О 0,207608 0,000184
телеканале 1,221849 0,001085
Выпуск 1,154902 0,001367
новостей 0,619789 0,000734
Сегодня 0,677781 0,000802
Украинские 1,000000 0,000592
военные 0,920819 0,000545
атаковали 1,301030 0,000770
вокзал 1,397940 0,000827
Киев 0,920819 0,001635
прибыли 1,397940 0,001241
глава 0,958607 0,000567
Еврокомиссии 1,301030 0,001155
представитель 1,397940 0,001655
Евросоюза 1,301030 0,001155
внешней 1,301030 0,001155
политике 1,221849 0,001085
Москве 0,455932 0,000810
прощаются 1,301030 0,001155
Владимиром 0,677781 0,000602
Жириновским 0,585027 0,000519
Глава 0,698970 0,000414
Отход 1,698970 0,001006
Мариуполе 1,045757 0,000928
акции 1,045757 0,000619
устрашения 1,698970 0,001006
гражданского 1,522879 0,000901
населения 1,045757 0,000619
Харькове 1,698970 0,001006
молочном 1,698970 0,001006
заводе 1,301030 0,001155
городе 0,958607 0,000851
Артеме 1,698970 0,001508
ждут 1,301030 0,000770
новых 0,508638 0,000301
клиентов 1,397940 0,000827
И 0,408935 0,001331
стрельба 1,698970 0,001006
единовременные 1,698970 0,001006
жителям 1,698970 0,001006
Херсонской 1,154902 0,000684
доставили 1,397940 0,001241
почти 0,853872 0,000505
иностранцев 1,522879 0,000901
россиян 0,744727 0,000441
украинцев 1,698970 0,001006
Военные 1,301030 0,001155
МЧС 1,301030 0,000770
десятки 1,397940 0,000827
тонн 1,698970 0,001508
гуманитарной 1,522879 0,000901
помощи 1,045757 0,000619
Донбасс 0,886057 0,000524
Бойцы 1,522879 0,000901
националистического 1,698970 0,001006
формирования 1,221849 0,000723
Азов 1,154902 0,000684
прикрывались 1,698970 0,001006
мирными 1,698970 0,001006
жителями 1,301030 0,000770
РФ 0,568636 0,000505
обнаружили 1,301030 0,000770
Изюмском 1,698970 0,001006
приборостроительном 1,698970 0,001006
арсенал 1,522879 0,000901
производства 1,154902 0,000684
НАТО 0,769551 0,000455
результате 1,096910 0,000649
стрельбы 1,522879 0,000901
центре 0,920819 0,000545
Авива 1,522879 0,000901
два 0,853872 0,000505
человека 0,568636 0,000505
Иран 1,698970 0,001006
рассчитывает 1,522879 0,000901
увеличить 1,397940 0,000827
товарооборот 1,698970 0,001006
Россией 0,795880 0,000707
четыре 1,000000 0,000592
раза 1,301030 0,000770
Ливан 1,698970 0,001006
закупит 1,698970 0,001006
пшеницу 1,522879 0,000901
растительное 1,698970 0,001006
масло 1,221849 0,000723
основные 1,397940 0,001241
продукты 1,154902 0,000684
питания 1,522879 0,000901
Молокозавод 1,698970 0,001006
перерабатывает 1,698970 0,001006
около 1,000000 0,000592
молока 1,698970 0,001006
сутки 0,795880 0,000471
Кузбассе 1,221849 0,000723
ведется 1,522879 0,000901
разбор 1,397940 0,000827
Движение 1,301030 0,000770
дороге 1,221849 0,000723
Беляевка 1,698970 0,001006
Междуречье 1,698970 0,001006
восстановили 1,698970 0,001006
паводка 1,698970 0,001006
Немецкая 1,522879 0,000901
авиакомпания 1,522879 0,000901
Lufthansa 1,522879 0,000901
продлила 1,698970 0,001006
приостановку 1,397940 0,000827
авиасообщения 1,698970 0,001006
Патриарх 1,698970 0,001006
Кирилл 1,301030 0,000770
провел 1,221849 0,000723
отпевание 1,522879 0,000901
Владимира 0,721246 0,000427
Жириновского 0,657577 0,000389
прошла 1,045757 0,000619
премьера 1,154902 0,000684
спектакля 1,221849 0,000723
Любви 1,397940 0,000827
небесной 1,698970 0,001006
образ 1,221849 0,000723
Светланы 1,397940 0,000827
Крючковой 1,698970 0,001006
Информационная 1,522879 0,004056
программа 0,958607 0,002553
ОТРажение 1,698970 0,015084
Андрей 0,552842 0,000654
Масалович 1,698970 0,001508
Треть 1,698970 0,001508
мира 0,537602 0,000477
не 0,142668 0,000591
хочет 1,000000 0,001184
покупать 0,886057 0,000787
американские 1,301030 0,001155
программы 0,823909 0,000731
потому 0,958607 0,000851
что 0,187087 0,000609
американцы 1,698970 0,001508
кинут 1,698970 0,001508
Определенный 1,698970 0,001006
максимум 1,522879 0,000901
санкциях 1,301030 0,000770
уже 0,602060 0,000713
достигнут 1,698970 0,001006
Откат 1,698970 0,001006
назад 0,721246 0,000427
может 0,397940 0,000824
начаться 1,698970 0,001006
начале 1,096910 0,000649
лета 1,698970 0,001006
Сергей 0,468521 0,000555
Пикин 1,698970 0,001006
директор 1,397940 0,001241
Фонда 1,698970 0,001006
энергетического 1,698970 0,001006
развития 0,721246 0,000640
программе 1,045757 0,003404
Левые 1,698970 0,001006
запчасти 1,522879 0,001352
легализуют 1,698970 0,001006
Спрос 1,522879 0,000901
восстановленные 1,698970 0,001006
детали 1,397940 0,000827
автомобилей 1,000000 0,000592
растет 1,221849 0,000723
Наука 0,638272 0,000378
должна 0,958607 0,000567
приносить 1,698970 0,001006
пользу 1,301030 0,000770
нашему 1,522879 0,000901
государству 1,698970 0,001006
настало 1,698970 0,001006
время 0,366532 0,000434
сформулировать 1,698970 0,001006
направления 1,301030 0,000770
научной 1,522879 0,000901
деятельности 1,000000 0,000592
нашей 0,853872 0,000505
стране 0,853872 0,000505
Владимир 0,431798 0,001278
Малахов 1,698970 0,001006
доктор 1,154902 0,000684
биологических 1,698970 0,001006
наук 1,301030 0,001540
академик 1,301030 0,000770
РАН 1,301030 0,000770
профессор 1,522879 0,000901
биологического 1,698970 0,001006
факультета 1,397940 0,000827
МГУ 1,522879 0,000901
Противостояние 1,698970 0,001006
Россия 0,455932 0,000810
Американское 1,698970 0,001006
оружие 1,154902 0,000684
для 0,119186 0,000141
теперь 0,677781 0,000401
кредит 1,698970 0,001006
Календарь 1,045757 0,002166
Будни 1,698970 0,001006
пожарных 1,698970 0,001006
Бесстрашные 1,698970 0,001006
люди 0,677781 0,000602
опасная 1,522879 0,000901
работа 0,920819 0,000545
Полный 1,221849 0,003616
выпуск 1,000000 0,002959
апреля 0,301030 0,000356
создание 1,096910 0,000974
Кремлевского 1,698970 0,001508
полка 1,301030 0,001155
день 0,585027 0,000519
рождения 0,677781 0,000602
российской 0,958607 0,000851
анимации 1,301030 0,001155
обретение 1,698970 0,001508
Венеры 1,698970 0,001508
Милосской 1,698970 0,001508
Битва 1,397940 0,000827
корону 1,698970 0,001006
Насколько 1,221849 0,001808
сейчас 0,657577 0,000389
популярен 1,698970 0,001006
спорт 1,154902 0,000684
самых 0,585027 0,000346
умных 1,522879 0,000901
Аллилуйя 1,698970 0,001006
любви 0,677781 0,000602
История 0,494850 0,000439
легендарной 1,522879 0,000901
оперы 1,221849 0,000723
Юнона 1,698970 0,001006
Авось 1,698970 0,001006
Дрессировщик 1,698970 0,001006
или 0,301030 0,000356
волшебник 1,698970 0,001006
года 0,356547 0,000317
представлен 1,522879 0,000901
первый 0,769551 0,000455
кукольный 1,698970 0,001006
мультфильм 1,522879 0,000901
Язык 1,397940 0,000827
тем 1,000000 0,000592
более 0,585027 0,000693
такой 0,853872 0,000505
огромный 1,301030 0,000770
как 0,251812 0,000447
наш 1,045757 0,000619
быть 0,431798 0,000383
монолитным 1,698970 0,001006
это 0,292430 0,000519
прекрасно 1,397940 0,000827
он 0,568636 0,000673
многолик 1,698970 0,001006
Александра 0,638272 0,000756
Ольховская 1,698970 0,001006
кандидат 1,397940 0,001241
филологических 1,698970 0,001508
заведующий 1,522879 0,000901
лабораторией 1,698970 0,001006
исследований 1,301030 0,000770
Государственного 1,698970 0,001006
института 1,301030 0,000770
русского 0,769551 0,000683
языка 1,096910 0,000649
им 0,602060 0,000356
А 0,376751 0,000557
С 0,455932 0,000270
Пушкина 1,000000 0,000592
Чинить 1,698970 0,001508
нельзя 0,853872 0,001011
выбрасывать 1,698970 0,001508
где 0,537602 0,000636
сегодня 0,677781 0,000802
ставим 1,698970 0,001508
запятую 1,698970 0,001508
Что 0,346787 0,000821
слово 0,886057 0,001311
такое 0,638272 0,000567
разбираемся 1,522879 0,001352
региолектах 1,698970 0,001508
Кофе 1,698970 0,001508
сварит 1,698970 0,001508
робот 1,522879 0,001352
клубника 1,698970 0,002011
вырастет 1,698970 0,001508
зимой 1,522879 0,001352
Стоимость 1,522879 0,000901
ремонта 1,698970 0,001006
подорожала 1,698970 0,001006
счет 1,000000 0,000592
повышения 1,301030 0,000770
цен 0,958607 0,000567
Рассказал 1,698970 0,001006
основатель 1,698970 0,001508
сети 0,823909 0,000731
сервисных 1,698970 0,001006
центров 1,522879 0,000901
Многие 1,301030 0,000770
бренды 1,221849 0,000723
формируют 1,698970 0,001006
ценовую 1,698970 0,001006
политику 1,301030 0,000770
таким 1,045757 0,000619
образом 1,045757 0,000619
чтобы 0,481486 0,000570
купить 1,221849 0,000723
новое 1,096910 0,000649
было 0,585027 0,000346
дешевле 1,301030 0,000770
чем 0,420216 0,000249
починить 1,698970 0,001006
старое 1,522879 0,000901
Козлов 1,522879 0,000901
член 1,522879 0,001352
Гильдии 1,698970 0,001006
Маркетологов 1,698970 0,001006
Высшей 1,698970 0,001006
школы 0,853872 0,000505
нейротехнологий 1,698970 0,001006
Своя 1,397940 0,000827
круглый 1,698970 0,001006
год 0,568636 0,000337
Высокие 1,522879 0,000901
тепличные 1,698970 0,001006
технологии 1,000000 0,000592
Ставрополье 1,698970 0,001006
ПРАВ 1,698970 0,003017
ДА 1,698970 0,003017
Запреты 1,522879 0,001352
сигареты 1,698970 0,001508
помогут 1,096910 0,000974
ли 0,397940 0,000942
остро 1,397940 0,001241
стоит 0,677781 0,000602
проблема 1,397940 0,001241
курения 1,698970 0,001508
Мне 0,958607 0,000567
кажется 1,045757 0,000619
вопрос 0,698970 0,000414
курением 1,698970 0,001006
один 0,721246 0,000427
немногих 1,522879 0,000901
вопросов 1,397940 0,000827
наше 1,221849 0,000723
общество 0,958607 0,000567
достичь 1,698970 0,001006
консенсуса 1,698970 0,001006
Вишневский 1,397940 0,000827
поэт 1,301030 0,000770
киноактер 1,698970 0,001006
президиума 1,698970 0,001006
Российского 1,096910 0,000649
сигарного 1,698970 0,001006
союза 1,301030 0,000770
лет 0,366532 0,000542
ЕГЭ 1,154902 0,001025
какие 0,795880 0,000942
уроки 1,301030 0,000770
усвоены 1,698970 0,001006
сильно 1,045757 0,000619
изменил 1,397940 0,000827
школу 1,096910 0,001299
Как 0,301030 0,000624
повлиял 1,522879 0,000901
уровень 1,301030 0,000770
образования 1,221849 0,000723
надо 0,823909 0,000488
менять 1,397940 0,000827
Новая 0,823909 0,000975
индустрия 1,698970 0,001006
Где 0,958607 0,000567
найти 0,698970 0,000414
точки 1,221849 0,000723
роста 1,221849 0,001085
каких 1,000000 0,000592
отраслях 1,698970 0,001006
промышленности 1,698970 0,001006
главный 1,096910 0,000974
потенциал 1,522879 0,000901
Смогут 1,522879 0,000901
крупные 1,221849 0,000723
производители 1,397940 0,000827
быстро 1,221849 0,000723
решить 1,301030 0,000770
проблемы 1,000000 0,001776
Рынок 1,221849 0,000723
труда 1,397940 0,000827
кто 0,494850 0,000293
нужен 0,958607 0,000567
Какие 0,721246 0,001067
профессии 1,045757 0,000619
будут 0,638272 0,000567
востребованы 1,522879 0,001803
Легенды 1,698970 0,001006
балета 1,154902 0,000684
Аким 1,698970 0,001006
Волынский 1,698970 0,001006
Один 0,853872 0,000505
наиболее 1,096910 0,000649
крупных 1,522879 0,000901
значимых 1,397940 0,000827
русских 0,853872 0,000505
балетных 1,698970 0,001006
критиков 1,154902 0,000684
Вокруг 1,397940 0,000827
него 0,795880 0,000471
всю 0,823909 0,000488
жизнь 0,537602 0,000318
кипели 1,698970 0,001006
страсти 1,522879 0,000901
Вспомнить 1,522879 0,003155
все 0,292430 0,000779
Программа 0,958607 0,002553
Леонида 1,522879 0,003155
Млечина 1,698970 0,003520
Большая 1,000000 0,002368
тройка 1,698970 0,001006
Свердлов 1,698970 0,001006
Сталин 1,397940 0,000827
Троцкий 1,522879 0,000901
Жириновский 0,677781 0,000602
Прощальное 1,698970 0,001508
Мертвые 1,397940 0,000827
души 0,958607 0,000567
Михаила 1,154902 0,000684
Булгакова 1,301030 0,000770
Лаврентий 1,698970 0,001006
Берия 1,698970 0,001006
Его 0,958607 0,000567
остановили 1,698970 0,001006
полпути 1,698970 0,001006
Кремль 1,154902 0,000684
Доносчик 1,698970 0,001006
Коллективный 1,698970 0,001006
портрет 1,522879 0,000901
Фигура 1,698970 0,003017
речи 1,397940 0,002482
Алла 1,221849 0,001085
Горбунова 1,698970 0,001508
Литературная 1,301030 0,001155
среда 1,522879 0,004056
Петербурге 1,045757 0,000928
камерная 1,698970 0,001508
а 0,327902 0,000679
много 0,958607 0,000851
движения 1,522879 0,001352
вширь 1,698970 0,001508
сознании 1,698970 0,001006
Мандельштама 1,698970 0,001006
Стихи 1,096910 0,000974
о 0,136677 0,000566
Сталине 1,397940 0,000827
неизвестном 1,397940 0,000827
солдате 1,522879 0,000901
масштабный 1,698970 0,001006
политический 1,698970 0,001006
диптих 1,698970 0,001006
обращенный 1,698970 0,001006
к 0,207608 0,000307
современности 1,522879 0,000901
Глеб 1,522879 0,000901
Морев 1,698970 0,001006
филолог 1,698970 0,001006
литературовед 1,698970 0,001006
Учитель 1,522879 0,000901
Евгения 0,853872 0,000505
Абелюк 1,698970 0,001006
Курс 0,886057 0,000524
литературы 0,920819 0,000545
формирует 1,698970 0,001006
тот 0,853872 0,000505
язык 0,823909 0,000488
котором 1,045757 0,000619
разговаривает 1,698970 0,001006
поколение 1,154902 0,000684
Профессор 1,397940 0,000827
РГГУ 1,522879 0,000901
Илья 1,045757 0,000619
Альтман 1,698970 0,001006
Письмо 1,301030 0,000770
бы 0,585027 0,000346
весть 1,522879 0,000901
корабля 1,397940 0,000827
прошлого 1,154902 0,000684
который 0,508638 0,000301
несет 1,301030 0,000770
нас 0,508638 0,000903
будущее 0,795880 0,000471
Писатель 1,154902 0,001367
Дмитриев 1,698970 0,001006
Колоссальная 1,698970 0,001006
удача 1,698970 0,001006
моей 1,000000 0,000592
жизни 0,443697 0,000263
то 0,537602 0,000636
мое 1,522879 0,001352
детство 1,698970 0,001006
пришлось 1,221849 0,000723
Псков 1,221849 0,000723
х 0,769551 0,000455
годов 1,045757 0,000619
Активная 1,698970 0,003520
фельдшер 1,698970 0,001006
Выборга 1,522879 0,000901
помогает 1,221849 0,000723
нуждающимся 1,698970 0,001006
бывший 1,522879 0,000901
нижегородский 1,698970 0,001006
диджей 1,698970 0,001006
стал 0,585027 0,000346
звонарем 1,698970 0,001006
Под 1,096910 0,000974
лежачий 1,522879 0,001352
камень 1,698970 0,001508
вода 1,301030 0,001155
течет 1,698970 0,001508
Или 1,096910 0,000974
инициатива 1,698970 0,001508
наказуема 1,698970 0,001508
Рассказываем 1,154902 0,001025
истории 0,657577 0,000584
которые 0,431798 0,000383
решили 1,154902 0,001367
самостоятельно 1,154902 0,001025
решать 1,698970 0,001508
социальные 1,397940 0,001241
Слабый 1,698970 0,001006
пол 1,301030 0,000770
проблемах 1,397940 0,000827
женщин 0,920819 0,000545
Хотели 1,522879 0,000901
возродить 1,698970 0,001006
деревню 1,301030 0,000770
оказались 1,154902 0,000684
следствием 1,698970 0,001006
За 0,568636 0,001346
наказать 1,698970 0,001006
депутата 1,522879 0,000901
Поссовета 1,698970 0,001006
Суздалы 1,698970 0,001006
Забрать 1,698970 0,001006
оставить 1,221849 0,000723
Вседозволенность 1,698970 0,001006
опеки 1,522879 0,000901
Почему 0,522879 0,000774
отбирают 1,698970 0,001006
выгодных 1,698970 0,001006
детей 0,431798 0,000256
передают 1,522879 0,000901
возмездную 1,698970 0,001006
опеку 1,698970 0,001006
Дело 1,096910 0,002272
Про 1,000000 0,000592
стресс 1,301030 0,000770
посвящен 1,698970 0,001006
психологическому 1,698970 0,001006
состоянию 1,522879 0,000901
во 0,494850 0,000439
травмирующих 1,698970 0,001006
событий 0,853872 0,000505
Поговорим 1,698970 0,002514
Красота 0,920819 0,000818
каждом 1,301030 0,001155
навязанных 1,698970 0,001508
параметрах 1,698970 0,001508
привлекательности 1,522879 0,001352
умении 1,698970 0,001508
разглядеть 1,698970 0,001508
красоту 1,522879 0,001352
рамками 1,698970 0,001508
стандарта 1,698970 0,001508
Это 0,537602 0,000477
родное 1,698970 0,001006
Депрессия 1,698970 0,001006
миф 1,522879 0,000901
ней 0,823909 0,000488
можно 0,443697 0,000263
справиться 1,301030 0,000770
самому 1,397940 0,000827
Кто 0,638272 0,000567
поможет 0,886057 0,000524
Стрит 1,397940 0,000827
арт 1,301030 0,000770
Уличное 1,698970 0,001006
искусство 1,045757 0,000619
его 0,376751 0,000446
делает 1,301030 0,000770
художники 1,154902 0,000684
уживаются 1,698970 0,001006
рамках 1,154902 0,000684
законодательства 1,000000 0,000592
Ольгой 1,698970 0,003520
Арслановой 1,698970 0,003520
Газорубли 1,698970 0,002011
вместо 0,744727 0,000882
нефтедолларов 1,698970 0,002011
К 0,638272 0,000756
чему 0,920819 0,001090
пришли 1,154902 0,001367
Москва 0,508638 0,000753
переговорах 1,397940 0,001655
Стамбуле 1,154902 0,001367
предприятия 1,397940 0,001241
заменят 1,522879 0,001352
иностранную 1,698970 0,001508
продукцию 1,522879 0,001352
Оптимизм 1,698970 0,001006
должен 0,886057 0,000524
осторожный 1,698970 0,001006
Безудержный 1,698970 0,001006
оптимизм 1,522879 0,000901
лишает 1,522879 0,000901
перспектив 1,698970 0,001006
Карачаровский 1,698970 0,001006
экономических 1,698970 0,001006
доцент 1,397940 0,000827
департамента 1,522879 0,000901
прикладной 1,698970 0,001006
экономики 1,045757 0,000619
НИУ 1,698970 0,001006
ВШЭ 1,698970 0,001006
недружественные 1,698970 0,001006
платить 1,096910 0,000649
российское 1,397940 0,000827
топливо 1,397940 0,000827
сократила 1,698970 0,001006
военную 1,522879 0,000901
активность 1,698970 0,001006
Киевом 1,698970 0,001006
Черниговом 1,698970 0,001006
Ажиотаж 1,301030 0,000770
прошел 1,397940 0,000827
новые 0,508638 0,000301
цены 0,823909 0,000488
остались 1,301030 0,000770
Наши 0,886057 0,000524
корреспонденты 1,698970 0,001006
проверили 1,698970 0,001006
чего 0,795880 0,000471
хватает 1,301030 0,000770
полках 1,522879 0,000901
российских 0,468521 0,000277
магазинов 1,397940 0,000827
Воскресная 1,698970 0,001006
Прав 1,522879 0,000901
Да 0,823909 0,000488
Роботизированный 1,698970 0,001006
мир 0,552842 0,000818
будущего 0,823909 0,000488
Каким 1,397940 0,000827
же 0,721246 0,000427
станет 0,920819 0,000545
соседство 1,698970 0,001006
машин 1,096910 0,000649
будущем 1,045757 0,000619
Спецпроект 1,301030 0,001925
Профессиональные 1,698970 0,001508
праздники 0,886057 0,000787
Дню 0,958607 0,000851
геолога 1,698970 0,001508
Остров 1,698970 0,001508
сокровищ 1,301030 0,001155
богатстве 1,698970 0,001508
недр 1,698970 0,001508
вкладе 1,698970 0,001508
геологов 1,698970 0,001508
экономическое 1,522879 0,001352
развитие 1,397940 0,001241
Детям 1,301030 0,001925
Откуда 1,154902 0,001025
взялись 1,698970 0,001508
вулканы 1,698970 0,001508
освоить 1,698970 0,001006
сноуборд 1,698970 0,001006
также 0,494850 0,000293
детских 1,221849 0,000723
детская 1,522879 0,000901
зарядка 1,698970 0,001006
Сколько 1,154902 0,000684
их 0,455932 0,000540
планете 1,522879 0,000901
обвиняют 1,397940 0,000827
Атлантиды 1,698970 0,001006
наступлении 1,698970 0,001006
ледникового 1,698970 0,001006
периода 1,397940 0,000827
Чтобы 0,795880 0,000471
стать 0,795880 0,000471
опытным 1,698970 0,001006
сноубордистом 1,698970 0,001006
начинать 1,397940 0,000827
нужно 0,721246 0,000640
Расскажем 1,522879 0,002253
мальчике 1,698970 0,001006
сноубордисте 1,698970 0,001006
Специальный 1,154902 0,002393
проект 0,744727 0,001543
Отчий 1,698970 0,003520
дом 0,823909 0,001707
Альтруист 1,698970 0,001006
Султаново 1,698970 0,001006
Во 0,886057 0,000524
превращается 1,397940 0,000827
забытая 1,698970 0,001006
деревня 1,522879 0,000901
Слово 1,301030 0,001155
монолит 1,698970 0,001508
Каменева 1,698970 0,001508
происходит 0,920819 0,000818
тамбовской 1,698970 0,001508
глубинке 1,522879 0,001352
какая 1,301030 0,001155
судьба 0,958607 0,000851
ждет 0,853872 0,000758
построенную 1,698970 0,001508
дедом 1,522879 0,001352
композитора 1,522879 0,001352
Сергея 0,920819 0,000818
Рахманинова 1,397940 0,001241
Энергичная 1,698970 0,001006
команда 1,096910 0,000649
Построить 1,698970 0,001006
стадион 1,522879 0,000901
дня 0,494850 0,000293
сделать 0,920819 0,000545
Спортивный 1,522879 0,000901
комментатор 1,698970 0,001006
Михаил 0,568636 0,000841
Дорошенко 1,698970 0,001006
знает 1,000000 0,000592
секрет 1,301030 0,000770
Культурная 1,522879 0,000901
революция 1,397940 0,000827
возрождения 1,698970 0,001006
деревни 1,397940 0,000827
Вятское 1,698970 0,001006
превращения 1,698970 0,001006
процветающий 1,698970 0,001006
культурный 1,698970 0,001006
центр 0,638272 0,000378
Ярославской 1,522879 0,000901
Бухарский 1,698970 0,001006
след 1,698970 0,001006
Альмиры 1,698970 0,001006
Гумеровой 1,698970 0,001006
Альмира 1,698970 0,001006
Гумерова 1,698970 0,001006
считает 1,000000 0,000592
себя 0,552842 0,000327
хранительницей 1,698970 0,001006
традиций 1,397940 0,000827
своего 0,920819 0,000545
рода 1,397940 0,000827
сибирских 1,522879 0,000901
татар 1,522879 0,000901
страна 1,096910 0,002272
краю 1,221849 0,000723
света 1,221849 0,000723
Впечатляющий 1,698970 0,001006
завораживающий 1,698970 0,001006
остров 1,522879 0,001803
Русский 1,045757 0,001238
Владивостоке 1,698970 0,001006
Далекая 1,698970 0,001508
тех 0,920819 0,000818
регионах 1,154902 0,001367
куда 1,000000 0,000888
сложно 1,301030 0,001540
добраться 1,301030 0,001155
Покорение 1,698970 0,002011
хребта 1,698970 0,002011
Тигер 1,698970 0,002011
Тыш 1,698970 0,002011
Затерянный 1,698970 0,002011
Иркутской 1,698970 0,002011
Завораживающий 1,698970 0,001508
попасть 1,301030 0,000770
гости 1,221849 0,000723
тофаларам 1,698970 0,001006
Наедине 1,698970 0,001006
небом 1,522879 0,000901
Край 1,698970 0,001006
заснеженных 1,698970 0,001006
вершин 1,698970 0,001006
ледяных 1,698970 0,001006
пещер 1,698970 0,001006
таежной 1,698970 0,001006
романтики 1,397940 0,000827
Об 0,698970 0,000414
отдаленных 1,698970 0,001006
особенных 1,698970 0,001006
местах 1,301030 0,000770
Тюменской 1,698970 0,001006
Красноярском 1,698970 0,001006
крае 1,397940 0,000827
Дом 0,698970 0,000827
Э 1,301030 0,001540
Цифровые 1,522879 0,001352
платформы 1,397940 0,001241
наша 1,301030 0,001155
новая 1,000000 0,000888
реальность 1,000000 0,001480
Их 1,154902 0,001025
преимущества 1,698970 0,001508
очевидны 1,698970 0,001508
Но 0,619789 0,000550
риски 1,301030 0,001155
ними 1,154902 0,001025
связаны 1,522879 0,001352
Цифровой 1,522879 0,000901
рубль 1,045757 0,000619
перспективы 1,397940 0,000827
открывает 1,154902 0,000684
этот 0,795880 0,000471
вид 1,154902 0,000684
валюты 1,301030 0,000770
Культура 0,638272 0,000378
состоянии 1,522879 0,000901
осмыслить 1,698970 0,001006
пережить 1,522879 0,000901
выйти 1,301030 0,000770
новом 0,853872 0,000505
качестве 1,096910 0,000649
Швыдкой 1,698970 0,001006
специальный 1,698970 0,001006
президента 0,958607 0,000567
международному 1,522879 0,000901
культурному 1,698970 0,001006
сотрудничеству 1,698970 0,001006
Клуб 1,154902 0,001367
главных 0,853872 0,001011
редакторов 1,698970 0,002011
культурная 1,698970 0,001508
Хлеба 1,698970 0,001508
зрелищ 1,698970 0,001508
Очень 1,045757 0,002166
личное 1,522879 0,003155
Виктором 1,221849 0,002170
Лошаком 1,698970 0,003017
Григорьев 1,397940 0,001241
Я 0,508638 0,000602
всегда 0,657577 0,000973
ратовал 1,698970 0,001508
наши 1,045757 0,000928
ведущие 1,698970 0,001508
авторы 1,000000 0,000888
были 0,769551 0,000683
переводились 1,698970 0,001508
иностранные 1,522879 0,001352
языки 1,397940 0,001241
Жизнь 0,823909 0,000488
идет 0,958607 0,000567
своим 1,045757 0,000619
чередом 1,522879 0,000901
установки 1,397940 0,000827
Генплана 1,698970 0,001006
нее 1,045757 0,000619
периодически 1,397940 0,000827
актуализируются 1,698970 0,001006
Кузнецов 1,221849 0,000723
архитектор 1,522879 0,000901
Москвы 0,744727 0,000441
Людмила 0,920819 0,000545
Телень 1,698970 0,001006
Борис 0,769551 0,000455
Николаевич 1,397940 0,000827
держал 1,698970 0,001006
свою 0,638272 0,000378
семью 1,154902 0,000684
дистанции 1,698970 0,001006
Служебные 1,698970 0,001006
дела 1,045757 0,000619
никогда 0,958607 0,000567
обсуждались 1,698970 0,001006
дома 0,744727 0,000441
Лео 1,397940 0,000827
Бокерия 1,698970 0,001006
меня 0,721246 0,000427
сердцем 1,397940 0,000827
есть 0,568636 0,000337
разговор 1,221849 0,000723
сердце 0,920819 0,000818
символ 1,522879 0,000901
работает 0,657577 0,000389
искусственное 1,698970 0,001006
Журналист 1,522879 0,000901
писатель 1,221849 0,000723
Юрий 0,795880 0,000471
Рост 1,522879 0,000901
Моя 1,096910 0,002272
деликатность 1,698970 0,001006
мне 0,853872 0,000505
мешает 1,397940 0,000827
я 0,522879 0,000464
люблю 1,154902 0,000684
просить 1,698970 0,001006
стараюсь 1,698970 0,001006
впадать 1,698970 0,001006
долги 1,522879 0,000901
Свет 1,397940 0,001241
тени 1,522879 0,001352
Винсент 1,522879 0,001352
Ван 1,096910 0,000974
Гог 1,698970 0,001508
заставило 1,522879 0,001352
художника 1,045757 0,000928
свести 1,698970 0,001508
счеты 1,522879 0,001352
жизнью 1,221849 0,001085
выстрелить 1,522879 0,001352
себе 0,619789 0,000550
грудь 1,698970 0,001508
рядом 1,045757 0,000928
мольбертом 1,698970 0,001508
красками 1,698970 0,001508
Был 1,698970 0,001508
безумен 1,698970 0,001508
сам 1,000000 0,000888
нажал 1,698970 0,001508
курок 1,698970 0,001508
Песня 1,154902 0,000684
остается 1,154902 0,000684
человеком 1,301030 0,000770
Есть 0,886057 0,000524
только 0,309804 0,000275
миг 1,522879 0,000901
поверить 1,301030 0,000770
эта 1,096910 0,000649
песня 1,301030 0,000770
изначально 1,522879 0,000901
была 0,744727 0,000441
написана 1,522879 0,000901
несостоявшейся 1,698970 0,001006
оперетты 1,698970 0,001006
колхозниках 1,698970 0,001006
история 0,721246 0,001281
Мишин 1,698970 0,001508
Ничто 1,522879 0,001352
заменить 1,522879 0,001352
контакта 1,522879 0,001352
живой 1,698970 0,001508
аудиторией 1,522879 0,001352
Доказывать 1,698970 0,001006
сцене 1,397940 0,000827
вот 0,795880 0,000471
там 0,958607 0,000567
либо 1,000000 0,000888
получается 1,522879 0,000901
нет 0,619789 0,000367
успокаиваться 1,698970 0,001006
от 0,193820 0,000172
аплодисментов 1,698970 0,001006
полного 1,522879 0,000901
зала 1,522879 0,000901
Урин 1,698970 0,001006
генеральный 1,698970 0,001006
Большого 1,301030 0,000770
театра 1,154902 0,000684
Марк 1,154902 0,000684
Варшавер 1,698970 0,001006
Если 0,769551 0,000455
спектакль 1,301030 0,000770
чудный 1,698970 0,001006
но 0,481486 0,000285
зритель 1,698970 0,001006
снимаю 1,698970 0,001006
аншлаги 1,698970 0,001006
Егор 1,221849 0,000723
Кончаловский 1,397940 0,000827
думал 1,301030 0,000770
снимал 1,522879 0,000901
Антикиллера 1,698970 0,001006
вчера 1,397940 0,000827
прошло 1,221849 0,000723
Степашин 1,698970 0,001006
просто 0,657577 0,000389
счастье 1,096910 0,000649
моем 1,522879 0,000901
пути 0,886057 0,000524
встретились 1,522879 0,000901
эти 0,920819 0,000545
Дмитрий 0,602060 0,000356
Лихачев 1,698970 0,001006
Даниил 1,397940 0,000827
Гранин 1,698970 0,001006
Телеканал 0,769551 0,000455
Контактная 1,522879 0,000901
информация 0,638272 0,000378
Региональные 1,698970 0,001006
партнеры 1,221849 0,000723
Мы 0,537602 0,000318
соцсетях 1,045757 0,000619
TikTok 1,221849 0,000723
ВКонтакте 0,795880 0,000471
Яндекс 0,638272 0,000378
Дзен 1,000000 0,000592
Одноклассники 0,823909 0,000488
Rutube 1,301030 0,000770
Telegram 0,769551 0,000455
Адрес 0,721246 0,000640
Ул 1,698970 0,001006
Академика 1,698970 0,001006
Королева 1,301030 0,000770
Дирекция 1,522879 0,000901
маркетинга 1,397940 0,000827
marketing 1,698970 0,001006
ptvr 1,698970 0,001006
ru 0,187087 0,000166
доб 1,397940 0,000827
Средство 1,301030 0,000770
массовой 1,000000 0,000592
информации 0,698970 0,000414
Сетевое 0,795880 0,000471
издание 0,657577 0,000389
Интернет 0,823909 0,000488
портал 0,823909 0,000488
телевидение 1,397940 0,001241
Учредитель 0,698970 0,000414
Автономная 1,522879 0,000901
некоммерческая 1,522879 0,000901
организация 1,397940 0,000827
АНО 1,522879 0,001352
ОТВР 1,698970 0,001508
Свидетельство 0,721246 0,000427
регистрации 0,638272 0,000378
СМИ 0,481486 0,000285
Эл 0,721246 0,000427
ФС 0,522879 0,000309
г 0,602060 0,000356
выдано 1,301030 0,000770
Федеральной 0,619789 0,000367
службой 0,744727 0,000441
надзору 0,619789 0,000367
сфере 0,552842 0,000327
связи 0,455932 0,000270
информационных 0,585027 0,000346
технологий 0,568636 0,000337
массовых 0,568636 0,000337
коммуникаций 0,585027 0,000346
Роскомнадзор 0,823909 0,000488
Главный 0,585027 0,000346
редактор 0,585027 0,000346
Игнатенко 1,698970 0,001006
Н 0,823909 0,000488
электронной 0,886057 0,000524
почты 0,886057 0,000524
Редакции 1,397940 0,001241
internet 1,397940 0,000827
otr 1,698970 0,001006
online 1,397940 0,000827
Телефон 1,000000 0,000592
Для 0,494850 0,000293
лиц 1,045757 0,000619
старше 1,000000 0,000592
