Новости 0,221849 0,000628
спорта 0,958607 0,005431
wi 1,698970 0,009626
fi 1,698970 0,009626
ru 0,187087 0,002120
Футбол 1,154902 0,006543
Город 0,958607 0,005431
ММА 1,397940 0,007920
Бокс 1,397940 0,007920
Биатлон 1,301030 0,007371
лыжи 1,522879 0,008628
Хоккей 1,154902 0,006543
Другие 0,958607 0,005431
Wi 1,522879 0,008628
Fi 1,397940 0,007920
Барселона 1,301030 0,007371
не 0,142668 0,001212
смогла 1,221849 0,006923
в 0,070581 0,001800
финала 1,221849 0,006923
Лиги 1,397940 0,007920
Европы 0,920819 0,005217
победить 1,154902 0,006543
Айнтрахт 1,698970 0,009626
игравший 1,698970 0,009626
меньшинстве 1,698970 0,009626
Фестиваль 1,221849 0,006923
чудо 1,154902 0,006543
голов 1,522879 0,008628
ретро 1,522879 0,008628
комбинация 1,397940 0,007920
Барсы 1,522879 0,008628
проклятье 1,522879 0,008628
Ромы 1,522879 0,008628
Главное 0,657577 0,003726
из 0,167491 0,001423
матчей 1,522879 0,012942
ЛЕ 1,522879 0,008628
и 0,075721 0,000858
ЛК 1,522879 0,008628
Вернется 1,698970 0,009626
ли 0,397940 0,002255
Хэмилтон 1,698970 0,009626
топ 1,221849 0,006923
Главные 0,769551 0,004360
интриги 1,698970 0,009626
Гран 1,397940 0,007920
при 0,468521 0,002655
Австралии 1,301030 0,007371
И 0,408935 0,002317
снова 0,769551 0,004360
ГОЛдобин 1,698970 0,009626
Шайба 1,698970 0,009626
Николая 1,154902 0,006543
Голдобина 1,698970 0,009626
принесла 1,698970 0,009626
Металлургу 1,698970 0,009626
победу 1,397940 0,007920
Челябинске 1,397940 0,007920
V 0,958607 0,005431
чемпионат 1,397940 0,007920
России 0,251812 0,002853
по 0,124939 0,001062
спортивному 1,698970 0,009626
бизнесу 1,522879 0,008628
состоится 1,096910 0,006215
Москве 0,455932 0,002583
апреля 0,301030 0,001706
Юлия 0,823909 0,004668
Канакина 1,698970 0,009626
Одна 1,522879 0,008628
самых 0,585027 0,003315
красивых 1,698970 0,009626
скелетонисток 1,698970 0,009626
мира 0,537602 0,003046
заработавшая 1,698970 0,009626
первый 0,769551 0,004360
миллион 1,154902 0,006543
года 0,356547 0,003030
Глава 0,698970 0,003960
УЕФА 1,522879 0,012942
видит 1,221849 0,006923
оснований 1,698970 0,009626
прекращать 1,698970 0,009626
трансляции 1,301030 0,007371
В 0,167491 0,000949
прокомментировали 1,522879 0,008628
возможную 1,698970 0,009626
заявку 1,522879 0,008628
на 0,075721 0,000429
ЧЕ 1,698970 0,009626
годов 1,045757 0,005925
FAQПользовательское 1,698970 0,009626
соглашение 0,619789 0,003512
Обратная 0,585027 0,003315
связь 0,552842 0,003132
ООО 0,853872 0,004838
Спорт 0,537602 0,013707
Вай 1,698970 0,043317
Фай 1,698970 0,043317
Средство 1,301030 0,007371
массовой 1,000000 0,005666
информации 0,698970 0,003960
сетевое 1,221849 0,006923
издание 0,657577 0,003726
зарегистрировано 0,823909 0,004668
Федеральной 0,619789 0,003512
службой 0,744727 0,004219
надзору 0,619789 0,003512
сфере 0,552842 0,003132
связи 0,455932 0,002583
информационных 0,585027 0,003315
технологий 0,568636 0,003222
массовых 0,568636 0,003222
коммуникаций 0,585027 0,003315
Роскомнадзор 0,823909 0,004668
Регистрационный 1,522879 0,008628
номер 0,920819 0,005217
Эл 0,721246 0,004086
ФС 0,522879 0,002962
от 0,193820 0,001098
июня 0,920819 0,005217
Название 1,221849 0,006923
Учредитель 0,698970 0,003960
соучредители 1,397940 0,007920
СМИ 0,481486 0,006820
сетевого 1,096910 0,015537
издания 0,886057 0,012550
Общество 0,638272 0,003616
с 0,102373 0,000580
ограниченной 1,522879 0,008628
ответственностью 1,522879 0,008628
главный 1,096910 0,006215
редактор 0,585027 0,003315
Чегорский 1,698970 0,009626
Н 0,823909 0,004668
А 0,376751 0,002135
телефон 0,853872 0,004838
редакции 0,481486 0,004092
адрес 0,920819 0,005217
электронной 0,886057 0,005020
почты 0,886057 0,005020
editors 1,698970 0,009626
sport 1,698970 0,009626
wifi 1,698970 0,009626
Для 0,494850 0,002804
полноценного 1,698970 0,009626
функционирования 1,522879 0,008628
сайта 0,522879 0,002962
необходимо 0,920819 0,005217
включить 1,397940 0,007920
JavaScript 1,045757 0,005925
