Рекомендательный 1,698970 0,000228
книжный 1,522879 0,000408
сервис 0,958607 0,000257
Книгогид 1,698970 0,002734
Уведомления 1,221849 0,000328
Отметить 1,698970 0,000456
все 0,292430 0,000510
прочитанным 1,698970 0,000456
Настройки 1,221849 0,000328
Уведомлений 1,698970 0,000456
еще 0,408935 0,000932
не 0,142668 0,000708
было 0,585027 0,000392
Таинственный 1,698970 0,001139
сад 1,045757 0,001122
Фрэнсис 1,301030 0,000698
Элиза 1,522879 0,000817
Бернетт 1,522879 0,000817
оценок 1,397940 0,001312
Империя 1,397940 0,000937
Волков 1,522879 0,001021
Жан 1,522879 0,001021
Кристоф 1,698970 0,000911
Гранже 1,698970 0,001139
Академия 1,154902 0,000620
вампиров 1,397940 0,000937
Книга 1,154902 0,000774
Поцелуй 1,698970 0,000911
тьмы 1,397940 0,000750
Райчел 1,698970 0,000911
Мид 1,698970 0,000911
Черный 1,154902 0,000620
лебедь 1,698970 0,000911
Нассим 1,698970 0,001139
Талеб 1,698970 0,001139
Наследие 1,221849 0,000819
Хоторнов 1,698970 0,001139
Дженнифер 1,301030 0,000698
Линн 1,397940 0,000750
Барнс 1,698970 0,000911
Легендо 1,698970 0,001139
Стефани 1,698970 0,000911
Гарбер 1,698970 0,000911
оценка 1,397940 0,000562
Все 0,148742 0,000359
результаты 1,154902 0,000310
Регистрация 0,657577 0,000265
Вход 0,657577 0,000265
Жанры 1,221849 0,000328
Художественная 1,522879 0,001021
литература 1,000000 0,002548
книги 0,744727 0,003396
жанра 1,522879 0,002859
Приключения 1,221849 0,000983
Фантастика 1,096910 0,000736
Фэнтези 1,221849 0,000983
Детектив 1,221849 0,001147
Ужасы 1,221849 0,000328
Роман 0,795880 0,000427
Классическая 1,397940 0,000750
Историческая 1,154902 0,000310
проза 1,221849 0,002294
Современная 1,221849 0,001311
Сценарии 1,698970 0,000456
Старинная 1,698970 0,000456
Юмор 1,301030 0,000349
Поэзия 1,301030 0,000349
Эротика 1,397940 0,000375
Драматургия 1,522879 0,000408
Сказания 1,698970 0,000456
мифы 1,698970 0,000456
легенды 1,000000 0,000268
Фольклор 1,522879 0,000408
Литературная 1,301030 0,000349
критика 1,397940 0,000375
Крупная 1,698970 0,000456
форма 1,698970 0,000684
Малая 1,698970 0,000456
Фанфик 1,522879 0,000408
Игры 0,886057 0,000357
Комиксы 1,522879 0,000408
Недописанное 1,698970 0,000456
Афоризмы 1,522879 0,000408
и 0,075721 0,001808
цитаты 1,154902 0,000310
Детская 1,221849 0,000655
художественная 1,522879 0,000408
Сказки 1,221849 0,000328
Научно 1,301030 0,000523
популярная 1,397940 0,000562
для 0,119186 0,000256
детей 0,431798 0,000521
Культура 0,638272 0,000171
искусство 1,045757 0,000982
Изобразительное 1,698970 0,000684
Музыка 0,795880 0,000213
Театр 0,920819 0,000247
Кино 0,677781 0,000182
Балет 1,522879 0,000408
Хореография 1,698970 0,000456
Архитектура 1,301030 0,000349
Скульптура 1,397940 0,000375
Мода 1,154902 0,000310
Прикладное 1,522879 0,000408
Фотография 1,698970 0,000684
Искусствоведение 1,698970 0,000456
Культурология 1,698970 0,000456
История 0,494850 0,000465
искусства 0,886057 0,000357
Научная 1,301030 0,000523
Точные 1,522879 0,000408
науки 1,045757 0,000842
Естественные 1,698970 0,000456
Гуманитарные 1,522879 0,000408
Технические 1,698970 0,000456
Социально 1,522879 0,000408
экономические 1,698970 0,000456
Философия 1,397940 0,000562
Филология 1,698970 0,000456
Религии 1,698970 0,000456
Военное 1,698970 0,000456
дело 0,886057 0,000357
Отечественная 1,698970 0,000911
история 0,721246 0,000967
Зарубежная 1,522879 0,000408
Краеведение 1,698970 0,000456
Археология 1,522879 0,000408
Документы 1,096910 0,000294
Бизнес 0,853872 0,000344
Малый 1,522879 0,000408
бизнес 0,657577 0,000176
О 0,207608 0,000111
бизнесе 1,522879 0,000408
популярно 1,397940 0,000375
Управление 1,397940 0,000375
Маркетинг 1,397940 0,000375
PR 1,221849 0,000328
Реклама 0,387216 0,000104
Подбор 1,522879 0,000408
персонала 1,698970 0,000456
Корпоративная 1,698970 0,000456
культура 1,221849 0,000492
Логистика 1,698970 0,000456
Прикладная 1,522879 0,000408
Техника 1,301030 0,000349
Технология 1,522879 0,000408
Промышленность 1,698970 0,000456
Металлургия 1,698970 0,000456
Электроника 1,698970 0,000456
Транспорт 1,397940 0,000375
Экономика 0,568636 0,000229
Сельское 1,522879 0,000408
хозяйство 1,301030 0,000523
Компьютеры 1,522879 0,000408
Связь 1,698970 0,000456
Строительство 1,698970 0,000456
Ремонт 1,397940 0,000375
Профессия 1,522879 0,000408
Справочная 1,301030 0,000349
Документальная 1,698970 0,000684
Мемуары 1,522879 0,000613
биографии 1,221849 0,000492
Публицистика 1,397940 0,000375
Архивы 1,698970 0,000456
Письма 1,522879 0,000408
Образование 0,886057 0,000238
Саморазвитие 1,522879 0,000408
Учебная 1,522879 0,000408
Учебники 1,698970 0,000456
Иностранные 1,397940 0,000375
языки 1,397940 0,000375
Секреты 1,221849 0,000655
мастерства 1,698970 0,000456
Этикет 1,698970 0,000456
Дом 0,698970 0,001125
семья 1,045757 0,001683
Семейные 1,397940 0,000562
отношения 1,045757 0,001122
Дети 0,958607 0,000257
Домашнее 1,522879 0,000408
Сделай 1,522879 0,000408
сам 1,000000 0,000268
Кулинария 1,522879 0,000408
Сад 1,522879 0,000408
огород 1,698970 0,000456
Домашние 1,522879 0,000408
животные 1,397940 0,000375
Увлечение 1,698970 0,000456
автолюбителя 1,698970 0,000456
Физическая 1,698970 0,000456
Боевые 1,698970 0,000456
Физкультура 1,698970 0,000456
Спорт 0,537602 0,000144
Здоровье 0,853872 0,000229
Медицина 1,221849 0,000492
Красота 0,920819 0,000247
молодость 1,221849 0,000328
Психология 1,000000 0,000268
Литература 1,301030 0,001745
на 0,075721 0,000599
иностранных 0,886057 0,000238
языках 1,397940 0,001125
английском 1,221849 0,000328
языке 0,886057 0,000832
испанском 1,698970 0,000456
немецком 1,698970 0,000684
французском 1,698970 0,000456
славянских 1,698970 0,000456
итальянском 1,698970 0,000456
восточных 1,698970 0,000456
других 0,795880 0,000534
Книги 0,795880 0,000640
Рецензии 0,920819 0,000247
Сообщество 1,522879 0,000408
Блоги 1,096910 0,000294
Цитаты 1,397940 0,000375
Тесты 0,920819 0,000247
Подборки 0,795880 0,000320
Премии 1,301030 0,000349
Конкурсы 1,045757 0,000281
Другое 1,301030 0,000349
SHAZAM 1,698970 0,000456
Мировые 1,154902 0,000310
рейтинги 1,301030 0,000349
Авторы 0,958607 0,000257
Популярное 0,853872 0,000229
Персонажи 1,522879 0,000408
Получите 1,522879 0,000408
персональную 1,522879 0,000408
книжную 1,698970 0,000456
подборку 1,698970 0,001139
Расскажите 1,522879 0,000408
какие 0,795880 0,000427
вам 0,677781 0,000545
нравятся 1,522879 0,000408
Получить 1,522879 0,000408
Бестселлеры 1,221849 0,000328
читать 0,823909 0,005746
позже 1,221849 0,008358
Как 0,301030 0,000525
обещает 1,522879 0,000408
автор 1,045757 0,000281
эта 1,096910 0,000441
книга 0,958607 0,001029
полна 1,522879 0,000408
таинственности 1,698970 0,000456
неожиданных 1,522879 0,000613
поворотов 1,698970 0,000456
сюжета 1,301030 0,000349
Десятилетняя 1,698970 0,000456
Мери 1,522879 0,000613
Леннокс 1,698970 0,000456
никогда 0,958607 0,000386
чувствовала 1,522879 0,000408
себя 0,552842 0,000445
любимой 1,301030 0,000349
После 0,795880 0,000640
смерти 0,744727 0,000499
родителей 0,958607 0,000514
ее 0,508638 0,000682
отправляют 1,522879 0,000408
жить 0,958607 0,000514
к 0,207608 0,000418
дяде 1,698970 0,000456
в 0,070581 0,001070
глухое 1,698970 0,000456
средневековое 1,698970 0,000456
поместье 1,698970 0,000684
Многочисленные 1,522879 0,000408
комнаты 1,522879 0,000408
огромного 1,301030 0,000349
дома 0,744727 0,000599
закрыты 1,522879 0,000408
а 0,327902 0,000616
по 0,124939 0,000285
ночам 1,522879 0,000408
девочка 1,522879 0,000408
слышит 1,698970 0,000456
чей 1,522879 0,000613
то 0,537602 0,000865
плач 1,698970 0,000456
Случайно 1,522879 0,000408
узнает 1,221849 0,000328
что 0,187087 0,000753
есть 0,568636 0,000229
один 0,721246 0,000580
куда 1,000000 0,000268
десять 1,397940 0,000375
лет 0,366532 0,000344
никто 1,096910 0,000588
заходил 1,522879 0,000408
Читать 0,886057 0,006061
полностью 0,795880 0,005444
признанного 1,698970 0,000456
короля 1,397940 0,000375
французского 1,221849 0,000328
триллера 1,698970 0,000456
Кристофа 1,698970 0,000456
автора 0,886057 0,001545
нашумевшего 1,698970 0,000456
бестселлера 1,698970 0,000684
Пурпурные 1,698970 0,000456
реки 1,301030 0,000349
был 0,481486 0,000387
издан 1,698970 0,000684
во 0,494850 0,000199
Франции 1,000000 0,000268
двухмиллионным 1,698970 0,000456
тиражом 1,698970 0,000684
переведен 1,698970 0,000684
языков 1,522879 0,000817
включая 1,301030 0,000523
японский 1,397940 0,000375
В 0,167491 0,000314
году 0,602060 0,000646
широкие 1,698970 0,000456
экраны 1,397940 0,000375
вышел 1,000000 0,000268
снятый 1,698970 0,000456
роману 1,698970 0,000684
одноименный 1,522879 0,000408
фильм 0,823909 0,000442
с 0,102373 0,000494
Жаном 1,698970 0,000456
Рено 1,698970 0,000456
Арли 1,698970 0,000456
Ховером 1,698970 0,000456
главных 0,853872 0,000344
ролях 1,522879 0,000613
Анна 0,568636 0,000534
Геймз 1,698970 0,000456
счастливая 1,698970 0,000911
женщина 1,000000 0,000536
Она 0,958607 0,000771
молода 1,698970 0,000456
очень 0,657577 0,000441
хороша 1,698970 0,000456
со 0,387216 0,000415
Странные 1,397940 0,000375
страшные 1,522879 0,000408
вещи 1,221849 0,000328
творятся 1,698970 0,000456
некоторых 1,221849 0,000328
пор 1,045757 0,000421
Академии 1,698970 0,000456
Слишком 1,397940 0,000375
часто 1,301030 0,000523
отключается 1,698970 0,000456
магическая 1,698970 0,000456
защита 1,522879 0,000408
Академию 1,698970 0,000456
нападают 1,698970 0,000456
безжалостные 1,698970 0,000456
стригои 1,698970 0,000456
извечные 1,698970 0,000456
враги 1,221849 0,000328
вампирского 1,698970 0,000456
рода 1,397940 0,000375
И 0,408935 0,000329
почему 0,494850 0,000265
жертвами 1,698970 0,000456
их 0,455932 0,000367
набегов 1,698970 0,000456
становятся 1,221849 0,000655
исключительно 1,301030 0,000523
представители 1,301030 0,000523
королевских 1,698970 0,000456
семей 1,221849 0,000328
Что 0,346787 0,000140
это 0,292430 0,000353
роковая 1,522879 0,000408
случайность 1,522879 0,000408
Или 1,096910 0,000294
дьявольский 1,698970 0,000456
план 1,221849 0,000328
рассчитанный 1,698970 0,000456
захват 1,698970 0,000456
власти 1,045757 0,000281
тайном 1,522879 0,000408
сообществе 1,698970 0,000456
За 0,568636 0,000229
одно 1,045757 0,000561
только 0,309804 0,000249
последнее 1,221849 0,000328
десятилетие 1,522879 0,000408
человечество 1,397940 0,000375
пережило 1,698970 0,000456
ряд 1,397940 0,000375
тяжелейших 1,698970 0,000456
катастроф 1,397940 0,000375
потрясений 1,698970 0,000456
катаклизмов 1,698970 0,000456
укладывающихся 1,698970 0,000456
рамки 1,522879 0,000408
самых 0,585027 0,000314
фантастических 1,522879 0,000408
предсказаний 1,698970 0,000456
Пятидесятидвухлетний 1,698970 0,000456
ливанец 1,698970 0,000456
выпускник 1,522879 0,000408
Сорбонны 1,698970 0,000456
нью 1,522879 0,000408
йоркский 1,698970 0,000456
финансовый 1,522879 0,000408
гуру 1,698970 0,000456
называет 1,522879 0,000613
такие 1,000000 0,000268
непрогнозируемые 1,698970 0,000456
события 0,795880 0,000213
Черными 1,698970 0,000456
лебедями 1,698970 0,000456
Он 0,721246 0,000484
убежден 1,698970 0,000456
именно 0,920819 0,000618
они 0,657577 0,000529
дают 1,522879 0,000408
толчок 1,698970 0,000456
как 0,251812 0,000709
истории 0,657577 0,000353
целом 1,301030 0,000349
так 0,522879 0,000491
существованию 1,698970 0,000456
продолжение 1,301030 0,000523
мирового 1,698970 0,000456
наследников 1,522879 0,000408
Необычный 1,698970 0,000456
детектив 1,096910 0,000441
квест 1,522879 0,000408
наполненный 1,698970 0,000456
неожиданными 1,698970 0,000456
сюжетными 1,698970 0,000456
поворотами 1,698970 0,000456
головоломками 1,698970 0,000456
Интриги 1,698970 0,000456
романтика 1,698970 0,000456
увлекательный 1,698970 0,000456
сюжет 1,096910 0,000441
любовный 1,397940 0,000375
треугольник 1,522879 0,000408
напряженная 1,698970 0,000456
игра 1,301030 0,000349
Борьба 1,301030 0,000349
за 0,180456 0,000315
наследство 1,522879 0,000408
продолжается 1,221849 0,000328
Еще 0,585027 0,000157
недавно 1,301030 0,000349
Эйвери 1,698970 0,000456
Грэмбс 1,698970 0,000456
была 0,744727 0,000499
сиротой 1,698970 0,000456
которая 0,823909 0,000553
сводила 1,698970 0,000456
концы 1,698970 0,000456
концами 1,698970 0,000456
мечтала 1,698970 0,000456
получить 0,769551 0,000206
стипендию 1,698970 0,000456
начать 1,045757 0,000421
новую 0,769551 0,000310
жи 1,698970 0,000456
Сердце 1,301030 0,000523
вот 0,795880 0,000534
разобьется 1,698970 0,000684
Долг 1,698970 0,000684
нужно 0,721246 0,000387
вернуть 1,000000 0,000536
Игра 1,045757 0,000421
которой 0,886057 0,000594
нельзя 0,853872 0,000573
проиграть 1,698970 0,000684
Попав 1,698970 0,000684
волшебный 1,522879 0,000408
мир 0,552842 0,000445
Караваля 1,698970 0,000456
Донателла 1,698970 0,000456
наконец 1,397940 0,000750
смогла 1,221849 0,000328
оставить 1,221849 0,000492
жестокого 1,397940 0,000375
отца 1,000000 0,000402
избавить 1,698970 0,000456
свою 0,638272 0,000257
сестру 1,301030 0,000349
Скарлетт 1,522879 0,000408
от 0,193820 0,000546
нежеланного 1,698970 0,000456
жениха 1,522879 0,000408
Казалось 1,397940 0,000375
бы 0,585027 0,000157
встало 1,698970 0,000456
свои 0,698970 0,000187
места 1,045757 0,000281
Но 0,619789 0,001164
Телла 1,698970 0,000456
прежнему 1,301030 0,000349
ловушке 1,522879 0,000408
девушка 1,221849 0,000328
связана 1,698970 0,000456
роковым 1,698970 0,000456
соглашением 1,397940 0,000375
незнакомец 1,698970 0,000456
требует 1,096910 0,000294
добыть 1,698970 0,000456
него 0,795880 0,000320
никому 1,301030 0,000349
н 1,397940 0,000375
Массимо 1,698970 0,000911
Пильюччи 1,698970 0,000684
быть 0,431798 0,000347
стоиком 1,698970 0,001595
Античная 1,698970 0,000911
философия 1,522879 0,000817
современная 1,301030 0,000698
жизнь 0,537602 0,001082
Быть 1,096910 0,000441
современном 1,522879 0,000613
мире 0,468521 0,000503
сложнее 1,397940 0,000562
чем 0,420216 0,000451
Древней 1,221849 0,000492
Греции 1,045757 0,000421
Для 0,494850 0,000265
этого 0,619789 0,000499
надо 0,823909 0,000442
иметь 1,221849 0,000492
душевный 1,698970 0,000684
покой 1,522879 0,000408
чтобы 0,481486 0,000387
принимать 1,301030 0,000523
невозможно 1,221849 0,000328
изменить 1,154902 0,000620
мужество 1,698970 0,000456
возможное 1,522879 0,000408
мудрость 1,698970 0,000456
всегда 0,657577 0,000265
отличать 1,698970 0,000456
другого 1,221849 0,000655
своей 0,853872 0,000458
книге 1,301030 0,000698
известный 1,522879 0,000408
американский 1,397940 0,000375
философ 1,698970 0,000456
биолог 1,698970 0,000456
Пиль 1,698970 0,000456
юччи 1,698970 0,000456
предлагает 1,045757 0,000421
читателю 1,698970 0,000456
увлекательное 1,698970 0,000456
путешествие 1,096910 0,000294
глубины 1,698970 0,000456
этой 0,744727 0,000699
античной 1,698970 0,000456
философи 1,698970 0,000456
Дэвид 1,397940 0,000562
Фостер 1,397940 0,000562
Уоллес 1,698970 0,000684
Метла 1,698970 0,000911
системы 1,301030 0,000698
Когда 0,602060 0,000323
из 0,167491 0,000472
призрения 1,698970 0,000684
Шейкер 1,698970 0,000684
Хайтс 1,698970 0,000684
при 0,468521 0,000377
загадочных 1,397940 0,000562
обстоятельствах 1,522879 0,000817
исчезают 1,698970 0,000684
двадцать 1,397940 0,000562
шесть 1,045757 0,000561
пожилых 1,698970 0,000684
пациентов 1,522879 0,000613
Линор 1,522879 0,000408
Бидсман 1,698970 0,000456
знает 1,000000 0,000805
первое 0,886057 0,000238
событие 1,397940 0,000562
целой 1,397940 0,000375
череде 1,698970 0,000456
невероятных 1,698970 0,000456
странных 1,301030 0,000349
происшествий 1,698970 0,000456
которые 0,431798 0,000637
вскоре 1,301030 0,000349
потрясут 1,698970 0,000456
Среди 1,221849 0,000328
пропавших 1,698970 0,000456
прабабушка 1,698970 0,000456
некогда 1,522879 0,000408
знавшая 1,698970 0,000456
философа 1,397940 0,000375
Людвига 1,397940 0,000375
Витгенштейна 1,698970 0,000456
всю 0,823909 0,000221
пытавшаяся 1,698970 0,000456
донести 1,698970 0,000456
до 0,244125 0,000196
правнучки 1,698970 0,000456
одну 1,096910 0,000294
непростую 1,698970 0,000456
истину 1,698970 0,000456
Бен 1,301030 0,000523
Элтон 1,698970 0,000684
Время 1,045757 0,000842
снова 0,769551 0,000619
время 0,366532 0,000197
июня 0,920819 0,000371
года 0,356547 0,000478
Хью 1,301030 0,000523
Стэнтон 1,698970 0,000911
отставной 1,698970 0,000684
спецназовец 1,698970 0,000684
знаменитый 1,301030 0,000872
авантюрист 1,522879 0,000613
самый 0,958607 0,000643
одинокий 1,522879 0,000613
человек 0,494850 0,000265
свете 1,154902 0,000310
Те 1,522879 0,000613
кого 0,853872 0,000229
он 0,568636 0,001220
знал 1,154902 0,000310
любил 1,096910 0,000294
родились 1,397940 0,000375
Возможно 1,522879 0,000408
теперь 0,677781 0,000182
родятся 1,698970 0,000456
вообще 1,221849 0,000328
Только 0,958607 0,000257
грядет 1,698970 0,000456
большая 1,522879 0,000408
страшная 1,397940 0,000375
война 1,221849 0,000328
коллективное 1,698970 0,000456
самоубийственное 1,698970 0,000456
безумие 1,522879 0,000408
которое 1,096910 0,000588
разрушит 1,698970 0,000456
европейскую 1,522879 0,000408
цивилизацию 1,522879 0,000408
ввергнет 1,698970 0,000456
страдания 1,522879 0,000408
миллионы 1,221849 0,000492
людей 0,698970 0,000656
Двадцатый 1,698970 0,000456
век 1,000000 0,000268
станет 0,920819 0,000247
веком 1,698970 0,000456
Велико 1,698970 0,000456
Любовный 1,698970 0,000684
роман 0,920819 0,001112
Люсинда 1,522879 0,000613
Райли 1,397940 0,000937
Лавандовый 1,698970 0,000911
От 0,795880 0,000320
Семи 1,698970 0,000684
сестер 1,397940 0,000562
Люсинды 1,698970 0,000684
Это 0,537602 0,000505
о 0,136677 0,000440
войне 1,096910 0,000441
преемственности 1,698970 0,000684
поколений 1,397940 0,000562
любви 0,677781 0,000455
предательстве 1,698970 0,000456
тайнах 1,522879 0,000408
должны 1,301030 0,000349
раскрыты 1,522879 0,000408
жизни 0,443697 0,001012
многих 1,154902 0,000465
Эмили 1,301030 0,000349
наследует 1,698970 0,000456
линии 1,522879 0,000408
старинный 1,698970 0,000456
родовой 1,698970 0,000456
замок 1,397940 0,000375
прекрасными 1,698970 0,000456
садами 1,698970 0,000456
виноградниками 1,698970 0,000456
но 0,481486 0,000646
вместе 0,769551 0,000206
этим 1,000000 0,000671
уйму 1,698970 0,000456
долгов 1,522879 0,000408
вопросы 0,744727 0,000300
без 0,387216 0,000156
ответов 1,698970 0,000456
прошлом 1,221849 0,000328
семьи 0,853872 0,000573
До 0,958607 0,000257
она 0,744727 0,000699
вела 1,522879 0,000408
простую 1,698970 0,000456
жизн 1,698970 0,000456
Лучшие 0,823909 0,000442
новинки 0,886057 0,000238
Розен 1,698970 0,000684
Эл 0,721246 0,000290
Си 1,397940 0,000562
Лагерь 1,698970 0,000684
Шестнадцатилетний 1,698970 0,000456
Рэнди 1,698970 0,000684
Капплехофф 1,698970 0,000456
каждое 1,698970 0,000456
лето 1,045757 0,000281
проводит 1,397940 0,000375
лагере 1,698970 0,000456
Открытая 1,301030 0,000872
страна 1,096910 0,000294
Здесь 1,096910 0,000883
встретил 1,397940 0,000375
своих 0,657577 0,000617
лучших 1,096910 0,000441
друзей 1,045757 0,000281
впервые 0,744727 0,000300
принял 1,000000 0,000268
участие 0,958607 0,000257
мюзикле 1,698970 0,000456
влюбился 1,397940 0,000375
Влюбился 1,698970 0,000456
человека 0,568636 0,000458
который 0,508638 0,000205
даже 0,619789 0,000249
подозревает 1,397940 0,000375
его 0,376751 0,000758
существовании 1,698970 0,000456
Чтобы 0,795880 0,000213
привлечь 1,221849 0,000328
себе 0,619789 0,000333
внимание 0,853872 0,000229
сменил 1,522879 0,000408
имидж 1,698970 0,000456
стал 0,585027 0,000235
крутым 1,698970 0,000456
парнем 1,522879 0,000408
Ради 1,522879 0,000613
нового 0,769551 0,000206
образа 1,698970 0,000456
пожертвовал 1,698970 0,000456
хобби 1,522879 0,000408
избавился 1,698970 0,000456
простыней 1,698970 0,000456
единорогами 1,698970 0,000456
Теперь 0,958607 0,000386
Вадим 1,045757 0,000421
Панов 1,698970 0,000684
Трио 1,698970 0,000684
неизвестности 1,698970 0,000684
Хитрость 1,698970 0,000456
против 0,387216 0,000156
подлости 1,698970 0,000456
доблесть 1,522879 0,000408
ярости 1,698970 0,000456
Противники 1,698970 0,000456
сошлись 1,301030 0,000349
прямом 1,397940 0,000562
бою 1,397940 0,000375
исход 1,698970 0,000456
которого 0,920819 0,000247
непредсказуем 1,698970 0,000456
Загадочная 1,522879 0,000408
Мартина 1,522879 0,000408
позади 1,522879 0,000408
гибель 1,522879 0,000613
Тринадцатой 1,698970 0,000456
Астрологической 1,698970 0,000456
экспедиции 1,698970 0,000456
раскрыта 1,522879 0,000408
впереди 1,698970 0,000456
таинственная 1,397940 0,000375
Близняшка 1,698970 0,000456
неизвестная 1,698970 0,000456
Урия 1,698970 0,000456
тщательно 1,522879 0,000408
охраняемые 1,698970 0,000456
секреты 1,096910 0,000736
Консула 1,698970 0,000456
несомненно 1,522879 0,000613
гения 1,698970 0,000684
злодея 1,698970 0,000456
Помпилио 1,698970 0,000456
Чезаре 1,698970 0,000456
Фаха 1,698970 0,000456
дер 1,698970 0,000456
Даген 1,698970 0,000456
Тур 1,522879 0,000408
оказался 0,920819 0,000371
территории 1,096910 0,000294
е 1,096910 0,000294
Джейкобс 1,698970 0,000911
Харриет 1,698970 0,000911
Я 0,508638 0,000341
родилась 1,522879 0,000817
рабыней 1,698970 0,000911
Подлинная 1,397940 0,000562
рабыни 1,698970 0,000911
осмелилась 1,698970 0,000684
чувствовать 1,698970 0,000684
человеком 1,301030 0,000698
реальная 1,397940 0,000375
немногих 1,522879 0,000408
сохранившихся 1,698970 0,000456
произведений 0,853872 0,000344
рабстве 1,698970 0,000456
написанных 1,522879 0,000408
женщиной 1,221849 0,000328
Впервые 1,522879 0,000408
опубликована 1,522879 0,000408
под 0,376751 0,000202
псевдонимом 1,698970 0,000456
Линда 1,397940 0,000375
Брент 1,698970 0,000456
автобиография 1,698970 0,000456
смирившейся 1,698970 0,000456
участью 1,698970 0,000456
бежавшей 1,698970 0,000456
рабства 1,698970 0,000456
сага 1,301030 0,000349
чернокожих 1,698970 0,000456
рабов 1,698970 0,000456
сентиментальный 1,522879 0,000408
женский 1,397940 0,000375
одной 0,958607 0,000514
обложкой 1,698970 0,000456
целеустремленности 1,698970 0,000456
храброст 1,698970 0,000456
Амор 1,698970 0,000911
Сорелл 1,698970 0,000911
Продвинутое 1,698970 0,000684
селфи 1,698970 0,000911
идеального 1,698970 0,000684
кадра 1,698970 0,000684
стала 0,823909 0,000221
победительницей 1,698970 0,000456
конкурса 1,154902 0,000310
Лучшая 1,301030 0,000349
работа 0,920819 0,000618
планете 1,522879 0,000408
организованного 1,698970 0,000456
американской 1,301030 0,000349
компанией 1,397940 0,000375
ThirdHome 1,698970 0,000456
обойдя 1,698970 0,000456
тысяч 0,744727 0,000200
участников 1,000000 0,000268
более 0,585027 0,000471
стран 1,045757 0,000281
получила 1,221849 0,000328
уникальную 1,301030 0,000349
возможность 0,769551 0,000206
путешествовать 1,698970 0,000456
свету 1,698970 0,000456
месяца 0,920819 0,000247
останавливаясь 1,698970 0,000456
роскошных 1,301030 0,000349
виллах 1,522879 0,000408
вип 1,698970 0,000456
отелях 1,397940 0,000375
Артистичные 1,698970 0,000456
искренние 1,698970 0,000456
снимала 1,698970 0,000456
отчетов 1,522879 0,000408
принесли 1,698970 0,000456
ей 1,045757 0,000561
всеобщее 1,698970 0,000456
признание 1,698970 0,000684
Канн 1,698970 0,000684
Каталина 1,698970 0,000684
Горничная 1,522879 0,001021
фейри 1,698970 0,001367
Рая 1,522879 0,000408
думала 1,397940 0,000375
горничной 1,698970 0,000456
курортном 1,698970 0,000456
отеле 1,397940 0,000562
волшебном 1,698970 0,000456
Новый 0,698970 0,000375
год 0,568636 0,000229
поможет 0,886057 0,000357
избавиться 1,397940 0,000375
излишней 1,522879 0,000408
опеки 1,522879 0,000408
оказавшись 1,522879 0,000408
снежной 1,522879 0,000408
бури 1,698970 0,000456
пустом 1,698970 0,000456
таинственным 1,698970 0,000456
понимает 1,221849 0,000328
собственные 1,522879 0,000408
чувства 1,522879 0,000613
намного 1,522879 0,000408
опаснее 1,698970 0,000456
Алма 1,522879 0,000613
Катсу 1,698970 0,000684
Глубина 1,698970 0,000684
Говорили 1,698970 0,000684
этот 0,795880 0,000427
лайнер 1,698970 0,000456
роскошнее 1,698970 0,000456
любой 0,853872 0,000229
существующих 1,698970 0,000456
кораблей 1,522879 0,000408
непотопляем 1,698970 0,000456
Титаник 1,698970 0,000456
затонул 1,698970 0,000456
первом 1,096910 0,000294
же 0,721246 0,000677
плавании 1,698970 0,000456
прежде 1,096910 0,000588
корабль 1,096910 0,000294
столкнулся 1,301030 0,000349
айсбергом 1,698970 0,000456
борту 1,698970 0,000456
творилось 1,698970 0,000456
нечто 1,397940 0,000375
зловещее 1,698970 0,000456
потустороннее 1,698970 0,000456
Энни 1,698970 0,000456
Хеббли 1,698970 0,000456
пережила 1,522879 0,000408
Титаника 1,698970 0,000456
годами 1,522879 0,000408
пыталась 1,522879 0,000408
оправиться 1,698970 0,000456
произошедшего 1,397940 0,000562
катастрофы 1,698970 0,000456
хотела 1,221849 0,000328
забыть 1,301030 0,000349
об 0,292430 0,000235
ужасах 1,698970 0,000456
твори 1,698970 0,000456
Катерина 1,221849 0,000492
Ши 1,522879 0,000613
сбежала 1,522879 0,000408
пожалуй 1,522879 0,000408
лучшее 1,154902 0,000310
моей 1,000000 0,000268
сих 1,096910 0,000294
страхе 1,698970 0,000456
вздрагиваю 1,698970 0,000456
если 0,698970 0,000469
найдет 1,698970 0,000456
Предала 1,698970 0,000456
жена 1,000000 0,000402
та 1,698970 0,000684
которую 1,000000 0,000268
считал 1,698970 0,000684
семьей 1,154902 0,000310
Намеренно 1,698970 0,000456
ударила 1,301030 0,000349
спину 1,522879 0,000408
содействуя 1,698970 0,000456
конкуренту 1,698970 0,000456
ныне 1,698970 0,000684
врагу 1,698970 0,000456
Два 0,853872 0,000344
преданых 1,698970 0,000456
преданных 1,698970 0,000456
встретятся 1,698970 0,000456
Их 1,154902 0,000310
судьба 0,958607 0,000514
лишь 1,096910 0,000294
руках 1,221849 0,000328
Карен 1,522879 0,000613
Линч 1,698970 0,000684
Пешка 1,698970 0,000684
Много 1,301030 0,000349
назад 0,721246 0,000290
магический 1,698970 0,000456
раскрыл 1,221849 0,000328
свое 0,721246 0,000193
существование 1,301030 0,000523
эльфы 1,522879 0,000408
тролли 1,698970 0,000456
спрайты 1,698970 0,000456
множество 1,397940 0,000375
существ 1,522879 0,000408
живут 1,045757 0,000281
бок 1,522879 0,000613
людьми 1,154902 0,000620
среди 0,958607 0,000257
них 0,769551 0,000206
те 1,221849 0,000492
кто 0,494850 0,000332
отказывается 1,301030 0,000349
подчиняться 1,698970 0,000456
земным 1,698970 0,000456
законам 1,698970 0,000456
Поэтому 1,522879 0,000408
были 0,769551 0,000206
созданы 1,698970 0,000456
специальные 1,397940 0,000375
отряды 1,522879 0,000408
охотников 1,522879 0,000408
Джесси 1,698970 0,000456
обычная 1,522879 0,000408
жительница 1,698970 0,000456
Нью 1,221849 0,000328
Йорка 1,522879 0,000408
хотя 1,301030 0,000349
город 1,096910 0,000294
уже 0,602060 0,000404
давно 0,823909 0,000332
такой 0,853872 0,000458
каким 1,154902 0,000310
Несмотря 1,221849 0,000328
родные 1,522879 0,000408
лучше 0,958607 0,000386
всех 0,552842 0,000371
охотят 1,698970 0,000456
Триллер 1,221849 0,000492
Стивен 1,154902 0,000465
Кинг 1,397940 0,000562
Билли 1,301030 0,000872
Саммерс 1,522879 0,000817
профессиональный 1,397940 0,000562
киллер 1,522879 0,000408
жестким 1,698970 0,000456
моральным 1,698970 0,000456
кодексом 1,698970 0,000456
принимает 1,522879 0,000613
заказы 1,522879 0,000408
действительно 1,221849 0,000328
плохих 1,698970 0,000456
парней 1,522879 0,000408
ему 0,853872 0,000573
бывшему 1,522879 0,000408
морпеху 1,698970 0,000456
занятие 1,522879 0,000408
душе 1,522879 0,000408
однажды 1,154902 0,000310
решает 1,221849 0,000328
отойти 1,698970 0,000456
дел 1,301030 0,000349
Перед 1,096910 0,000294
предстоит 1,301030 0,000349
выполнить 1,397940 0,000375
заказ 1,397940 0,000375
обеспечит 1,698970 0,000456
безбедное 1,698970 0,000456
Его 0,958607 0,000386
чутье 1,698970 0,000456
опыт 1,154902 0,000310
подсказывают 1,522879 0,000408
этом 0,585027 0,000314
деле 0,886057 0,000238
Джон 0,958607 0,000386
Маррс 1,522879 0,000613
Code 1,221849 0,000492
Носители 1,698970 0,000684
ПРОДОЛЖЕНИЕ 1,522879 0,000408
БЕСТСЕЛЛЕРА 1,698970 0,000456
THE 1,698970 0,000456
ONE 1,698970 0,000456
ЕДИНСТВЕННЫЙ 1,698970 0,000456
Если 0,769551 0,000516
хочешь 1,522879 0,000408
сохранить 1,000000 0,000268
секрет 1,301030 0,000349
скрывать 1,698970 0,000684
Джордж 1,397940 0,000375
Оруэлл 1,397940 0,000375
XXI 1,154902 0,000310
веке 1,522879 0,000613
информация 0,638272 0,000171
бог 1,301030 0,000349
защитить 1,221849 0,000328
Любое 0,886057 0,000238
хранилище 1,522879 0,000408
можно 0,443697 0,000357
взломать 1,698970 0,000456
кроме 1,522879 0,000408
Несколько 1,522879 0,000408
обычных 1,522879 0,000408
выбраны 1,522879 0,000408
правительством 1,698970 0,000456
участия 1,045757 0,000281
уникальной 1,301030 0,000349
программе 1,045757 0,000281
защиты 1,154902 0,000310
данных 0,657577 0,000265
новейших 1,522879 0,000408
биоинженерных 1,698970 0,000456
операций 1,301030 0,000349
ходячими 1,698970 0,000456
тайниками 1,698970 0,000456
Носителями 1,698970 0,000456
Выбор 0,886057 0,000238
редакции 0,481486 0,000129
Дух 1,221849 0,000492
Рождества 1,698970 0,000911
Нового 1,397940 0,000750
Точного 1,698970 0,000456
рецепта 1,522879 0,000408
праздничного 1,698970 0,000456
настроения 1,301030 0,000349
мы 0,468521 0,000251
надеемся 1,698970 0,000456
эти 0,920819 0,000247
дадут 1,397940 0,000375
ощущение 1,522879 0,000408
приближающихся 1,698970 0,000456
Кроме 1,397940 0,000375
того 0,853872 0,000573
Букмейт 1,698970 0,000456
дарит 1,301030 0,000349
месяц 0,853872 0,000344
подписки 1,397940 0,000562
доступом 1,698970 0,000456
ко 0,958607 0,000257
всей 0,920819 0,000247
библиотеке 1,397940 0,000562
сервиса 1,301030 0,000349
где 0,537602 0,000361
собрано 1,522879 0,000408
миллиона 1,301030 0,000349
электронных 1,096910 0,000294
книг 0,958607 0,001414
аудиокниг 1,397940 0,000375
разных 0,920819 0,000494
также 0,494850 0,000265
подкасты 1,397940 0,000375
комиксы 1,698970 0,000456
Введите 1,221849 0,000492
промокод 1,698970 0,000456
knigogid 1,698970 0,000684
ссылке 1,301030 0,000349
Bookmate 1,698970 0,000456
получите 1,301030 0,000349
премиум 1,522879 0,000408
бесплатно 1,045757 0,000281
А 0,376751 0,000455
новогодние 1,301030 0,000349
праздники 0,886057 0,000238
прекрасный 1,698970 0,000456
повод 1,397940 0,000375
окунуться 1,522879 0,000408
сказочными 1,698970 0,000456
мотивами 1,522879 0,000408
мифологией 1,698970 0,000456
магией 1,698970 0,000456
захватывающими 1,698970 0,000456
историями 1,698970 0,000456
нашей 0,853872 0,000344
найдется 1,397940 0,000375
чтиво 1,698970 0,000456
самого 1,045757 0,000421
искушенного 1,698970 0,000456
книголюба 1,698970 0,000456
С 0,455932 0,000245
наступающими 1,698970 0,000456
Новым 1,522879 0,000408
годом 1,397940 0,000375
Рождеством 1,698970 0,000456
День 0,795880 0,000534
спасателя 1,698970 0,000911
декабря 0,886057 0,000238
основании 1,301030 0,000349
Постановления 1,698970 0,000456
Совета 1,397940 0,000375
Министров 1,698970 0,000456
РСФСР 1,698970 0,000456
образован 1,698970 0,000456
Российский 0,853872 0,000229
корпус 1,698970 0,000456
спасателей 1,698970 0,000684
день 0,585027 0,000314
отмечается 1,698970 0,000456
праздник 1,522879 0,000613
сотрудников 1,397940 0,000375
МЧС 1,301030 0,000349
причастных 1,698970 0,000456
сохранению 1,698970 0,000456
чрезвычайных 1,698970 0,000456
ситуациях 1,522879 0,000613
подборки 1,154902 0,001394
откроют 1,698970 0,000456
некоторые 1,096910 0,000294
тайны 1,154902 0,000310
трудности 1,301030 0,000349
профессии 1,045757 0,000561
странах 1,045757 0,000281
работы 0,638272 0,000428
волонтеров 1,522879 0,000408
просто 0,657577 0,000265
самоотверженных 1,698970 0,000456
рискующих 1,698970 0,000456
жизнью 1,221849 0,000492
ради 1,096910 0,000294
осени 1,522879 0,000817
Осень 1,522879 0,000408
закончилась 1,397940 0,000375
температура 1,698970 0,000456
окном 1,221849 0,000328
упала 1,522879 0,000408
ниже 0,920819 0,000247
нуля 1,397940 0,000375
лег 1,698970 0,000456
первый 0,769551 0,000206
снег 1,221849 0,000328
подвели 1,698970 0,000456
итоги 1,000000 0,000268
красно 1,698970 0,000456
желтых 1,698970 0,000456
дней 0,744727 0,000200
Срочно 1,698970 0,000456
исправляемся 1,698970 0,000456
представляя 1,522879 0,000408
мнению 1,221849 0,000328
Книгогида 1,698970 0,000684
Настоящая 1,397940 0,000562
дружба 1,522879 0,000613
Дружить 1,698970 0,000456
умение 1,522879 0,000613
настоящий 1,221849 0,000328
друг 0,795880 0,000320
сокровище 1,522879 0,000408
беречь 1,698970 0,000456
Мы 0,537602 0,000288
решили 1,154902 0,000310
подобрать 1,698970 0,000456
наших 0,823909 0,000221
читателей 0,958607 0,000386
несколько 0,795880 0,000213
показывающих 1,698970 0,000456
дружбу 1,301030 0,000349
между 0,823909 0,000442
сторон 1,397940 0,000375
Cовременные 1,698970 0,000684
русские 1,045757 0,000421
писатели 1,522879 0,000613
популярные 1,000000 0,000402
рубежом 1,397940 0,000750
Русская 1,045757 0,000281
довольно 1,301030 0,000349
известна 1,397940 0,000375
благодаря 0,853872 0,000344
нашим 1,301030 0,000523
классикам 1,698970 0,000456
Пушкину 1,522879 0,000408
Достоевскому 1,698970 0,000456
Толстому 1,698970 0,000456
Булгакову 1,698970 0,000456
Не 0,481486 0,000194
осталась 1,221849 0,000492
стороне 1,522879 0,000408
тут 0,886057 0,000238
называемая 1,698970 0,000456
изгнания 1,522879 0,000613
такими 1,522879 0,000408
яркими 1,698970 0,000456
фигурами 1,698970 0,000456
Набоков 1,698970 0,000911
Бальмонт 1,522879 0,000408
Замятин 1,698970 0,000456
Солженицын 1,698970 0,000456
далее 1,397940 0,000375
данной 1,522879 0,000408
подборке 1,698970 0,000456
рассматриваем 1,698970 0,000456
другой 1,000000 0,000268
вопрос 0,698970 0,000187
наши 1,045757 0,000421
современники 1,698970 0,000456
известны 1,397940 0,000375
границей 1,154902 0,000310
Кто 0,638272 0,000171
живущих 1,522879 0,000408
активно 1,522879 0,000613
издается 1,698970 0,000456
Европе 0,886057 0,000238
Азии 1,301030 0,000349
Америке 1,397940 0,000375
По 0,619789 0,000166
чьему 1,698970 0,000456
примеру 1,522879 0,000408
судят 1,698970 0,000456
нынче 1,698970 0,000456
русской 0,744727 0,000200
литературе 1,301030 0,000349
Шопоголик 1,698970 0,000911
Накануне 1,301030 0,000349
Черной 1,698970 0,000456
пятницы 1,698970 0,000456
ставшей 1,698970 0,000456
мировым 1,698970 0,000456
праздником 1,522879 0,000408
скидок 1,698970 0,000456
распродаж 1,698970 0,000456
стоит 0,677781 0,000182
напомнить 1,698970 0,000684
про 0,568636 0,000229
отказа 1,301030 0,000349
покупок 1,522879 0,000408
призванный 1,698970 0,000456
людям 1,221849 0,000492
осознанном 1,698970 0,000456
потреблении 1,698970 0,000456
честь 1,096910 0,000294
этих 0,958607 0,000257
дат 1,698970 0,000456
давайте 1,698970 0,000456
почитаем 1,698970 0,000456
серию 1,698970 0,000456
журналистку 1,698970 0,000456
Бекки 1,698970 0,000456
Блумвуд 1,698970 0,000456
обожает 1,522879 0,000408
ходить 1,698970 0,000456
магазинам 1,698970 0,000456
делать 0,920819 0,000247
покупки 1,397940 0,000375
потому 0,958607 0,000257
состоянии 1,522879 0,000408
разумно 1,698970 0,000456
распоряжаться 1,698970 0,000456
собственными 1,698970 0,000456
финансами 1,698970 0,000456
Во 0,886057 0,000238
книгах 1,397940 0,000375
серии 0,920819 0,000247
развивается 1,397940 0,000375
вокруг 1,221849 0,000328
одержимости 1,698970 0,000456
героини 1,397940 0,000375
покупками 1,698970 0,000456
зачастую 1,698970 0,000456
нелепых 1,698970 0,000456
поступков 1,301030 0,000349
порой 1,397940 0,000375
серьезно 1,221849 0,000328
осложняют 1,698970 0,000456
Андрей 0,552842 0,000445
Курпатов 1,698970 0,000684
Счастливый 1,698970 0,000911
ребенок 1,154902 0,000620
Универсальные 1,698970 0,000684
правила 0,958607 0,000643
подробно 1,301030 0,000349
рассказывает 0,958607 0,000257
том 0,568636 0,000229
формируется 1,698970 0,000456
мозг 1,698970 0,000456
ребенка 0,823909 0,000663
эмоциональная 1,522879 0,000408
сфера 1,698970 0,000456
социальные 1,397940 0,000375
думать 1,301030 0,000349
осмысленные 1,698970 0,000456
решения 0,958607 0,000257
вы 0,420216 0,000620
найдете 1,045757 0,000281
четкие 1,698970 0,000456
рекомендации 1,221849 0,000492
справляться 1,698970 0,000456
конкретными 1,698970 0,000456
проблемами 1,522879 0,000408
сбалансировать 1,698970 0,000456
воспитательные 1,698970 0,000456
задачи 1,301030 0,000349
долгожданным 1,698970 0,000456
счастьем 1,698970 0,000456
родительства 1,698970 0,000456
найти 0,698970 0,000187
общий 1,221849 0,000328
язык 0,823909 0,000221
своим 1,045757 0,000281
ребенком 1,221849 0,000492
добиться 1,397940 0,000375
т 1,154902 0,000310
Кэрол 1,698970 0,000911
Дуэк 1,698970 0,000911
Гибкое 1,698970 0,000684
сознание 1,397940 0,000562
взгляд 1,154902 0,000465
психологию 1,698970 0,000684
развития 0,721246 0,000290
взрослых 1,000000 0,000402
основе 0,958607 0,000257
лежит 1,522879 0,000408
революционная 1,698970 0,000456
концепция 1,698970 0,000456
открытая 1,698970 0,000456
известным 1,522879 0,000408
психологом 1,522879 0,000408
результате 1,096910 0,000294
собственных 1,397940 0,000375
исследований 1,301030 0,000349
Из 0,698970 0,000187
нее 1,045757 0,000421
узнаете 1,397940 0,000562
интеллект 1,301030 0,000349
талант 1,522879 0,000408
гарантируют 1,698970 0,000456
успеха 1,096910 0,000294
напротив 1,698970 0,000456
могут 0,522879 0,000140
встать 1,698970 0,000456
пути 0,886057 0,000238
поощрение 1,698970 0,000456
ума 1,154902 0,000465
таланта 1,301030 0,000349
ставит 1,397940 0,000375
достижения 1,522879 0,000613
угрозу 1,301030 0,000349
улучшить 1,301030 0,000349
успеваемость 1,698970 0,000456
или 0,301030 0,000404
продуктивность 1,698970 0,000456
менеджера 1,698970 0,000456
Люди 1,000000 0,000268
Кардакова 1,698970 0,000911
Мария 0,698970 0,000375
Сначала 1,301030 0,000523
суп 1,698970 0,000684
потом 0,920819 0,000371
десерт 1,698970 0,000684
нутрициолог 1,698970 0,000456
мама 1,397940 0,000375
двоих 1,221849 0,000328
дает 1,698970 0,000456
полезные 1,397940 0,000375
актуальные 1,397940 0,000375
имеющие 1,698970 0,000456
научную 1,698970 0,000456
основу 1,397940 0,000562
правильном 1,698970 0,000456
детском 1,698970 0,000456
рационе 1,698970 0,000456
рождения 0,677781 0,000273
подросткового 1,698970 0,000456
периода 1,397940 0,000375
Вы 0,619789 0,000333
факторы 1,698970 0,000456
влияют 1,698970 0,000456
пищевые 1,698970 0,000456
предпочтения 1,698970 0,000456
вашего 1,154902 0,000310
научитесь 1,698970 0,000456
определять 1,522879 0,000408
получает 1,045757 0,000421
ли 0,397940 0,000374
достаточно 1,522879 0,000408
витаминов 1,522879 0,000408
полезных 1,698970 0,000456
веществ 1,397940 0,000375
переедает 1,698970 0,000456
вредностей 1,698970 0,000456
поймете 1,698970 0,000456
сформировать 1,698970 0,000456
у 0,387216 0,000312
Лора 1,397940 0,000562
Шмидт 1,698970 0,000911
Планируем 1,522879 0,000817
меню 1,045757 0,000561
перестать 1,698970 0,000684
кухне 1,522879 0,000613
Постоянный 1,698970 0,000456
стресс 1,301030 0,000349
оттого 1,698970 0,000456
знаешь 1,397940 0,000375
накормить 1,698970 0,000456
близких 1,397940 0,000562
Утомление 1,698970 0,000456
ежедневных 1,698970 0,000456
походов 1,698970 0,000456
магазин 1,154902 0,000310
заканчиваются 1,522879 0,000408
покупкой 1,522879 0,000408
разного 1,301030 0,000349
пищевого 1,522879 0,000408
мусора 1,698970 0,000456
Муки 1,522879 0,000408
совести 1,522879 0,000408
непонимания 1,698970 0,000456
полноценно 1,522879 0,000408
разнообразно 1,698970 0,000456
питаться 1,522879 0,000408
задаетесь 1,698970 0,000456
похожими 1,698970 0,000456
вопросами 1,698970 0,000456
тогда 1,154902 0,000310
читайте 1,221849 0,000328
книгу 1,045757 0,000701
третья 1,397940 0,000375
Лоры 1,698970 0,000456
популярного 1,397940 0,000375
организатора 1,698970 0,000456
домашнего 1,522879 0,000408
хозяйства 1,698970 0,000456
Применив 1,522879 0,000408
Эстер 1,522879 0,000817
Перель 1,698970 0,000911
Право 1,301030 0,000523
лево 1,698970 0,000684
Почему 0,522879 0,000421
люди 0,677781 0,000364
изменяют 1,698970 0,000911
избежать 1,221849 0,000492
измен 1,522879 0,000613
заставляет 1,301030 0,000349
заводить 1,698970 0,000456
вторые 1,698970 0,000456
тайные 1,698970 0,000456
банковские 1,698970 0,000456
счета 1,397940 0,000375
разрабатывать 1,698970 0,000456
сложные 1,522879 0,000408
схемы 1,522879 0,000408
ведения 1,397940 0,000375
двойной 1,522879 0,000408
практикующий 1,698970 0,000456
психотерапевт 1,522879 0,000408
течение 1,096910 0,000294
десяти 1,698970 0,000456
работала 1,522879 0,000408
сотнями 1,698970 0,000456
пар 1,522879 0,000408
столкнулись 1,698970 0,000456
неверностью 1,698970 0,000456
Ее 1,397940 0,000562
всестороннее 1,698970 0,000456
исследование 1,698970 0,000456
желания 1,397940 0,000375
возникающего 1,698970 0,000456
взгляде 1,698970 0,000456
сторону 1,301030 0,000349
Переплетая 1,698970 0,000456
реальные 1,698970 0,000456
острым 1,698970 0,000456
Марина 0,958607 0,000514
Мелия 1,698970 0,000911
Отстаньте 1,698970 0,000684
Простые 1,522879 0,000613
мудрых 1,698970 0,000684
хотим 1,522879 0,000408
вырастить 1,698970 0,000456
успешными 1,698970 0,000456
самостоятельными 1,698970 0,000456
счастливыми 1,698970 0,000456
поэтому 0,886057 0,000238
организуем 1,698970 0,000456
контролируем 1,698970 0,000456
поведение 1,221849 0,000492
постоянно 1,522879 0,000408
одергиваем 1,698970 0,000456
корректируем 1,698970 0,000456
усилия 1,522879 0,000408
повлиять 1,397940 0,000375
прямо 1,000000 0,000268
воздействуя 1,698970 0,000456
почти 0,853872 0,000458
бесполезны 1,698970 0,000456
психолог 1,397940 0,000375
сорокалетним 1,698970 0,000456
стажем 1,522879 0,000408
эффективный 1,698970 0,000456
путь 1,000000 0,000268
покое 1,522879 0,000408
перевести 1,522879 0,000408
фокус 1,698970 0,000456
внимания 1,301030 0,000349
Стив 1,522879 0,000613
Харви 1,698970 0,000911
Поступай 1,698970 0,000684
думай 1,698970 0,000684
мужчина 1,221849 0,000655
мужчины 0,920819 0,000494
любят 1,096910 0,000441
женятся 1,698970 0,000684
другие 0,677781 0,000273
сильного 1,522879 0,000613
пола 1,522879 0,000613
отношениях 0,886057 0,000238
мужчинами 1,698970 0,000456
женщины 0,958607 0,000643
повторяют 1,698970 0,000456
одни 1,698970 0,000456
ошибки 1,221849 0,000328
периодически 1,397940 0,000375
советуясь 1,698970 0,000456
подругами 1,698970 0,000456
которых 0,677781 0,000273
аналогичные 1,397940 0,000375
проблемы 1,000000 0,000268
может 0,397940 0,000160
расшифровать 1,698970 0,000456
мужчин 1,096910 0,000294
подсказать 1,698970 0,000456
правильно 1,154902 0,000310
действовать 1,301030 0,000349
различных 1,397940 0,000375
Миллионы 1,698970 0,000456
женщин 0,920819 0,000371
всему 1,301030 0,000698
миру 1,154902 0,000465
доверились 1,698970 0,000456
вопросе 1,698970 0,000456
Стиву 1,698970 0,000456
знаменитому 1,698970 0,000684
радиоведущему 1,698970 0,000456
суперпопулярного 1,698970 0,000456
США 0,508638 0,000136
Утреннего 1,698970 0,000456
шоу 0,657577 0,000176
Стива 1,698970 0,000456
Хар 1,698970 0,000456
Мари 1,221849 0,001147
Кондо 1,698970 0,001595
Искры 1,698970 0,000684
радости 1,397940 0,000562
Простая 1,698970 0,000684
окружении 1,522879 0,000613
любимых 1,045757 0,000421
вещей 1,221849 0,000492
свет 1,154902 0,000465
вышла 1,045757 0,000281
первая 1,154902 0,000310
Магическая 1,698970 0,000911
уборка 1,698970 0,000911
мог 1,301030 0,000349
представить 1,154902 0,000310
какой 0,886057 0,000238
успех 1,522879 0,000613
ждет 0,853872 0,000229
летняя 1,301030 0,000523
японка 1,698970 0,000456
страстью 1,698970 0,000456
пропагандировала 1,698970 0,000456
избавление 1,698970 0,000456
хлама 1,698970 0,000684
доме 1,000000 0,000402
вдохновила 1,698970 0,000456
сначала 1,154902 0,000310
соотечественниц 1,698970 0,000456
затем 1,301030 0,000349
видео 0,568636 0,000153
выложенным 1,698970 0,000456
Интернет 0,823909 0,000221
Книгу 1,698970 0,000456
перевели 1,698970 0,000456
скоро 0,958607 0,000257
заняла 1,522879 0,000408
место 0,795880 0,000320
рейтинге 1,301030 0,000349
Японское 1,698970 0,000684
наведения 1,698970 0,000684
порядка 1,301030 0,000523
странным 1,522879 0,000408
вместо 0,744727 0,000200
детских 1,221849 0,000328
игр 1,301030 0,000349
занималась 1,698970 0,000456
уборкой 1,698970 0,000456
старших 1,698970 0,000456
классах 1,698970 0,000456
подружки 1,698970 0,000456
искали 1,397940 0,000375
идеальную 1,397940 0,000375
любовь 0,698970 0,000187
идеальный 1,522879 0,000408
способ 1,045757 0,000281
складывать 1,698970 0,000456
хранить 1,522879 0,000408
носки 1,698970 0,000456
Родители 1,301030 0,000349
думали 1,698970 0,000456
получится 1,301030 0,000349
неплохая 1,698970 0,000456
домохозяйка 1,698970 0,000456
заработала 1,522879 0,000408
помогая 1,698970 0,000456
избавляться 1,698970 0,000456
домах 1,698970 0,000456
востребованный 1,698970 0,000456
консультант 1,698970 0,000456
наведению 1,698970 0,000456
порядк 1,698970 0,000456
Пашкова 1,698970 0,000684
Токсично 1,698970 0,000684
построить 1,301030 0,000523
здоровые 1,698970 0,000684
вляпаться 1,698970 0,000684
Токсичные 1,698970 0,000456
красиво 1,397940 0,000375
психологи 1,698970 0,000456
медики 1,698970 0,000456
называют 1,301030 0,000349
внутри 1,154902 0,000310
подавляет 1,698970 0,000456
личность 1,397940 0,000375
Порой 1,698970 0,000456
семьях 1,698970 0,000456
партнеры 1,221849 0,000328
склонны 1,698970 0,000456
насилию 1,522879 0,000408
происходят 1,698970 0,000456
настоящие 1,397940 0,000375
трагедии 1,221849 0,000328
почве 1,698970 0,000456
стресса 1,522879 0,000408
развиваются 1,522879 0,000408
серьезные 1,301030 0,000349
заболевания 1,698970 0,000684
сойти 1,698970 0,000456
вины 1,522879 0,000408
такого 1,301030 0,000349
малыша 1,397940 0,000375
вырваться 1,698970 0,000456
опасных 1,522879 0,000408
отношени 1,698970 0,000456
Используйте 1,397940 0,000562
поиск 0,920819 0,000371
Найдите 1,698970 0,000684
издательство 1,522879 0,000613
жанр 1,397940 0,000562
настроение 1,221849 0,000492
друга 0,886057 0,000475
Оценивайте 1,522879 0,000408
Исследуйте 1,698970 0,000456
нашу 1,301030 0,000349
огромную 1,397940 0,000375
библиотеку 1,397940 0,000375
будьте 1,698970 0,000456
курсе 1,096910 0,000294
последних 1,045757 0,000281
новинок 1,397940 0,000375
Создавайте 1,698970 0,001139
книгами 1,397940 0,000562
прочитали 1,522879 0,000613
подписывайтесь 1,522879 0,000613
интересных 1,096910 0,000441
пользователей 0,853872 0,000344
Врачи 1,397940 0,000562
медицина 1,096910 0,000441
Ричард 1,221849 0,000492
Шеперд 1,698970 0,000911
Неестественные 1,698970 0,000684
причины 1,301030 0,000523
Записки 1,301030 0,000523
судмедэксперта 1,698970 0,000684
громкие 1,522879 0,000817
убийства 1,221849 0,000655
ужасающие 1,522879 0,000613
теракты 1,698970 0,000684
запутанные 1,698970 0,000684
дела 1,045757 0,000701
тело 1,045757 0,000281
хранит 1,698970 0,000456
следы 1,301030 0,000349
случившегося 1,698970 0,000456
правду 1,301030 0,000349
Ему 1,698970 0,000456
нечего 1,522879 0,000408
судмедэксперт 1,522879 0,000408
обязательно 1,301030 0,000349
должен 0,886057 0,000238
выяснить 1,397940 0,000375
причину 1,522879 0,000613
гибели 1,301030 0,000349
расшифровав 1,698970 0,000456
подсказки 1,522879 0,000408
Доктор 0,853872 0,000573
многолетнюю 1,698970 0,000456
практику 1,698970 0,000456
решил 1,000000 0,000268
такое 0,638272 0,000171
количество 1,154902 0,000310
подобных 1,522879 0,000408
головоломок 1,698970 0,000456
накопилось 1,698970 0,000456
целую 1,522879 0,000408
вовлечен 1,698970 0,000684
самые 0,721246 0,000193
последнего 1,397940 0,000375
летия 1,698970 0,000456
смерть 1,154902 0,000620
принцессы 1,522879 0,000408
Дианы 1,698970 0,000456
теракт 1,698970 0,000456
СССР 0,795880 0,000320
Борис 0,769551 0,000310
Пастернак 1,522879 0,000613
Живаго 1,522879 0,001021
Бориса 1,154902 0,000310
Пастернака 1,397940 0,000562
вершина 1,698970 0,000456
прозаического 1,698970 0,000456
творчества 1,397940 0,000375
великого 1,301030 0,000523
русского 0,769551 0,000413
поэта 1,154902 0,000310
формулировке 1,698970 0,000456
Нобелевского 1,522879 0,000408
комитета 1,301030 0,000349
удостоившего 1,698970 0,000456
премии 0,853872 0,000229
упомянуты 1,698970 0,000456
обе 1,301030 0,000349
творческие 1,522879 0,000408
ипостаси 1,698970 0,000456
значительные 1,698970 0,000456
современной 0,958607 0,000386
лирической 1,698970 0,000456
поэзии 1,221849 0,000328
традиций 1,397940 0,000375
эпического 1,698970 0,000456
романа 1,096910 0,000441
Сам 1,698970 0,000684
писатель 1,221849 0,000492
Доктора 1,397940 0,000375
классическая 1,397940 0,000562
Вениамин 1,698970 0,000684
Каверин 1,698970 0,000684
Можно 1,000000 0,000402
вместить 1,698970 0,000456
человеческую 1,698970 0,000456
пространство 1,698970 0,000456
написать 1,221849 0,000328
самом 0,886057 0,000238
главном 1,096910 0,000294
мечтах 1,698970 0,000456
волнениях 1,698970 0,000456
понятных 1,698970 0,000456
каждому 1,522879 0,000408
человеку 1,397940 0,000375
Вероятно 1,698970 0,000456
объясняется 1,522879 0,000408
таких 1,096910 0,000294
романов 1,301030 0,000349
Вениамина 1,698970 0,000456
Каверина 1,698970 0,000456
котором 1,045757 0,000281
рассказана 1,698970 0,000456
молодой 1,221849 0,000328
ученой 1,698970 0,000456
Татьяны 1,397940 0,000375
Власенковой 1,698970 0,000456
составлена 1,698970 0,000456
знакомых 1,397940 0,000375
каждой 1,221849 0,000328
девушке 1,397940 0,000375
картин 1,154902 0,000620
окрашенных 1,698970 0,000456
мрачные 1,522879 0,000408
тона 1,698970 0,000456
тягот 1,698970 0,000456
Тадеуш 1,698970 0,000684
Доленга 1,698970 0,000684
Мостович 1,698970 0,000684
Знахарь 1,522879 0,000613
Начало 1,045757 0,000281
ХХ 1,397940 0,000375
века 0,721246 0,000193
Польша 1,221849 0,000328
У 0,431798 0,000116
гениального 1,698970 0,000456
хирурга 1,698970 0,000684
Рафала 1,698970 0,000456
Вильчура 1,698970 0,000456
обожаемая 1,698970 0,000456
дочка 1,522879 0,000408
любимая 1,522879 0,000408
мировая 1,698970 0,000456
известность 1,698970 0,000684
трагедия 1,522879 0,000408
сломала 1,698970 0,000456
блестящий 1,698970 0,000456
врач 1,096910 0,000441
улице 1,221849 0,000328
потеряв 1,698970 0,000456
профессию 1,522879 0,000408
память 1,045757 0,000281
Вильчур 1,698970 0,000456
помнит 1,522879 0,000408
чувствует 1,397940 0,000375
лечить 1,522879 0,000408
поставил 1,522879 0,000408
ноги 1,397940 0,000375
безнадежного 1,698970 0,000456
калеку 1,698970 0,000456
нем 0,958607 0,000386
пошла 1,301030 0,000349
слава 1,522879 0,000408
великом 1,698970 0,000456
зн 1,698970 0,000456
Санджай 1,698970 0,000684
Гупта 1,698970 0,000684
Тяжелый 1,698970 0,000684
понедельник 1,397940 0,000562
Скорой 1,698970 0,000684
помощи 1,045757 0,000421
закончилось 1,698970 0,000456
Настала 1,698970 0,000456
эпоха 1,397940 0,000375
НОВЫХ 1,698970 0,000456
ВРАЧЕЙ 1,698970 0,000456
Пять 1,221849 0,000492
хирургов 1,698970 0,000456
известной 1,301030 0,000349
больницы 1,221849 0,000328
асов 1,698970 0,000456
своего 0,920819 0,000247
ежедневная 1,698970 0,000456
схватка 1,522879 0,000408
смертью 1,522879 0,000408
когда 0,585027 0,000314
кладут 1,698970 0,000456
скальпель 1,698970 0,000456
стягивают 1,698970 0,000456
перчатки 1,698970 0,000456
обычными 1,698970 0,000456
своими 1,301030 0,000349
слабостями 1,698970 0,000456
ошибками 1,698970 0,000456
любовью 1,397940 0,000375
завистью 1,698970 0,000456
друзьями 1,301030 0,000523
недругами 1,698970 0,000456
Перевод 1,522879 0,000408
Александр 0,468521 0,000126
Анваер 1,698970 0,000456
Абрахам 1,522879 0,000613
Вергезе 1,698970 0,000684
Рассечение 1,698970 0,000911
Стоуна 1,698970 0,000911
длиною 1,698970 0,000456
предательства 1,522879 0,000408
искупления 1,522879 0,000408
человеческой 1,522879 0,000408
слабости 1,522879 0,000408
силы 0,958607 0,000257
духа 1,397940 0,000375
долгого 1,698970 0,000456
возвращения 1,397940 0,000375
корням 1,698970 0,000456
миссионерской 1,698970 0,000456
больнице 1,301030 0,000349
Адис 1,698970 0,000456
Абебы 1,698970 0,000456
трагических 1,698970 0,000456
истинно 1,698970 0,000456
шекспировских 1,698970 0,000456
рождаются 1,522879 0,000408
два 0,853872 0,000344
мальчика 1,096910 0,000294
близнеца 1,698970 0,000456
сросшихся 1,698970 0,000456
затылками 1,698970 0,000456
Мэрион 1,698970 0,000456
Шива 1,698970 0,000456
Рожденные 1,698970 0,000456
прекрасной 1,397940 0,000375
индийской 1,698970 0,000456
монахиней 1,698970 0,000456
англичанина 1,698970 0,000456
мальчики 1,397940 0,000375
осир 1,698970 0,000456
отечественная 1,698970 0,000684
Людмила 0,920819 0,000371
Улицкая 1,698970 0,000684
Казус 1,698970 0,000684
Кукоцкого 1,698970 0,000911
Герой 1,154902 0,000310
Казуса 1,698970 0,000456
гениальный 1,698970 0,000456
называется 1,397940 0,000375
милостью 1,698970 0,000456
Божьей 1,698970 0,000456
открывает 1,154902 0,000310
огромные 1,522879 0,000408
романные 1,698970 0,000456
возможности 1,000000 0,000268
ведь 1,154902 0,000465
каждый 0,823909 0,000221
смотрит 1,522879 0,000408
бездну 1,522879 0,000408
граница 1,698970 0,000684
здоровьем 1,397940 0,000375
нездоровьем 1,698970 0,000456
свободой 1,301030 0,000349
несвободой 1,698970 0,000456
действия 1,221849 0,000328
романе 1,154902 0,000310
сороковые 1,698970 0,000456
шестидесятые 1,698970 0,000456
излет 1,698970 0,000456
сталинской 1,698970 0,000456
эпохи 1,154902 0,000310
разгром 1,698970 0,000456
генетики 1,698970 0,000456
тирана 1,698970 0,000456
Артур 1,397940 0,000562
Хейли 1,522879 0,000613
Клиника 1,522879 0,000817
Анатомия 1,397940 0,000750
Сильнодействующее 1,698970 0,000911
лекарство 1,397940 0,000750
Больница 1,698970 0,000456
лечат 1,698970 0,000456
спасают 1,522879 0,000408
каждую 1,301030 0,000349
секунду 1,522879 0,000408
готовы 1,154902 0,000310
схватке 1,698970 0,000456
кипят 1,698970 0,000456
нешуточные 1,698970 0,000456
страсти 1,522879 0,000408
врачи 1,221849 0,000328
медсестры 1,698970 0,000456
поддерживают 1,522879 0,000408
враждуют 1,698970 0,000456
вступают 1,522879 0,000408
мелкие 1,698970 0,000456
междоусобные 1,698970 0,000456
войны 0,744727 0,000200
объединяются 1,698970 0,000456
карту 1,397940 0,000375
поставлена 1,698970 0,000456
пациента 1,522879 0,000408
потрясающие 1,698970 0,000456
романы 1,221849 0,000328
Тесс 1,698970 0,000684
Герритсен 1,698970 0,000684
Хирург 1,397940 0,000937
На 0,283997 0,000114
улицах 1,522879 0,000408
Бостона 1,698970 0,000456
орудует 1,698970 0,000456
серийный 1,698970 0,000456
убийца 1,154902 0,000310
получивший 1,522879 0,000408
кличку 1,522879 0,000408
Мастерски 1,698970 0,000456
владея 1,698970 0,000456
скальпелем 1,698970 0,000456
убить 1,522879 0,000408
кромсает 1,698970 0,000456
тела 1,301030 0,000349
жертв 1,154902 0,000310
Эти 1,221849 0,000328
жертвы 1,397940 0,000375
Почерк 1,698970 0,000456
убийцы 1,301030 0,000698
узнаваем 1,698970 0,000456
подобным 1,522879 0,000408
образом 1,045757 0,000281
изуродована 1,698970 0,000456
жива 1,397940 0,000375
кардиолог 1,698970 0,000456
Кэтрин 1,397940 0,000375
Корделл 1,698970 0,000456
сейчас 0,657577 0,000176
преступник 1,522879 0,000408
подбирается 1,698970 0,000456
ней 0,823909 0,000221
Жизнь 0,823909 0,000221
детектива 1,522879 0,000408
Джейн 1,221849 0,000328
Риццоли 1,698970 0,000456
расследующей 1,698970 0,000456
Шляхов 1,698970 0,000911
Байки 1,397940 0,000562
роддома 1,522879 0,000613
Рожааююю 1,698970 0,000456
доктор 1,154902 0,000310
Данилов 1,698970 0,000456
думал 1,301030 0,000523
сможет 1,096910 0,000294
удивить 1,522879 0,000408
напугать 1,698970 0,000456
пока 1,000000 0,000268
устроился 1,698970 0,000456
обычный 1,397940 0,000375
московский 1,397940 0,000375
родильный 1,698970 0,000456
дом 0,823909 0,000221
после 0,397940 0,000160
чего 0,795880 0,000320
началась 1,221849 0,000328
жуткие 1,698970 0,000456
смешные 1,522879 0,000408
рассказы 1,397940 0,000375
либо 1,000000 0,000268
слышали 1,522879 0,000408
месте 0,886057 0,000238
правда 0,958607 0,000257
верхняя 1,698970 0,000456
часть 0,795880 0,000213
айсберга 1,698970 0,000456
говорит 1,154902 0,000310
са 1,698970 0,000456
рекомендуем 1,522879 0,000408
волш 1,698970 0,000456
поко 1,698970 0,000456
челове 1,522879 0,000408
Забвение 1,698970 0,000456
пахнет 1,522879 0,000408
корицей 1,698970 0,000456
Тридцатишестилетняя 1,698970 0,000456
Хоуп 1,698970 0,000456
мечтавшая 1,698970 0,000456
юриста 1,397940 0,000375
вынуждена 1,221849 0,000328
спасать 1,698970 0,000456
разорения 1,698970 0,000456
дост 1,698970 0,000456
захватывающие 1,698970 0,000684
первой 1,000000 0,000402
фразы 1,397940 0,000562
Лев 1,000000 0,000402
Толстой 1,154902 0,000465
Каренина 1,522879 0,000817
лучший 1,045757 0,000281
женщине 1,397940 0,000375
написанный 1,698970 0,000456
XIX 1,096910 0,000294
Замысел 1,698970 0,000456
возник 1,698970 0,000456
Л 1,096910 0,000294
Н 0,823909 0,000221
Толстого 1,397940 0,000375
Вчера 1,045757 0,000281
вечером 1,221849 0,000328
мне 0,853872 0,000229
сказал 1,301030 0,000349
отметила 1,698970 0,000456
Софья 1,522879 0,000408
Андреевна 1,698970 0,000456
Толстая 1,698970 0,000456
своем 0,823909 0,000221
дневнике 1,698970 0,000456
февраля 0,853872 0,000229
представился 1,698970 0,000456
тип 1,698970 0,000456
замужней 1,698970 0,000456
высшего 1,698970 0,000456
общества 1,096910 0,000294
потерявшей 1,698970 0,000456
Первые 1,096910 0,000294
главы 1,045757 0,000281
Анны 1,154902 0,000310
Карениной 1,522879 0,000408
увидели 1,397940 0,000375
жур 1,698970 0,000456
Михаил 0,568636 0,000229
Булгаков 1,522879 0,000613
Мастер 1,096910 0,000588
Маргарита 1,397940 0,000750
Многообразное 1,698970 0,000456
удивительное 1,698970 0,000456
творчество 1,397940 0,000375
Михаила 1,154902 0,000310
Булгакова 1,301030 0,000349
получило 1,522879 0,000408
всемирное 1,698970 0,000456
читают 1,301030 0,000349
перечитывают 1,698970 0,000456
уголках 1,698970 0,000456
планеты 1,096910 0,000294
приобщаясь 1,698970 0,000456
причудливой 1,698970 0,000456
фантазии 1,698970 0,000456
Самый 1,000000 0,000268
свой 0,721246 0,000290
создавал 1,698970 0,000456
протяжении 1,522879 0,000408
одиннадцати 1,698970 0,000456
переделывая 1,698970 0,000456
дополняя 1,698970 0,000456
текст 1,045757 0,000281
самой 1,000000 0,000268
Однако 0,958607 0,000257
должно 1,301030 0,000349
пройти 1,154902 0,000310
тридцать 1,522879 0,000408
прежд 1,698970 0,000456
фантастика 1,045757 0,000281
Дэниел 1,397940 0,000562
Киз 1,522879 0,000613
Цветы 1,397940 0,000562
Элджернона 1,522879 0,000613
Чарли 1,522879 0,000408
Гордон 1,698970 0,000456
идиот 1,698970 0,000456
смысле 1,301030 0,000349
слова 1,096910 0,000441
детства 1,154902 0,000310
болен 1,522879 0,000408
фенилкетонурией 1,698970 0,000456
умственная 1,698970 0,000456
отсталость 1,698970 0,000456
практически 1,096910 0,000294
неизбежна 1,698970 0,000456
Сейчас 0,823909 0,000221
около 1,000000 0,000268
тридцати 1,698970 0,000456
работает 0,657577 0,000176
уборщиком 1,698970 0,000456
пекарне 1,698970 0,000456
ходит 1,698970 0,000456
занятия 1,221849 0,000328
умственно 1,698970 0,000456
отсталых 1,698970 0,000456
первым 1,154902 0,000310
подвергшемся 1,698970 0,000456
экспериментальной 1,698970 0,000456
операции 0,920819 0,000247
устранению 1,698970 0,000456
грубо 1,698970 0,000456
говоря 1,301030 0,000349
хирурги 1,698970 0,000456
удалили 1,397940 0,000375
Патрик 1,301030 0,000523
Зюскинд 1,522879 0,000613
Парфюмер 1,522879 0,000817
одного 0,795880 0,000320
Блистательный 1,698970 0,000456
загадочный 1,397940 0,000375
Патрика 1,698970 0,000456
Зюскинда 1,698970 0,000456
напечатан 1,698970 0,000456
Швейцарии 1,301030 0,000349
Сегодня 0,677781 0,000182
признан 1,154902 0,000310
самым 0,920819 0,000247
знаменитым 1,522879 0,000408
романом 1,522879 0,000408
написанным 1,522879 0,000408
времен 1,096910 0,000294
Западном 1,698970 0,000456
фронте 1,698970 0,000456
перемен 1,301030 0,000349
Ремарка 1,698970 0,000456
общим 1,522879 0,000408
миллионов 1,045757 0,000281
экземпляров 1,698970 0,000456
латынь 1,698970 0,000456
экранизирован 1,698970 0,000456
Фильм 1,154902 0,000310
вышедший 1,522879 0,000408
мировой 0,958607 0,000257
прокат 1,221849 0,000328
имел 1,522879 0,000408
ог 1,698970 0,000456
Чак 1,698970 0,000684
Паланик 1,698970 0,000911
Бойцовский 1,698970 0,000911
клуб 0,958607 0,000514
Чака 1,698970 0,000456
Паланика 1,698970 0,000456
помнят 1,397940 0,000375
режиссера 1,154902 0,000310
Дэвида 1,698970 0,000456
Финчера 1,698970 0,000456
Брэдом 1,522879 0,000408
Питтом 1,522879 0,000408
главной 1,045757 0,000281
роли 0,958607 0,000257
вызов 1,221849 0,000328
созданный 1,698970 0,000456
всем 0,853872 0,000229
назло 1,698970 0,000456
вопреки 1,397940 0,000375
описывается 1,698970 0,000456
поколение 1,154902 0,000310
озлобившихся 1,698970 0,000456
потерявших 1,522879 0,000408
представление 1,397940 0,000375
добро 1,522879 0,000408
зло 1,397940 0,000375
сами 1,397940 0,000375
окружает 1,522879 0,000408
Владимир 0,431798 0,000174
Лолита 1,698970 0,000911
Сорокалетний 1,698970 0,000456
литератор 1,698970 0,000456
рантье 1,698970 0,000456
перебравшись 1,698970 0,000456
Парижа 1,397940 0,000375
Америку 1,698970 0,000456
влюбляется 1,221849 0,000328
двенадцатилетнюю 1,698970 0,000456
провинциальную 1,698970 0,000456
школьницу 1,698970 0,000456
стремление 1,698970 0,000456
обладать 1,698970 0,000456
становится 1,221849 0,000328
губительной 1,698970 0,000456
манией 1,698970 0,000456
Принесшая 1,698970 0,000456
Владимиру 1,397940 0,000375
Набокову 1,698970 0,000456
мировую 1,698970 0,000456
технически 1,698970 0,000456
одна 1,096910 0,000294
наиболее 1,096910 0,000294
совершенных 1,698970 0,000456
дерзкая 1,698970 0,000456
глубокая 1,698970 0,000456
остроумная 1,698970 0,000456
пронзительная 1,698970 0,000456
живая 1,522879 0,000408
неизменно 1,698970 0,000456
делит 1,522879 0,000408
Повесть 1,221849 0,000328
Франц 1,301030 0,000523
Кафка 1,397940 0,000562
Превращение 1,698970 0,000684
Проснувшись 1,698970 0,000456
утром 1,397940 0,000375
Грегор 1,698970 0,000456
обнаружил 1,397940 0,000375
превратился 1,397940 0,000375
страшного 1,698970 0,000456
жука 1,698970 0,000456
Больше 0,886057 0,000238
комнате 1,522879 0,000408
оставаться 1,698970 0,000456
показаться 1,698970 0,000456
глаза 1,301030 0,000349
родным 1,522879 0,000408
управляющему 1,698970 0,000456
ожидающим 1,698970 0,000456
дверью 1,397940 0,000375
Уинстон 1,698970 0,000684
Грум 1,698970 0,000684
Форрест 1,698970 0,000684
Гамп 1,698970 0,000684
Мир 0,698970 0,000187
будет 0,387216 0,000104
прежним 1,522879 0,000408
увидите 1,698970 0,000456
глазами 1,397940 0,000375
Форреста 1,698970 0,000456
Гампа 1,698970 0,000456
гласил 1,698970 0,000456
слоган 1,698970 0,000456
фильму 1,522879 0,000408
Роберта 1,301030 0,000349
Земекиса 1,698970 0,000456
Томом 1,698970 0,000456
Хэнксом 1,698970 0,000456
Робин 1,221849 0,000328
Райт 1,301030 0,000349
номинированному 1,698970 0,000456
тринадцать 1,698970 0,000456
Оскаров 1,698970 0,000456
получившему 1,698970 0,000456
ставшему 1,698970 0,000456
кассовых 1,698970 0,000456
кинематографа 1,522879 0,000408
полной 1,301030 0,000349
мере 1,301030 0,000349
применимы 1,522879 0,000408
Уинстона 1,698970 0,000456
Грума 1,698970 0,000456
легшему 1,698970 0,000456
Макс 1,154902 0,000774
Фрай 1,522879 0,000613
Дебют 1,522879 0,000613
Ехо 1,698970 0,000684
летний 1,045757 0,000281
неудачник 1,698970 0,000456
внезапно 1,154902 0,000310
приглашение 1,397940 0,000375
переселиться 1,698970 0,000456
параллельный 1,698970 0,000456
занять 1,397940 0,000375
там 0,958607 0,000257
важнейших 1,301030 0,000349
постов 1,698970 0,000456
местной 1,301030 0,000349
службе 0,920819 0,000247
тайной 1,698970 0,000456
разведки 1,397940 0,000375
разумеется 1,522879 0,000408
будучи 1,522879 0,000408
официально 1,397940 0,000375
назначенным 1,698970 0,000456
оказывается 1,221849 0,000328
расследование 1,397940 0,000375
жуткого 1,698970 0,000456
соседа 1,698970 0,000456
будущего 0,823909 0,000332
начальника 1,522879 0,000408
Джуффина 1,698970 0,000456
Халли 1,698970 0,000456
Нил 1,698970 0,000684
Гейман 1,698970 0,000684
Благие 1,698970 0,000684
знамения 1,698970 0,000684
Говорят 1,397940 0,000375
закончится 0,958607 0,000257
субботу 1,301030 0,000523
следующую 1,698970 0,000456
Незадолго 1,698970 0,000456
ужина 1,698970 0,000456
К 0,638272 0,000171
несчастью 1,522879 0,000408
ошибке 1,221849 0,000655
Мэри 1,154902 0,000310
Тараторы 1,698970 0,000456
сестры 1,301030 0,000349
Неумолчного 1,698970 0,000456
ордена 1,522879 0,000408
Антихриста 1,698970 0,000456
пристроили 1,698970 0,000456
нужное 1,698970 0,000456
Четыре 1,154902 0,000310
всадника 1,698970 0,000456
Апокалипсиса 1,522879 0,000408
оседлали 1,698970 0,000456
мотоциклы 1,698970 0,000456
Верхнего 1,698970 0,000456
Нижнего 1,221849 0,000328
Миров 1,698970 0,000456
сочли 1,698970 0,000456
им 0,602060 0,000161
симпатичен 1,698970 0,000456
человеческий 1,698970 0,000456
род 1,522879 0,000408
полюбите 1,698970 0,000456
Читайте 1,096910 0,000294
ставьте 1,698970 0,000456
оценки 1,397940 0,000750
делитесь 1,698970 0,000456
Зарегистрироваться 1,221849 0,000328
Магический 1,698970 0,000456
реализм 1,698970 0,000456
Славянское 1,698970 0,000456
фэнтези 1,045757 0,000281
Постапокалиптика 1,698970 0,000456
Шпионаж 1,698970 0,000456
Young 1,522879 0,000408
adult 1,698970 0,000456
Популярные 0,853872 0,000229
Давайте 1,397940 0,000375
хорошие 1,397940 0,000375
Любовь 0,823909 0,000221
литр 1,522879 0,000408
слез 1,221849 0,000328
Ироничный 1,698970 0,000456
Исторические 1,301030 0,000349
Репродукции 1,698970 0,000456
днем 1,301030 0,000349
Мастрид 1,698970 0,000456
лучшего 1,522879 0,000408
Особое 1,698970 0,000456
F 1,154902 0,000310
A 0,886057 0,000238
Q 1,522879 0,000408
проекте 0,657577 0,000176
Пользовательское 0,677781 0,000182
соглашение 0,619789 0,000166
Помощь 1,045757 0,000281
Контакты 0,455932 0,000183
Knigogid 1,698970 0,000456
Жалоба 1,698970 0,000684
Правообладателям 1,397940 0,000375
Помогите 1,522879 0,000613
нам 0,657577 0,000265
стать 0,795880 0,000213
Обратная 0,585027 0,000157
связь 0,552842 0,000148
Вас 1,221849 0,000328
возникли 1,522879 0,000408
работе 1,154902 0,000465
сайта 0,522879 0,000210
напишите 1,397940 0,000375
Ваше 1,221849 0,000328
имя 0,886057 0,000475
контактные 1,698970 0,000456
данные 0,721246 0,000193
Причина 1,698970 0,000456
обращения 1,522879 0,000408
Техническая 1,221849 0,000328
помощь 1,045757 0,000281
Сообщение 1,221849 0,000492
неполных 1,698970 0,000456
авторе 1,522879 0,000408
Предложение 1,522879 0,000408
сотрудничества 1,522879 0,000408
Администрация 1,221849 0,000328
просьба 1,522879 0,000408
Заполните 1,698970 0,000456
поле 1,397940 0,000375
Проверка 1,221849 0,000328
пройдена 1,397940 0,000375
Отправить 1,045757 0,000561
куратору 1,698970 0,000456
Ваша 1,397940 0,000375
куратора 1,698970 0,000684
Выставьте 1,698970 0,000456
оценку 1,397940 0,000375
Ошибка 1,221849 0,000983
Уточнение 1,698970 0,000456
ФИО 1,397940 0,000375
Оригинальное 1,698970 0,000684
Альтернативное 1,698970 0,000684
Годы 1,698970 0,000456
Биография 1,397940 0,000375
Название 1,221849 0,000328
название 1,397940 0,000562
Количество 1,698970 0,000456
страниц 1,154902 0,000310
Год 0,958607 0,000257
написания 1,397940 0,000375
Переводчики 1,698970 0,000456
Описание 1,522879 0,000613
авторах 1,698970 0,000456
жанрах 1,397940 0,000375
тегах 1,698970 0,000456
персонажах 1,698970 0,000456
Выберите 1,000000 0,000268
Минимум 1,698970 0,000456
символов 1,522879 0,000408
Сообщите 1,698970 0,000456
нашли 1,045757 0,000281
ошибку 1,154902 0,000310
странице 1,045757 0,000281
случае 0,920819 0,000247
нарушения 1,698970 0,000456
авторского 1,522879 0,000408
права 0,431798 0,000116
ошибок 1,154902 0,000310
пишите 1,698970 0,000456
почту 1,221849 0,000492
abuse 1,698970 0,000456
ru 0,187087 0,000050
Оставляйте 1,698970 0,000456
больше 0,638272 0,000171
Нейросеть 1,698970 0,000456
ориентируется 1,698970 0,000456
прочитанных 1,522879 0,000408
вами 1,301030 0,000349
АВТОРИЗАЦИЯ 1,698970 0,000456
РЕГИСТРАЦИЯ 1,698970 0,000456
Восстановление 1,221849 0,000328
пароля 1,154902 0,000310
Продолжить 1,397940 0,000562
c 0,920819 0,000371
Vkontakte 1,397940 0,000562
Письмо 1,301030 0,000523
успешно 1,301030 0,000349
отправлено 1,397940 0,000375
Проверяйте 1,698970 0,000456
пришло 1,301030 0,000349
восстановления 1,397940 0,000375
доступа 1,522879 0,000408
личному 1,698970 0,000456
кабинету 1,698970 0,000456
введите 1,397940 0,000375
адрес 0,920819 0,000247
почты 0,886057 0,000238
которому 1,221849 0,000328
привязан 1,698970 0,000456
ваш 0,853872 0,000229
аккаунт 1,301030 0,000349
пароль 0,920819 0,000247
Регистрируясь 1,522879 0,000408
соглашаетесь 1,154902 0,000465
нашими 1,698970 0,000456
Условиями 1,698970 0,000456
политикой 1,221849 0,000328
конфиденциальности 0,744727 0,000200
использует 1,301030 0,000349
cookie 1,221849 0,000492
файлы 1,301030 0,000349
сделать 0,920819 0,000247
вашу 1,522879 0,000408
работу 0,823909 0,000221
сайтом 1,301030 0,000523
комфортной 1,522879 0,000408
продолжаете 1,698970 0,000456
пользоваться 1,221849 0,000328
применение 1,698970 0,000456
файлов 1,301030 0,000349
ОК 1,698970 0,000456
