Лит 1,221849 0,003821
Рес 1,301030 0,005086
библиотека 1,096910 0,001715
электронных 1,096910 0,001715
и 0,075721 0,001125
аудиокниг 1,397940 0,002186
скачать 1,301030 0,002034
в 0,070581 0,000883
fb 1,522879 0,002381
mp 1,522879 0,002381
читать 0,823909 0,001288
слушать 1,045757 0,001635
онлайн 0,508638 0,000795
на 0,075721 0,000651
LitRes 1,698970 0,002657
Войти 0,508638 0,000795
Уведомления 1,221849 0,001911
Мои 1,397940 0,002186
книги 0,744727 0,005823
Жанры 1,221849 0,001911
Новинки 0,853872 0,001335
Популярное 0,853872 0,001335
Аудиокниги 1,397940 0,002186
Что 0,346787 0,000813
почитать 1,154902 0,002709
Самиздат 1,522879 0,003572
Промокод 1,397940 0,002186
Еще 0,585027 0,000915
Компания 1,221849 0,001911
Легкое 1,698970 0,002657
чтение 1,301030 0,003052
Боевики 1,698970 0,002657
остросюжетная 1,698970 0,002657
литература 1,000000 0,007819
Детективы 1,698970 0,002657
Фантастика 1,096910 0,001715
Фэнтези 1,221849 0,001911
Любовные 1,522879 0,002381
романы 1,221849 0,001911
Все 0,148742 0,001396
Серьезное 1,698970 0,002657
Современная 1,221849 0,001911
проза 1,221849 0,002866
Об 0,698970 0,001093
истории 0,657577 0,001542
серьезно 1,221849 0,001911
Биографии 1,397940 0,004372
мемуары 1,698970 0,005313
Классическая 1,397940 0,002186
Cтихи 1,522879 0,002381
поэзия 1,397940 0,002186
История 0,494850 0,000774
Историческая 1,154902 0,001806
Исторические 1,301030 0,003052
детективы 1,522879 0,002381
приключения 1,045757 0,004088
Популярно 1,698970 0,002657
об 0,292430 0,000686
Бизнес 0,853872 0,001335
Зарубежная 1,522879 0,002381
деловая 1,698970 0,002657
О 0,207608 0,000487
бизнесе 1,522879 0,002381
популярно 1,397940 0,002186
Личная 1,522879 0,002381
эффективность 1,522879 0,002381
Маркетинг 1,397940 0,002186
PR 1,221849 0,001911
реклама 1,154902 0,001806
Интернет 0,823909 0,001288
бизнес 0,657577 0,001028
Знания 1,522879 0,002381
навыки 1,301030 0,002034
Саморазвитие 1,522879 0,003572
личностный 1,698970 0,003985
рост 1,221849 0,002866
Учебная 1,522879 0,002381
научная 1,698970 0,002657
Научно 1,301030 0,002034
популярная 1,397940 0,002186
Истории 0,853872 0,002003
из 0,167491 0,000524
жизни 0,443697 0,001388
Эзотерика 1,522879 0,003572
Психология 1,000000 0,001564
мотивация 1,698970 0,002657
Книги 0,795880 0,001867
по 0,124939 0,000195
психологии 1,301030 0,002034
Спорт 0,537602 0,001681
здоровье 1,045757 0,002453
красота 1,301030 0,002034
Медицина 1,221849 0,001911
Секс 1,301030 0,002034
секс 1,397940 0,002186
руководства 1,698970 0,002657
Красота 0,920819 0,001440
Хобби 1,397940 0,004372
досуг 1,698970 0,002657
Прикладная 1,522879 0,002381
Кулинария 1,522879 0,003572
увлечения 1,698970 0,003985
Путеводители 1,397940 0,002186
фитнес 1,397940 0,002186
Дом 0,698970 0,001093
дача 1,698970 0,002657
Домашнее 1,522879 0,002381
хозяйство 1,301030 0,002034
Рукоделие 1,698970 0,002657
ремесла 1,522879 0,002381
Сделай 1,522879 0,002381
сам 1,000000 0,001564
Детские 1,397940 0,003279
Детская 1,221849 0,004777
Зарубежные 1,221849 0,001911
детские 1,301030 0,002034
познавательная 1,698970 0,002657
развивающая 1,698970 0,002657
фантастика 1,045757 0,002453
Родителям 1,698970 0,002657
Воспитание 1,522879 0,002381
детей 0,431798 0,001013
психология 1,522879 0,002381
Здоровье 0,853872 0,001335
Публицистика 1,397940 0,002186
периодические 1,698970 0,002657
издания 0,886057 0,002078
Публицистическая 1,698970 0,002657
Подкасты 0,744727 0,001165
Периодические 1,698970 0,002657
Черновики 1,698970 0,002657
жанра 1,522879 0,002381
жанров 1,397940 0,002186
Макс 1,154902 0,005418
Глебов 1,522879 0,007144
Эксцесс 1,522879 0,003572
исполнителя 1,522879 0,003572
Купить 1,096910 0,037736
за 0,180456 0,000988
Читать 0,886057 0,001386
Звезд 1,522879 0,002381
не 0,142668 0,000446
хватит 1,698970 0,002657
всех 0,552842 0,000864
Солнечный 1,522879 0,002381
ш 1,522879 0,002381
Блюстители 1,698970 0,002657
хаоса 1,522879 0,002381
Черный 1,154902 0,001806
старатель 1,698970 0,002657
инопланетяне 1,698970 0,003985
Михаил 0,568636 0,000889
Атаманов 1,698970 0,002657
Искажающие 1,698970 0,002657
реальность 1,000000 0,001564
Книга 1,154902 0,002709
Аудиокнига 1,698970 0,003985
Анна 0,568636 0,001334
Орехова 1,698970 0,003985
Первый 0,853872 0,001335
межпланетный 1,698970 0,002657
детектив 1,096910 0,001715
боевые 1,698970 0,002657
роботы 1,698970 0,002657
Валерий 1,000000 0,003909
Увалов 1,698970 0,006642
Стальные 1,698970 0,007970
Волки 1,522879 0,005953
Рождение 1,522879 0,003572
Земной 1,698970 0,003985
Феде 1,698970 0,003985
Право 1,301030 0,003052
существование 1,301030 0,003052
героическая 1,698970 0,002657
Сергей 0,468521 0,004396
Лукьяненко 1,301030 0,012207
Лето 1,221849 0,002866
волонтера 1,522879 0,003572
Месяц 1,301030 0,003052
Рубиконом 1,698970 0,003985
Семь 1,096910 0,003431
дней 0,744727 0,002329
до 0,244125 0,000763
Мегиддо 1,698970 0,005313
Мир 0,698970 0,001093
Великим 1,698970 0,002657
Туманом 1,698970 0,002657
Марина 0,958607 0,005996
Суржевская 1,698970 0,010627
Имя 1,154902 0,001806
шторма 1,522879 0,002381
Чудовище 1,698970 0,003985
Карнохельма 1,698970 0,003985
фэнтези 1,045757 0,001635
про 0,568636 0,000889
драконов 1,522879 0,002381
Наталья 0,853872 0,001335
Мамлеева 1,698970 0,002657
Факультет 1,522879 0,002381
драконьих 1,698970 0,002657
наездниц 1,698970 0,002657
Ная 1,698970 0,003985
Геярова 1,698970 0,003985
Академия 1,154902 0,001806
порталов 1,522879 0,002381
Дракон 1,522879 0,003572
моей 1,000000 0,001564
дв 1,397940 0,002186
Хозяйка 1,698970 0,002657
драконьей 1,698970 0,002657
таверны 1,698970 0,002657
Часть 1,221849 0,002866
Орден 1,698970 0,002657
Лино 1,698970 0,002657
Эра 1,698970 0,002657
исполнения 1,698970 0,002657
желаний 1,522879 0,002381
магические 1,522879 0,002381
способности 1,397940 0,002186
Ирина 0,886057 0,001386
Котова 1,698970 0,002657
Королевская 1,301030 0,002034
кровь 1,522879 0,002381
небеса 1,522879 0,002381
Двериндариум 1,698970 0,002657
Мертвое 1,698970 0,002657
Измененные 1,698970 0,003985
Три 0,823909 0,001933
дня 0,494850 0,001161
Индиго 1,698970 0,003985
Старт 1,698970 0,002657
новой 0,769551 0,001203
трилогии 1,522879 0,002381
совершенно 0,886057 0,001386
новом 0,853872 0,001335
мире 0,468521 0,000733
Ктулху 1,698970 0,003985
В 0,167491 0,000262
этом 0,585027 0,000915
романе 1,154902 0,001806
нет 0,619789 0,001938
А 0,376751 0,000589
все 0,292430 0,000686
остальное 1,698970 0,002657
пожалуй 1,522879 0,002381
тут 0,886057 0,001386
есть 0,568636 0,001334
Ах 1,522879 0,002381
да 1,045757 0,001635
еще 0,408935 0,000639
нем 0,958607 0,001499
Интернета 1,221849 0,001911
его 0,376751 0,000589
запретили 1,522879 0,002381
Инсеки 1,698970 0,002657
И 0,408935 0,000639
Луны 1,301030 0,002034
поскольку 1,397940 0,002186
они 0,657577 0,001028
раздробили 1,698970 0,002657
ее 0,508638 0,000795
куски 1,698970 0,002657
Над 1,301030 0,002034
Землей 1,698970 0,002657
теперь 0,677781 0,001590
Лунное 1,698970 0,002657
кольцо 1,522879 0,002381
с 0,102373 0,000400
двумя 1,096910 0,001715
самыми 1,301030 0,002034
большими 1,522879 0,002381
осколками 1,698970 0,002657
Селеной 1,698970 0,002657
Дианой 1,698970 0,002657
Но 0,619789 0,000969
уже 0,602060 0,000941
привыкли 1,698970 0,002657
К 0,638272 0,000998
тому 1,096910 0,001715
же 0,721246 0,001692
кристаллики 1,698970 0,002657
которые 0,431798 0,000675
Продавцы 1,698970 0,002657
могут 0,522879 0,000818
продать 1,397940 0,002186
что 0,187087 0,000293
угодно 1,301030 0,002034
Хотя 1,698970 0,002657
бы 0,585027 0,000915
Джоконду 1,698970 0,002657
Или 1,096910 0,001715
две 0,795880 0,001245
Джоконды 1,698970 0,002657
обе 1,301030 0,002034
настоящие 1,397940 0,002186
такие 1,000000 0,001564
как 0,251812 0,000394
Лувре 1,698970 0,002657
Довольно 1,698970 0,002657
доброе 1,698970 0,002657
начало 1,221849 0,001911
апокалипсиса 1,698970 0,002657
правда 0,958607 0,001499
Больше 0,886057 0,002078
интересных 1,096910 0,001715
фактов 1,397940 0,002186
этой 0,744727 0,001165
книге 1,301030 0,002034
читайте 1,221849 0,001911
Журнале 1,522879 0,002381
Копирайт 1,698970 0,002657
ООО 0,853872 0,002003
Издательство 1,221849 0,001911
АСТ 1,397940 0,002186
Предел 1,698970 0,002657
ксенофантастика 1,698970 0,002657
Ерофей 1,698970 0,002657
Трофимов 1,397940 0,002186
Нулевая 1,698970 0,003985
планета 1,522879 0,003572
Пе 1,698970 0,002657
Андрей 0,552842 0,000864
Земляной 1,522879 0,002381
Отработанный 1,698970 0,002657
материал 1,045757 0,001635
Запов 1,698970 0,002657
Клиффорд 1,397940 0,002186
Саймак 1,522879 0,002381
Прелесть 1,522879 0,002381
Ольга 0,769551 0,001203
Громыко 1,522879 0,002381
Встретимся 1,698970 0,002657
Кассандре 1,698970 0,002657
спасение 1,301030 0,002034
мира 0,537602 0,000841
Айн 1,698970 0,002657
Рэнд 1,698970 0,002657
Атлант 1,698970 0,002657
расправил 1,698970 0,002657
плечи 1,698970 0,002657
Энди 1,522879 0,007144
Вейер 1,698970 0,007970
Проект 1,000000 0,001564
Аве 1,698970 0,002657
Мария 0,698970 0,001093
MustRead 1,698970 0,003985
Прочесть 1,698970 0,003985
всем 0,853872 0,002003
Карен 1,522879 0,002381
М 0,744727 0,001165
Макманус 1,698970 0,002657
Один 0,853872 0,001335
нас 0,508638 0,000795
лжет 1,522879 0,002381
Марсианин 1,522879 0,002381
авантюрные 1,698970 0,003985
Иван 0,744727 0,002329
Оченков 1,698970 0,005313
Стрелок 1,522879 0,004763
Несостоявшийся 1,698970 0,005313
граф 1,522879 0,004763
Татьяна 1,000000 0,001564
Зинина 1,698970 0,002657
Воровка 1,397940 0,002186
заколдованный 1,698970 0,002657
кот 1,301030 0,002034
Юрий 0,795880 0,001245
Москаленко 1,698970 0,002657
Дворянин 1,522879 0,002381
Неподъем 1,698970 0,002657
близкое 1,698970 0,002657
будущее 0,795880 0,001245
Евгений 0,698970 0,001093
Черешнев 1,698970 0,002657
Форма 1,221849 0,001911
Как 0,301030 0,000471
остаться 1,698970 0,002657
челове 1,522879 0,002381
Осторожно 1,522879 0,002381
Врата 1,698970 0,002657
закрываются 1,698970 0,002657
Артемида 1,698970 0,002657
След 1,522879 0,002381
компании 0,677781 0,001060
Контакты 0,455932 0,000713
Вакансии 0,657577 0,001028
Служба 1,397940 0,002186
поддержки 0,823909 0,001288
Возврат 1,522879 0,002381
Участие 1,698970 0,002657
исследованиях 1,698970 0,002657
Активировать 1,698970 0,002657
купон 1,698970 0,002657
Публичная 1,522879 0,002381
оферта 1,397940 0,002186
Политика 0,443697 0,000694
обработки 0,958607 0,001499
персональных 0,769551 0,001203
данных 0,657577 0,001028
Согласие 1,698970 0,002657
получение 1,522879 0,002381
рассылки 1,301030 0,002034
Техническая 1,221849 0,001911
документация 1,698970 0,002657
Сотрудничество 1,301030 0,002034
Издательствам 1,698970 0,002657
Авторам 1,522879 0,002381
Библиотекам 1,522879 0,002381
Партнерам 1,397940 0,002186
Вебмастерам 1,522879 0,002381
Бестселлеры 1,221849 0,001911
Скоро 1,000000 0,001564
продаже 1,221849 0,001911
Популярные 0,853872 0,001335
авторы 1,000000 0,001564
Интервью 0,638272 0,000998
авторами 1,397940 0,002186
соц 1,522879 0,002381
сетях 0,769551 0,001203
Партнеры 1,221849 0,001911
Мы 0,537602 0,000841
используем 1,221849 0,001911
куки 1,698970 0,002657
файлы 1,301030 0,002034
чтобы 0,481486 0,000753
вы 0,420216 0,000986
могли 1,045757 0,001635
быстрее 1,221849 0,001911
удобнее 1,397940 0,002186
пользоваться 1,221849 0,001911
сайтом 1,301030 0,002034
ПодробнееOK 1,698970 0,002657
для 0,119186 0,000186
взрослых 1,000000 0,001564
Вы 0,619789 0,001938
согласны 1,301030 0,002034
видеть 1,221849 0,002866
элементами 1,522879 0,002381
эротики 1,698970 0,002657
Да 0,823909 0,001933
Нет 0,886057 0,001386
Напомнить 1,522879 0,002381
позже 1,221849 0,001911
уверены 1,301030 0,002034
Применив 1,522879 0,002381
фильтр 1,522879 0,002381
больше 0,638272 0,000998
будете 1,397940 0,002186
главной 1,045757 0,001635
странице 1,045757 0,002453
популярном 1,698970 0,002657
новинках 1,522879 0,002381
подобные 1,397940 0,002186
скрыть 1,522879 0,002381
эротику 1,698970 0,002657
Отменить 1,397940 0,002186
Настройки 1,221849 0,001911
сохранены 1,698970 0,002657
можете 0,795880 0,001245
изменить 1,154902 0,001806
их 0,455932 0,000713
профиле 1,522879 0,002381
любой 0,853872 0,001335
момент 0,920819 0,001440
Ок 1,522879 0,002381
Купите 1,698970 0,002657
одновременно 1,221849 0,001911
выберите 1,397940 0,002186
четвертую 1,698970 0,002657
подарок 1,221849 0,001911
Условия 1,154902 0,001806
акции 1,045757 0,001635
Чтобы 0,795880 0,001245
воспользоваться 1,301030 0,002034
акцией 1,698970 0,002657
добавьте 1,698970 0,002657
нужные 1,397940 0,002186
корзину 1,522879 0,003572
Сделать 1,698970 0,002657
это 0,292430 0,000686
можно 0,443697 0,000694
каждой 1,221849 0,001911
либо 1,000000 0,001564
общем 1,698970 0,002657
списке 1,522879 0,002381
Нажмите 1,522879 0,002381
многоточие 1,698970 0,002657
рядом 1,045757 0,001635
книгой 1,397940 0,002186
Выберите 1,000000 0,001564
пункт 1,397940 0,002186
Добавить 1,154902 0,001806
показывать 1,301030 0,002034
сообщение 1,045757 0,001635
