Аргументы 1,698970 0,002565
и 0,075721 0,001075
Факты 1,397940 0,002110
новости 0,420216 0,000508
России 0,251812 0,001749
мира 0,537602 0,000649
aif 1,698970 0,004104
ru 0,187087 0,000621
Федеральный 1,522879 0,001379
Аи 1,522879 0,008277
Ф 1,154902 0,006277
ФЕДЕРАЛЬНЫЙ 1,698970 0,001026
САНКТ 1,698970 0,001026
ПЕТЕРБУРГ 1,698970 0,001026
Адыгея 1,698970 0,001026
Архангельск 1,397940 0,000844
Астрахань 1,221849 0,000738
Барнаул 1,397940 0,000844
Беларусь 1,154902 0,000697
Белгород 1,221849 0,000738
Брянск 1,301030 0,000786
Бурятия 1,698970 0,001026
Владивосток 1,301030 0,000786
Владимир 0,431798 0,000391
Волгоград 1,096910 0,000662
Вологда 1,221849 0,000738
Воронеж 1,221849 0,000738
Дагестан 1,522879 0,000920
Иваново 1,397940 0,000844
Иркутск 1,301030 0,000786
Казань 0,823909 0,000498
Казахстан 1,154902 0,000697
Калининград 1,096910 0,000662
Калуга 1,301030 0,000786
Камчатка 1,397940 0,000844
Карелия 1,522879 0,000920
Киров 1,301030 0,000786
Коми 1,698970 0,001026
Кострома 1,301030 0,000786
Краснодар 1,000000 0,000604
Красноярск 1,221849 0,000738
Крым 1,154902 0,001046
Кузбасс 1,698970 0,001026
Кыргызстан 1,522879 0,000920
Мурманск 1,301030 0,000786
Нижний 0,853872 0,000516
Новгород 0,886057 0,000535
Новосибирск 1,045757 0,000631
Омск 1,221849 0,000738
Оренбург 1,221849 0,000738
Пенза 1,221849 0,000738
Пермь 1,096910 0,000662
Псков 1,221849 0,000738
Ростов 0,958607 0,000579
на 0,075721 0,000572
Дону 1,000000 0,000604
Рязань 1,301030 0,000786
Самара 1,221849 0,000738
Саратов 1,221849 0,000738
Сахалин 1,301030 0,000786
Смоленск 1,301030 0,000786
Ставрополь 1,397940 0,000844
Тверь 1,301030 0,000786
Томск 1,221849 0,000738
Тула 1,221849 0,000738
Тюмень 1,221849 0,000738
Удмуртия 1,698970 0,001026
Ульяновск 1,301030 0,000786
Урал 1,397940 0,000844
Уфа 1,154902 0,000697
Хабаровск 1,397940 0,000844
Чебоксары 1,522879 0,000920
Челябинск 1,154902 0,000697
Черноземье 1,522879 0,000920
Чита 1,301030 0,000786
Югра 1,522879 0,000920
Якутия 1,522879 0,000920
Ямал 1,397940 0,000844
Ярославль 1,154902 0,000697
Спецпроекты 0,657577 0,000397
Все 0,148742 0,000494
о 0,136677 0,000784
коронавирусе 1,698970 0,002565
Общество 0,638272 0,000771
лет 0,366532 0,000443
Победе 1,698970 0,001026
Просто 1,301030 0,000786
сложном 1,522879 0,000920
Сеть 1,397940 0,001688
Наука 0,638272 0,000771
Здравоохранение 1,522879 0,000920
Армия 1,000000 0,001208
Безопасность 1,221849 0,001107
Образование 0,886057 0,000803
Право 1,301030 0,000786
Конкурс 1,221849 0,000738
Регионы 1,154902 0,000697
Арктика 1,522879 0,000920
территория 1,397940 0,000844
развития 0,721246 0,000653
Экология 1,221849 0,000738
МЧС 1,301030 0,000786
Мусора 1,698970 0,001026
нет 0,619789 0,000374
Агроновости 1,698970 0,001026
История 0,494850 0,001046
Люди 1,000000 0,000906
Религия 1,301030 0,000786
Общественный 1,698970 0,001026
транспорт 1,397940 0,000844
СМИ 0,481486 0,000436
Природа 1,301030 0,001571
Туризм 1,221849 0,001845
Благотворительность 1,522879 0,000920
Измени 1,698970 0,001026
одну 1,096910 0,000662
жизнь 0,537602 0,000812
Галереи 1,397940 0,002955
Мнение 1,221849 0,000738
Происшествия 0,823909 0,003234
Политика 0,443697 0,000536
В 0,167491 0,001871
Госдума 1,397940 0,000844
Московские 1,397940 0,000844
выборы 1,698970 0,001026
мире 0,468521 0,002405
Итоги 1,301030 0,000786
пятилетки 1,698970 0,001026
Курская 1,698970 0,001026
область 1,045757 0,000631
Мнения 1,000000 0,000906
Деньги 1,221849 0,001107
Экономика 0,568636 0,000858
Коррупция 1,522879 0,000920
Карьера 1,301030 0,001178
бизнес 0,657577 0,000993
Личные 1,522879 0,001839
деньги 0,958607 0,001447
Компании 1,045757 0,000947
Рынок 1,221849 0,001107
Время 1,045757 0,000947
созидать 1,698970 0,001026
Импортозамещение 1,698970 0,001026
Москва 0,508638 0,000614
Культура 0,638272 0,000385
Кино 0,677781 0,000409
Театр 0,920819 0,000834
Книги 0,795880 0,000481
Искусство 1,221849 0,000738
Шоу 0,744727 0,000675
Персона 1,522879 0,005058
Проблема 1,698970 0,001539
Куда 1,154902 0,000697
пойти 1,221849 0,000738
Актуальная 1,698970 0,001026
классика 1,301030 0,000786
Спорт 0,537602 0,000325
Футбол 1,154902 0,000697
Хоккей 1,154902 0,000697
Зимние 1,397940 0,001266
виды 1,221849 0,001845
Летние 1,397940 0,000844
Другие 0,958607 0,000579
Олимпиада 1,397940 0,000844
Инфраструктура 1,522879 0,000920
Фото 0,886057 0,001338
Кухня 1,698970 0,001026
Рецепты 1,221849 0,001107
в 0,070581 0,001108
инфографике 1,698970 0,001026
Продукты 1,301030 0,000786
напитки 1,522879 0,000920
Питание 1,522879 0,000920
диеты 1,698970 0,001026
Кулинарные 1,522879 0,000920
хитрости 1,397940 0,000844
Мастер 1,096910 0,000662
классы 1,698970 0,001026
Детское 1,698970 0,001026
питание 1,397940 0,001266
Кухни 1,522879 0,000920
Бытовая 1,698970 0,001026
техника 1,301030 0,000786
Дебаты 1,698970 0,001026
журнал 1,221849 0,001107
ПРО 1,698970 0,002565
кухню 1,522879 0,000920
Вкусы 1,698970 0,001026
Дача 1,698970 0,001026
Огород 1,698970 0,001026
Сад 1,522879 0,000920
Стройка 1,698970 0,001026
дизайн 1,154902 0,000697
Помощь 1,045757 0,000631
юриста 1,397940 0,000844
Здоровье 0,853872 0,002062
Здоровый 1,698970 0,001026
голос 1,397940 0,000844
Здоровая 1,698970 0,001539
Правильное 1,397940 0,000844
ребенка 0,823909 0,000746
Секреты 1,221849 0,000738
красоты 1,221849 0,000738
Лазерная 1,522879 0,000920
эпиляция 1,522879 0,000920
Психология 1,000000 0,000604
жизни 0,443697 0,000402
Как 0,301030 0,001454
защитить 1,221849 0,000738
себя 0,552842 0,000334
от 0,193820 0,000468
вирусов 1,698970 0,001026
здоровья 0,958607 0,000579
Мужское 1,698970 0,001026
здоровье 1,045757 0,000631
Лекарственный 1,698970 0,001026
справочник 1,698970 0,001026
Газета 1,096910 0,000662
Авто 0,853872 0,000516
ГИБДД 1,221849 0,000738
Об 0,698970 0,000633
автомобилях 1,397940 0,000844
Обслуживание 1,698970 0,001539
Практические 1,698970 0,001026
советы 1,154902 0,000697
Пробки 1,397940 0,000844
дороги 1,096910 0,000662
Безопасная 1,698970 0,001026
дорога 1,096910 0,000662
Конкурсы 1,045757 0,000947
тесты 1,301030 0,001178
Фотоголосования 1,698970 0,001026
Техника 1,301030 0,000786
Индустрия 1,397940 0,000844
Гаджеты 1,301030 0,000786
Приложения 1,154902 0,000697
Компьютеры 1,522879 0,000920
Технологии 0,958607 0,000579
Виртуальные 1,221849 0,000738
серверы 1,522879 0,000920
Доброе 1,698970 0,001026
сердце 0,920819 0,000556
Усадьба 1,698970 0,001026
Барышникова 1,698970 0,001026
Недвижимость 1,045757 0,000631
Город 0,958607 0,000579
Загород 1,698970 0,001026
Дом 0,698970 0,000422
ремонт 1,522879 0,000920
ЖКХ 1,301030 0,001178
Цены 1,221849 0,000738
рынок 1,096910 0,000662
Свежий 1,221849 0,000738
номер 0,920819 0,000834
Острая 1,698970 0,001539
недостаточность 1,522879 0,001379
медицина 1,096910 0,000994
заболела 1,698970 0,001539
дефицитом 1,698970 0,001539
кадров 1,522879 0,001379
Издания 1,221849 0,000738
социальных 0,769551 0,000465
сетях 0,769551 0,000465
Минобороны 0,698970 0,001477
опровергло 1,221849 0,001476
заявления 1,045757 0,001263
Киева 1,045757 0,001263
нанесении 1,301030 0,001571
РФ 0,568636 0,001374
удара 0,823909 0,000995
по 0,124939 0,000377
Краматорску 0,744727 0,000899
ведомстве 1,397940 0,000844
обратили 1,698970 0,001026
внимание 0,853872 0,000773
что 0,187087 0,000565
ракеты 1,221849 0,000738
Точка 0,795880 0,000481
У 0,431798 0,000521
применяются 1,397940 0,000844
только 0,309804 0,000281
украинской 1,154902 0,000697
стороной 1,301030 0,000786
Путин 0,721246 0,000436
попрощался 1,301030 0,000786
с 0,102373 0,000587
лидером 1,154902 0,000697
ЛДПР 0,744727 0,000675
Владимиром 0,677781 0,000819
Жириновским 0,585027 0,000707
Центробанк 1,221849 0,000738
принял 1,000000 0,000906
решение 0,853872 0,000516
снизить 1,301030 0,000786
ключевую 0,677781 0,000614
ставку 0,657577 0,000596
до 0,244125 0,000516
Евросоюз 1,000000 0,000604
пятый 0,920819 0,000556
пакет 0,853872 0,000516
санкций 0,677781 0,001023
против 0,387216 0,000585
МИД 0,920819 0,000556
Китая 1,045757 0,000631
призывают 1,698970 0,001026
Пелоси 1,522879 0,000920
отменить 1,397940 0,000844
визит 1,522879 0,000920
Тайвань 1,522879 0,000920
Доме 1,522879 0,000920
Союзов 1,045757 0,000947
завершилось 1,698970 0,001026
прощание 1,221849 0,000738
Стамбуле 1,154902 0,000697
пройдут 1,221849 0,000738
переговоры 1,301030 0,000786
глав 1,154902 0,000697
Турции 1,154902 0,000697
Британии 1,301030 0,000786
Италии 1,154902 0,000697
Хлопки 1,698970 0,001026
прозвучали 1,698970 0,001026
Белгородской 1,397940 0,000844
области 0,721246 0,000653
границе 1,301030 0,000786
Украиной 1,045757 0,000631
Япония 0,823909 0,000498
анонсировала 1,522879 0,000920
новые 0,508638 0,000307
санкции 0,744727 0,000450
Песков 0,744727 0,000675
рассказал 0,619789 0,000749
доверительных 1,698970 0,001026
отношениях 0,886057 0,000535
Путина 0,886057 0,000535
Жириновского 0,657577 0,000993
Эксперт 1,045757 0,000631
допустил 1,522879 0,000920
курс 0,920819 0,000556
доллара 1,045757 0,000631
может 0,397940 0,000841
упасть 1,698970 0,001026
рублей 0,585027 0,000707
Запашный 1,522879 0,000920
предложил 1,045757 0,000631
назвать 1,221849 0,000738
именем 1,522879 0,000920
улицу 1,522879 0,000920
Москве 0,455932 0,000551
Кировской 1,698970 0,001026
задержали 1,154902 0,000697
лжегазовиков 1,698970 0,001026
обманувших 1,698970 0,001026
порядка 1,301030 0,000786
человек 0,494850 0,000448
Красное 1,698970 0,001026
знамя 1,698970 0,001026
как 0,251812 0,000380
проверка 1,522879 0,000920
Цвет 1,397940 0,000844
правды 1,698970 0,001026
который 0,508638 0,000461
пугает 1,301030 0,000786
украинских 0,795880 0,000481
нацистов 1,301030 0,000786
Зачем 1,096910 0,000662
солдату 1,698970 0,001026
стиралка 1,698970 0,001026
из 0,167491 0,000354
российских 0,468521 0,000424
военнослужащих 1,522879 0,000920
делают 1,522879 0,000920
грабителей 1,698970 0,001026
Работа 1,221849 0,000738
бежит 1,698970 0,001026
лес 1,397940 0,000844
На 0,283997 0,000600
сколько 0,920819 0,000834
вырасти 1,522879 0,000920
безработица 1,698970 0,001026
стране 0,853872 0,000516
Отрубили 1,698970 0,001026
голову 1,397940 0,001266
ноги 1,397940 0,000844
рассекретило 1,522879 0,000920
документы 1,221849 0,000738
Украине 0,537602 0,000649
Топ 0,958607 0,000579
читаемых 1,698970 0,001026
выразил 1,522879 0,000920
надежду 1,522879 0,000920
спецоперация 1,698970 0,001026
скоро 0,958607 0,000579
закончится 0,958607 0,000579
Новые 0,552842 0,000668
меры 1,000000 0,000906
поддержки 0,823909 0,000995
правительства 1,221849 0,001845
условиях 0,886057 0,001070
Главное 0,657577 0,000794
Мировая 1,698970 0,001539
поддержка 1,045757 0,000947
Более 1,000000 0,000906
жителей 0,853872 0,000773
Земли 1,154902 0,001046
склоняются 1,698970 0,001539
к 0,207608 0,000376
позиции 1,301030 0,001178
Лавров 1,000000 0,000604
сообщил 0,823909 0,000498
Украина 0,698970 0,000422
представила 1,301030 0,000786
свой 0,721246 0,000653
проект 0,744727 0,000450
соглашения 1,000000 0,000604
Россией 0,795880 0,000481
Чего 1,522879 0,001379
добились 1,522879 0,001379
ВС 1,045757 0,000947
апреля 0,301030 0,000364
ходе 1,000000 0,000906
спецоперации 0,744727 0,000675
Прощание 0,958607 0,000579
галереи 1,397940 0,001688
Акция 1,698970 0,001026
политики 1,301030 0,000786
НАТО 0,769551 0,000465
Софии 1,522879 0,000920
Митинги 1,698970 0,001026
роста 1,221849 0,000738
цен 0,958607 0,000579
Греции 1,045757 0,000631
Инфографика 1,154902 0,002441
жители 1,154902 0,000697
планируют 1,096910 0,000994
провести 1,096910 0,000662
отпуск 1,221849 0,000738
этом 0,585027 0,000530
году 0,602060 0,000727
Вся 0,886057 0,001070
инфографика 1,522879 0,001839
изменилась 1,522879 0,000920
стоимость 1,301030 0,000786
бензина 1,397940 0,000844
разных 0,920819 0,000556
странах 1,045757 0,000631
Главные 0,769551 0,000465
газовые 1,698970 0,001026
империи 1,397940 0,000844
Вопрос 1,397940 0,010974
ответ 1,045757 0,008209
Почему 0,522879 0,000947
глава 0,958607 0,000579
Пентагона 1,698970 0,001026
не 0,142668 0,000258
дозвониться 1,698970 0,001026
Сергея 0,920819 0,000834
Шойгу 1,301030 0,000786
вообще 1,221849 0,000738
устроена 1,522879 0,000920
связь 0,552842 0,000501
между 0,823909 0,000498
военными 1,301030 0,000786
США 0,508638 0,000461
Узнать 1,397940 0,010974
ЦБ 0,795880 0,000721
внезапно 1,154902 0,000697
снизил 0,698970 0,000422
Что 0,346787 0,001466
будет 0,387216 0,000701
кредитами 1,698970 0,001026
вкладами 1,698970 0,001026
Германия 0,958607 0,000579
больна 1,698970 0,001026
нацизмом 1,698970 0,001026
О 0,207608 0,000125
чем 0,420216 0,000381
говорит 1,154902 0,000697
осквернение 1,698970 0,001026
Воина 1,522879 0,000920
Освободителя 1,698970 0,001026
Теракт 1,698970 0,001026
центре 0,920819 0,000556
Тель 1,221849 0,001107
Авива 1,522879 0,001379
Два 0,853872 0,000516
человека 0,568636 0,000343
были 0,769551 0,000465
убиты 1,698970 0,001026
еще 0,408935 0,000247
четверо 1,522879 0,000920
получили 1,045757 0,000631
тяжелые 1,397940 0,000844
ранения 1,397940 0,000844
результате 1,096910 0,000662
теракта 1,698970 0,001026
центральной 1,698970 0,001026
части 0,920819 0,000556
за 0,180456 0,000872
история 0,721246 0,000436
украинскими 1,096910 0,000662
шахматистками 1,698970 0,001026
выступившими 1,698970 0,001026
россиян 0,744727 0,000450
Две 1,045757 0,000631
украинские 1,096910 0,000662
шахматистки 1,154902 0,000697
сестры 1,301030 0,000786
Анна 0,568636 0,000687
Мария 0,698970 0,000422
Музычук 1,221849 0,000738
отказались 1,221849 0,000738
подписывать 1,301030 0,000786
призыв 1,301030 0,000786
отстранению 1,397940 0,000844
белорусских 1,522879 0,000920
спортсменов 1,522879 0,001379
участия 1,045757 0,000631
турнирах 1,522879 0,000920
под 0,376751 0,000341
эгидой 1,221849 0,000738
ФИДЕ 1,698970 0,001026
Чем 0,920819 0,001112
им 0,602060 0,000364
это 0,292430 0,000177
грозит 1,154902 0,000697
известно 1,000000 0,000906
пролете 1,698970 0,001026
истребителя 1,301030 0,000786
рядом 1,045757 0,000631
самолетом 1,301030 0,001178
рейса 1,698970 0,001026
Белград 1,397940 0,001266
Под 1,096910 0,000662
пассажирским 1,522879 0,000920
авиакомпании 1,698970 0,001026
Air 1,397940 0,000844
Serbia 1,522879 0,000920
следовавшим 1,698970 0,001026
рейсом 1,522879 0,000920
был 0,481486 0,000436
замечен 1,698970 0,001026
истребитель 1,698970 0,001026
Кавказе 1,698970 0,001026
такое 0,638272 0,000385
пристрелили 1,698970 0,001026
бы 0,585027 0,000353
Юрий 0,795880 0,000481
Лоза 1,698970 0,001026
драке 1,698970 0,001026
Уилла 1,522879 0,000920
Смита 1,301030 0,000786
Нетребко 1,096910 0,000994
прокомментировала 1,522879 0,000920
свое 0,721246 0,000436
скандальное 1,698970 0,001026
заявление 1,301030 0,000786
Заявление 1,522879 0,000920
котором 1,045757 0,000631
оперная 1,698970 0,001026
дива 1,522879 0,000920
осудила 1,698970 0,001026
спецоперацию 1,096910 0,000662
напомнила 1,397940 0,000844
всему 1,301030 0,000786
миру 1,154902 0,000697
давно 0,823909 0,000498
живет 1,045757 0,000947
Австрии 1,522879 0,000920
является 0,853872 0,000516
налоговым 1,698970 0,001026
резидентом 1,698970 0,001026
этой 0,744727 0,000450
страны 0,638272 0,000385
многие 1,096910 0,000662
восприняли 1,698970 0,001026
предательство 1,397940 0,000844
поэтому 0,886057 0,000535
вновь 0,823909 0,000498
решила 1,154902 0,000697
высказаться 1,522879 0,000920
Лично 1,698970 0,001026
вывез 1,698970 0,001026
русских 0,853872 0,000516
домой 0,958607 0,000868
Глава 0,698970 0,000633
биатлона 1,698970 0,001026
Украины 0,721246 0,000653
вызвал 1,301030 0,000786
гнев 1,698970 0,001026
До 0,958607 0,000579
последнего 1,397940 0,000844
украинца 1,522879 0,000920
Вашингтон 1,221849 0,000738
пост 1,045757 0,000631
преступной 1,698970 0,001026
тактике 1,522879 0,000920
ВСУ 0,744727 0,000675
протекали 1,698970 0,001026
бои 1,397940 0,000844
территории 1,096910 0,000662
минувшей 1,698970 0,001026
ночью 1,397940 0,000844
Авиация 1,698970 0,001026
ВКС 1,698970 0,001026
высокоточными 1,698970 0,001026
ракетами 1,301030 0,000786
накрыла 1,522879 0,000920
железнодорожных 1,397940 0,000844
станциях 1,698970 0,001026
эшелоны 1,698970 0,001026
техникой 1,698970 0,001026
вооружением 1,698970 0,001026
Тест 0,886057 0,000535
Готовы 1,522879 0,000920
ли 0,397940 0,000601
вы 0,420216 0,000254
написать 1,221849 0,000738
Тотальный 1,397940 0,000844
диктант 1,397940 0,000844
Когда 0,602060 0,000364
назальная 1,522879 0,000920
вакцина 1,397940 0,000844
ковида 1,397940 0,001266
поступит 1,698970 0,001026
поликлиники 1,698970 0,001026
аптеки 1,698970 0,001539
для 0,119186 0,000216
свободной 1,301030 0,000786
продажи 1,221849 0,000738
она 0,744727 0,000450
поступать 1,698970 0,001026
актер 1,000000 0,000604
Бедной 1,301030 0,000786
Насти 1,301030 0,000786
похудел 1,698970 0,001026
килограммов 1,522879 0,000920
говорить 1,045757 0,000631
летнего 1,301030 0,000786
актера 1,221849 0,000738
Карякина 1,698970 0,001026
снимался 1,522879 0,000920
сериале 1,096910 0,000662
Бедная 1,397940 0,000844
Настя 1,301030 0,000786
Нюхач 1,698970 0,001026
Иван 0,744727 0,000450
Денисович 1,698970 0,001026
других 0,795880 0,000481
лентах 1,698970 0,001026
возникли 1,522879 0,000920
серьезные 1,301030 0,000786
проблемы 1,000000 0,000604
со 0,387216 0,000351
здоровьем 1,397940 0,000844
ему 0,853872 0,000516
требуется 1,397940 0,000844
срочная 1,698970 0,001026
помощь 1,045757 0,000631
Рассказываем 1,154902 0,000697
подробности 1,154902 0,000697
тревел 1,698970 0,001539
шоу 0,657577 0,000596
выпустит 1,522879 0,001379
Пухляш 1,698970 0,001539
клипа 1,397940 0,001266
Little 1,522879 0,001379
big 1,698970 0,001539
Танцор 1,698970 0,001026
шоумен 1,698970 0,001026
Дмитрий 0,602060 0,000364
Красилов 1,698970 0,001026
Uno 1,698970 0,001026
группы 1,045757 0,000631
МУЗ 1,522879 0,000920
ТВ 0,657577 0,000397
Приехали 1,698970 0,001026
посвященное 1,698970 0,001026
путешествиям 1,698970 0,001026
Быть 1,096910 0,000662
наклоне 1,698970 0,001026
собой 0,823909 0,000498
представляет 1,301030 0,000786
синдром 1,397940 0,000844
Пизанской 1,698970 0,001026
башни 1,522879 0,000920
Донбасс 0,886057 0,000535
сгорел 1,698970 0,001026
А 0,376751 0,000228
осталось 1,301030 0,000786
украинского 1,096910 0,000662
флота 1,522879 0,000920
Реабилитация 1,698970 0,001026
ЕР 1,522879 0,000920
поможет 0,886057 0,000803
детям 1,096910 0,000662
Донбасса 0,886057 0,000535
лечением 1,698970 0,001026
после 0,397940 0,000360
ранений 1,698970 0,001026
Река 1,698970 0,001026
окном 1,221849 0,000738
бассейн 1,522879 0,000920
доме 1,000000 0,000906
Наш 1,045757 0,000631
журналист 1,154902 0,000697
оценил 1,154902 0,000697
ЖК 1,698970 0,001026
нового 0,769551 0,000465
формата 1,698970 0,001026
Еженедельник 1,698970 0,001026
Оформить 1,522879 0,002759
подписку 1,301030 0,002357
По 0,619789 0,000374
какому 1,522879 0,000920
графику 1,698970 0,001026
делать 0,920819 0,000556
прививки 1,698970 0,001026
даче 1,522879 0,000920
Даче 1,698970 0,001539
Готовим 1,397940 0,000844
теплицы 1,698970 0,001026
теплые 1,698970 0,001026
грядки 1,698970 0,001026
АИФ 1,698970 0,001539
ПРO 1,698970 0,001539
способов 1,221849 0,000738
усилить 1,397940 0,000844
эффективность 1,522879 0,000920
витаминов 1,522879 0,000920
идеальных 1,698970 0,001026
весенних 1,698970 0,001026
салатов 1,698970 0,001026
Шанс 1,522879 0,000920
оптимистов 1,698970 0,001026
За 0,568636 0,000687
счет 1,000000 0,000604
чего 0,795880 0,000481
Россия 0,455932 0,000413
совершит 1,698970 0,001026
технологический 1,698970 0,001026
рывок 1,698970 0,001026
След 1,522879 0,000920
зверя 1,698970 0,001026
Угрожал 1,698970 0,001026
отрезать 1,698970 0,001026
уши 1,522879 0,000920
а 0,327902 0,000396
потом 0,920819 0,000556
убил 1,397940 0,000844
малолетнюю 1,698970 0,001026
дочь 1,096910 0,000662
ее 0,508638 0,000307
мать 0,958607 0,000868
Схватила 1,698970 0,001026
сына 1,000000 0,000604
ударила 1,301030 0,000786
третьеклассника 1,698970 0,001026
заявила 1,301030 0,000786
полицию 1,698970 0,001026
учителя 1,221849 0,000738
Одного 1,698970 0,001026
моря 1,301030 0,000786
мало 1,154902 0,000697
предложить 1,397940 0,000844
активным 1,397940 0,000844
туристам 1,522879 0,000920
Команда 1,096910 0,000662
Ждать 1,698970 0,001026
Ямале 1,698970 0,001026
хотят 0,920819 0,000556
поставить 1,397940 0,000844
памятник 1,096910 0,000662
местному 1,522879 0,000920
Хатико 1,698970 0,001026
Гений 1,522879 0,000920
чародейства 1,698970 0,001026
Калининградцы 1,698970 0,001026
простились 1,397940 0,000844
звездой 1,096910 0,000662
Экипажа 1,522879 0,000920
расстреляли 1,698970 0,001026
неизвестно 1,522879 0,000920
Дневники 1,698970 0,001026
нацистской 1,522879 0,000920
оккупации 1,522879 0,000920
Харькова 1,698970 0,001026
Новый 0,698970 0,000633
вождь 1,698970 0,001026
или 0,301030 0,000182
формат 1,397940 0,000844
политбюро 1,698970 0,001026
Кто 0,638272 0,000578
заменит 1,698970 0,002052
Семене 1,698970 0,001026
Могилевиче 1,698970 0,001539
которого 0,920819 0,000556
ФБР 1,522879 0,001379
разыскивает 1,522879 0,000920
объявило 1,698970 0,001026
награду 1,397940 0,000844
сведения 1,221849 0,000738
Тайны 1,221849 0,000738
Мариуполя 0,853872 0,000773
Кого 1,522879 0,000920
пытаются 1,301030 0,000786
вывезти 1,301030 0,000786
окруженного 1,698970 0,001026
города 0,698970 0,000422
Придет 1,698970 0,001026
Россию 0,568636 0,000343
новый 0,552842 0,000501
штамм 1,698970 0,001026
ХЕ 1,397940 0,000844
Новая 0,823909 0,000498
мутация 1,698970 0,001026
XE 1,221849 0,000738
быть 0,431798 0,000261
примерно 1,698970 0,001026
заразнее 1,698970 0,001026
Стелс 1,522879 0,000920
Омикрон 1,698970 0,001026
доллар 1,154902 0,000697
так 0,522879 0,000474
же 0,721246 0,000436
опасен 1,698970 0,001026
нас 0,508638 0,000307
скорее 1,301030 0,000786
всего 0,744727 0,000450
вводить 1,698970 0,001026
точечные 1,698970 0,001026
послабления 1,698970 0,001026
допустит 1,698970 0,001026
излишнего 1,698970 0,001026
переукрепления 1,698970 0,001026
курса 1,522879 0,000920
рубля 1,045757 0,000631
сутки 0,795880 0,000481
сбиты 1,698970 0,001026
вертолета 1,522879 0,000920
противника 1,221849 0,000738
Санкциям 1,698970 0,001026
бой 1,096910 0,000662
правительство 1,221849 0,000738
россиянам 1,154902 0,000697
Чему 1,698970 0,001026
олигархам 1,698970 0,001026
поучиться 1,698970 0,001026
у 0,387216 0,000585
пенсионеров 1,698970 0,001026
Во 0,886057 0,000535
обойдется 1,397940 0,000844
аренда 1,522879 0,000920
дачи 1,698970 0,001026
сезоне 1,522879 0,000920
Сдают 1,698970 0,001026
недвижимость 1,221849 0,001107
разного 1,301030 0,000786
ценового 1,522879 0,000920
сегмента 1,522879 0,000920
элитную 1,698970 0,001026
экономкласса 1,698970 0,001026
каких 1,000000 0,000604
регионах 1,154902 0,000697
будут 0,638272 0,000385
субсидировать 1,698970 0,001539
чартерные 1,698970 0,001026
рейсы 1,522879 0,000920
Ростуризм 1,522879 0,000920
опубликовал 1,522879 0,000920
список 0,823909 0,000498
регионов 1,221849 0,000738
которых 0,677781 0,000409
чартеры 1,698970 0,001026
Курортный 1,698970 0,001026
роман 0,920819 0,000556
всю 0,823909 0,000498
Жириновский 0,677781 0,000819
жены 1,045757 0,000631
мужчиной 1,522879 0,000920
СВР 1,698970 0,001026
Сергей 0,468521 0,000283
Нарышкин 1,698970 0,001026
возврата 1,698970 0,001539
старому 1,698970 0,001026
уже 0,602060 0,000364
Ей 1,522879 0,000920
идут 1,301030 0,000786
мокрые 1,698970 0,001026
прически 1,698970 0,001026
говорят 1,000000 0,000604
фотосессиях 1,698970 0,001026
фигуристки 1,698970 0,001026
Медведевой 1,397940 0,000844
европейские 1,397940 0,000844
спекулянты 1,698970 0,001026
Газ 1,397940 0,000844
обмен 1,522879 0,000920
политику 1,301030 0,001178
Хабенского 1,522879 0,000920
спектакле 1,698970 0,001026
Контрабас 1,698970 0,001026
спектакль 1,301030 0,000786
шел 1,522879 0,000920
аншлагами 1,698970 0,001026
вот 0,795880 0,000481
теперь 0,677781 0,000409
Константин 0,886057 0,000535
Хабенский 1,301030 0,000786
передает 1,221849 0,000738
эстафету 1,698970 0,001026
Стоит 1,301030 0,000786
покупать 0,886057 0,000535
б 1,522879 0,000920
шины 1,301030 0,000786
Резкое 1,698970 0,001026
подорожание 1,698970 0,001026
новых 0,508638 0,000461
покрышек 1,698970 0,001026
заставляет 1,301030 0,000786
автомобилистов 1,522879 0,000920
обращать 1,522879 0,000920
подержанные 1,698970 0,001026
колеса 1,301030 0,000786
означает 1,397940 0,000844
фраза 1,698970 0,001026
Нет 0,886057 0,001338
пророка 1,522879 0,000920
своем 0,823909 0,000746
отечестве 1,698970 0,001539
Выражение 1,698970 0,001026
пророке 1,698970 0,001026
последнее 1,221849 0,000738
время 0,366532 0,000221
стало 1,000000 0,000906
очень 0,657577 0,000397
популярно 1,397940 0,000844
предлагают 1,698970 0,001026
возвращать 1,698970 0,001026
неполученные 1,698970 0,001026
заказы 1,522879 0,001379
Asos 1,698970 0,001026
Airbnb 1,397940 0,000844
Союз 1,154902 0,000697
потребителей 1,397940 0,000844
предлагает 1,045757 0,000631
схему 1,522879 0,000920
денег 1,096910 0,000662
предоплаченные 1,698970 0,001026
зарубежных 1,000000 0,000604
интернет 0,657577 0,000397
магазинов 1,397940 0,000844
приостановивших 1,698970 0,001026
доставку 1,698970 0,001026
Автобус 1,522879 0,000920
вместо 0,744727 0,000450
самолета 1,397940 0,000844
повезут 1,698970 0,001026
туристов 1,221849 0,000738
юг 1,522879 0,000920
Рабство 1,698970 0,001026
XXI 1,154902 0,000697
века 0,721246 0,000436
Ростове 1,698970 0,001026
осудили 1,698970 0,001026
банду 1,698970 0,001026
похищавшую 1,698970 0,001026
людей 0,698970 0,000422
Сокращение 1,698970 0,001026
начальников 1,698970 0,001026
полиции 1,221849 0,000738
реформа 1,522879 0,000920
кто 0,494850 0,000299
их 0,455932 0,000275
Купили 1,698970 0,001026
свою 0,638272 0,000385
кого 0,853872 0,000516
звезд 1,154902 0,000697
есть 0,568636 0,000343
Прибалтике 1,522879 0,000920
Лев 1,000000 0,000604
бомбежками 1,698970 0,001026
выживают 1,698970 0,001026
животные 1,397940 0,000844
зоопарке 1,698970 0,001026
Ленин 1,301030 0,000786
Сталин 1,397940 0,000844
С 0,455932 0,000413
кем 1,221849 0,000738
прощались 1,698970 0,001026
Колонном 1,154902 0,000697
зале 1,096910 0,000662
Дома 1,045757 0,000631
Командировка 1,698970 0,001026
навсегда 1,000000 0,000604
Умер 1,096910 0,000662
разведчик 1,522879 0,000920
нелегал 1,698970 0,001026
Михаил 0,568636 0,000687
Васенков 1,698970 0,001026
Ушел 1,397940 0,000844
чтобы 0,481486 0,000291
вернуться 0,958607 0,000579
Индии 1,397940 0,000844
покойник 1,698970 0,001026
приехал 1,301030 0,000786
похорон 1,522879 0,000920
Председатель 1,698970 0,001026
Мишустин 0,920819 0,000556
об 0,292430 0,000177
итогах 1,522879 0,000920
работы 0,638272 0,000385
также 0,494850 0,000448
объявил 1,221849 0,000738
мерах 1,522879 0,000920
Смерть 1,000000 0,000604
неосторожности 1,698970 0,001026
летний 1,045757 0,000631
мальчик 1,154902 0,000697
утонул 1,698970 0,001026
яме 1,522879 0,000920
водой 1,301030 0,000786
Кубани 1,522879 0,000920
Серые 1,698970 0,001026
дни 1,000000 0,000604
Полчища 1,698970 0,001026
огромных 1,397940 0,000844
крыс 1,522879 0,000920
атаковали 1,301030 0,000786
жилые 1,522879 0,000920
районы 1,397940 0,000844
Казани 1,045757 0,000631
Сахарный 1,698970 0,001026
барьер 1,698970 0,001026
при 0,468521 0,000566
диабете 1,698970 0,001026
сложно 1,301030 0,000786
стать 0,795880 0,000481
родителями 1,397940 0,000844
Ни 1,221849 0,000738
внучки 1,698970 0,001026
ни 0,744727 0,000450
праха 1,698970 0,001026
дочки 1,522879 0,000920
семья 1,045757 0,000631
убитой 1,698970 0,001026
Германии 1,000000 0,000604
петербурженки 1,698970 0,001026
роутер 1,522879 0,000920
защитой 1,698970 0,001539
хакерских 1,522879 0,000920
атак 1,397940 0,000844
изобрели 1,522879 0,000920
Маршрутизатор 1,698970 0,001026
кибератак 1,522879 0,000920
предназначен 1,397940 0,000844
применения 1,522879 0,000920
небольших 1,698970 0,001026
компаниях 1,522879 0,000920
штатной 1,698970 0,001026
численностью 1,698970 0,001026
Вячеслава 1,522879 0,000920
Зайцева 1,397940 0,000844
требуют 1,397940 0,000844
более 0,585027 0,000353
миллионов 1,045757 0,000631
Департамент 1,698970 0,001026
городского 1,698970 0,001026
имущества 1,522879 0,000920
Москвы 0,744727 0,000675
подал 1,522879 0,000920
иск 1,698970 0,001026
компании 0,677781 0,000409
российского 0,823909 0,000498
модельера 1,522879 0,000920
Туалетная 1,698970 0,001026
проблема 1,397940 0,000844
Выпускает 1,698970 0,001026
свои 0,698970 0,000422
унитазы 1,698970 0,001026
ванны 1,698970 0,001026
краны 1,698970 0,001026
телеканал 1,154902 0,001046
Соловьев 1,154902 0,001046
Live 1,301030 0,001178
вышел 1,000000 0,000604
частотах 1,698970 0,001539
Euronews 1,522879 0,001379
вещать 1,698970 0,001026
Темная 1,397940 0,000844
сторона 1,301030 0,000786
Интернета 1,221849 0,000738
Россиянина 1,698970 0,001026
связали 1,522879 0,000920
нелегальным 1,698970 0,001026
даркнет 1,698970 0,001026
рынком 1,522879 0,000920
Вы 0,619789 0,000374
почувствуете 1,698970 0,001026
утра 1,522879 0,000920
Какие 0,721246 0,000436
прогнозы 1,221849 0,000738
Владимира 0,721246 0,000436
сбылись 1,698970 0,001026
модификацию 1,698970 0,001026
американских 1,522879 0,000920
танков 1,221849 0,000738
Польша 1,221849 0,000738
покупает 1,522879 0,000920
Одной 1,522879 0,000920
главных 0,853872 0,000516
особенностей 1,698970 0,001026
модернизированных 1,698970 0,001026
машин 1,096910 0,000662
сокращение 1,698970 0,001026
количества 1,522879 0,000920
разновидностей 1,698970 0,001026
боеприпасов 1,522879 0,000920
двух 0,886057 0,000535
типов 1,698970 0,001026
Дорога 1,522879 0,000920
ложка 1,698970 0,001026
обеду 1,698970 0,001026
хлебная 1,698970 0,001026
монополия 1,698970 0,001026
г 0,602060 0,000545
развалила 1,698970 0,001026
страну 1,301030 0,000786
запомнилась 1,698970 0,001026
писательница 1,698970 0,001539
Гайда 1,698970 0,001539
Лагздынь 1,698970 0,001539
скончалась 1,698970 0,001026
советская 1,397940 0,000844
российская 1,154902 0,000697
автор 1,045757 0,000631
детских 1,221849 0,000738
книг 0,958607 0,000579
Пророк 1,522879 0,000920
раскрасил 1,698970 0,001026
российскую 1,096910 0,000662
Хочу 0,920819 0,000556
больше 0,638272 0,000385
Реклама 0,387216 0,000234
издательском 1,698970 0,001026
Онлайн 0,769551 0,000465
подписка 1,698970 0,001026
еженедельник 1,522879 0,000920
Пресс 0,657577 0,000397
центр 0,638272 0,000385
Магазин 1,045757 0,000631
PDF 1,522879 0,000920
версий 1,397940 0,000844
Обратная 0,585027 0,000353
Путеводитель 1,096910 0,000662
западе 1,698970 0,001026
Карта 1,096910 0,000662
сайта 0,522879 0,000631
СООБЩИТЬ 1,698970 0,001026
РЕДАКЦИЮ 1,698970 0,001026
ОБ 1,698970 0,001026
ОШИБКЕ 1,698970 0,001026
АО 0,795880 0,000721
Генеральный 1,698970 0,001026
директор 1,397940 0,000844
Руслан 1,397940 0,000844
Новиков 1,522879 0,000920
Главный 0,585027 0,000353
редактор 0,585027 0,000707
еженедельника 1,698970 0,001026
Чкаников 1,698970 0,001026
Директор 1,397940 0,000844
развитию 1,522879 0,000920
цифрового 1,397940 0,001266
направления 1,301030 0,000786
новым 1,000000 0,000604
медиа 1,154902 0,000697
Денис 0,853872 0,000516
Халаимов 1,698970 0,001026
Шеф 1,397940 0,001266
Шушкин 1,698970 0,001539
зарегистрировано 0,823909 0,000498
Федеральной 0,619789 0,000374
службе 0,920819 0,000556
надзору 0,619789 0,000374
сфере 0,552842 0,000334
связи 0,455932 0,000413
информационных 0,585027 0,000353
технологий 0,568636 0,000343
массовых 0,568636 0,000515
коммуникаций 0,585027 0,000530
РОСКОМНАДЗОР 1,698970 0,001026
регистрационный 1,698970 0,001026
Эл 0,721246 0,000436
ФС 0,522879 0,000316
Учредитель 0,698970 0,000422
факты 1,221849 0,000738
Интернет 0,823909 0,000498
сайт 0,494850 0,000448
функционирует 1,397940 0,000844
финансовой 1,154902 0,000697
поддержке 1,096910 0,000662
Министерства 1,096910 0,000662
Российской 0,769551 0,000465
Федерации 0,795880 0,000481
e 0,958607 0,000579
mail 0,721246 0,001089
karaul 1,698970 0,001026
тел 1,301030 0,000786
права 0,431798 0,000261
защищены 0,602060 0,000364
Копирование 1,522879 0,000920
использование 0,795880 0,000481
полных 1,698970 0,001026
материалов 0,585027 0,000353
запрещено 1,221849 0,000738
частичное 1,397940 0,000844
цитирование 1,698970 0,001026
возможно 0,920819 0,000556
условии 1,397940 0,000844
гиперссылки 1,522879 0,000920
www 0,698970 0,000422
Объясняем 1,301030 0,000786
происходит 0,920819 0,000556
Понятные 1,698970 0,001026
ответы 1,045757 0,000631
любые 0,886057 0,000535
вопросы 0,744727 0,000450
репортажи 1,397940 0,000844
расследования 1,397940 0,000844
Доставляем 1,698970 0,001539
лично 1,301030 0,001178
Вам 1,301030 0,000786
почту 1,221849 0,001107
Имя 1,154902 0,001395
E 0,920819 0,001112
Подписаться 0,795880 0,000961
спасибо 1,301030 0,001571
Получайте 1,698970 0,001026
самые 0,721246 0,000436
главные 0,823909 0,000498
обсуждаемые 1,698970 0,001026
статьи 0,958607 0,000579
дня 0,494850 0,000299
электронный 1,698970 0,001026
адрес 0,920819 0,000556
Самые 0,920819 0,000556
полезные 1,397940 0,000844
интересные 1,154902 0,000697
материалы 0,537602 0,000325
вам 0,677781 0,000409
