Welcome 1,522879 0,001123
to 0,886057 0,011108
Python 1,221849 0,054965
org 1,522879 0,004492
Notice 1,698970 0,002506
While 1,698970 0,002506
JavaScript 1,045757 0,002314
is 1,096910 0,011325
not 1,154902 0,001703
essential 1,698970 0,002506
for 1,045757 0,011568
this 1,096910 0,001618
website 1,698970 0,002506
your 1,154902 0,006814
interaction 1,698970 0,002506
with 1,096910 0,008089
the 0,958607 0,012018
content 1,522879 0,004492
will 1,397940 0,002062
be 1,301030 0,003838
limited 1,698970 0,002506
Please 1,522879 0,002246
turn 1,698970 0,002506
on 1,096910 0,004045
full 1,301030 0,001919
experience 1,397940 0,002062
Skip 1,522879 0,002246
Close 1,522879 0,002246
PSF 1,698970 0,013782
Docs 1,397940 0,007217
PyPI 1,698970 0,002506
Jobs 1,522879 0,003369
Community 1,221849 0,007209
The 0,721246 0,004255
Network 1,522879 0,002246
Donate 1,698970 0,005012
Menu 1,522879 0,002246
Search 1,301030 0,001919
This 1,221849 0,001802
Site 1,522879 0,002246
GO 1,698970 0,002506
A 0,886057 0,001960
Smaller 1,698970 0,002506
Larger 1,698970 0,002506
Reset 1,698970 0,002506
Socialize 1,698970 0,002506
Facebook 0,958607 0,001414
Twitter 0,853872 0,001259
Chat 1,698970 0,002506
IRC 1,698970 0,005012
About 1,154902 0,002555
Applications 1,698970 0,003759
Quotes 1,698970 0,003759
Getting 1,397940 0,003093
Started 1,698970 0,005012
Help 1,522879 0,004492
Brochure 1,698970 0,003759
Downloads 1,698970 0,003759
All 1,154902 0,003407
releases 1,522879 0,003369
Source 1,301030 0,002878
code 1,221849 0,003604
Windows 1,397940 0,003093
macOS 1,397940 0,003093
Other 1,698970 0,003759
Platforms 1,522879 0,003369
License 1,698970 0,003759
Alternative 1,698970 0,003759
Implementations 1,698970 0,003759
Documentation 1,698970 0,005012
Audio 1,698970 0,003759
Visual 1,397940 0,003093
Talks 1,522879 0,003369
Beginner 1,698970 0,005012
s 0,823909 0,006076
Guide 1,522879 0,007861
Developer 1,221849 0,003604
FAQ 1,397940 0,003093
Non 1,698970 0,003759
English 1,154902 0,002555
PEP 1,698970 0,003759
Index 1,698970 0,003759
Books 1,522879 0,003369
Essays 1,698970 0,003759
Diversity 1,698970 0,005012
Mailing 1,698970 0,003759
Lists 1,698970 0,006265
Forums 1,698970 0,003759
Annual 1,698970 0,003759
Impact 1,397940 0,003093
Report 1,522879 0,004492
Conferences 1,698970 0,003759
Special 1,522879 0,003369
Interest 1,698970 0,003759
Groups 1,698970 0,003759
Logo 1,698970 0,003759
Wiki 1,522879 0,003369
Merchandise 1,698970 0,003759
Awards 1,397940 0,003093
Code 1,221849 0,002703
of 0,920819 0,008149
Conduct 1,698970 0,003759
Get 1,221849 0,003604
Involved 1,698970 0,003759
Shared 1,698970 0,003759
Stories 1,698970 0,007518
Success 1,698970 0,005012
Arts 1,397940 0,003093
Business 1,397940 0,003093
Education 1,397940 0,003093
Engineering 1,397940 0,003093
Government 1,522879 0,003369
Scientific 1,698970 0,005012
Software 1,301030 0,006716
Development 1,301030 0,005757
News 1,221849 0,010813
Newsletter 1,522879 0,003369
PyCon 1,698970 0,006265
Events 1,397940 0,012371
User 1,698970 0,006265
Group 1,522879 0,005615
Archive 1,698970 0,006265
Submit 1,698970 0,005012
an 1,154902 0,003407
Event 1,698970 0,003759
Launch 1,522879 0,002246
Interactive 1,698970 0,002506
Shell 1,522879 0,002246
Fibonacci 1,698970 0,002506
series 1,522879 0,002246
up 1,221849 0,002703
n 1,522879 0,005615
def 1,698970 0,002506
fib 1,698970 0,003759
a 0,920819 0,009507
b 1,221849 0,004505
while 1,522879 0,003369
print 1,698970 0,008770
end 1,698970 0,002506
Functions 1,698970 0,002506
Defined 1,698970 0,002506
core 1,397940 0,002062
extensible 1,698970 0,002506
programming 1,397940 0,005155
defining 1,698970 0,003759
functions 1,698970 0,006265
allows 1,522879 0,002246
mandatory 1,698970 0,002506
and 0,958607 0,016260
optional 1,698970 0,002506
arguments 1,698970 0,003759
keyword 1,698970 0,002506
even 1,522879 0,002246
arbitrary 1,698970 0,002506
argument 1,698970 0,002506
lists 1,698970 0,003759
More 1,397940 0,010309
about 1,301030 0,004797
in 1,000000 0,008112
List 1,522879 0,003369
comprehensions 1,698970 0,002506
fruits 1,698970 0,007518
Banana 1,698970 0,003759
Apple 1,154902 0,002555
Lime 1,698970 0,003759
loud 1,698970 0,003759
fruit 1,698970 0,003759
upper 1,698970 0,002506
BANANA 1,698970 0,002506
APPLE 1,698970 0,002506
LIME 1,698970 0,002506
enumerate 1,698970 0,003759
function 1,397940 0,002062
list 1,698970 0,005012
Compound 1,698970 0,002506
Data 1,221849 0,001802
Types 1,698970 0,002506
known 1,522879 0,002246
as 1,221849 0,002703
arrays 1,698970 0,002506
other 1,301030 0,005757
languages 1,522879 0,003369
are 1,154902 0,005962
one 1,221849 0,001802
compound 1,698970 0,002506
data 1,154902 0,001703
types 1,698970 0,002506
that 1,154902 0,004258
understands 1,698970 0,002506
can 1,221849 0,003604
indexed 1,698970 0,002506
sliced 1,698970 0,002506
manipulated 1,698970 0,002506
built 1,522879 0,002246
Simple 1,522879 0,003369
arithmetic 1,698970 0,002506
classic 1,522879 0,002246
division 1,698970 0,003759
returns 1,698970 0,002506
float 1,698970 0,002506
floor 1,698970 0,002506
Intuitive 1,698970 0,002506
Interpretation 1,698970 0,002506
Calculations 1,698970 0,002506
simple 1,397940 0,003093
expression 1,698970 0,002506
syntax 1,698970 0,003759
straightforward 1,698970 0,002506
operators 1,698970 0,002506
work 1,221849 0,003604
expected 1,522879 0,002246
parentheses 1,698970 0,002506
used 1,397940 0,002062
grouping 1,698970 0,002506
math 1,522879 0,002246
output 1,698970 0,002506
Unicode 1,522879 0,002246
Hello 1,698970 0,003759
I 0,853872 0,001889
m 1,397940 0,003093
Input 1,698970 0,002506
assignment 1,698970 0,002506
name 1,301030 0,004797
input 1,522879 0,002246
What 1,221849 0,002703
Hi 1,301030 0,002878
Quick 1,698970 0,002506
Easy 1,698970 0,002506
Learn 1,221849 0,003604
Experienced 1,698970 0,002506
programmers 1,698970 0,003759
any 1,221849 0,001802
language 1,397940 0,004124
pick 1,698970 0,002506
very 1,522879 0,002246
quickly 1,698970 0,003759
beginners 1,698970 0,002506
find 1,397940 0,002062
clean 1,698970 0,002506
indentation 1,698970 0,002506
structure 1,522879 0,002246
easy 1,397940 0,003093
learn 1,698970 0,003759
Whet 1,698970 0,002506
appetite 1,698970 0,002506
our 1,301030 0,002878
overview 1,522879 0,002246
For 1,301030 0,001919
loop 1,698970 0,002506
numbers 1,522879 0,003369
product 1,698970 0,008770
number 1,397940 0,003093
Flow 1,698970 0,002506
You 1,045757 0,001542
d 1,301030 0,001919
Expect 1,698970 0,002506
knows 1,698970 0,002506
usual 1,698970 0,002506
control 1,397940 0,003093
flow 1,522879 0,003369
statements 1,698970 0,002506
speak 1,698970 0,002506
if 1,221849 0,001802
range 1,698970 0,002506
some 1,397940 0,002062
its 1,397940 0,003093
own 1,301030 0,001919
twists 1,698970 0,002506
course 1,522879 0,002246
tools 1,301030 0,001919
lets 1,698970 0,002506
you 1,096910 0,003236
integrate 1,698970 0,002506
systems 1,522879 0,002246
more 1,154902 0,003407
effectively 1,698970 0,002506
Contribute 1,522879 0,002246
today 1,301030 0,001919
thon 1,698970 0,002506
Spring 1,522879 0,002246
Fundraiser 1,698970 0,002506
show 1,522879 0,002246
love 1,522879 0,002246
Now 1,522879 0,002246
Whether 1,698970 0,002506
re 1,301030 0,002878
new 1,000000 0,001475
or 1,154902 0,002555
experienced 1,698970 0,002506
developer 1,397940 0,002062
it 1,221849 0,001802
use 1,154902 0,001703
Start 1,397940 0,002062
Download 1,522879 0,002246
source 1,301030 0,001919
installers 1,698970 0,002506
available 1,522879 0,006738
download 1,698970 0,002506
all 1,154902 0,002555
versions 1,698970 0,002506
Latest 1,522879 0,003369
standard 1,698970 0,002506
library 1,397940 0,002062
along 1,698970 0,002506
tutorials 1,522879 0,002246
guides 1,397940 0,002062
online 1,397940 0,002062
docs 1,397940 0,002062
python 1,698970 0,005012
Looking 1,698970 0,002506
have 1,221849 0,001802
related 1,522879 0,002246
position 0,853872 0,001259
trying 1,522879 0,002246
hire 1,698970 0,002506
Our 1,301030 0,001919
relaunched 1,698970 0,002506
community 1,301030 0,002878
run 1,221849 0,001802
job 1,522879 0,002246
board 1,698970 0,002506
place 1,522879 0,002246
go 1,698970 0,002506
jobs 1,522879 0,002246
Welcomes 1,698970 0,002506
New 1,154902 0,001703
Executive 1,698970 0,002506
Director 1,698970 0,002506
Deb 1,698970 0,002506
Nicholson 1,698970 0,002506
last 1,698970 0,002506
alpha 1,698970 0,002506
now 1,301030 0,002878
out 1,221849 0,001802
schedule 1,698970 0,002506
Meta 1,301030 0,001919
deepens 1,698970 0,002506
investment 1,698970 0,002506
ecosystem 1,522879 0,002246
security 1,301030 0,001919
Upcoming 1,522879 0,002246
DE 1,397940 0,002062
PyData 1,698970 0,002506
Berlin 1,698970 0,002506
PyCamp 1,698970 0,002506
Spain 1,698970 0,002506
Meet 1,522879 0,002246
NZPUG 1,698970 0,002506
PRESIDENT 1,698970 0,002506
US 1,698970 0,002506
Django 1,397940 0,003093
Girls 1,522879 0,002246
Groningen 1,698970 0,002506
automating 1,698970 0,002506
repetitive 1,698970 0,002506
tasks 1,698970 0,002506
leaving 1,698970 0,002506
time 1,154902 0,001703
SEO 1,522879 0,003369
efforts 1,698970 0,002506
Using 1,397940 0,002062
scripts 1,522879 0,002246
analyse 1,698970 0,002506
broken 1,698970 0,002506
links 1,522879 0,002246
site 1,522879 0,002246
by 1,000000 0,002212
Marnix 1,698970 0,002506
de 1,397940 0,002062
Munck 1,698970 0,002506
Use 1,397940 0,002062
Web 1,301030 0,001919
Pyramid 1,698970 0,002506
Bottle 1,698970 0,002506
Tornado 1,698970 0,002506
Flask 1,698970 0,002506
web 1,301030 0,001919
py 1,522879 0,002246
GUI 1,397940 0,002062
tkInter 1,698970 0,002506
PyGObject 1,698970 0,002506
PyQt 1,698970 0,002506
PySide 1,698970 0,002506
Kivy 1,698970 0,002506
wxPython 1,698970 0,002506
Numeric 1,698970 0,002506
SciPy 1,698970 0,002506
Pandas 1,698970 0,002506
IPython 1,698970 0,002506
Buildbot 1,698970 0,002506
Trac 1,698970 0,002506
Roundup 1,698970 0,002506
System 1,698970 0,002506
Administration 1,522879 0,002246
Ansible 1,522879 0,002246
Salt 1,698970 0,002506
OpenStack 1,698970 0,002506
xonsh 1,698970 0,002506
Enhancement 1,698970 0,002506
Proposals 1,698970 0,002506
PEPs 1,698970 0,002506
future 1,397940 0,002062
discussed 1,522879 0,002246
here 1,397940 0,002062
RSS 0,853872 0,001259
Foundation 1,698970 0,005012
mission 1,698970 0,002506
promote 1,698970 0,002506
protect 1,698970 0,002506
advance 1,397940 0,002062
support 1,301030 0,001919
facilitate 1,698970 0,002506
growth 1,698970 0,002506
diverse 1,698970 0,002506
international 1,698970 0,002506
Become 1,397940 0,002062
Member 1,698970 0,002506
Back 1,522879 0,003369
Top 1,301030 0,002878
Contributing 1,698970 0,002506
Issue 1,698970 0,003759
Tracker 1,698970 0,002506
dev 1,397940 0,002062
Core 1,698970 0,002506
Mentorship 1,698970 0,002506
Security 1,397940 0,002062
General 1,522879 0,002246
Contact 1,221849 0,001802
Initiatives 1,698970 0,002506
Website 1,522879 0,002246
Bug 1,698970 0,002506
Status 1,397940 0,002062
Copyright 1,154902 0,001703
Legal 1,698970 0,002506
Statements 1,698970 0,002506
Privacy 1,154902 0,001703
Policy 1,522879 0,002246
Powered 1,698970 0,002506
Heroku 1,698970 0,002506
