Новости 0,221849 0,000864
России 0,251812 0,001961
и 0,075721 0,000884
мира 0,537602 0,001395
последние 0,769551 0,000999
события 0,795880 0,001549
на 0,075721 0,001228
сегодня 0,677781 0,000880
Mail 1,397940 0,003629
ru 0,187087 0,000364
ruПочта 1,698970 0,002205
Мой 0,853872 0,001108
Мир 0,698970 0,000907
Одноклассники 0,823909 0,001069
ВКонтакте 0,795880 0,001033
Игры 0,886057 0,001150
Знакомства 1,397940 0,001814
Поиск 0,619789 0,000804
ОблакоVK 1,698970 0,002205
ComboВсе 1,698970 0,002205
проекты 0,698970 0,001361
Все 0,148742 0,000193
выход 1,096910 0,001424
Регистрация 0,657577 0,000853
Вход 0,657577 0,000853
s 0,823909 0,001604
rb 1,698970 0,007718
SITEZONE 1,698970 0,007718
brandsafety 1,698970 0,008820
В 0,167491 0,000870
Минобороны 0,698970 0,001814
опровергли 1,301030 0,001689
заявления 1,045757 0,001357
Киева 1,045757 0,001357
об 0,292430 0,001139
ударе 0,853872 0,001108
по 0,124939 0,000649
Краматорску 0,744727 0,001450
Ведомство 1,698970 0,002205
заявило 1,301030 0,001689
что 0,187087 0,000607
месте 0,886057 0,001150
удара 0,823909 0,001069
найдены 1,698970 0,002205
обломки 1,522879 0,001976
ракеты 1,221849 0,001586
Точка 0,795880 0,001033
У 0,431798 0,000841
которые 0,431798 0,000560
применяет 1,698970 0,002205
ВСУ 0,744727 0,001450
Владимир 0,431798 0,000841
Путин 0,721246 0,000936
простился 1,045757 0,001357
с 0,102373 0,000731
Владимиром 0,677781 0,001319
Жириновским 0,585027 0,001139
Подоляк 1,698970 0,002205
Украина 0,698970 0,001361
не 0,142668 0,000278
пойдет 1,698970 0,002205
временное 1,698970 0,002205
перемирие 1,698970 0,002205
Россией 0,795880 0,001033
Европа 0,853872 0,001662
назвала 1,301030 0,002533
срок 1,154902 0,002248
отказа 1,301030 0,002533
от 0,193820 0,000377
российского 0,823909 0,001604
угля 1,000000 0,001947
Коста 1,397940 0,002721
Рике 1,397940 0,002721
Боинг 1,522879 0,002965
DHL 1,698970 0,003308
при 0,468521 0,000912
посадке 1,698970 0,003308
разломился 1,522879 0,002965
надвое 1,698970 0,003308
видео 0,568636 0,001107
ФАС 1,045757 0,001357
проводит 1,397940 0,001814
проверку 1,221849 0,001586
компании 0,677781 0,001319
Мираторг 1,096910 0,001424
Минфин 1,096910 0,001424
внес 1,397940 0,001814
в 0,070581 0,001145
правительство 1,221849 0,001586
проект 0,744727 0,000967
о 0,136677 0,000621
цифровых 1,221849 0,001586
валютах 1,397940 0,001814
Рудковская 1,522879 0,001976
высказалась 1,522879 0,001976
поводу 1,301030 0,001689
скандала 1,397940 0,001814
вокруг 1,221849 0,001586
Chanel 1,154902 0,001499
МВД 1,154902 0,001499
возбудило 1,698970 0,002205
дело 0,886057 0,001150
отношении 0,853872 0,001108
гендиректора 1,522879 0,001976
оборонного 1,698970 0,002205
завода 1,522879 0,001976
США 0,508638 0,000660
сняли 1,397940 0,001814
санкции 0,744727 0,001450
поставку 1,301030 0,001689
интернет 0,657577 0,001280
оборудования 1,397940 0,001814
Россию 0,568636 0,001476
Конору 1,698970 0,002205
Макгрегору 1,397940 0,001814
предъявили 1,154902 0,001499
шесть 1,045757 0,001357
новых 0,508638 0,000660
обвинений 1,301030 0,001689
Казани 1,045757 0,003393
Республики 1,522879 0,001976
Татарстан 1,221849 0,002379
мск 1,397940 0,006350
ИА 1,522879 0,001976
Татар 1,397940 0,001814
информ 1,522879 0,001976
Минниханов 1,522879 0,001976
поздравил 1,522879 0,001976
ватерпольный 1,698970 0,002205
клуб 0,958607 0,001244
Синтез 1,698970 0,002205
Они 0,886057 0,001150
заняли 1,301030 0,001689
регулярном 1,698970 0,002205
чемпионате 1,522879 0,001976
второе 1,522879 0,001976
место 0,795880 0,001033
однако 1,221849 0,001586
финале 1,397940 0,001814
четырех 1,301030 0,001689
стали 0,853872 0,001662
победителями 1,698970 0,002205
Новым 1,522879 0,001976
замглавы 1,397940 0,001814
Минстроя 1,522879 0,001976
стал 0,585027 0,000759
выходец 1,522879 0,001976
из 0,167491 0,000543
Татарстана 1,301030 0,001689
Из 0,698970 0,000907
откроются 1,698970 0,002205
авиарейсы 1,698970 0,002205
Сочи 0,920819 0,001195
Минеральные 1,698970 0,002205
Воды 1,698970 0,002205
Город 0,958607 0,001244
Казань 0,823909 0,001069
KZN 1,698970 0,002205
RU 0,886057 0,001150
Казанский 1,522879 0,001976
компрессорный 1,698970 0,002205
завод 1,397940 0,001814
успешный 1,522879 0,001976
пример 1,698970 0,002205
импортозамещения 1,154902 0,001499
Мэр 1,301030 0,001689
обсудил 1,096910 0,001424
руководством 1,397940 0,001814
предприятия 1,397940 0,001814
возможности 1,000000 0,001298
модернизации 1,698970 0,002205
увеличения 1,698970 0,002205
рабочих 1,221849 0,001586
мест 1,045757 0,001357
планируют 1,096910 0,002135
произвести 1,397940 0,002721
самолетов 1,045757 0,001357
Ту 1,154902 0,002248
Прибывшие 1,698970 0,002205
переселенцы 1,698970 0,002205
получат 1,522879 0,001976
гражданство 1,698970 0,002205
РФ 0,568636 0,001476
Политика 0,443697 0,000576
ТАСС 1,397940 0,003629
Турчак 1,397940 0,002721
посоветовал 1,221849 0,002379
чиновникам 1,397940 0,002721
посетить 1,045757 0,001357
Донбасс 0,886057 0,001150
прежде 1,096910 0,002135
чем 0,420216 0,000818
давать 1,522879 0,002965
комментарии 1,000000 0,001947
теме 1,045757 0,001357
МОСКВА 1,698970 0,002205
апреля 0,301030 0,000391
Секретарь 1,522879 0,001976
генсовета 1,698970 0,002205
Единой 1,698970 0,002205
Андрей 0,552842 0,000718
российским 0,823909 0,001069
лично 1,301030 0,001689
съездить 1,698970 0,002205
территорию 1,221849 0,001586
Донбасса 0,886057 0,001725
пообщаться 1,698970 0,002205
мирным 1,698970 0,002205
населением 1,522879 0,001976
ситуации 1,000000 0,001298
СМИ 0,481486 0,000625
Турции 1,154902 0,001499
хотят 0,920819 0,001195
выдвинуть 1,698970 0,002205
Эрдогана 1,698970 0,002205
Нобелевскую 1,698970 0,002205
премию 1,397940 0,001814
за 0,180456 0,000234
усилия 1,522879 0,001976
Украине 0,537602 0,002442
Свыше 1,698970 0,002205
тыс 1,096910 0,001424
человек 0,494850 0,000642
прибыли 1,397940 0,001814
Украины 0,721246 0,001404
ВС 1,045757 0,001357
эвакуировали 1,154902 0,001499
более 0,585027 0,000759
мирных 1,397940 0,001814
жителей 0,853872 0,001108
Херсонской 1,154902 0,001499
области 0,721246 0,001404
Экономика 0,568636 0,000738
РИА 1,301030 0,002533
Япония 0,823909 0,001604
ввела 1,301030 0,001689
против 0,387216 0,000503
Сбербанка 1,698970 0,002205
Альфа 1,397940 0,002721
банка 1,301030 0,001689
ТОКИО 1,698970 0,002205
апр 1,397940 0,001814
включит 1,698970 0,002205
свой 0,721246 0,000936
санкционный 1,301030 0,001689
список 0,823909 0,001069
крупные 1,221849 0,001586
российские 0,958607 0,001244
банки 1,698970 0,002205
Сбербанк 1,397940 0,001814
банк 1,397940 0,001814
а 0,327902 0,000426
также 0,494850 0,000642
вводит 1,301030 0,001689
запрет 1,154902 0,001499
новые 0,508638 0,000660
инвестиции 1,397940 0,001814
заявил 0,744727 0,001933
ходе 1,000000 0,001947
пресс 0,886057 0,001150
конференции 1,154902 0,001499
премьер 1,045757 0,001357
министр 1,221849 0,001586
страны 0,638272 0,000828
Фумио 1,522879 0,001976
Кисида 1,522879 0,001976
Ростехе 1,397940 0,001814
рассказали 0,744727 0,000967
сколько 0,920819 0,001793
до 0,244125 0,000475
года 0,356547 0,000463
Аналитики 1,698970 0,002205
предсказали 1,397940 0,001814
рублю 1,698970 0,002205
укрепление 1,301030 0,001689
апреле 0,853872 0,001108
мае 1,221849 0,001586
Ритейлеры 1,698970 0,002205
делать 0,920819 0,001793
запасы 1,522879 0,001976
продуктов 1,301030 0,001689
случай 1,397940 0,001814
повышенного 1,522879 0,001976
спроса 1,397940 0,001814
Общество 0,638272 0,000828
Наука 0,638272 0,000828
Разработана 1,698970 0,002205
методика 1,698970 0,002205
позволяющая 1,698970 0,002205
омолодить 1,698970 0,002205
клетки 1,698970 0,002205
кожи 1,522879 0,002965
лет 0,366532 0,000476
Она 0,958607 0,001244
позволяет 1,301030 0,001689
временно 1,698970 0,002205
включить 1,397940 0,001814
эмбриональные 1,698970 0,002205
гены 1,698970 0,002205
клетках 1,698970 0,002205
человека 0,568636 0,000738
сообщили 0,958607 0,001244
Институте 1,522879 0,001976
Бабрэма 1,698970 0,002205
Reuters 1,397940 0,001814
узнал 1,397940 0,001814
убежище 1,698970 0,002205
для 0,119186 0,000232
яхт 1,522879 0,001976
россиян 0,744727 0,000967
под 0,376751 0,000489
санкциями 1,096910 0,001424
Мальдивах 1,698970 0,002205
От 0,795880 0,001033
чего 0,795880 0,001033
пьянеют 1,698970 0,002205
птицы 1,397940 0,001814
Блогеру 1,698970 0,002205
Хованскому 1,522879 0,001976
вернули 1,522879 0,001976
События 0,886057 0,001150
Ведомости 1,698970 0,002205
Песков 0,744727 0,001450
объяснил 0,769551 0,000999
заявление 1,301030 0,001689
значительных 1,301030 0,002533
потерях 1,096910 0,002135
рамках 1,154902 0,001499
спецоперации 0,744727 0,002900
Пресс 0,657577 0,000853
секретарь 1,221849 0,001586
президента 0,958607 0,001244
Дмитрий 0,602060 0,000781
говоря 1,301030 0,001689
российской 0,958607 0,001866
армии 1,045757 0,001357
опирался 1,397940 0,001814
данные 0,721246 0,000936
погибшем 1,698970 0,002205
военном 1,698970 0,002205
Кадыров 0,958607 0,001244
Мариуполь 1,096910 0,001424
освобожден 1,154902 0,001499
процентов 1,154902 0,001499
Украинские 1,000000 0,001298
войска 1,221849 0,001586
нанесли 1,096910 0,001424
удар 0,920819 0,001195
Точкой 0,958607 0,001244
сообщило 1,698970 0,002205
уничтожении 1,698970 0,002205
вооружения 1,522879 0,001976
техники 1,221849 0,001586
резервов 1,698970 0,002205
Донецкой 1,221849 0,001586
Справки 1,698970 0,002205
Как 0,301030 0,000781
Россия 0,455932 0,000592
мир 0,552842 0,000718
отреагировали 1,698970 0,002205
украинской 1,154902 0,001499
Буче 0,958607 0,001244
карточки 1,522879 0,008894
К 0,638272 0,000828
чему 0,920819 0,001195
пришли 1,154902 0,001499
Москва 0,508638 0,000660
Киев 0,920819 0,001195
переговорах 1,397940 0,001814
во 0,494850 0,000963
дворце 1,522879 0,001976
османских 1,698970 0,002205
султанов 1,698970 0,002205
Каковы 1,698970 0,003308
итоги 1,000000 0,001947
первого 1,000000 0,001298
месяца 0,920819 0,001195
Стелс 1,522879 0,001976
омикрон 1,698970 0,002205
принесет 1,698970 0,002205
новую 0,769551 0,000999
волну 1,397940 0,001814
эпидемии 1,522879 0,001976
Он 0,721246 0,000936
давно 0,823909 0,001069
уже 0,602060 0,000781
нами 1,154902 0,001499
карточек 1,522879 0,004941
Суд 1,154902 0,001499
запретил 1,154902 0,001499
Instagram 1,221849 0,001586
Facebook 0,958607 0,001244
Что 0,346787 0,003826
это 0,292430 0,000569
значит 1,154902 0,001499
пользователей 0,853872 0,001108
Чем 0,920819 0,001793
закончились 1,698970 0,002205
три 0,853872 0,001108
недели 0,769551 0,000999
специальной 1,698970 0,002205
военной 1,221849 0,002379
операции 0,920819 0,001195
двух 0,886057 0,001150
недель 1,397940 0,001814
Лимит 1,698970 0,002205
снятие 1,698970 0,002205
наличной 1,698970 0,002205
валюты 1,301030 0,001689
банковских 1,698970 0,002205
вкладов 1,522879 0,001976
работает 0,657577 0,000853
Уход 1,221849 0,001586
Visa 1,397940 0,002721
Mastercard 1,397940 0,002721
Вопросы 1,154902 0,001499
ответы 1,045757 0,001357
россиянам 1,154902 0,001499
путевками 1,698970 0,002205
авиабилетами 1,698970 0,002205
завершилась 1,301030 0,001689
первая 1,154902 0,001499
неделя 1,397940 0,001814
будет 0,387216 0,000503
российскими 1,154902 0,001499
картами 1,522879 0,001976
Фоторепортажи 1,397940 0,001814
Прощание 0,958607 0,001244
Скончался 1,698970 0,002205
Жириновский 0,677781 0,000880
Пламенная 1,522879 0,001976
борьба 1,698970 0,002205
как 0,251812 0,000327
Франции 1,000000 0,001298
спасают 1,522879 0,001976
виноградники 1,698970 0,002205
Пожар 1,698970 0,002205
нефтебазе 1,522879 0,001976
Белгороде 1,397940 0,001814
Взрывная 1,698970 0,002205
волна 1,522879 0,001976
Весенний 1,301030 0,001689
фестиваль 1,221849 0,001586
Холи 1,698970 0,002205
Индии 1,397940 0,001814
Названа 1,397940 0,001814
Мисс 1,154902 0,001499
Японии 0,958607 0,001244
произошло 1,045757 0,001357
сильное 1,698970 0,002205
землетрясение 1,698970 0,002205
Москве 0,455932 0,000592
отменили 1,522879 0,001976
масочный 1,522879 0,001976
режим 1,397940 0,001814
Переговоры 1,301030 0,001689
Тесты 0,920819 0,001195
Короткий 1,698970 0,002205
тест 0,958607 0,001866
армейским 1,698970 0,002205
традициям 1,698970 0,002205
Правда 1,096910 0,001424
или 0,301030 0,000391
миф 1,522879 0,001976
вы 0,420216 0,001909
знаете 1,301030 0,003377
Эрмитаже 1,522879 0,001976
Тест 0,886057 0,006325
Угадайте 1,522879 0,003953
автора 0,886057 0,001150
цитаты 1,154902 0,001499
любви 0,677781 0,000880
отличите 1,698970 0,002205
правильные 1,698970 0,002205
стихотворения 1,522879 0,001976
Пушкина 1,000000 0,001298
гражданской 1,522879 0,001976
авиации 1,522879 0,001976
откуда 1,397940 0,001814
родом 1,698970 0,002205
эти 0,920819 0,001195
знаменитые 1,698970 0,002205
десерты 1,397940 0,001814
объятиях 1,698970 0,002205
Разбираетесь 1,698970 0,002205
ли 0,397940 0,001033
сыре 1,698970 0,002205
Понимаете 1,698970 0,002205
журналистский 1,698970 0,002205
сленг 1,397940 0,001814
каком 1,301030 0,001689
языке 0,886057 0,001150
так 0,522879 0,000679
благодарят 1,698970 0,002205
происходит 0,920819 0,001195
этой 0,744727 0,000967
фотографии 1,154902 0,001499
Помните 1,397940 0,001814
Навигатор 1,522879 0,001976
такое 0,638272 0,004556
коворкинг 1,698970 0,002205
простыми 1,698970 0,007718
словами 1,522879 0,006918
легитимность 1,698970 0,002205
диверсификация 1,698970 0,002205
договор 1,522879 0,001976
цессии 1,698970 0,002205
коллаборация 1,698970 0,002205
Когда 0,602060 0,000781
отмечают 1,698970 0,002205
День 0,795880 0,001033
бухгалтера 1,698970 0,002205
эквайринг 1,698970 0,002205
деноминация 1,698970 0,002205
CRM 1,698970 0,002205
система 1,221849 0,001586
фрустрация 1,698970 0,002205
зарегистрироваться 1,522879 0,001976
самозанятым 1,698970 0,002205
пошаговая 1,698970 0,002205
инструкция 1,698970 0,002205
стагнация 1,698970 0,002205
div 1,000000 0,005840
class 1,397940 0,005443
js 1,045757 0,001357
module 1,698970 0,003308
data 1,154902 0,003747
SlotModel 1,698970 0,002205
view 1,397940 0,001814
SlotView 1,698970 0,002205
id 1,154902 0,001499
Подпишитесь 1,154902 0,001499
нас 0,508638 0,000660
RuО 1,698970 0,002205
Реклама 0,387216 0,000503
Отменить 1,397940 0,001814
RSS 0,853872 0,001108
Мобильная 1,000000 0,001298
О 0,207608 0,000269
проекте 0,657577 0,000853
Использование 1,045757 0,001357
материалов 0,585027 0,000759
Обратная 0,585027 0,000759
связь 0,552842 0,000718
img 0,795880 0,001033
src 0,795880 0,001033
https 0,721246 0,000936
rs 1,698970 0,002205
mail 0,721246 0,000936
d 1,301030 0,001689
gif 1,698970 0,002205
rnd 1,698970 0,002205
ts 1,698970 0,002205
sz 1,698970 0,002205
style 0,823909 0,002139
width 1,221849 0,001586
height 1,221849 0,001586
position 0,853872 0,001108
absolute 0,958607 0,001244
visibility 1,522879 0,001976
hidden 1,698970 0,003308
alt 0,886057 0,001150
pulse 1,698970 0,008820
h 1,522879 0,002965
title 1,522879 0,002965
Пульс 1,698970 0,002205
p 1,221849 0,001586
in 1,000000 0,001298
lenta 1,698970 0,004410
root 1,698970 0,003308
script 1,397940 0,002721
function 1,397940 0,002721
window 1,301030 0,004221
callback 1,698970 0,004410
var 1,522879 0,001976
currentPageUTM 1,698970 0,004410
UTMApi 1,698970 0,002205
new 1,000000 0,001298
Pulse 1,698970 0,003308
Lenta 1,397940 0,001814
mediaproject 1,698970 0,002205
news 1,154902 0,001499
null 1,522879 0,001976
lazy 1,698970 0,002205
maxColumns 1,698970 0,002205
partnerId 1,698970 0,002205
hasHeader 1,698970 0,002205
false 1,522879 0,001976
showCardSkeletons 1,698970 0,002205
true 1,698970 0,002205
render 1,698970 0,002205
pulseAsyncInit 1,698970 0,002205
this 1,096910 0,001424
background 1,698970 0,002205
color 1,698970 0,003308
c 0,920819 0,002390
overflow 1,698970 0,002205
fff 1,698970 0,002205
margin 1,698970 0,002205
px 0,920819 0,001195
text 1,698970 0,002205
align 1,698970 0,002205
center 1,698970 0,002205
