Телеканал 0,769551 0,002088
Карусель 1,698970 0,013832
официальный 1,221849 0,003316
сайт 0,494850 0,001343
смотреть 0,769551 0,002088
детские 1,301030 0,003531
передачи 1,301030 0,003531
бесплатно 1,045757 0,002838
в 0,070581 0,000575
хорошем 1,698970 0,004611
качестве 1,096910 0,002977
div 1,000000 0,002714
img 0,795880 0,002160
src 0,795880 0,002160
https 0,721246 0,001957
mc 1,000000 0,002714
yandex 1,000000 0,002714
ru 0,187087 0,000508
watch 1,000000 0,002714
style 0,823909 0,002236
position 0,853872 0,002317
absolute 0,958607 0,002601
left 0,958607 0,002601
px 0,920819 0,002499
alt 0,886057 0,002404
Телепрограмма 1,000000 0,005427
Новости 0,221849 0,002709
Видео 0,431798 0,002929
Игры 0,886057 0,008416
Афиша 0,795880 0,005399
Читалка 1,698970 0,009221
Конкурсы 1,045757 0,007095
ищет 1,096910 0,002977
веселую 1,698970 0,004611
семью 1,154902 0,003134
для 0,119186 0,001132
участия 1,045757 0,002838
шоу 0,657577 0,002677
Семья 1,000000 0,005427
на 0,075721 0,001130
ура 1,522879 0,008265
Событие 1,698970 0,004611
День 0,795880 0,002160
российской 0,958607 0,002601
анимации 1,301030 0,003531
апреля 0,301030 0,000817
Тесты 0,920819 0,004998
Кто 0,638272 0,004330
вы 0,420216 0,002851
из 0,167491 0,001136
мультсериала 1,698970 0,006916
Супер 1,221849 0,004974
МЯУ 1,698970 0,006916
Сегодня 0,677781 0,001839
эфире 0,823909 0,002236
Подробнее 0,698970 0,030349
Гимн 1,698970 0,004611
телеканала 0,958607 0,002601
Новые 0,552842 0,001500
видео 0,568636 0,002315
Все 0,148742 0,001211
Проще 1,698970 0,006916
простого 1,698970 0,006916
Выпуск 1,154902 0,010969
Декоративная 1,698970 0,004611
подставка 1,698970 0,004611
телефона 1,397940 0,003794
Навигатор 1,522879 0,010332
что 0,187087 0,000508
хотели 1,397940 0,003794
знать 1,000000 0,002714
но 0,481486 0,001307
боялись 1,698970 0,004611
спросить 1,397940 0,003794
Сезон 0,958607 0,002601
игры 1,000000 0,006784
Три 0,823909 0,006708
кота 1,221849 0,006631
Гонки 1,522879 0,004133
скейтах 1,698970 0,004611
Динамичная 1,698970 0,004611
и 0,075721 0,000822
красивая 1,698970 0,004611
бесплатная 1,397940 0,003794
игра 1,301030 0,005296
реакцию 1,397940 0,003794
Коржик 1,698970 0,004611
Карамелька 1,698970 0,004611
Компот 1,698970 0,004611
а 0,327902 0,000890
также 0,494850 0,001343
другие 0,677781 0,001839
персонажи 1,397940 0,003794
мультфильма 1,698970 0,004611
Кота 1,698970 0,006916
катаются 1,698970 0,004611
скейтбордах 1,698970 0,004611
персонажей 1,221849 0,004974
самый 0,958607 0,005203
быстрый 1,698970 0,004611
внимательный 1,698970 0,004611
У 0,431798 0,001172
кого 0,853872 0,002317
красивый 1,698970 0,004611
мощный 1,522879 0,004133
скейт 1,698970 0,004611
Давайте 1,397940 0,003794
рисовать 1,522879 0,006199
Учись 1,698970 0,004611
развивай 1,698970 0,004611
свои 0,698970 0,001897
творческие 1,522879 0,004133
способности 1,397940 0,003794
используя 1,397940 0,003794
два 0,853872 0,002317
режима 1,397940 0,003794
свободное 1,397940 0,003794
рисование 1,522879 0,004133
раскрашивание 1,698970 0,004611
загруженной 1,698970 0,004611
картинки 1,301030 0,003531
или 0,301030 0,002451
фотографии 1,154902 0,003134
Свинка 1,698970 0,004611
Пеппа 1,698970 0,006916
Грязные 1,698970 0,004611
лужи 1,698970 0,009221
идет 0,958607 0,002601
прогулку 1,522879 0,004133
своих 0,657577 0,001784
новых 0,508638 0,001380
резиновых 1,698970 0,004611
сапогах 1,397940 0,003794
Помоги 1,698970 0,004611
свинке 1,698970 0,004611
запрыгивать 1,698970 0,004611
грязные 1,522879 0,004133
нажимая 1,698970 0,004611
клавишу 1,698970 0,004611
пробел 1,698970 0,004611
Зарабатывай 1,698970 0,004611
дополнительные 1,096910 0,002977
очки 1,301030 0,003531
собирая 1,698970 0,004611
шарики 1,698970 0,004611
Но 0,619789 0,001682
не 0,142668 0,000387
пропускай 1,698970 0,004611
одной 0,958607 0,002601
иначе 1,301030 0,003531
потеряешь 1,522879 0,004133
все 0,292430 0,000794
жизни 0,443697 0,001204
закончится 0,958607 0,002601
Cut 1,698970 0,006916
the 0,958607 0,003902
Rope 1,698970 0,006916
Пазлы 1,698970 0,006916
Собирай 1,698970 0,004611
красочные 1,698970 0,004611
пазлы 1,698970 0,004611
с 0,102373 0,000278
персонажами 1,698970 0,004611
мультика 1,698970 0,004611
Красочный 1,698970 0,004611
простой 1,522879 0,004133
интуитивный 1,698970 0,004611
интерфейс 1,301030 0,003531
подходит 1,397940 0,003794
детей 0,431798 0,001172
от 0,193820 0,000526
х 0,769551 0,002088
лет 0,366532 0,000995
Передачи 1,221849 0,006631
Каталог 1,301030 0,008827
Царевны 1,698970 0,004611
Катя 1,301030 0,003531
Эф 1,698970 0,004611
КУДА 1,698970 0,004611
УГОДНО 1,698970 0,004611
ДВЕРЬ 1,698970 0,004611
Ералаш 1,522879 0,004133
Трам 1,698970 0,004611
пам 1,698970 0,006916
Турбозавры 1,698970 0,004611
Студия 1,221849 0,003316
Каляки 1,698970 0,004611
Маляки 1,698970 0,004611
Ми 1,698970 0,006916
Мишки 1,698970 0,004611
О 0,207608 0,000845
Енотки 1,698970 0,004611
Съедобное 1,698970 0,004611
несъедобное 1,698970 0,004611
тесты 1,301030 0,003531
Веришь 1,698970 0,004611
нет 0,619789 0,001682
Каверзные 1,698970 0,004611
вопросы 0,744727 0,002021
о 0,136677 0,000371
животных 1,045757 0,002838
Угадайте 1,522879 0,004133
Долины 1,698970 0,004611
Муми 1,698970 0,004611
троллей 1,698970 0,004611
по 0,124939 0,001187
картинкам 1,698970 0,006916
Разгадайте 1,698970 0,004611
весенние 1,698970 0,004611
анаграммы 1,698970 0,004611
Мультсериалы 1,698970 0,006916
девочек 1,221849 0,003316
отгадайте 1,698970 0,006916
одному 1,522879 0,006199
кадру 1,522879 0,006199
Опрос 1,397940 0,003794
Смешариков 1,522879 0,004133
ваш 0,853872 0,002317
любимый 1,397940 0,003794
мальчиков 1,397940 0,003794
Внимательно 1,698970 0,004611
ли 0,397940 0,001080
смотрели 1,698970 0,004611
Подпишитесь 1,154902 0,003134
наши 1,045757 0,002838
новости 0,420216 0,001140
Подписаться 0,795880 0,002160
телеканал 1,154902 0,003134
всей 0,920819 0,002499
семьи 0,853872 0,002317
Главные 0,769551 0,002088
Герои 1,522879 0,004133
канале 1,045757 0,002838
Реклама 0,387216 0,001051
Документы 1,096910 0,002977
Дайджест 1,698970 0,009221
Программа 0,958607 0,002601
передач 1,045757 0,002838
Фильм 1,154902 0,003134
Сериал 1,000000 0,002714
Мультфильм 1,221849 0,003316
Мультсериал 1,522879 0,004133
Телешоу 1,698970 0,004611
Другое 1,301030 0,005296
Соедини 1,698970 0,004611
точки 1,221849 0,003316
Развлекательные 1,698970 0,004611
Развивающие 1,698970 0,004611
Головоломки 1,522879 0,004133
брендам 1,522879 0,004133
Концерты 1,301030 0,003531
Театр 0,920819 0,002499
Цирк 1,698970 0,004611
Выставки 1,045757 0,002838
Экскурсии 1,397940 0,003794
События 0,886057 0,002404
Премьеры 1,096910 0,002977
Кастинги 1,301030 0,003531
Плейлисты 1,698970 0,004611
Видеоблоги 1,698970 0,004611
Видеокаталог 1,698970 0,004611
АО 0,795880 0,002160
права 0,431798 0,001172
защищены 0,602060 0,001634
Полное 1,301030 0,003531
частичное 1,397940 0,003794
копирование 1,301030 0,003531
материалов 0,585027 0,001588
запрещено 1,221849 0,003316
Поиск 0,619789 0,002523
Для 0,494850 0,001343
осуществления 1,522879 0,004133
данного 1,301030 0,003531
действия 1,221849 0,003316
необходимо 0,920819 0,002499
войти 1,221849 0,003316
зарегистрироваться 1,522879 0,004133
Закрыть 1,000000 0,002714
Войти 0,508638 0,001380
сайту 1,096910 0,002977
Выбрать 1,096910 0,002977
раздел 1,301030 0,003531
поиска 1,221849 0,003316
Любой 1,301030 0,003531
Найти 0,853872 0,002317
Отмена 1,301030 0,003531
