Государственный 1,221849 0,045254
каталог 1,154902 0,064161
Музейного 1,522879 0,056403
фонда 1,698970 0,094387
Российской 0,769551 0,057004
Федерации 0,795880 0,058954
МИНИСТЕРСТВО 1,698970 0,062925
КУЛЬТУРЫ 1,698970 0,062925
РОССИЙСКОЙ 1,698970 0,062925
ФЕДЕРАЦИИ 1,698970 0,062925
Войти 0,508638 0,018838
в 0,070581 0,002614
личный 1,221849 0,045254
кабинет 1,045757 0,038732
Вверх 1,698970 0,062925
музейного 1,698970 0,062925
Новости 0,221849 0,008217
Документы 1,096910 0,040626
F 1,154902 0,042774
A 0,886057 0,032817
Q 1,522879 0,056403
Контакты 0,455932 0,016886
Министерство 1,301030 0,048186
культуры 0,795880 0,029477
