СМОТРИМ 1,522879 0,000815
ГЛАВНОЕ 1,397940 0,001497
ВЕСТИ 1,522879 0,001630
ФИЛЬМЫ 1,522879 0,001630
СЕРИАЛЫ 1,397940 0,001497
ШОУ 1,397940 0,001497
И 0,408935 0,000438
ЭФИР 1,397940 0,001497
РОССИЙСКИХ 1,522879 0,001630
КАНАЛОВ 1,522879 0,001630
Главное 0,657577 0,001056
Вести 1,096910 0,017616
Кино 0,677781 0,001814
и 0,075721 0,000932
шоу 0,657577 0,001760
Слушаем 1,397940 0,007484
Эфир 0,958607 0,004619
Специальная 1,301030 0,002089
военная 1,301030 0,002089
операция 1,000000 0,002141
Найти 0,853872 0,000914
Показать 0,886057 0,000949
все 0,292430 0,000313
результаты 1,154902 0,001237
Выберите 1,000000 0,001071
регион 1,397940 0,001497
Нижний 0,853872 0,001371
Новгород 0,886057 0,000949
Тагил 1,397940 0,001497
Нижневартовск 1,522879 0,001630
Нижнекамск 1,522879 0,001630
Нижнее 1,522879 0,003261
Хваршини 1,522879 0,001630
Ишкарты 1,522879 0,001630
Нижнеидрисово 1,522879 0,001630
Солотвино 1,522879 0,001630
Определять 1,522879 0,001630
автоматически 1,397940 0,001497
смотрим 1,397940 0,001497
Смотрим 1,397940 0,005987
на 0,075721 0,000486
iOS 1,000000 0,001606
Android 0,958607 0,001540
LIVE 1,154902 0,002473
Трансляция 1,221849 0,001308
новый 0,552842 0,000592
выпуск 1,000000 0,001071
Общественно 1,397940 0,001497
политическое 1,397940 0,001497
ток 1,221849 0,001962
Вечер 1,221849 0,005233
с 0,102373 0,000658
Владимиром 0,677781 0,003266
Соловьевым 1,397940 0,005987
слушаем 1,522879 0,001630
Культура 0,638272 0,000683
История 0,494850 0,000530
наука 1,301030 0,001393
искусство 1,045757 0,006718
Спецпроекты 0,657577 0,000704
Прямой 0,823909 0,000882
эфир 0,795880 0,000852
Популярное 0,853872 0,000914
Все 0,148742 0,000398
сразу 0,795880 0,000852
Новые 0,552842 0,001480
серии 0,920819 0,001972
Выпуски 1,301030 0,001393
передач 1,045757 0,001120
Ко 1,221849 0,001308
Дню 0,958607 0,001026
анимации 1,301030 0,001393
фильмов 0,795880 0,000852
Денис 0,853872 0,001828
Пушилин 1,096910 0,002349
очередное 1,301030 0,002786
военное 1,301030 0,002786
преступление 1,154902 0,002473
ВСУ 0,744727 0,001993
минут 0,920819 0,004436
ЦБ 0,795880 0,000852
РФ 0,568636 0,001218
снизил 0,698970 0,000748
ключевую 0,677781 0,000726
ставку 0,657577 0,000704
до 0,244125 0,000523
годовых 0,886057 0,000949
Экономика 0,568636 0,000609
Запад 1,000000 0,001071
Украине 0,537602 0,000863
пытается 1,154902 0,001237
дискредитировать 1,522879 0,001630
российскую 1,096910 0,001174
власть 1,221849 0,001308
Политолог 1,154902 0,001237
о 0,136677 0,000585
беспределе 1,522879 0,001630
Зеленского 0,958607 0,001540
в 0,070581 0,001360
греческом 1,397940 0,001497
парламенте 1,221849 0,001308
Россия 0,455932 0,000732
должна 0,958607 0,001026
стремиться 1,397940 0,001497
к 0,207608 0,000333
инвестиционной 1,522879 0,001630
реальности 1,154902 0,001237
развития 0,721246 0,000772
Мир 0,698970 0,000748
по 0,124939 0,000803
американски 1,522879 0,001630
мир 0,552842 0,000888
российски 1,522879 0,001630
от 0,193820 0,001453
Политические 1,522879 0,001630
петли 1,522879 0,001630
Трансформация 1,522879 0,001630
экономики 1,045757 0,001120
Кадыров 0,958607 0,001026
получил 0,958607 0,001026
погоны 1,522879 0,001630
генерал 1,301030 0,002089
лейтенанта 1,522879 0,001630
Как 0,301030 0,000322
под 0,376751 0,000807
копирку 1,522879 0,001630
США 0,508638 0,000545
используют 1,397940 0,001497
антироссийский 1,522879 0,001630
сценарий 1,221849 0,001308
против 0,387216 0,000622
Китая 1,045757 0,001120
километров 1,522879 0,001630
Славянска 1,522879 0,001630
как 0,251812 0,000539
идет 0,958607 0,001026
наступление 1,397940 0,002245
российской 0,958607 0,001026
армии 1,045757 0,001120
Тарас 1,154902 0,001855
Бульба 1,154902 0,001855
Бортко 1,397940 0,001497
снова 0,769551 0,001236
выходит 0,958607 0,001026
прокат 1,221849 0,001308
Европа 0,853872 0,001371
потеряла 1,221849 0,001308
единство 1,397940 0,001497
Год 0,958607 0,001026
побед 1,522879 0,001630
Кровь 1,301030 0,002786
кланов 1,522879 0,003261
Мишустин 0,920819 0,001479
закрыть 1,096910 0,001174
седьмую 1,522879 0,001630
часть 0,795880 0,000852
суши 1,522879 0,001630
невозможно 1,221849 0,001308
была 0,744727 0,000797
есть 0,568636 0,000913
будет 0,387216 0,000415
Российские 0,920819 0,000986
военные 0,920819 0,000986
нас 0,508638 0,000545
воюет 1,397940 0,001497
вся 1,221849 0,001308
Неонацисты 1,522879 0,002446
не 0,142668 0,000458
могут 0,522879 0,000840
уйти 1,221849 0,001962
возмездия 1,397940 0,002245
Уникальная 1,522879 0,001630
монтируют 1,522879 0,001630
реактор 1,522879 0,001630
корпусе 1,522879 0,001630
ледокола 1,522879 0,001630
Два 0,853872 0,001828
сердца 1,301030 0,002089
Зацепка 1,522879 0,014674
Красота 0,920819 0,001479
требует 1,096910 0,001762
жертв 1,154902 0,001855
Воровка 1,397940 0,002245
Взрыв 1,522879 0,002446
Роман 0,795880 0,002130
Сглаз 1,397940 0,002245
Фальшивка 1,522879 0,002446
Другой 1,522879 0,002446
человек 0,494850 0,000795
Серия 1,154902 0,009892
Когда 0,602060 0,002578
закончится 0,958607 0,004105
февраль 1,522879 0,006522
Холодные 1,522879 0,007337
берега 1,397940 0,008232
Возвращение 1,096910 0,005285
Ростов 0,958607 0,001540
Дону 1,000000 0,001071
Особняки 1,522879 0,001630
Парамоновых 1,522879 0,001630
камне 1,522879 0,002446
Архитектурные 1,522879 0,002446
шедевры 1,522879 0,002446
мира 0,537602 0,001151
Половой 1,522879 0,001630
Забытое 1,522879 0,001630
ремесло 1,522879 0,001630
Какие 0,721246 0,000772
макароны 1,397940 0,002245
полезны 1,522879 0,001630
для 0,119186 0,000255
здоровья 0,958607 0,001026
О 0,207608 0,000556
самом 0,886057 0,001897
главном 1,096910 0,002349
Реформация 1,522879 0,001630
козни 1,522879 0,001630
нечистой 1,522879 0,001630
силы 0,958607 0,001026
Власть 1,221849 0,001308
факта 1,397940 0,001497
Старая 1,301030 0,001393
Ладога 1,522879 0,001630
Первая 1,096910 0,001174
древнерусская 1,522879 0,001630
столица 1,397940 0,001497
Предки 1,522879 0,001630
наших 0,823909 0,000882
предков 1,522879 0,001630
Доктор 0,853872 0,000914
Мясников 1,397940 0,001497
подробно 1,301030 0,001393
рассказал 0,619789 0,000995
дженериках 1,522879 0,001630
Казань 0,823909 0,000882
Дом 0,698970 0,000748
Зинаиды 1,522879 0,001630
Ушковой 1,522879 0,001630
Периодический 1,522879 0,001630
закон 1,221849 0,001308
Менделеева 1,522879 0,001630
Первые 1,096910 0,001174
мире 0,468521 0,000502
Утро 1,221849 0,003925
России 0,251812 0,001348
Великий 1,221849 0,001308
Пешком 1,522879 0,001630
Перспективы 1,522879 0,001630
обновления 1,301030 0,001393
отечественного 1,397940 0,001497
авиапарка 1,522879 0,001630
Гимнастика 1,522879 0,001630
тай 1,522879 0,001630
чи 1,522879 0,001630
поможет 0,886057 0,000949
сохранить 1,000000 0,001071
молодость 1,221849 0,001308
тела 1,301030 0,001393
духа 1,397940 0,001497
Ажиотаж 1,301030 0,001393
аптеках 1,397940 0,001497
обиды 1,397940 0,001497
Правила 0,853872 0,000914
вежливости 1,397940 0,001497
водителей 1,045757 0,001120
Нацпроект 1,301030 0,001393
Образование 0,886057 0,000949
IT 0,920819 0,001479
кубы 1,522879 0,001630
Рене 1,397940 0,001497
Магритт 1,522879 0,001630
Цвет 1,397940 0,001497
времени 0,721246 0,000772
Николай 0,744727 0,000797
Иванов 1,096910 0,001174
Реки 1,397940 0,001497
помнят 1,397940 0,001497
свои 0,698970 0,000748
Открытая 1,301030 0,001393
книга 0,958607 0,001026
Последние 0,853872 0,000914
повстанцы 1,522879 0,001630
Новости 0,221849 0,000713
культуры 0,795880 0,001704
Мастера 1,221849 0,001308
искусств 1,096910 0,001762
Борис 0,769551 0,001648
Чирков 1,522879 0,001630
Народный 1,397940 0,001497
артист 1,221849 0,001308
СССР 0,795880 0,000852
XX 0,958607 0,001026
век 1,000000 0,001071
Президент 1,000000 0,001071
попрощался 1,301030 0,001393
Жириновским 0,585027 0,000626
Под 1,096910 0,001762
Одессой 1,096910 0,001762
уничтожен 1,301030 0,002089
центр 0,638272 0,001025
подготовки 1,000000 0,001606
иностранных 0,886057 0,001423
наемников 0,958607 0,001540
Аномальное 1,522879 0,001630
потепление 1,397940 0,001497
надвигается 1,522879 0,001630
Русскую 1,522879 0,001630
равнину 1,522879 0,001630
Сергей 0,468521 0,000752
Лавров 1,000000 0,001606
об 0,292430 0,000470
истинных 1,397940 0,001497
замыслах 1,397940 0,001497
киевской 1,397940 0,001497
дипломатии 1,301030 0,001393
Силы 1,522879 0,001630
безопасности 0,958607 0,001026
Израиля 1,301030 0,001393
ликвидировали 1,301030 0,001393
террориста 1,397940 0,001497
Мы 0,537602 0,000576
выстояли 1,397940 0,001497
Думе 1,397940 0,001497
прочности 1,397940 0,001497
сейчас 0,657577 0,000704
сериалы 0,920819 0,001479
Скоро 1,000000 0,001071
Донбасс 0,886057 0,000949
документалистика 1,522879 0,008968
Новая 0,823909 0,000882
серия 1,000000 0,001071
Стража 1,522879 0,001630
фантастика 1,045757 0,001120
София 1,301030 0,001393
драма 1,045757 0,001679
Док 1,397940 0,001497
Жириновский 0,677781 0,000726
Хит 1,397940 0,002245
надежды 1,221849 0,001308
мелодрама 1,301030 0,001393
Новинки 0,853872 0,000914
Семинар 1,522879 0,001630
Песни 1,045757 0,001120
всей 0,920819 0,000986
души 0,958607 0,001026
Солярис 1,522879 0,001630
Ну 1,045757 0,001120
вот 0,795880 0,000852
я 0,522879 0,000560
тебя 1,096910 0,001174
люблю 1,154902 0,001237
Воительница 1,522879 0,001630
из 0,167491 0,000179
Бирки 1,522879 0,001630
Почему 0,522879 0,000560
исчезли 1,522879 0,001630
неандертальцы 1,522879 0,001630
Александра 0,638272 0,000683
Коллонтай 1,522879 0,001630
Вихри 1,522879 0,001630
века 0,721246 0,000772
XV 1,522879 0,001630
Зимний 1,221849 0,001308
международный 1,522879 0,001630
фестиваль 1,221849 0,001308
Юрия 1,154902 0,001237
Башмета 1,522879 0,001630
Сочи 0,920819 0,000986
Тайны 1,221849 0,001308
небес 1,301030 0,001393
Иоганна 1,522879 0,001630
Кеплера 1,522879 0,001630
Школа 1,154902 0,001237
будущего 0,823909 0,000882
Концерт 1,397940 0,001497
митинг 1,397940 0,001497
Za 1,522879 0,001630
без 0,387216 0,000415
нацизма 1,397940 0,001497
Zа 1,522879 0,002446
Россию 0,568636 0,000609
Президентa 1,522879 0,001630
Эрнест 1,397940 0,001497
Бо 1,397940 0,001497
Император 1,522879 0,001630
русской 0,744727 0,000797
парфюмерии 1,522879 0,001630
Белая 1,154902 0,001855
студия 1,221849 0,001962
В 0,167491 0,000538
новом 0,853872 0,001371
выпуске 1,221849 0,001962
Белой 1,397940 0,003742
студии 1,154902 0,003091
Андрей 0,552842 0,000888
Кончаловский 1,397940 0,002245
гостях 1,154902 0,001237
у 0,387216 0,000415
Станислав 1,154902 0,001237
Говорухин 1,522879 0,001630
культура 1,221849 0,003925
Гость 1,221849 0,001962
программы 0,823909 0,000882
Алексей 0,602060 0,001612
Маслов 1,522879 0,002446
театральный 1,522879 0,001630
художник 1,096910 0,001174
Мессерер 1,522879 0,002446
Виктор 0,795880 0,001278
Добронравов 1,522879 0,003261
Видео 0,431798 0,000693
проекта 0,886057 0,000949
Федор 1,397940 0,002245
Юрий 0,795880 0,001704
Колокольников 1,522879 0,001630
Гуськов 1,522879 0,001630
Норштейн 1,522879 0,001630
Соловьев 1,154902 0,001855
мечте 1,522879 0,001630
можжевеловых 1,522879 0,001630
дровишках 1,522879 0,001630
общество 0,958607 0,001540
Клим 1,301030 0,001393
Шипенко 1,397940 0,001497
Кузнецов 1,221849 0,001308
Сезон 0,958607 0,001026
охоты 1,301030 0,001393
Ситуация 1,154902 0,001855
Донбассе 0,958607 0,002053
эксклюзив 1,397940 0,001497
Украина 0,698970 0,000748
Удар 1,154902 0,001237
Краматорску 0,744727 0,000797
Киев 0,920819 0,000986
скрывал 1,397940 0,001497
что 0,187087 0,000300
готовит 1,154902 0,001237
провокации 1,096910 0,001174
Украинская 1,397940 0,001497
Точка 0,795880 0,000852
ударила 1,301030 0,001393
вокзалу 0,853872 0,000914
Краматорске 0,823909 0,000882
жертвы 1,397940 0,001497
Из 0,698970 0,000748
Мариуполя 0,853872 0,000914
эвакуировали 1,154902 0,001237
более 0,585027 0,000626
детей 0,431798 0,000462
теме 1,045757 0,001120
ДНР 0,823909 0,000882
следствие 1,301030 0,001393
приходится 1,397940 0,001497
вести 1,045757 0,001120
свист 1,522879 0,001630
пуль 1,397940 0,001497
Александр 0,468521 0,000502
Лиманский 1,522879 0,001630
Энергодар 1,522879 0,001630
работает 0,657577 0,001056
полную 1,397940 0,001497
силу 1,301030 0,001393
Рубежном 1,397940 0,001497
украинские 1,096910 0,001174
бандформирования 1,522879 0,001630
прижаты 1,522879 0,001630
промзоне 1,522879 0,001630
южным 1,522879 0,001630
окраинам 1,522879 0,001630
Эдуард 1,221849 0,001308
Басурин 1,045757 0,001120
Мариуполе 1,045757 0,001120
продолжается 1,221849 0,001308
зачистка 1,522879 0,001630
националистов 0,958607 0,001026
Селиванов 1,397940 0,001497
Запорожская 1,522879 0,001630
АЭС 1,522879 0,001630
контролем 1,522879 0,001630
образцово 1,522879 0,001630
Интервью 0,638272 0,000683
НАТО 0,769551 0,000824
пока 1,000000 0,001071
решила 1,154902 0,001237
усилить 1,397940 0,001497
поддержку 1,000000 0,001071
Украины 0,721246 0,001158
ГА 1,522879 0,001630
ООН 0,823909 0,000882
членстве 1,522879 0,001630
Совете 1,397940 0,001497
правам 1,301030 0,001393
человека 0,568636 0,000609
Пентагон 1,397940 0,001497
предоставляет 1,154902 0,001237
разведданные 1,522879 0,001630
боевых 1,301030 0,001393
действий 1,301030 0,001393
Уверенное 1,522879 0,001630
военных 0,795880 0,001278
Донбасса 0,886057 0,000949
Обстановка 1,397940 0,001497
славянском 1,397940 0,001497
направлении 1,301030 0,001393
Канал 1,221849 0,001308
теперь 0,677781 0,000726
телеэфире 1,397940 0,001497
Тараса 1,397940 0,001497
Бульбу 1,522879 0,001630
Гоголю 1,522879 0,001630
покажут 1,301030 0,001393
кино 0,568636 0,000913
Захватывающие 1,522879 0,001630
исторические 1,397940 0,001497
смотреть 0,769551 0,000824
ожидании 1,397940 0,001497
Елизаветы 1,301030 0,001393
Юные 1,522879 0,001630
гении 1,522879 0,001630
со 0,387216 0,000415
сверхспособностями 1,522879 0,001630
мозга 1,154902 0,001237
кубах 1,522879 0,001630
Передачи 1,221849 0,001308
Подкасты 0,744727 0,000797
Мифы 1,221849 0,001308
Древней 1,221849 0,001308
Греции 1,045757 0,001120
эпизодов 1,522879 0,010598
Скрытая 1,397940 0,001497
логика 1,301030 0,001393
поступков 1,301030 0,001393
Черты 1,522879 0,001630
города 0,698970 0,000748
Маяк 1,154902 0,001237
спорте 1,522879 0,001630
оттенков 1,522879 0,001630
стильного 1,397940 0,001497
Острова 1,397940 0,001497
Любить 1,522879 0,001630
нельзя 0,853872 0,000914
воспитывать 1,522879 0,001630
Записные 1,522879 0,001630
истины 1,301030 0,001393
Путеводитель 1,096910 0,001174
искусству 1,522879 0,001630
эпизода 1,301030 0,003482
Моя 1,096910 0,001174
Лола 1,522879 0,001630
Записки 1,301030 0,001393
мать 0,958607 0,001026
мачехи 1,522879 0,001630
Зарядка 1,522879 0,001630
Фильмы 0,744727 0,000797
изменившие 1,301030 0,001393
историю 0,795880 0,000852
Мужчина 1,154902 0,001237
Руководство 1,301030 0,001393
эксплуатации 1,301030 0,001393
Вселенной 1,397940 0,001497
Брендятина 1,522879 0,001630
Медицина 1,221849 0,001308
лицах 1,522879 0,001630
выпуски 1,221849 0,001962
Российский 0,853872 0,000914
радиоуниверситет 1,397940 0,001497
Молочные 1,397940 0,001497
реки 1,301030 0,001393
санкционных 1,301030 0,001393
берегах 1,301030 0,001393
Контроль 1,301030 0,001393
качества 1,154902 0,001237
корма 1,397940 0,001497
Физики 1,397940 0,002245
лирики 1,397940 0,002245
Об 0,698970 0,000748
экскурсиях 1,397940 0,001497
Открыть 1,301030 0,001393
Петербург 0,920819 0,000986
Радиоканал 1,397940 0,005239
Аресты 1,522879 0,001630
Генпрокуратура 1,522879 0,001630
арестовала 1,522879 0,001630
тысяч 0,744727 0,000797
железнодорожных 1,397940 0,001497
вагонов 1,397940 0,001497
Белоруссии 1,154902 0,001237
Элемент 1,397940 0,001497
Пушного 1,522879 0,001630
Хлор 1,522879 0,001630
Песня 1,154902 0,001237
случаю 1,522879 0,001630
Крепитесь 1,522879 0,001630
люди 0,677781 0,000726
скоро 0,958607 0,001026
лето 1,045757 0,001120
Смотри 1,154902 0,001237
пропусти 1,301030 0,001393
Финансовый 1,397940 0,001497
аспект 1,522879 0,001630
Авторские 1,301030 0,001393
материалы 0,537602 0,000863
Прорвали 1,522879 0,001630
оборону 1,397940 0,001497
противника 1,221849 0,001308
подвиги 1,154902 0,001237
российских 0,468521 0,000502
борьбе 1,096910 0,001174
украинскими 1,096910 0,001174
националистами 1,522879 0,001630
Начальник 1,522879 0,001630
французской 1,301030 0,001393
военной 1,221849 0,001308
разведки 1,397940 0,001497
Эрик 1,397940 0,001497
Видо 1,522879 0,001630
покинул 1,096910 0,001174
свой 0,721246 0,000772
пост 1,045757 0,001120
платформе 1,096910 0,001174
Пользовательское 0,677781 0,000726
соглашение 0,619789 0,000664
сервиса 1,301030 0,001393
Обратная 0,585027 0,000626
связь 0,552842 0,000592
Реклама 0,387216 0,000415
сайте 0,431798 0,000693
Сетевое 0,795880 0,000852
издание 0,657577 0,000704
Учредитель 0,698970 0,000748
Федеральное 1,045757 0,001120
государственное 1,154902 0,001237
унитарное 1,154902 0,001237
предприятие 1,096910 0,001174
Всероссийская 1,221849 0,001308
государственная 1,221849 0,001308
телевизионная 1,221849 0,001308
радиовещательная 1,221849 0,001308
компания 0,958607 0,001026
ВГТРК 1,154902 0,001855
Свидетельство 0,721246 0,000772
регистрации 0,638272 0,000683
СМИ 0,481486 0,000516
ЭЛ 0,823909 0,000882
ФС 0,522879 0,000560
Выдано 1,301030 0,001393
Федеральной 0,619789 0,000664
службой 0,744727 0,000797
надзору 0,619789 0,000664
сфере 0,552842 0,000592
связи 0,455932 0,000488
информационных 0,585027 0,000626
технологий 0,568636 0,000609
массовых 0,568636 0,000609
коммуникаций 0,585027 0,000626
Главный 0,585027 0,000626
редактор 0,585027 0,000626
Виноградов 1,221849 0,001308
Е 1,096910 0,001174
А 0,376751 0,000403
Адрес 0,721246 0,000772
электронной 0,886057 0,000949
почты 0,886057 0,000949
редакции 0,481486 0,000773
info 0,886057 0,000949
smotrim 1,397940 0,001497
ru 0,187087 0,000200
телефон 0,853872 0,000914
Для 0,494850 0,000530
лиц 1,045757 0,001120
старше 1,000000 0,001071
лет 0,366532 0,000392
права 0,431798 0,000462
любые 0,886057 0,000949
опубликованные 0,920819 0,000986
защищены 0,602060 0,000645
соответствии 0,795880 0,000852
российским 0,823909 0,000882
международным 1,045757 0,001120
законодательством 0,823909 0,000882
интеллектуальной 1,096910 0,001174
собственности 1,154902 0,001237
Любое 0,886057 0,000949
использование 0,795880 0,000852
текстовых 1,154902 0,001237
фото 0,657577 0,000704
аудио 1,096910 0,001174
видеоматериалов 1,045757 0,001120
возможно 0,920819 0,000986
только 0,309804 0,000332
согласия 1,000000 0,001071
правообладателя 0,886057 0,000949
Сейчас 0,823909 0,000882
Закрыть 1,000000 0,001071
Регистрация 0,657577 0,000704
