RT 1,522879 0,020670
на 0,075721 0,001194
русском 1,154902 0,006779
последние 0,769551 0,000565
новости 0,420216 0,000462
в 0,070581 0,002020
России 0,251812 0,001386
и 0,075721 0,001083
мире 0,468521 0,000516
онлайн 0,508638 0,000373
Вконтакте 1,045757 0,001151
Twitter 0,853872 0,001253
Russian 1,301030 0,001432
Канал 1,221849 0,002241
Telegram 0,769551 0,000847
me 1,397940 0,001538
YouTube 0,823909 0,000907
com 0,744727 0,001093
группа 1,154902 0,001271
Одноклассники 0,823909 0,000907
ru 0,187087 0,000275
Материалы 1,045757 0,001151
Живом 1,698970 0,001870
Журнале 1,522879 0,001676
viber 1,698970 0,001870
rss 1,698970 0,001870
Миртесен 1,698970 0,001870
TikTok 1,221849 0,001345
rutube 1,522879 0,001676
ENG 1,397940 0,001026
DE 1,397940 0,001026
FR 1,698970 0,001246
ESP 1,522879 0,001117
RTД 1,698970 0,002493
RTНа 1,698970 0,001246
Спецоперация 1,096910 0,001610
Украине 0,537602 0,000789
Search 1,301030 0,000955
Menu 1,522879 0,001117
mobile 1,301030 0,000955
Новости 0,221849 0,000488
Мир 0,698970 0,001538
Россия 0,455932 0,001673
Бывший 1,301030 0,002386
СССР 0,795880 0,001460
Экономика 0,568636 0,000834
Спорт 0,537602 0,000986
Наука 0,638272 0,001171
Без 0,920819 0,001351
политики 1,301030 0,001909
Мнения 1,000000 0,001467
Ино 1,698970 0,001870
ТВ 0,657577 0,001206
Фото 0,886057 0,001300
Видео 0,431798 0,000634
Ракеты 1,522879 0,001117
Точка 0,795880 0,000876
У 0,431798 0,000634
применяются 1,397940 0,001026
только 0,309804 0,000227
ВСУ 0,744727 0,001093
МО 1,522879 0,001676
РФ 0,568636 0,001669
опровергло 1,221849 0,000896
заявления 1,045757 0,000767
о 0,136677 0,001203
причастности 1,522879 0,001117
к 0,207608 0,000609
удару 1,301030 0,000955
по 0,124939 0,000458
вокзалу 0,853872 0,000940
Краматорске 0,823909 0,001209
Роман 0,795880 0,000876
Шимаев 1,698970 0,001870
Заявления 1,522879 0,001117
представителей 1,522879 0,001117
Киева 1,045757 0,000767
якобы 1,301030 0,000955
ракетной 1,698970 0,001246
атаке 1,522879 0,001117
железнодорожному 1,397940 0,001026
абсолютно 1,221849 0,000896
не 0,142668 0,000471
соответствуют 1,522879 0,001117
действительности 1,397940 0,001026
сообщили 0,958607 0,000703
Минобороны 0,698970 0,001282
В 0,167491 0,000369
ведомстве 1,397940 0,001026
подчеркнули 1,522879 0,001117
что 0,187087 0,000549
российские 0,958607 0,001407
вооруженные 1,522879 0,001117
силы 0,958607 0,000703
выполняли 1,522879 0,001117
LIVE 1,154902 0,002118
видео 0,568636 0,001252
Церемония 1,154902 0,000847
прощания 1,045757 0,001534
с 0,102373 0,000826
Владимиром 0,677781 0,000995
Жириновским 0,585027 0,000858
Колонном 1,154902 0,000847
зале 1,096910 0,000805
Дома 1,045757 0,000767
Союзов 1,045757 0,000767
прошла 1,045757 0,000767
церемония 1,221849 0,000896
Политик 1,522879 0,001117
скончался 1,301030 0,000955
возрасте 1,397940 0,001026
лет 0,366532 0,000672
после 0,397940 0,000876
тяжелой 1,154902 0,000847
продолжительной 1,522879 0,001117
болезни 1,221849 0,000896
Похороны 1,698970 0,001246
лидера 1,698970 0,001246
ЛДПР 0,744727 0,000546
пройдут 1,221849 0,000896
Новодевичьем 1,522879 0,001117
кладбище 1,221849 0,000896
вел 1,522879 0,001117
прямую 1,522879 0,001117
трансляцию 1,301030 0,000955
Средневековая 1,698970 0,001246
жестокость 1,522879 0,001117
обнародованы 1,698970 0,001246
новые 0,508638 0,000560
документы 1,221849 0,001345
зверствах 1,221849 0,001345
украинских 0,795880 0,000876
националистов 0,958607 0,001407
во 0,494850 0,000363
время 0,366532 0,000269
ВОВ 1,301030 0,000955
Святослав 1,522879 0,001117
Князев 1,522879 0,001117
Елизавета 1,221849 0,000896
Комарова 1,522879 0,001117
Алексей 0,602060 0,000442
Латышев 1,698970 0,001246
На 0,283997 0,000313
сайте 0,431798 0,000317
опубликованы 1,397940 0,001026
информацией 1,397940 0,001026
годы 0,853872 0,000626
Великой 1,045757 0,000767
Отечественной 1,154902 0,000847
войны 0,744727 0,000820
ее 0,508638 0,000373
завершения 1,397940 0,001026
материалах 1,397940 0,001026
описаны 1,698970 0,001246
методы 1,301030 0,000955
пропаганды 1,522879 0,001117
ненависти 1,522879 0,001117
конкретные 1,522879 0,001117
случаи 1,522879 0,001117
этнических 1,698970 0,001246
чисток 1,698970 0,001246
Лента 0,920819 0,000676
новостей 0,619789 0,000455
Песков 0,744727 0,000546
заявил 0,744727 0,001366
говоря 1,301030 0,000955
потерях 1,096910 0,000805
спецоперации 0,744727 0,000820
опирался 1,397940 0,001026
данные 0,721246 0,000529
Власти 1,000000 0,000734
Эстонии 1,522879 0,001117
отпустили 1,522879 0,001117
бывшего 1,154902 0,000847
шеф 1,301030 0,000955
редактора 1,096910 0,000805
Sputnik 1,301030 0,000955
Meedia 1,397940 0,001026
Черышеву 1,522879 0,001117
Курс 0,886057 0,000650
евро 0,823909 0,000907
ходе 1,000000 0,000734
торгов 1,522879 0,001117
Мосбирже 1,698970 0,001870
опустился 1,301030 0,000955
ниже 0,920819 0,001351
рублей 0,585027 0,000858
Басурин 1,045757 0,000767
пострадавших 1,522879 0,001117
удара 0,823909 0,000604
ракетой 1,154902 0,000847
Глава 0,698970 0,000513
МИД 0,920819 0,001351
ДНР 0,823909 0,000604
заявила 1,301030 0,001432
задержании 1,397940 0,001026
республике 1,522879 0,001117
сотрудника 1,397940 0,001026
миссии 1,397940 0,001026
ОБСЕ 1,397940 0,001026
Посол 1,522879 0,001117
выразил 1,522879 0,001117
протест 1,522879 0,001117
замглавы 1,397940 0,001026
Японии 0,958607 0,000703
связи 0,455932 0,000502
высылкой 1,698970 0,001246
российских 0,468521 0,000516
дипломатов 0,958607 0,000703
СК 1,698970 0,001246
возбудил 1,698970 0,001246
дела 1,045757 0,000767
фактам 1,698970 0,001246
жестокого 1,397940 0,001026
обращения 1,522879 0,001117
гражданским 1,522879 0,001117
населением 1,522879 0,001117
Мариуполе 1,045757 0,001151
Объявленные 1,698970 0,001246
персонами 1,397940 0,001026
нон 1,397940 0,001026
грата 1,522879 0,001117
дипломаты 1,522879 0,001117
покинули 1,698970 0,001246
Германию 1,522879 0,001117
Эксклюзив 1,045757 0,002302
Аналитик 1,301030 0,000955
Оленченко 1,522879 0,001117
назвал 0,795880 0,000876
новый 0,552842 0,000608
пакет 0,853872 0,000626
антироссийских 1,096910 0,000805
санкций 0,677781 0,001243
соответствующим 1,698970 0,001246
интересам 1,522879 0,001676
Евросоюза 1,301030 0,000955
ЕС 0,920819 0,001013
добавил 1,522879 0,001117
санкционные 1,698970 0,001870
списки 1,522879 0,001117
против 0,387216 0,000426
физлиц 1,522879 0,001117
организаций 1,397940 0,001026
Яндекс 0,638272 0,000468
маркирует 1,698970 0,001246
поисковой 1,698970 0,001246
выдаче 1,522879 0,001117
ресурсы 1,154902 0,000847
Google 0,744727 0,000546
как 0,251812 0,000924
нарушителей 1,301030 0,000955
законодательства 1,000000 0,000734
Лавров 1,000000 0,001467
продолжит 1,301030 0,000955
помогать 1,698970 0,001246
Армении 1,522879 0,001117
укреплении 1,698970 0,001246
обороноспособности 1,698970 0,001246
охране 1,301030 0,000955
границ 1,397940 0,001026
Володин 1,301030 0,000955
Шойгу 1,301030 0,000955
Москалькова 1,698970 0,001246
простились 1,397940 0,001026
Заблокированные 1,698970 0,001246
шахте 1,045757 0,000767
Кузбассе 1,221849 0,000896
горняки 1,698970 0,001246
выведены 1,698970 0,001246
поверхность 1,301030 0,000955
Бастрыкин 1,698970 0,001246
поручил 1,698970 0,001246
привлечь 1,221849 0,000896
уголовной 1,698970 0,001246
ответственности 1,154902 0,000847
командира 1,522879 0,001676
Грузинского 1,522879 0,001117
легиона 1,522879 0,001117
составе 1,522879 0,001676
Все 0,148742 0,000164
Расследование 1,301030 0,000955
Элемент 1,397940 0,001026
новой 0,769551 0,001129
холодной 1,522879 0,001117
Госдеп 1,698970 0,001246
США 0,508638 0,001306
выделил 1,698970 0,001246
восточноевропейским 1,698970 0,001246
кавказским 1,522879 0,001117
медиа 1,154902 0,000847
млн 0,886057 0,000975
Государственный 1,221849 0,000896
департамент 1,397940 0,001026
предложил 1,045757 0,000767
журналистам 1,522879 0,001117
из 0,167491 0,000676
стран 1,045757 0,001151
Восточной 1,522879 0,001676
Европы 0,920819 0,000676
Южного 1,522879 0,001117
Кавказа 1,522879 0,001117
побороться 1,522879 0,001117
за 0,180456 0,000662
грант 1,698970 0,001246
размером 1,522879 0,001117
укрепление 1,301030 0,000955
независимой 1,698970 0,001246
журналистики 1,698970 0,001246
сообщается 1,522879 0,001117
официальном 1,522879 0,001117
портале 1,221849 0,000896
госзакупок 1,397940 0,001026
Grants 1,698970 0,001246
gov 1,698970 0,001246
Одна 1,522879 0,001117
причин 1,154902 0,000847
Прекрасная 1,522879 0,001117
бу 1,698970 0,002493
ход 1,045757 0,000767
Буча 1,522879 0,001117
фейков 1,698970 0,001246
западные 1,397940 0,001026
санкции 0,744727 0,000546
Лукавая 1,698970 0,001246
структура 1,698970 0,001246
какое 1,096910 0,000805
место 0,795880 0,000584
может 0,397940 0,000438
занять 1,397940 0,001026
стратегической 1,698970 0,001246
концепции 1,698970 0,001246
НАТО 0,769551 0,001412
Александр 0,468521 0,000344
Карпов 1,698970 0,001246
Алена 1,397940 0,001538
Медведева 1,397940 0,001538
Стратегическую 1,698970 0,001246
концепцию 1,698970 0,001246
необходимо 0,920819 0,000676
обновить 1,301030 0,000955
четко 1,522879 0,001117
указать 1,522879 0,001117
ней 0,823909 0,000907
представляет 1,301030 0,000955
собой 0,823909 0,000604
главную 1,397940 0,001026
угрозу 1,301030 0,000955
безопасности 0,958607 0,001407
альянса 1,698970 0,001870
Об 0,698970 0,000769
этом 0,585027 0,001073
глава 0,958607 0,000703
Румынии 1,698970 0,001246
Богдан 1,698970 0,001246
Ауреску 1,698970 0,001246
преддверии 1,397940 0,001026
брюссельского 1,698970 0,001246
саммита 1,698970 0,001246
глав 1,154902 0,000847
дипломатии 1,301030 0,000955
Важно 1,522879 0,001117
поддержать 1,301030 0,000955
людей 0,698970 0,000513
Мишустин 0,920819 0,000676
пообещал 1,397940 0,001026
проиндексировать 1,698970 0,001246
соцвыплаты 1,698970 0,001246
МРОТ 1,698970 0,001246
прожиточный 1,698970 0,001246
минимум 1,301030 0,000955
Русская 1,045757 0,000767
поддержка 1,045757 0,000767
Аталанта 1,522879 0,001676
Миранчуком 1,698970 0,001870
отстояла 1,522879 0,001117
ничью 1,698970 0,001246
Лейпциге 1,698970 0,001246
а 0,327902 0,000601
Хайкин 1,698970 0,001246
помог 1,397940 0,001026
Буде 1,522879 0,001676
Глимту 1,698970 0,001870
победить 1,154902 0,000847
Рому 1,698970 0,001246
Сергей 0,468521 0,000687
Стариков 1,698970 0,001870
Алексеем 1,397940 0,001026
сыграла 1,522879 0,001117
вничью 1,397940 0,001026
Лейпцигом 1,698970 0,001246
Барселона 1,301030 0,000955
ушла 1,221849 0,000896
от 0,193820 0,000640
поражения 1,522879 0,001117
матче 1,397940 0,002051
Айнтрахтом 1,522879 0,001117
благодаря 0,853872 0,000626
голу 1,698970 0,001246
Феррана 1,698970 0,001246
Торреса 1,698970 0,001246
Два 0,853872 0,000626
эффектных 1,698970 0,001246
сейва 1,698970 0,001246
Никиты 1,698970 0,001246
Хайкина 1,698970 0,001246
помогли 1,301030 0,000955
второй 0,920819 0,000676
раз 0,698970 0,000513
год 0,568636 0,000417
обыграть 1,698970 0,001246
Тройной 1,698970 0,001246
лутц 1,698970 0,001246
Загитовой 1,698970 0,001246
архивное 1,698970 0,001246
фото 0,657577 0,000482
Синициной 1,698970 0,001246
танцы 1,522879 0,001117
Трусовой 1,698970 0,001246
Медведевой 1,397940 0,001026
обсуждают 1,154902 0,000847
фигурного 1,698970 0,001246
катания 1,698970 0,001246
Самое 1,000000 0,000734
читаемое 1,154902 0,000847
Защитить 1,522879 0,001117
россиян 0,744727 0,000820
скачков 1,698970 0,001246
цен 0,958607 0,000703
Путин 0,721246 0,000529
призвал 1,301030 0,000955
рачительнее 1,698970 0,001246
относиться 1,698970 0,001246
поставкам 1,698970 0,001246
продуктов 1,301030 0,000955
рубеж 1,221849 0,000896
Для 0,494850 0,000545
подавления 1,698970 0,001246
российской 0,958607 0,000703
самостоятельности 1,698970 0,001246
Украину 1,301030 0,000955
инструментом 1,698970 0,001246
Выйти 1,522879 0,001117
без 0,387216 0,000426
потерь 1,522879 0,001117
Зеленский 1,154902 0,000847
необходимости 1,301030 0,001909
продолжать 1,397940 0,001026
переговоры 1,301030 0,000955
Россией 0,795880 0,000584
последствия 1,096910 0,000805
будут 0,638272 0,000468
катастрофическими 1,698970 0,001246
Запад 1,000000 0,001467
пытается 1,154902 0,001271
повлиять 1,397940 0,001026
Россию 0,568636 0,000834
помощью 0,769551 0,000565
Начало 1,045757 0,000767
конца 0,886057 0,001300
монополии 1,698970 0,001246
доллара 1,045757 0,001534
чем 0,420216 0,000617
попытки 1,301030 0,000955
устроить 1,698970 0,001246
дефолт 1,698970 0,001246
могут 0,522879 0,000384
угрожать 1,522879 0,001117
американской 1,301030 0,000955
валюте 1,522879 0,001117
Это 0,537602 0,000394
есть 0,568636 0,000417
тот 0,853872 0,000626
предел 1,698970 0,001246
почему 0,494850 0,000726
Европе 0,886057 0,000975
заговорили 1,522879 0,001117
трудностях 1,301030 0,000955
приема 1,522879 0,001117
беженцев 1,522879 0,001117
Украины 0,721246 0,000794
Тактика 1,698970 0,001246
Анкары 1,698970 0,001246
приносит 1,522879 0,001117
свои 0,698970 0,001026
плоды 1,698970 0,001246
допустили 1,522879 0,001117
возможность 0,769551 0,000565
продажи 1,221849 0,001345
Турции 1,154902 0,001271
истребителей 1,698970 0,001870
F 1,154902 0,001271
Полина 1,096910 0,000805
Духанова 1,698970 0,001246
Возможная 1,698970 0,001246
продажа 1,397940 0,001026
соответствует 1,221849 0,000896
национальной 1,301030 0,000955
считают 1,301030 0,000955
Белом 1,698970 0,001246
доме 1,000000 0,000734
говорится 1,522879 0,001117
ответе 1,522879 0,001117
Госдепа 1,698970 0,001246
запрос 1,522879 0,001117
группы 1,045757 0,000767
конгрессменов 1,698970 0,001246
Как 0,301030 0,000331
следует 1,397940 0,001538
документа 1,698970 0,001246
Вашингтон 1,221849 0,000896
рассматривает 1,698970 0,001246
оборонные 1,522879 0,001117
Украинский 1,301030 0,000955
ленд 1,522879 0,001117
лиз 1,522879 0,001117
планируют 1,096910 0,000805
поставлять 1,397940 0,001026
оружие 1,154902 0,000847
Киеву 1,397940 0,001026
Должна 1,698970 0,001246
быть 0,431798 0,000317
равной 1,698970 0,001246
неделимой 1,698970 0,001246
Опасный 1,698970 0,001246
прецедент 1,698970 0,001246
продвигает 1,698970 0,001246
инициативу 1,522879 0,001117
исключению 1,698970 0,001246
Совета 1,397940 0,001538
правам 1,301030 0,001432
человека 0,568636 0,000834
ООН 0,823909 0,001511
Французский 1,522879 0,001117
депутат 1,397940 0,001026
сохранить 1,000000 0,000734
российский 0,886057 0,000975
рынок 1,096910 0,001207
для 0,119186 0,000087
товаров 1,522879 0,001117
роскоши 1,698970 0,001870
Юлия 0,823909 0,000604
Гуреева 1,698970 0,001246
Член 1,301030 0,000955
Европарламента 1,698970 0,001246
Франции 1,000000 0,000734
Элен 1,698970 0,001246
Лапорт 1,698970 0,001246
направила 1,698970 0,001246
Еврокомиссию 1,698970 0,001246
письмо 1,045757 0,000767
поводу 1,301030 0,000955
запрета 1,301030 0,000955
экспорт 1,522879 0,001117
предметов 1,522879 0,001117
По 0,619789 0,000455
мнению 1,221849 0,000896
депутата 1,522879 0,001117
сегменте 1,698970 0,001246
выгодны 1,698970 0,001246
французской 1,301030 0,000955
экономике 1,221849 0,000896
поэтому 0,886057 0,000650
Потребительский 1,397940 0,001026
интерес 1,301030 0,000955
россияне 1,154902 0,000847
введения 1,698970 0,001246
стали 0,853872 0,000626
активнее 1,698970 0,001246
покупать 0,886057 0,000650
отечественный 1,301030 0,000955
алкоголь 1,397940 0,001026
шоколад 1,698970 0,001246
ЕП 1,698970 0,001246
подняли 1,698970 0,001246
вопрос 0,698970 0,000513
мерах 1,522879 0,001117
поддержки 0,823909 0,000604
высокими 1,698970 0,001246
ценами 1,522879 0,001117
бензин 1,301030 0,000955
Санкции 1,301030 0,000955
должны 1,301030 0,000955
дать 1,301030 0,000955
стимул 1,698970 0,001246
проходит 1,000000 0,000734
импортозамещение 1,397940 0,001026
атомной 1,522879 0,001117
отрасли 1,397940 0,001026
Захар 1,522879 0,001117
Прилепин 1,522879 0,001117
Расскажите 1,522879 0,001117
нам 0,657577 0,000482
про 0,568636 0,000626
отца 1,000000 0,000734
сына 1,000000 0,000734
их 0,455932 0,000335
помнить 1,397940 0,001026
героев 1,045757 0,000767
Михаил 0,568636 0,000417
Ростовский 1,698970 0,001246
апреля 0,301030 0,001215
Скромное 1,698970 0,001246
обаяние 1,698970 0,001246
бедности 1,698970 0,001246
об 0,292430 0,000429
энергетическом 1,698970 0,001246
кризисе 1,698970 0,001246
Германии 1,000000 0,000734
Валерий 1,000000 0,000734
Коровин 1,698970 0,001246
повысить 1,397940 0,001026
ставки 1,154902 0,000847
намерении 1,522879 0,001117
расширить 1,698970 0,001246
влияние 1,522879 0,001117
Азии 1,301030 0,000955
Китая 1,045757 0,000767
Максим 0,958607 0,000703
Кононенко 1,698970 0,001246
Демократия 1,698970 0,001246
демократии 1,522879 0,001117
покупке 1,154902 0,000847
Илоном 1,522879 0,001117
Маском 1,698970 0,001246
акций 1,522879 0,001117
Материально 1,698970 0,001246
техническое 1,698970 0,001246
обеспечение 1,301030 0,000955
подразделений 1,698970 0,001246
ВС 1,045757 0,000767
А 0,376751 0,000276
кто 0,494850 0,000363
вы 0,420216 0,000462
Вы 0,619789 0,000455
мусор 1,522879 0,001117
жители 1,154902 0,000847
Мариуполя 0,853872 0,000940
рассказали 0,744727 0,000546
бесчеловечном 1,698970 0,001246
отношении 0,853872 0,000940
людям 1,221849 0,000896
Российские 0,920819 0,000676
военные 0,920819 0,000676
эвакуировали 1,154902 0,000847
более 0,585027 0,000429
мирных 1,397940 0,001026
жителей 0,853872 0,000626
Херсонской 1,154902 0,000847
области 0,721246 0,000529
Z 1,221849 0,000896
главные 0,823909 0,001209
кадры 1,000000 0,000734
К 0,638272 0,000468
прежним 1,522879 0,001117
значениям 1,522879 0,001117
курс 0,920819 0,001351
опускался 1,698970 0,001870
Владимир 0,431798 0,000317
Цегоев 1,698970 0,001246
Ксения 1,221849 0,000896
Чемоданова 1,698970 0,001246
торгах 1,698970 0,001246
четверг 1,221849 0,000896
Московской 1,522879 0,001117
бирже 1,301030 0,000955
впервые 0,744727 0,000546
середины 1,522879 0,001117
февраля 0,853872 0,000626
При 0,769551 0,000565
снижался 1,698970 0,001246
до 0,244125 0,000358
рубля 1,045757 0,000767
Нацвалюта 1,698970 0,001246
сумела 1,698970 0,001246
полностью 0,795880 0,000584
отыграть 1,698970 0,001246
все 0,292430 0,000215
потери 1,698970 0,001246
последних 1,045757 0,000767
недель 1,397940 0,001026
Во 0,886057 0,000650
многом 1,522879 0,001117
Расследования 1,522879 0,001117
военных 0,795880 0,000584
преступлений 1,221849 0,000896
территории 1,096910 0,001207
Убегая 1,698970 0,001246
Точки 1,522879 0,001117
Валентина 1,045757 0,000767
Никитаева 1,698970 0,001246
вместе 0,769551 0,000565
внуком 1,522879 0,001117
оказалась 1,154902 0,000847
эпицентре 1,698970 0,001246
взрыва 1,698970 0,001246
Уберем 1,698970 0,001246
учебников 1,698970 0,001246
истории 0,657577 0,000724
всю 0,823909 0,000604
русофобию 1,397940 0,001026
автоматом 1,698970 0,001246
руках 1,221849 0,000896
воюет 1,397940 0,001026
народный 1,698970 0,001246
губернатор 1,698970 0,001246
Донбасса 0,886057 0,000650
Губарев 1,698970 0,001246
Планируем 1,522879 0,001117
выдачу 1,698970 0,001246
пособий 1,522879 0,001117
пенсий 1,522879 0,001117
рублях 1,301030 0,000955
мэра 1,522879 0,001117
Бердянска 1,698970 0,001246
беженцах 1,698970 0,001246
ситуации 1,000000 0,000734
городе 0,958607 0,000703
Наказание 1,698970 0,001246
излишнюю 1,698970 0,001246
осторожность 1,698970 0,001246
Металлург 1,397940 0,001538
забросил 1,698970 0,001870
две 0,795880 0,000584
шайбы 1,698970 0,001246
секунд 1,397940 0,001026
повел 1,698970 0,001246
серии 0,920819 0,001013
Трактором 1,698970 0,001870
Магнитогорский 1,698970 0,001246
гостях 1,154902 0,000847
взял 1,397940 0,001026
верх 1,698970 0,001246
над 0,823909 0,000907
третьем 1,522879 0,001676
финала 1,221849 0,000896
конференции 1,154902 0,000847
плей 1,397940 0,001026
офф 1,301030 0,000955
КХЛ 1,301030 0,000955
Встреча 1,397940 0,001026
Челябинске 1,397940 0,001026
завершилась 1,301030 0,000955
со 0,387216 0,000568
счетом 1,698970 0,001246
начале 1,096910 0,000805
второго 1,221849 0,000896
Ни 1,221849 0,000896
дня 0,494850 0,000726
достижения 1,522879 0,001117
Овечкин 1,522879 0,001117
первым 1,154902 0,000847
м 1,154902 0,000847
преодолел 1,698970 0,001246
отметку 1,698970 0,001246
очков 1,522879 0,001117
карьеру 1,301030 0,000955
НХЛ 1,221849 0,000896
Почему 0,522879 0,000384
бы 0,585027 0,000429
снять 1,301030 0,000955
фильм 0,823909 0,000604
Брумеля 1,698970 0,001246
или 0,301030 0,000331
Исинбаеву 1,698970 0,001246
Привалова 1,698970 0,001246
развитии 1,698970 0,001246
легкой 1,698970 0,001246
атлетики 1,698970 0,001246
условиях 0,886057 0,000650
Второй 1,045757 0,000767
хет 1,397940 0,001026
трик 1,522879 0,001117
Бензема 1,397940 0,001026
новая 1,000000 0,000734
сенсация 1,698970 0,001246
Эмери 1,522879 0,001117
Реал 1,698970 0,001246
выиграл 1,397940 0,001026
у 0,387216 0,000284
Челси 1,522879 0,001117
Бавария 1,522879 0,001117
уступила 1,522879 0,001117
Вильярреалу 1,698970 0,001246
ЛЧ 1,698970 0,001246
Дикий 1,698970 0,001246
ЦСКА 1,397940 0,001026
шесть 1,045757 0,000767
шайб 1,698970 0,001246
период 1,221849 0,000896
разгромил 1,698970 0,001246
СКА 1,397940 0,001026
Кубка 1,522879 0,001117
Гагарина 1,301030 0,000955
Максимально 1,698970 0,001246
строгий 1,698970 0,001246
вердикт 1,698970 0,001246
РФС 1,522879 0,001117
отстранил 1,698970 0,001246
троих 1,522879 0,001117
судей 1,698970 0,001246
сезона 0,958607 0,000703
Карасева 1,698970 0,001246
дисквалифицировал 1,698970 0,001246
один 0,721246 0,000529
матч 1,301030 0,000955
Мыслитель 1,698970 0,001246
художник 1,096910 0,000805
рождения 0,677781 0,000497
Александра 0,638272 0,000468
Герцена 1,698970 0,001246
Советский 1,301030 0,000955
внедорожник 1,522879 0,001117
начала 0,769551 0,000847
выпуска 1,397940 0,001026
ВАЗ 1,698970 0,001246
Нива 1,522879 0,001117
Бог 1,221849 0,000896
кинематографистов 1,698970 0,001246
назад 0,721246 0,000529
родился 1,698970 0,001246
Андрей 0,552842 0,000406
Тарковский 1,698970 0,001246
Я 0,508638 0,000373
слишком 1,397940 0,001026
тщеславный 1,698970 0,001246
человек 0,494850 0,000363
чтобы 0,481486 0,000353
оказаться 1,522879 0,001117
ту 1,522879 0,001117
сторону 1,301030 0,000955
камеры 1,397940 0,001026
Дмитрию 1,522879 0,001117
Нагиеву 1,698970 0,001246
исполняется 1,522879 0,001117
Эрмитаж 1,522879 0,001117
Пушкинский 1,301030 0,000955
Тест 0,886057 0,000650
главных 0,853872 0,000626
художественных 1,522879 0,001117
галереях 1,522879 0,001117
Многие 1,301030 0,000955
картины 1,096910 0,000805
великих 1,301030 0,000955
зарубежных 1,000000 0,000734
художников 1,096910 0,000805
экспонируются 1,698970 0,001246
музеях 1,397940 0,001026
Пожалуй 1,698970 0,001246
стране 0,853872 0,000626
собрания 1,522879 0,001117
шедевров 1,397940 0,001026
мировой 0,958607 0,000703
живописи 1,397940 0,001026
находятся 1,397940 0,001026
Москве 0,455932 0,000335
Санкт 0,795880 0,000584
Петербурге 1,045757 0,000767
коллекциях 1,522879 0,001117
ГМИИ 1,397940 0,001026
имени 0,721246 0,000529
Пушкина 1,000000 0,000734
Эрмитажа 1,698970 0,001246
Сможете 1,698970 0,001246
ли 0,397940 0,000292
назвать 1,221849 0,000896
Лето 1,221849 0,000896
волонтера 1,522879 0,001117
Лукьяненко 1,301030 0,000955
артбук 1,698970 0,001246
вселенной 1,221849 0,000896
Metronomicon 1,698970 0,001246
работают 1,154902 0,000847
мэтры 1,698970 0,001246
отечественной 1,397940 0,001026
фантастики 1,522879 0,001117
Водная 1,698970 0,001246
гладь 1,698970 0,001246
тест 0,958607 0,001055
озерах 1,698970 0,001246
мира 0,537602 0,000394
Спасение 1,698970 0,001246
мультивселенной 1,301030 0,000955
бокс 1,397940 0,001026
Освенциме 1,397940 0,001026
кинопремьеры 1,522879 0,001117
недели 0,769551 0,000565
Альянсы 1,698970 0,001246
блоки 1,698970 0,001246
коалиции 1,522879 0,001117
военно 1,522879 0,001117
политических 1,397940 0,001026
союзах 1,698970 0,001246
Восстановить 1,397940 0,001026
нормальную 1,698970 0,001246
структуру 1,522879 0,001117
ученые 1,221849 0,000896
запатентовали 1,698970 0,001870
методику 1,698970 0,001246
лечения 1,522879 0,001676
фиброза 1,698970 0,001870
легких 1,397940 0,001538
Надежда 1,045757 0,000767
Алексеева 1,397940 0,001026
Ученые 1,154902 0,000847
МГУ 1,522879 0,001117
разработали 1,522879 0,001117
принцип 1,522879 0,001117
профилактики 1,698970 0,001246
Терапия 1,698970 0,001246
основана 1,522879 0,001117
действии 1,698970 0,001246
биологически 1,698970 0,001246
активных 1,698970 0,001246
веществ 1,397940 0,001538
выделяемых 1,698970 0,001246
особых 1,522879 0,001117
стволовых 1,698970 0,001246
клеток 1,698970 0,001870
мезенхимных 1,698970 0,001246
стромальных 1,698970 0,001246
МСК 1,698970 0,001246
Донором 1,698970 0,001246
Движемся 1,698970 0,001246
замещению 1,522879 0,001117
импорта 1,522879 0,001117
ученый 1,698970 0,001246
селекционер 1,698970 0,001246
обеспечении 1,698970 0,001246
российского 0,823909 0,000604
животноводства 1,698970 0,001246
племенным 1,698970 0,001246
материалом 1,698970 0,001246
Претензии 1,698970 0,001246
сохранение 1,397940 0,001026
колониального 1,698970 0,001246
контроля 1,522879 0,001117
привело 1,522879 0,001117
Фолклендской 1,698970 0,001246
войне 1,096910 0,000805
между 0,823909 0,000604
Аргентиной 1,698970 0,001246
Великобританией 1,698970 0,001246
Пережиток 1,698970 0,001246
средневековья 1,698970 0,001246
вводили 1,698970 0,001246
упраздняли 1,698970 0,001246
черту 1,698970 0,001246
оседлости 1,698970 0,001246
Не 0,481486 0,000353
является 0,853872 0,000940
отступлением 1,698970 0,001870
международных 1,045757 0,001151
обязательств 1,698970 0,001870
досрочно 1,698970 0,001870
прекратит 1,397940 0,001026
полномочия 1,698970 0,001870
СПЧ 0,920819 0,000676
Гусаров 1,698970 0,001246
приняла 1,397940 0,001026
решение 0,853872 0,000626
прекратить 1,522879 0,001117
члена 1,698970 0,001246
отметил 1,397940 0,001026
заместитель 1,397940 0,001026
постпреда 1,698970 0,001246
при 0,468521 0,000344
Геннадий 1,221849 0,000896
Кузьмин 1,522879 0,001117
этот 0,795880 0,000584
шаг 1,397940 0,001026
Провокация 1,397940 0,001026
зачем 0,853872 0,000626
хотят 0,920819 0,000676
обвинить 1,698970 0,001246
геноциде 1,698970 0,001246
Теперь 0,958607 0,000703
знаю 1,096910 0,000805
они 0,657577 0,000482
живы 1,698970 0,001246
нашел 1,221849 0,000896
родителей 0,958607 0,000703
жительницы 1,698970 0,001246
Сочи 0,920819 0,000676
месяц 0,853872 0,000626
выходивших 1,698970 0,001246
связь 0,552842 0,000406
Заминировано 1,698970 0,001246
хранилище 1,522879 0,001117
хлора 1,698970 0,001246
заявили 1,397940 0,001026
подготовке 1,522879 0,001117
СБУ 1,698970 0,001246
провокации 1,096910 0,000805
использованием 1,522879 0,001117
отравляющих 1,698970 0,001246
English 1,154902 0,000847
Deutsch 1,698970 0,001246
Fran 1,698970 0,001246
ais 1,522879 0,001117
Espa 1,698970 0,001246
ol 1,522879 0,001117
английском 1,221849 0,000896
RUPTLY 1,698970 0,001246
Пресс 0,657577 0,000482
релизы 1,154902 0,000847
О 0,207608 0,000152
канале 1,045757 0,000767
Программы 1,096910 0,000805
Контакты 0,455932 0,000335
Текущие 1,522879 0,001117
закупки 1,698970 0,001246
Написать 1,096910 0,000805
редакцию 1,522879 0,001117
партнеров 1,154902 0,000847
Автономная 1,522879 0,001117
некоммерческая 1,522879 0,001117
организация 1,397940 0,001026
гг 1,698970 0,001246
права 0,431798 0,000317
защищены 0,602060 0,000442
Сетевое 0,795880 0,000584
издание 0,657577 0,000482
rt 1,698970 0,001246
зарегистрировано 0,823909 0,000604
Роскомнадзором 1,397940 0,001026
августа 1,000000 0,000734
г 0,602060 0,000442
свидетельство 1,301030 0,000955
Эл 0,721246 0,000529
ФС 0,522879 0,000384
Главный 0,585027 0,000429
редактор 0,585027 0,000429
Симоньян 1,698970 0,001246
М 0,744727 0,000546
С 0,455932 0,000335
Адрес 0,721246 0,000529
редакции 0,481486 0,000353
Москва 0,508638 0,000373
Боровая 1,698970 0,001246
улица 1,301030 0,000955
Телефон 1,000000 0,000734
доб 1,397940 0,001026
E 0,920819 0,000676
mail 0,721246 0,000529
info 0,886057 0,000650
rttv 1,698970 0,001246
Политика 0,443697 0,000326
АНО 1,522879 0,001117
обработки 0,958607 0,000703
персональных 0,769551 0,000565
данных 0,657577 0,000482
Организации 1,698970 0,001246
признанные 1,698970 0,001246
экстремистскими 1,522879 0,001117
запрещенные 1,397940 0,001026
Данный 1,698970 0,001246
сайт 0,494850 0,000363
использует 1,301030 0,000955
файлы 1,301030 0,000955
cookiesПодтвердить 1,698970 0,001246
