Московская 1,301030 0,003838
Биржа 1,698970 0,007518
div 1,000000 0,001475
img 0,795880 0,001174
src 0,795880 0,001174
https 0,721246 0,001064
mc 1,000000 0,001475
yandex 1,000000 0,001475
ru 0,187087 0,000276
watch 1,000000 0,001475
style 0,823909 0,001215
position 0,853872 0,001259
absolute 0,958607 0,001414
left 0,958607 0,001414
px 0,920819 0,001358
alt 0,886057 0,001307
EN 1,522879 0,002246
О 0,207608 0,001684
бирже 1,301030 0,004797
Акционерам 1,698970 0,003759
Пресс 0,657577 0,001455
центр 0,638272 0,001412
Мероприятия 1,221849 0,006307
Карьера 1,301030 0,002878
Личный 1,301030 0,002878
кабинет 1,045757 0,002314
Инструменты 1,522879 0,002246
Новости 0,221849 0,001800
Материалы 1,045757 0,001542
Документы 1,096910 0,003236
Рынки 1,522879 0,004492
Московской 1,522879 0,007861
Биржи 1,698970 0,012529
Фондовый 1,698970 0,003759
рынок 1,096910 0,009707
Срочный 1,698970 0,003759
Валютный 1,522879 0,003369
Денежный 1,698970 0,003759
Товарный 1,698970 0,003759
Рынок 1,221849 0,004505
стандартизированных 1,698970 0,006265
ПФИ 1,698970 0,007518
инноваций 1,522879 0,003369
и 0,075721 0,002178
инвестиций 1,698970 0,003759
Сектор 1,698970 0,008770
Устойчивого 1,698970 0,003759
Развития 1,698970 0,003759
Роста 1,698970 0,003759
компаний 1,045757 0,003085
повышенного 1,522879 0,003369
инвестиционного 1,698970 0,006265
риска 1,698970 0,003759
OTC 1,698970 0,005012
MOEX 1,698970 0,005012
Board 1,698970 0,005012
Торговый 1,698970 0,005012
календарь 1,397940 0,005155
Индексы 1,698970 0,010023
Значения 1,698970 0,003759
индексов 1,698970 0,003759
Индекс 1,698970 0,011276
Мос 1,698970 0,003759
РТС 1,698970 0,003759
акций 1,522879 0,007861
облигаций 1,698970 0,003759
Расчетная 1,698970 0,003759
цена 1,698970 0,003759
пая 1,698970 0,003759
iNAV 1,698970 0,003759
Составные 1,698970 0,003759
индексы 1,698970 0,008770
Индикаторы 1,698970 0,006265
денежного 1,698970 0,003759
рынка 1,096910 0,002427
Валютные 1,698970 0,003759
фиксинги 1,698970 0,003759
свопов 1,698970 0,003759
Товарные 1,698970 0,003759
московской 1,397940 0,003093
недвижимости 1,301030 0,002878
Дом 0,698970 0,001546
Клик 1,698970 0,003759
волатильности 1,698970 0,003759
Заказные 1,698970 0,003759
Факты 1,397940 0,003093
Цифры 1,522879 0,003369
Продукты 1,301030 0,004797
услуги 1,301030 0,003838
Методики 1,698970 0,003759
расчета 1,698970 0,003759
Управление 1,397940 0,007217
контроль 1,221849 0,002703
Биржевая 1,698970 0,003759
информация 0,638272 0,001412
Получение 1,698970 0,003759
данных 0,657577 0,001455
Порядок 1,397940 0,003093
использования 0,920819 0,002037
Информационные 1,698970 0,003759
продукты 1,154902 0,005110
Аналитические 1,698970 0,005012
Тарифы 1,397940 0,007217
договоры 1,698970 0,003759
Маркировка 1,698970 0,003759
финансовых 1,397940 0,003093
инструментов 1,301030 0,002878
Котировки 1,301030 0,003838
Итоги 1,301030 0,002878
торгов 1,522879 0,005615
сервисы 1,154902 0,003407
Внебиржевые 1,698970 0,003759
сделки 1,522879 0,003369
Для 0,494850 0,001095
мобильных 1,522879 0,003369
устройств 1,221849 0,002703
Листинг 1,698970 0,007518
Эмитентам 1,698970 0,006265
Список 1,221849 0,007209
ценных 1,698970 0,015035
бумаг 1,698970 0,015035
Секторы 1,698970 0,003759
Количественные 1,698970 0,003759
показатели 1,522879 0,003369
Информация 0,886057 0,001960
о 0,136677 0,000706
дефолтах 1,698970 0,003759
Отчетность 1,698970 0,003759
эмитентов 1,698970 0,003759
Инфраструктура 1,522879 0,003369
рисками 1,698970 0,006265
Требования 1,522879 0,003369
к 0,207608 0,001378
участникам 1,698970 0,003759
клиринга 1,698970 0,003759
Обеспечение 1,698970 0,003759
под 0,376751 0,000834
стресс 1,301030 0,002878
Риск 1,698970 0,013782
менеджмент 1,698970 0,013782
на 0,075721 0,001452
фондовом 1,698970 0,005012
денежном 1,698970 0,003759
рынке 1,301030 0,017270
Валютном 1,698970 0,002506
драгоценных 1,698970 0,003759
металлов 1,522879 0,003369
Срочном 1,698970 0,002506
Товарном 1,698970 0,003759
Законодательная 1,698970 0,003759
регуляторная 1,698970 0,003759
база 1,522879 0,003369
Технологические 1,698970 0,006265
решения 0,958607 0,002828
Библиотека 1,045757 0,002314
Подключения 1,698970 0,002506
Бирже 1,698970 0,003759
Программа 0,958607 0,002121
ответственного 1,698970 0,003759
раскрытия 1,522879 0,003369
информации 0,698970 0,002577
найденных 1,698970 0,003759
уязвимостях 1,698970 0,003759
Календарь 1,045757 0,002314
релизов 1,522879 0,003369
технологических 1,698970 0,003759
изменений 1,397940 0,005155
Участникам 1,698970 0,003759
Торгов 1,698970 0,002506
Частным 1,698970 0,003759
инвесторам 1,522879 0,005615
Управляющим 1,698970 0,003759
активами 1,698970 0,003759
Международным 1,698970 0,003759
Гарантийные 1,522879 0,002246
фонды 1,397940 0,002062
валютном 1,698970 0,003759
срочном 1,698970 0,005012
Подключение 1,698970 0,002506
English 1,154902 0,001703
пресс 0,886057 0,001307
релизы 1,154902 0,001703
паевых 1,698970 0,005012
инвестиционных 1,397940 0,004124
фондов 1,522879 0,004492
доступных 1,397940 0,004124
с 0,102373 0,000679
апреля 0,301030 0,000888
Платформа 1,522879 0,002246
Финуслуги 1,698970 0,002506
начала 0,769551 0,001135
расчет 1,522879 0,002246
собственного 1,397940 0,002062
Индекса 1,698970 0,002506
ставок 1,522879 0,002246
по 0,124939 0,000276
вкладам 1,698970 0,002506
В 0,167491 0,000247
марте 1,045757 0,001542
открыли 1,397940 0,002062
брокерские 1,698970 0,002506
счета 1,397940 0,002062
свыше 1,397940 0,002062
тыс 1,096910 0,001618
частных 1,698970 0,002506
инвесторов 1,522879 0,002246
Все 0,148742 0,000658
новости 0,420216 0,000620
Объявления 1,522879 0,002246
Иностранные 1,397940 0,002062
акции 1,045757 0,001542
мск 1,397940 0,009278
изменены 1,698970 0,007518
значения 1,698970 0,007518
верхней 1,522879 0,006738
границы 1,698970 0,007518
ценового 1,522879 0,006738
коридора 1,698970 0,007518
диапазона 1,698970 0,007518
оценки 1,397940 0,006186
рыночных 1,522879 0,006738
рисков 1,698970 0,007518
ценной 1,698970 0,007518
бумаги 1,096910 0,004854
SU 1,698970 0,007518
RMFS 1,698970 0,007518
ОФЗ 1,698970 0,008770
внесении 1,522879 0,003369
в 0,070581 0,000364
допущенных 1,698970 0,005012
торгам 1,698970 0,005012
регистрации 0,638272 0,000941
проспекта 1,698970 0,002506
ООО 0,853872 0,001259
Интерлизинг 1,698970 0,002506
Об 0,698970 0,001546
исключении 1,698970 0,003759
из 0,167491 0,000371
Сектора 1,698970 0,002506
РИИ 1,698970 0,003759
Сегмента 1,698970 0,002506
Прайм 1,698970 0,002506
Списка 1,698970 0,002506
прекращении 1,397940 0,002062
ценными 1,522879 0,002246
бумагами 1,522879 0,002246
планируемых 1,698970 0,002506
корпоративных 1,698970 0,002506
событиях 1,045757 0,001542
AT 1,698970 0,002506
T 1,301030 0,002878
Inc 1,154902 0,005110
RM 1,698970 0,008770
Discovery 1,698970 0,002506
DISCA 1,698970 0,002506
планируемом 1,698970 0,005012
корпоративном 1,698970 0,006265
событии 1,698970 0,006265
выкупе 1,698970 0,002506
Anaplan 1,698970 0,002506
PLAN 1,698970 0,002506
Amazon 1,221849 0,001802
com 0,744727 0,001098
AMZN 1,698970 0,002506
HollyFrontier 1,698970 0,002506
Corporation 1,698970 0,002506
HFC 1,698970 0,002506
South 1,698970 0,002506
Jersey 1,698970 0,002506
Industries 1,698970 0,002506
SJI 1,698970 0,002506
объявления 1,397940 0,002062
Сегодня 0,677781 0,001000
Предстоящие 1,698970 0,002506
Вебинар 1,698970 0,002506
Социальные 1,301030 0,001919
аспекты 1,522879 0,002246
ESG 1,698970 0,002506
стратегиях 1,698970 0,002506
Курс 0,886057 0,002614
Стратегии 1,698970 0,002506
торговли 1,698970 0,002506
фьючерсами 1,698970 0,002506
Облигации 1,698970 0,003759
PRO 1,301030 0,001919
мероприятия 1,397940 0,002062
Продолжительность 1,698970 0,002506
торговой 1,522879 0,002246
сессии 1,698970 0,002506
товарном 1,698970 0,002506
рынках 1,698970 0,002506
до 0,244125 0,000540
Весь 0,920819 0,001358
дата 1,221849 0,001802
истечения 1,698970 0,002506
опционов 1,698970 0,002506
Вечерняя 1,522879 0,002246
дополнительная 1,698970 0,002506
торговая 1,698970 0,002506
сессия 1,698970 0,002506
начинается 1,301030 0,001919
ФИНУСЛУГИ 1,698970 0,002506
Акции 1,522879 0,002246
облигации 1,698970 0,002506
Деривативы 1,698970 0,002506
Валюта 1,698970 0,002506
РЕПО 1,698970 0,002506
депозиты 1,698970 0,002506
Стандартизированные 1,698970 0,002506
Драгоценные 1,698970 0,002506
металлы 1,698970 0,002506
Маркет 1,397940 0,003093
мейкинг 1,698970 0,002506
Услуги 1,301030 0,002878
центрального 1,698970 0,003759
депозитария 1,698970 0,002506
расчетного 1,698970 0,002506
банка 1,301030 0,001919
торгового 1,522879 0,002246
репозитария 1,698970 0,002506
контрагента 1,698970 0,002506
клиринговой 1,698970 0,002506
организации 1,096910 0,001618
Биржевой 1,522879 0,003369
товарный 1,698970 0,002506
АО 0,795880 0,001174
НТБ 1,698970 0,002506
Школа 1,154902 0,001703
Плейс 1,698970 0,002506
Витрина 1,698970 0,002506
продуктов 1,301030 0,001919
доверительного 1,698970 0,002506
управления 1,221849 0,001802
для 0,119186 0,000264
бизнеса 1,000000 0,001475
Форум 1,000000 0,001475
Конкурс 1,221849 0,003604
Лучший 1,154902 0,001703
частный 1,698970 0,002506
инвестор 1,698970 0,002506
годовых 0,886057 0,001307
отчетов 1,522879 0,002246
Invest 1,522879 0,002246
Trial 1,522879 0,002246
IPO 1,698970 0,002506
Руководство 1,301030 0,001919
эмитента 1,698970 0,002506
Фьючерсы 1,698970 0,002506
корзину 1,522879 0,002246
Историческая 1,154902 0,001703
экспозиция 1,397940 0,002062
Раскрытие 1,698970 0,002506
Контроль 1,301030 0,001919
за 0,180456 0,000266
инсайдерской 1,698970 0,002506
информацией 1,397940 0,002062
Обязательное 1,698970 0,002506
раскрытие 1,698970 0,002506
ленте 1,698970 0,002506
новостей 0,619789 0,000914
Предупреждение 1,522879 0,002246
возможных 1,698970 0,002506
мошеннических 1,698970 0,002506
действиях 1,698970 0,002506
Годовое 1,698970 0,002506
общее 1,522879 0,002246
собрание 1,397940 0,002062
акционеров 1,698970 0,002506
ПАО 1,698970 0,002506
Перейти 1,045757 0,002314
полную 1,397940 0,002062
версию 1,301030 0,002878
сайта 0,522879 0,001542
мобильную 1,698970 0,002506
Copyright 1,154902 0,001703
права 0,431798 0,000637
информацию 0,721246 0,001064
аналитические 1,397940 0,002062
материалы 0,537602 0,000793
размещенные 1,397940 0,002062
настоящем 1,698970 0,002506
сайте 0,431798 0,000955
защищены 0,602060 0,000888
соответствии 0,795880 0,001174
российским 0,823909 0,001215
законодательством 0,823909 0,001215
Прежде 1,698970 0,002506
чем 0,420216 0,000620
приступить 1,698970 0,002506
использованию 1,397940 0,002062
предлагаем 1,698970 0,002506
ознакомиться 1,522879 0,002246
Пользовательским 1,698970 0,002506
соглашением 1,397940 0,002062
Воспроизведение 1,698970 0,002506
распространение 1,397940 0,002062
иное 1,698970 0,002506
использование 0,795880 0,001174
размещенной 1,397940 0,002062
или 0,301030 0,000444
ее 0,508638 0,000750
части 0,920819 0,001358
допускается 1,045757 0,001542
только 0,309804 0,000457
предварительного 1,301030 0,001919
письменного 1,000000 0,001475
согласия 1,000000 0,001475
