Шоу 0,744727 0,000957
бизнес 0,657577 0,001690
и 0,075721 0,001849
знаменитости 1,698970 0,004368
Телепрограмма 1,000000 0,005141
Реставрация 1,522879 0,003915
стула 1,522879 0,003915
своими 1,301030 0,003345
руками 1,397940 0,003594
Видео 0,431798 0,001665
Как 0,301030 0,000774
сочетать 1,698970 0,004368
нежность 1,698970 0,004368
грубость 1,698970 0,004368
в 0,070581 0,001452
одном 0,958607 0,002464
образе 1,522879 0,003915
Новости 0,221849 0,001141
Звезды 0,823909 0,002118
Кино 0,677781 0,001742
Здоровье 0,853872 0,002195
Афиша 0,795880 0,002046
Стиль 1,000000 0,002571
жизни 0,443697 0,001141
Подарок 1,522879 0,003915
без 0,387216 0,001991
повода 1,698970 0,004368
PRO 1,301030 0,003345
Покупки 1,698970 0,004368
Спецпроекты 0,657577 0,001690
Светлая 1,698970 0,004368
тема 1,301030 0,005017
Темная 1,397940 0,003594
Анастасия 1,154902 0,005938
Морылева 1,698970 0,004368
Загугли 1,698970 0,004368
звезду 1,698970 0,004368
Александра 0,638272 0,001641
Киселева 1,522879 0,003915
о 0,136677 0,000351
закулисье 1,698970 0,004368
сериала 0,920819 0,002367
Сестры 1,301030 0,003345
как 0,251812 0,000971
чудом 1,698970 0,004368
попала 1,221849 0,003141
Танцы 1,397940 0,003594
об 0,292430 0,001128
отношениях 0,886057 0,002278
с 0,102373 0,001184
Мигелем 1,698970 0,004368
последней 1,397940 0,003594
роли 0,958607 0,002464
Децла 1,698970 0,004368
эскорте 1,698970 0,004368
Актриса 1,301030 0,003345
танцовщица 1,522879 0,003915
модель 1,045757 0,002688
ответила 1,522879 0,003915
на 0,075721 0,000876
самые 0,721246 0,001854
популярные 1,000000 0,002571
запросы 1,698970 0,004368
Интернета 1,221849 0,003141
Алексей 0,602060 0,002322
Заякин 1,698970 0,006551
Молча 1,698970 0,004368
стоял 1,522879 0,003915
секунд 1,397940 0,003594
у 0,387216 0,001991
гроба 1,522879 0,005872
Путин 0,721246 0,001854
простился 1,045757 0,002688
Жириновским 0,585027 0,001504
Колонном 1,154902 0,002969
зале 1,096910 0,002820
Дома 1,045757 0,002688
Союзов 1,045757 0,002688
Во 0,886057 0,002278
время 0,366532 0,000942
церемонии 1,397940 0,003594
президент 1,397940 0,003594
страны 0,638272 0,001641
был 0,481486 0,001238
букетом 1,522879 0,003915
красных 1,522879 0,003915
роз 1,522879 0,003915
Юлия 0,823909 0,003177
Филатова 1,698970 0,004368
Настасья 1,522879 0,003915
Самбурская 1,698970 0,004368
актриса 1,301030 0,005017
стала 0,823909 0,002118
звездой 1,096910 0,002820
Универа 1,698970 0,004368
оскандалилась 1,698970 0,004368
Летучей 1,698970 0,004368
Дробышем 1,698970 0,004368
почему 0,494850 0,001272
скрывает 1,301030 0,003345
личную 1,522879 0,003915
жизнь 0,537602 0,001382
Сегодня 0,677781 0,001742
востребована 1,698970 0,004368
сцене 1,397940 0,003594
кино 0,568636 0,001462
музыкальной 1,698970 0,004368
сфере 0,552842 0,001421
Мария 0,698970 0,004492
Честная 1,698970 0,010919
Внебрачная 1,698970 0,004368
дочь 1,096910 0,002820
Жириновского 0,657577 0,004226
ее 0,508638 0,001308
мать 0,958607 0,002464
расплакались 1,698970 0,004368
Илья 1,045757 0,002688
Богомолов 1,698970 0,004368
Попытка 1,397940 0,003594
номер 0,920819 0,002367
три 0,853872 0,002195
Аврил 1,221849 0,003141
Лавин 1,221849 0,003141
снова 0,769551 0,001978
выходит 0,958607 0,002464
замуж 1,221849 0,003141
за 0,180456 0,000696
рокера 1,698970 0,004368
Тодорович 1,698970 0,004368
Подъем 1,698970 0,004368
первыми 1,301030 0,003345
петухами 1,698970 0,004368
Подольская 1,698970 0,004368
запечатлела 1,698970 0,004368
годовалого 1,698970 0,004368
сына 1,000000 0,002571
Преснякова 1,698970 0,004368
пижаме 1,698970 0,004368
На 0,283997 0,001095
Новодевичье 1,397940 0,003594
кладбище 1,221849 0,006282
где 0,537602 0,001382
похоронят 1,522879 0,003915
заехала 1,698970 0,004368
машина 1,301030 0,003345
скорой 1,522879 0,003915
помощи 1,045757 0,002688
Жена 1,154902 0,002969
родной 1,301030 0,003345
сын 0,958607 0,002464
могут 0,522879 0,001344
приехать 1,698970 0,004368
прощании 1,397940 0,003594
их 0,455932 0,001758
так 0,522879 0,001344
не 0,142668 0,000550
было 0,585027 0,002256
Заработки 1,698970 0,004368
Надежды 1,522879 0,003915
Кадышевой 1,698970 0,004368
года 0,356547 0,000917
певица 1,221849 0,003141
заключила 1,698970 0,004368
контрактов 1,698970 0,004368
миллионов 1,045757 0,002688
рублей 0,585027 0,001504
Новодевичьем 1,522879 0,003915
переполох 1,397940 0,003594
толпы 1,522879 0,003915
людей 0,698970 0,001797
собираются 1,522879 0,003915
входа 1,397940 0,003594
похороны 1,301030 0,003345
Учредитель 0,698970 0,001797
редакция 1,154902 0,002969
издатель 1,698970 0,004368
журнала 1,154902 0,004453
сайта 0,522879 0,002688
teleprogramma 1,698970 0,010919
pro 1,698970 0,010919
АО 0,795880 0,003069
ИД 1,698970 0,004368
Комсомольская 1,397940 0,005391
правда 0,958607 0,003696
Зарегистрировано 1,397940 0,003594
Роскомнадзором 1,397940 0,003594
свидетельство 1,301030 0,003345
Эл 0,721246 0,001854
ФС 0,522879 0,001344
от 0,193820 0,000498
Адрес 0,721246 0,001854
учредителя 1,522879 0,003915
редакции 0,481486 0,001238
г 0,602060 0,006191
Москва 0,508638 0,001308
ул 1,000000 0,002571
Новодмитровская 1,698970 0,004368
д 0,886057 0,002278
а 0,327902 0,000843
стр 1,096910 0,002820
этаж 1,301030 0,003345
tele 1,698970 0,004368
kp 1,522879 0,007830
ru 0,187087 0,001683
Заместитель 1,522879 0,003915
Генерального 1,698970 0,004368
директора 1,698970 0,004368
Издатель 1,698970 0,004368
лауреат 1,397940 0,003594
рейтинга 1,301030 0,003345
ТОП 0,958607 0,002464
российских 0,468521 0,001204
менеджеров 1,522879 0,003915
разделе 1,522879 0,003915
СМИ 0,481486 0,001238
Лауреат 1,698970 0,006551
Рейтинга 1,698970 0,004368
молодых 1,154902 0,002969
медиаменеджеров 1,698970 0,004368
Премии 1,301030 0,003345
Медиа 0,958607 0,002464
Менеджер 1,522879 0,003915
России 0,251812 0,000647
Владислав 1,221849 0,003141
Гемст 1,698970 0,004368
Главный 0,585027 0,001504
редактор 0,585027 0,002256
Павел 0,853872 0,002195
Садков 1,698970 0,004368
Директор 1,397940 0,007187
проекта 0,886057 0,002278
Станислав 1,154902 0,002969
Леонидов 1,698970 0,004368
Шеф 1,397940 0,003594
Екатерина 0,920819 0,002367
Болгова 1,698970 0,004368
ekaterina 1,698970 0,004368
bolgova 1,698970 0,004368
phkp 1,698970 0,008735
по 0,124939 0,000482
продвижению 1,698970 0,004368
Шибаева 1,698970 0,004368
доб 1,397940 0,005391
anastasiya 1,698970 0,004368
shibaeva 1,698970 0,004368
рекламе 1,522879 0,003915
Ольга 0,769551 0,001978
Швец 1,698970 0,004368
Размещение 0,958607 0,002464
рекламы 0,823909 0,002118
интернет 0,657577 0,001690
Сабина 1,698970 0,004368
Багирова 1,698970 0,004368
тел 1,301030 0,003345
моб 1,698970 0,004368
e 0,958607 0,002464
mail 0,721246 0,001854
Sabina 1,698970 0,004368
bagirova 1,698970 0,004368
Исключительные 1,522879 0,003915
права 0,431798 0,001110
материалы 0,537602 0,001382
размещенные 1,397940 0,003594
сетевом 1,522879 0,003915
издании 1,397940 0,003594
TELEPROGRAMMA 1,698970 0,004368
www 0,698970 0,001797
соответствии 0,795880 0,002046
законодательством 0,823909 0,002118
Российской 0,769551 0,001978
Федерации 0,795880 0,002046
охране 1,301030 0,003345
результатов 1,397940 0,003594
интеллектуальной 1,096910 0,002820
деятельности 1,000000 0,002571
принадлежат 1,096910 0,002820
Издательский 1,522879 0,003915
дом 0,823909 0,002118
подлежат 1,397940 0,003594
использованию 1,397940 0,003594
другими 1,221849 0,003141
лицами 1,301030 0,003345
какой 0,886057 0,002278
бы 0,585027 0,001504
то 0,537602 0,001382
ни 0,744727 0,001914
форме 1,221849 0,003141
письменного 1,000000 0,002571
разрешения 0,853872 0,002195
правообладателя 0,886057 0,002278
Приобретение 1,522879 0,003915
прав 0,920819 0,002367
Сообщения 1,221849 0,003141
комментарии 1,000000 0,003856
читателей 0,958607 0,002464
сетевого 1,096910 0,002820
издания 0,886057 0,002278
размещаются 1,522879 0,003915
предварительного 1,301030 0,003345
редактирования 1,522879 0,003915
Редакция 0,769551 0,001978
оставляет 1,301030 0,003345
собой 0,823909 0,002118
право 1,045757 0,002688
удалить 1,522879 0,003915
или 0,301030 0,001161
отредактировать 1,522879 0,003915
если 0,698970 0,001797
указанные 1,522879 0,003915
сообщения 1,154902 0,002969
являются 1,045757 0,002688
злоупотреблением 1,522879 0,003915
свободой 1,301030 0,003345
массовой 1,000000 0,002571
информации 0,698970 0,001797
нарушением 1,522879 0,003915
иных 1,522879 0,003915
требований 1,522879 0,003915
закона 1,045757 0,002688
Возрастная 1,522879 0,003915
категория 1,397940 0,003594
Политика 0,443697 0,001141
отношении 0,853872 0,002195
обработки 0,958607 0,002464
персональных 0,769551 0,001978
данных 0,657577 0,001690
Читайте 1,096910 0,002820
новости 0,420216 0,001080
наших 0,823909 0,002118
партнеров 1,154902 0,002969
спорта 0,958607 0,002464
Sportkp 1,698970 0,004368
