КГ 1,698970 0,003340
Портал 1,221849 0,001716
все 0,292430 0,000493
о 0,136677 0,000537
кино 0,568636 0,002076
видеоиграх 1,698970 0,000954
сериалах 1,698970 0,001431
и 0,075721 0,001318
аниме 1,397940 0,010992
div 1,000000 0,000842
img 0,795880 0,000670
src 0,795880 0,000894
https 0,721246 0,000608
mc 1,000000 0,000562
yandex 1,000000 0,000562
ru 0,187087 0,000263
watch 1,000000 0,000562
style 0,823909 0,000925
position 0,853872 0,000719
absolute 0,958607 0,000808
left 0,958607 0,000808
px 0,920819 0,000776
alt 0,886057 0,000746
top 1,154902 0,000649
fwz 1,522879 0,000855
mail 0,721246 0,000405
counter 1,397940 0,000785
id 1,154902 0,000649
js 1,045757 0,000587
na 1,522879 0,000855
border 1,397940 0,000785
height 1,221849 0,001029
width 1,221849 0,001029
Рейтинг 0,958607 0,000538
Mail 1,397940 0,000785
Меню 1,221849 0,001029
Главная 0,823909 0,000694
Кино 0,677781 0,002855
Новости 0,221849 0,000997
Все 0,148742 0,000710
фильмы 0,886057 0,000995
Популярные 0,853872 0,000959
Ожидаемые 1,397940 0,001178
Лучшие 0,823909 0,001157
Фильмы 0,744727 0,001464
Жанры 1,221849 0,001029
Рецензии 0,920819 0,002586
Трейлеры 1,221849 0,003431
Подкасты 0,744727 0,002719
Календарь 1,045757 0,001468
премьер 1,045757 0,000881
Новое 0,958607 0,001615
недели 0,769551 0,001081
Сборы 1,698970 0,003340
фильмов 0,795880 0,001788
в 0,070581 0,001189
США 0,508638 0,000429
России 0,251812 0,000283
Международные 1,397940 0,001178
сборы 1,301030 0,001096
Упрощенные 1,698970 0,001431
сценарии 1,522879 0,001283
Сериалы 1,045757 0,003524
сериалы 0,920819 0,001552
Эпизодники 1,698970 0,002386
Новые 0,552842 0,001087
сериалов 1,045757 0,001762
Игры 0,886057 0,002488
игры 1,000000 0,002527
месяца 0,920819 0,000776
Аниме 1,221849 0,003774
сезона 0,958607 0,002154
Продажи 1,397940 0,001178
Лучшее 1,154902 0,000973
Блоги 1,096910 0,001232
Вопросы 1,154902 0,000973
для 0,119186 0,000301
подкастов 1,698970 0,001908
Текстовые 1,698970 0,001431
версии 1,000000 0,000842
Мы 0,537602 0,000604
на 0,075721 0,001148
Патреоне 1,698970 0,001431
Лазер 1,698970 0,003817
шоу 0,657577 0,001477
Три 0,823909 0,001851
дебила 1,698970 0,003817
Телеовощи 1,698970 0,002863
Ноль 1,698970 0,002386
кадров 1,522879 0,002138
секунду 1,522879 0,002138
Еженедельные 1,698970 0,001431
вопли 1,698970 0,001431
об 0,292430 0,000411
Подкаст 1,397940 0,001178
колесах 1,522879 0,001283
минут 0,920819 0,001552
назад 0,721246 0,004658
Диванные 1,698970 0,001431
анимешники 1,698970 0,001431
Материалы 1,045757 0,000881
Вся 0,886057 0,000746
правда 0,958607 0,000808
Слово 1,301030 0,001096
знатокам 1,522879 0,001283
русского 0,769551 0,000648
Превью 1,698970 0,001908
Топы 1,698970 0,001431
Книга 1,154902 0,000973
лучше 0,958607 0,001077
Ненависть 1,522879 0,001283
Косплей 1,698970 0,001431
Форум 1,000000 0,000842
Поиск 0,619789 0,000348
Обратная 0,585027 0,000329
связь 0,552842 0,000310
со 0,387216 0,000217
Всеяредакцией 1,698970 0,000954
Ошибка 1,221849 0,000686
при 0,468521 0,000263
отправке 1,698970 0,000954
сообщения 1,154902 0,000973
Попробуйте 1,522879 0,001283
отправить 1,221849 0,000686
его 0,376751 0,000952
повторно 1,698970 0,000954
Сообщение 1,221849 0,000686
отправлено 1,397940 0,000785
Это 0,537602 0,000302
успех 1,522879 0,000855
Общие 1,698970 0,000954
вопросы 0,744727 0,000418
Патреон 1,698970 0,000954
Сообщить 1,221849 0,000686
ошибке 1,221849 0,000686
Прислать 1,522879 0,001283
новость 1,301030 0,008403
фанарт 1,698970 0,000954
О 0,207608 0,000117
плагиате 1,522879 0,000855
Адрес 0,721246 0,000405
страницы 1,221849 0,000686
с 0,102373 0,000489
ошибкой 1,522879 0,000855
Текст 1,397940 0,000785
Ссылка 1,397940 0,001178
Для 0,494850 0,000278
какого 1,522879 0,000855
раздела 1,698970 0,001431
Как 0,301030 0,000338
мы 0,468521 0,000395
можем 1,397940 0,000785
вами 1,301030 0,000731
связаться 1,301030 0,000731
Написать 1,096910 0,000616
еще 0,408935 0,000459
одно 1,045757 0,000587
Вход 0,657577 0,000554
сайт 0,494850 0,000278
Похоже 1,397940 0,000785
не 0,142668 0,000601
сошлись 1,301030 0,000731
характерами 1,698970 0,000954
Ваш 1,096910 0,000616
аккаунт 1,301030 0,000731
заблокирован 1,522879 0,000855
Хорошая 1,698970 0,001431
попытка 1,397940 0,001178
но 0,481486 0,000541
нет 0,619789 0,000696
Неправильные 1,522879 0,000855
логин 1,698970 0,000954
или 0,301030 0,000254
пароль 0,920819 0,000776
Что 0,346787 0,000195
то 0,537602 0,000302
пошло 1,397940 0,000785
так 0,522879 0,000441
повторить 1,397940 0,000785
запрос 1,522879 0,000855
Нет 0,886057 0,000995
такого 1,301030 0,000731
пользователя 1,397940 0,001178
Войти 0,508638 0,000286
через 0,585027 0,000821
соцсети 1,154902 0,000649
При 0,769551 0,000432
проблемах 1,397940 0,000785
логином 1,522879 0,000855
отключите 1,698970 0,000954
AdBlock 1,698970 0,000954
Или 1,096910 0,000616
наш 1,045757 0,000587
форум 1,301030 0,001096
Регистрация 0,657577 0,000369
Вспомнить 1,522879 0,000855
Метагалактический 1,698970 0,000954
мегакинопортал 1,698970 0,000954
можно 0,443697 0,000748
после 0,397940 0,000447
Хью 1,301030 0,000731
Джекмана 1,698970 0,000954
выбрать 1,096910 0,000616
меня 0,721246 0,000405
Дэниэл 1,698970 0,000954
Рэдклифф 1,522879 0,000855
комментирует 1,698970 0,000954
слухи 1,301030 0,000731
роли 0,958607 0,001077
Росомахи 1,698970 0,000954
Джеймс 1,096910 0,000616
Ганн 1,698970 0,000954
рассказал 0,619789 0,000522
сексуальной 1,698970 0,000954
ориентации 1,698970 0,000954
Миротворца 1,698970 0,000954
Он 0,721246 0,000405
всеяден 1,698970 0,000954
весны 1,221849 0,000686
года 0,356547 0,000200
Организаторы 1,698970 0,000954
Золотой 1,045757 0,000881
малины 1,698970 0,000954
отозвали 1,698970 0,000954
награду 1,397940 0,000785
Брюса 1,522879 0,002566
Уиллиса 1,522879 0,002566
Netflix 1,221849 0,002402
нашел 1,221849 0,001372
злую 1,522879 0,001711
мачеху 1,698970 0,001908
сказки 1,154902 0,001297
про 0,568636 0,001597
очень 0,657577 0,000739
странную 1,698970 0,001908
принцессу 1,698970 0,001908
голодного 1,522879 0,001711
дракона 1,397940 0,001570
Настроить 1,698970 0,000954
Создание 1,154902 0,000649
новостей 0,619789 0,000696
Показ 1,698970 0,000954
главной 1,045757 0,000881
странице 1,045757 0,000881
Выберите 1,000000 0,000562
разделы 1,698970 0,000954
сайта 0,522879 0,000587
новости 0,420216 0,000590
из 0,167491 0,000658
которых 0,677781 0,000381
вы 0,420216 0,000590
хотите 1,045757 0,000587
видеть 1,221849 0,000686
КИНО 1,522879 0,005987
СЕРИАЛЫ 1,397940 0,003141
ИГРЫ 1,698970 0,000954
АНИМЕ 1,698970 0,002863
Новость 1,397940 0,000785
относящаяся 1,698970 0,000954
сразу 0,795880 0,000447
к 0,207608 0,000175
нескольким 1,698970 0,000954
разделам 1,698970 0,000954
будет 0,387216 0,000544
показана 1,698970 0,000954
если 0,698970 0,000393
у 0,387216 0,000544
вас 0,823909 0,000463
включен 1,698970 0,000954
хотя 1,301030 0,000731
бы 0,585027 0,000493
один 0,721246 0,000405
этих 0,958607 0,000538
разделов 1,397940 0,000785
Отключение 1,698970 0,000954
также 0,494850 0,000417
отключит 1,698970 0,000954
показ 1,301030 0,000731
записей 1,522879 0,000855
эту 1,000000 0,000562
тему 1,301030 0,000731
блогов 1,397940 0,000785
кроме 1,522879 0,000855
тех 0,920819 0,000517
которые 0,431798 0,000243
подписаны 1,698970 0,000954
важные 1,096910 0,000616
объявления 1,397940 0,000785
будут 0,638272 0,000358
показываться 1,698970 0,000954
вне 1,301030 0,000731
зависимости 1,698970 0,000954
от 0,193820 0,000272
настроек 1,522879 0,000855
Отключенный 1,698970 0,000954
раздел 1,301030 0,000731
продолжать 1,397940 0,000785
читать 0,823909 0,000463
напрямую 1,698970 0,000954
открыв 1,698970 0,000954
главное 1,301030 0,000731
меню 1,045757 0,000587
И 0,408935 0,000230
обновить 1,301030 0,000731
страницу 1,154902 0,000649
Галерея 1,221849 0,000686
продажи 1,221849 0,000686
минуты 1,301030 0,003654
Прямая 1,397940 0,008244
ссылка 1,154902 0,006811
Юрий 0,795880 0,001788
Лущинский 1,698970 0,003817
Обычно 1,698970 0,000954
такие 1,000000 0,000562
истории 0,657577 0,000369
развиваются 1,522879 0,000855
несколько 0,795880 0,000447
иначе 1,301030 0,000731
Первоисточник 1,698970 0,005725
deadline 1,698970 0,001431
com 0,744727 0,002091
Демон 1,522879 0,001283
ада 1,698970 0,001431
воодушевляющий 1,698970 0,001431
женщин 0,920819 0,000776
персонаж 1,522879 0,001283
экранизации 1,522879 0,001283
комикса 1,522879 0,001283
сложно 1,301030 0,000731
быть 0,431798 0,000364
женщиной 1,221849 0,000686
демоном 1,698970 0,000954
нашем 1,000000 0,000562
мире 0,468521 0,000263
час 1,000000 0,001123
Миротворец 1,698970 0,001908
отправляется 1,221849 0,001372
Индию 1,698970 0,001908
Джон 0,958607 0,001346
Сина 1,522879 0,001711
сыграет 1,522879 0,004277
новом 0,853872 0,001439
комедийном 1,522879 0,001711
экшене 1,698970 0,002386
Востребованность 1,698970 0,000954
бывшего 1,154902 0,000649
рестлера 1,698970 0,000954
растет 1,221849 0,000686
Молоток 1,698970 0,001431
Судаков 1,698970 0,000954
Гогидзе 1,698970 0,000954
Выпуск 1,154902 0,001622
Пузырь 1,397940 0,003141
Джадда 1,522879 0,002138
Апатоу 1,522879 0,002138
уход 1,522879 0,002138
Patreon 1,698970 0,001431
Донат 1,698970 0,000954
поддержите 1,698970 0,000954
подкаст 1,397940 0,001178
Аудио 1,221849 0,002402
Видео 0,431798 0,000728
Оценить 1,522879 0,000855
Поделиться 1,397940 0,001178
Содержание 1,522879 0,001283
Оценки 1,522879 0,000855
ожидаем 1,698970 0,000954
голосов 1,698970 0,000954
Поддержите 1,698970 0,000954
Собрано 1,698970 0,000954
Ближайшая 1,698970 0,000954
цель 1,397940 0,000785
Начнем 1,522879 0,000855
записывать 1,698970 0,000954
подкасты 1,397940 0,001178
видеокамеру 1,698970 0,000954
собравшись 1,698970 0,000954
одном 0,958607 0,000538
месте 0,886057 0,000498
цели 1,301030 0,000731
Поддержать 1,397940 0,000785
Вступление 1,698970 0,000954
Брюс 1,522879 0,000855
Уиллис 1,397940 0,000785
уходит 1,301030 0,001461
Новый 0,698970 0,000785
трейлер 1,221849 0,002402
Топ 0,958607 0,000538
Ган 1,397940 0,000785
Мэверик 1,397940 0,000785
Последствия 1,698970 0,000954
удара 0,823909 0,000463
Уилла 1,522879 0,000855
Смита 1,301030 0,000731
Майклу 1,698970 0,000954
Бэю 1,698970 0,000954
советовали 1,522879 0,000855
завязать 1,698970 0,000954
Трансформерами 1,698970 0,000954
Билл 1,522879 0,001283
Скарсгард 1,522879 0,002994
Ворона 1,522879 0,000855
Джим 1,301030 0,001827
Керри 1,522879 0,002138
резко 1,096910 0,000616
высказался 1,154902 0,000649
Оскаре 1,221849 0,000686
Уилле 1,698970 0,000954
Смите 1,698970 0,000954
Хреновый 1,698970 0,000954
Морбиус 1,397940 0,000785
лучшие 0,886057 0,000746
Твари 1,522879 0,000855
Шэрон 1,698970 0,000954
Стоун 1,698970 0,000954
злодейку 1,698970 0,000954
DC 1,698970 0,000954
перезапустит 1,698970 0,000954
Детей 1,522879 0,000855
шпионов 1,397940 0,000785
Ума 1,698970 0,000954
Турман 1,698970 0,000954
Сэмюэл 1,698970 0,000954
Л 1,096910 0,000616
Джексон 1,301030 0,000731
снова 0,769551 0,000432
вместе 0,769551 0,000432
Георгий 1,522879 0,000855
фильме 1,096910 0,001540
Чудаки 1,698970 0,001431
навсегда 1,000000 0,000842
Обсуждение 1,301030 0,000731
фильма 0,795880 0,001788
Наемник 1,698970 0,000954
Благодарим 1,698970 0,000954
наших 0,823909 0,000463
спонсоров 1,698970 0,000954
Скачивание 1,698970 0,000954
Смотреть 0,721246 0,000405
YouTube 0,823909 0,000694
p 1,221849 0,001716
Высокое 1,698970 0,000954
разрешение 1,522879 0,001283
Мб 1,698970 0,001908
Среднее 1,698970 0,000954
ролик 1,301030 0,001461
Код 1,397940 0,000785
вставки 1,698970 0,000954
iframe 1,698970 0,001431
kg 1,698970 0,000954
portal 1,698970 0,000954
t 1,221849 0,000686
frameborder 1,698970 0,000954
allowfullscreen 1,698970 0,000954
часа 1,154902 0,001297
youtu 1,698970 0,001908
be 1,301030 0,001461
Иван 0,744727 0,000837
Иванов 1,096910 0,001232
Франчайз 1,698970 0,001908
Городской 1,522879 0,001711
охотник 1,301030 0,001461
пополнит 1,698970 0,001908
новый 0,552842 0,000931
фильм 0,823909 0,001388
Уже 1,154902 0,000649
был 0,481486 0,000270
представлен 1,522879 0,000855
первый 0,769551 0,001081
тизер 1,522879 0,001283
новой 0,769551 0,000432
полнометражки 1,698970 0,000954
часов 0,958607 0,001615
www 0,698970 0,000981
radiotimes 1,698970 0,000954
Лариса 1,154902 0,001622
Мосенко 1,698970 0,002386
Создатель 1,522879 0,001711
Шерлока 1,522879 0,001711
готов 1,221849 0,001372
взяться 1,522879 0,001711
за 0,180456 0,000253
пятый 0,920819 0,001034
сезон 0,853872 0,000959
уже 0,602060 0,000676
завтра 1,154902 0,001297
Вот 0,958607 0,000538
актеры 1,397940 0,000785
согласились 1,522879 0,000855
cbr 1,698970 0,000954
Трейлер 1,301030 0,001461
Тора 1,698970 0,001908
установил 1,522879 0,001711
своей 0,853872 0,000959
рекорд 1,301030 0,001461
А 0,376751 0,000317
ведь 1,154902 0,000649
даже 0,619789 0,000348
вышел 1,000000 0,000842
Наташка 1,698970 0,001431
поломала 1,698970 0,001431
время 0,366532 0,000515
трейлере 1,698970 0,002386
второго 1,221849 0,001716
комедии 1,301030 0,001461
Жизни 1,522879 0,001711
матрешки 1,397940 0,001570
Сериал 1,000000 0,000562
возвращается 1,397940 0,001963
экраны 1,397940 0,000785
пару 1,221849 0,000686
недель 1,397940 0,000785
В 0,167491 0,000282
Мистер 1,522879 0,001711
миссис 1,522879 0,001711
Смит 1,154902 0,002270
замена 1,522879 0,002566
вместо 0,744727 0,000837
Фиби 1,698970 0,001908
Уоллер 1,698970 0,001908
Бридж 1,698970 0,001908
жену 1,221849 0,001372
Дональда 1,698970 0,001908
Гловера 1,698970 0,001908
Майя 1,522879 0,001711
Эрскин 1,698970 0,001908
Важный 1,698970 0,000954
рекаст 1,698970 0,000954
состоялся 1,698970 0,000954
screenrant 1,698970 0,001908
Катерина 1,221849 0,001372
Воскресенская 1,698970 0,003340
Без 0,920819 0,001034
обид 1,698970 0,001908
Стивен 1,154902 0,001297
Моффат 1,698970 0,001908
вернется 1,522879 0,001711
Доктора 1,397940 0,001570
Кто 0,638272 0,000896
Да 0,823909 0,000463
какие 0,795880 0,000447
обиды 1,397940 0,000785
Вчера 1,045757 0,003524
vanityfair 1,698970 0,000954
Не 0,481486 0,000811
шучу 1,698970 0,001908
завершает 1,698970 0,001908
актерскую 1,698970 0,001908
карьеру 1,301030 0,001461
Стадия 1,698970 0,000954
отрицания 1,522879 0,000855
пройдена 1,397940 0,000785
Слишком 1,397940 0,001570
горяч 1,698970 0,001908
Александр 0,468521 0,000789
объяснил 0,769551 0,000864
почему 0,494850 0,000834
начале 1,096910 0,001232
карьеры 1,301030 0,001461
воспринимали 1,698970 0,001908
всерьез 1,397940 0,001570
Интересно 1,522879 0,000855
Польская 1,698970 0,001431
эротика 1,698970 0,001431
Вышел 1,397940 0,001178
априори 1,698970 0,001431
скандального 1,522879 0,001283
дней 0,744727 0,000627
Этот 1,000000 0,000842
день 0,585027 0,000493
Потоковая 1,698970 0,000954
клубничка 1,698970 0,000954
HardRock 1,698970 0,000954
Hedgehog 1,698970 0,000954
Лучший 1,154902 0,000973
комментарий 1,221849 0,001029
Сначала 1,301030 0,000731
я 0,522879 0,000294
хотел 1,221849 0,000686
сказать 1,154902 0,000649
что 0,187087 0,000315
тупая 1,698970 0,000954
гл 1,698970 0,000954
Ямурная 1,698970 0,000954
хуйня 1,698970 0,000954
потом 0,920819 0,000517
понял 1,301030 0,000731
этого 0,619789 0,000522
польского 1,522879 0,000855
любом 1,154902 0,000649
случае 0,920819 0,000517
больше 0,638272 0,000717
здравомыслия 1,698970 0,000954
интеллекта 1,698970 0,000954
чем 0,420216 0,000236
всей 0,920819 0,000517
внешней 1,301030 0,000731
политики 1,301030 0,000731
Польши 1,096910 0,000616
этом 0,585027 0,000493
году 0,602060 0,000507
Данил 1,698970 0,000954
прямая 1,522879 0,001711
трансляция 1,154902 0,000973
Сегодня 0,677781 0,000381
Ультрамен 1,698970 0,001431
герой 0,958607 0,001077
опенинг 1,698970 0,001431
Сезон 0,958607 0,000538
выйдет 1,522879 0,000855
апреля 0,301030 0,000254
Дина 1,301030 0,000731
Касимова 1,698970 0,000954
Есть 0,886057 0,000746
Фанаты 1,698970 0,001431
требуют 1,397940 0,001178
рекаста 1,698970 0,001431
Эзры 1,698970 0,001908
Миллера 1,522879 0,001283
Флэша 1,698970 0,002386
Грант 1,698970 0,001908
Гастин 1,698970 0,000954
вошел 1,522879 0,000855
чат 1,698970 0,000954
leoneo 1,698970 0,000954
отличный 1,522879 0,001283
актер 1,000000 0,000562
Прям 1,522879 0,000855
реально 1,522879 0,000855
За 0,568636 0,000319
сезоны 1,522879 0,000855
флеша 1,698970 0,000954
доказывал 1,698970 0,000954
это 0,292430 0,000246
много 0,958607 0,000538
раз 0,698970 0,000393
Точно 1,698970 0,000954
хз 1,698970 0,000954
откуда 1,397940 0,000785
вылезшего 1,698970 0,000954
Какое 1,397940 0,000785
б 1,522879 0,000855
говно 1,698970 0,000954
было 0,585027 0,000329
последних 1,045757 0,000587
сезонах 1,698970 0,000954
а 0,327902 0,000184
вот 0,795880 0,000894
отыгрывает 1,698970 0,000954
ура 1,522879 0,000855
всегда 0,657577 0,000739
нему 1,301030 0,000731
вопросов 1,397940 0,000785
отрыл 1,698970 0,000954
свое 0,721246 0,000405
касте 1,698970 0,000954
большой 1,154902 0,000649
респект 1,522879 0,000855
Первоисточники 1,698970 0,000954
beyoutu 1,698970 0,002386
Оригинальный 1,698970 0,001431
обзавелся 1,698970 0,001431
новым 1,000000 0,000842
тизером 1,698970 0,001431
Проект 1,000000 0,000562
режиссера 1,154902 0,000649
Атаки 1,698970 0,000954
титанов 1,301030 0,000731
сценариста 1,698970 0,000954
Волшебницы 1,698970 0,000954
Мадоки 1,698970 0,000954
Магики 1,698970 0,000954
студии 1,154902 0,001297
WIT 1,698970 0,000954
gamesradar 1,698970 0,000954
Режиссер 1,154902 0,000973
Сэм 1,522879 0,001283
Рэйми 1,698970 0,001431
считает 1,000000 0,000842
легко 1,045757 0,000881
снять 1,301030 0,001096
Человека 1,397940 0,001178
паука 1,522879 0,001283
Тоби 1,698970 0,001431
Кирстен 1,698970 0,001431
Только 0,958607 0,000538
нужно 0,721246 0,000405
ли 0,397940 0,000223
именно 0,920819 0,000517
сейчас 0,657577 0,000369
Романтический 1,698970 0,001431
триллер 1,221849 0,001029
двух 0,886057 0,000746
ассасинов 1,698970 0,001431
Энтони 1,698970 0,001431
Маки 1,698970 0,001431
Приянкой 1,698970 0,001431
Джонас 1,698970 0,001431
посылкой 1,698970 0,001431
Amazon 1,221849 0,001029
Добро 1,301030 0,000731
пожаловать 1,301030 0,000731
стриминг 1,698970 0,000954
Владислав 1,221849 0,000686
Никиткин 1,698970 0,000954
Красавица 1,154902 0,001297
дракон 1,154902 0,001297
первые 1,000000 0,001404
три 0,853872 0,000959
нового 0,769551 0,000864
автора 0,886057 0,000995
Дитя 1,698970 0,001908
Чудовища 1,698970 0,001908
Еще 0,585027 0,000493
дублированных 1,698970 0,000954
песен 1,221849 0,000686
Ранее 1,221849 0,000686
Возвращение 1,096910 0,000924
Владыка 1,698970 0,000954
демонов 1,301030 0,001096
первого 1,000000 0,000562
уровня 1,221849 0,000686
однушки 1,698970 0,000954
анонс 1,301030 0,000731
комедийного 1,397940 0,000785
пробудившемся 1,698970 0,000954
Владыке 1,698970 0,000954
забытом 1,698970 0,000954
герое 1,397940 0,000785
Щикимори 1,698970 0,001431
сан 1,698970 0,001431
только 0,309804 0,000261
милая 1,698970 0,001431
романтического 1,397940 0,000785
фирменном 1,698970 0,000954
стиле 1,301030 0,000731
Doga 1,698970 0,000954
Kobo 1,698970 0,000954
Прима 1,698970 0,000954
кукла 1,522879 0,000855
подробности 1,154902 0,000649
военных 0,795880 0,000447
механических 1,698970 0,000954
девушках 1,522879 0,000855
куклах 1,698970 0,000954
ищущих 1,698970 0,000954
себя 0,552842 0,000310
мирное 1,522879 0,000855
Лестат 1,698970 0,001431
Луи 1,698970 0,001431
первых 0,853872 0,000719
кадрах 1,698970 0,001908
сериала 0,920819 0,000776
Интервью 0,638272 0,000717
вампиром 1,522879 0,001711
Шедевр 1,522879 0,000855
Первые 1,096910 0,000616
отзывы 1,221849 0,000686
Варяге 1,698970 0,000954
лучшем 1,522879 0,000855
Роберта 1,301030 0,001096
Эггерса 1,522879 0,001283
Лок 1,522879 0,001283
ключ 1,522879 0,001283
сериал 1,045757 0,000587
показал 1,045757 0,000587
кадры 1,000000 0,000842
третьего 1,397940 0,000785
обновил 1,698970 0,000954
свой 0,721246 0,000608
статус 1,397940 0,000785
Дилогия 1,698970 0,000954
Max 1,698970 0,000954
Payne 1,698970 0,000954
получит 1,522879 0,000855
полноценный 1,698970 0,000954
ремейк 1,522879 0,000855
Колин 1,698970 0,000954
Ферт 1,522879 0,000855
собирается 1,154902 0,000649
цинично 1,698970 0,000954
обмануть 1,698970 0,000954
Гитлера 1,522879 0,000855
Операция 1,221849 0,000686
Мясной 1,397940 0,000785
фарш 1,397940 0,000785
видео 0,568636 0,000319
Стреляю 1,698970 0,000954
без 0,387216 0,000761
промаха 1,698970 0,000954
кажется 1,045757 0,000587
Уилл 1,154902 0,001297
прикончил 1,698970 0,000954
сольник 1,698970 0,000954
Дэдшота 1,698970 0,000954
Злобный 1,698970 0,000954
Эзра 1,698970 0,000954
Миллер 1,221849 0,000686
лучший 1,045757 0,000881
Грин 1,522879 0,000855
де 1,522879 0,000855
Вальд 1,698970 0,000954
свежем 1,698970 0,000954
Фантастических 1,698970 0,000954
тварей 1,698970 0,000954
Последняя 1,301030 0,000731
глава 0,958607 0,000538
манги 1,698970 0,000954
Камуй 1,698970 0,000954
опубликована 1,522879 0,000855
апреле 0,853872 0,000480
Warner 1,522879 0,001283
Bros 1,522879 0,001283
ставит 1,397940 0,001178
паузу 1,522879 0,001283
проекты 0,698970 0,000589
Эзрой 1,698970 0,001431
Миллером 1,698970 0,001431
ареста 1,698970 0,001431
Дальше 1,698970 0,001431
Майкл 1,522879 0,000855
Бэй 1,698970 0,000954
наотрез 1,698970 0,000954
отказывается 1,301030 0,000731
снимать 1,301030 0,000731
Железного 1,698970 0,000954
человека 0,568636 0,000319
Бэтмена 1,522879 0,000855
Слухи 1,698970 0,000954
стана 1,698970 0,000954
Ubisoft 1,698970 0,000954
две 0,795880 0,000447
королевские 1,522879 0,000855
битвы 1,698970 0,000954
NTF 1,698970 0,000954
игросервисы 1,698970 0,000954
играет 1,522879 0,000855
Banner 1,522879 0,000855
Saga 1,698970 0,001431
часть 0,795880 0,000447
Движок 1,698970 0,000954
Unreal 1,698970 0,000954
Engine 1,698970 0,000954
выпущен 1,698970 0,000954
официально 1,397940 0,000785
Возрождение 1,301030 0,000731
классики 1,301030 0,000731
анонсирован 1,698970 0,000954
квест 1,522879 0,000855
Return 1,522879 0,000855
to 0,886057 0,000498
Monkey 1,698970 0,000954
Island 1,698970 0,000954
таки 1,698970 0,000954
леголизовали 1,698970 0,000954
вышла 1,045757 0,000587
LEGO 1,698970 0,000954
Star 1,522879 0,000855
Wars 1,698970 0,000954
The 0,721246 0,000608
Skywalker 1,698970 0,000954
Детективные 1,698970 0,000954
механики 1,698970 0,000954
AI 1,698970 0,000954
Somnium 1,698970 0,000954
Files 1,698970 0,000954
nirvanA 1,698970 0,000954
Initiative 1,698970 0,000954
Следующая 1,522879 0,000855
страница 1,221849 0,000686
Тоже 1,522879 0,000855
интересно 1,397940 0,000785
Бэтвумен 1,698970 0,000954
промо 1,522879 0,001283
настоящую 1,221849 0,000686
лесбийскую 1,698970 0,000954
любовь 0,698970 0,000589
Лига 1,221849 0,000686
справедливости 1,397940 0,000785
Зака 1,698970 0,000954
Снайдера 1,698970 0,000954
Marvel 1,301030 0,000731
реакции 1,698970 0,000954
Вечных 1,698970 0,000954
Новая 0,823909 0,000463
гей 1,698970 0,000954
икона 1,698970 0,000954
раскрыта 1,522879 0,000855
сексуальная 1,698970 0,000954
ориентация 1,698970 0,000954
Губки 1,698970 0,000954
Боба 1,522879 0,000855
Оскар 1,000000 0,000842
прикрас 1,522879 0,001283
очередной 1,301030 0,000731
академик 1,301030 0,000731
как 0,251812 0,000212
проголосовал 1,698970 0,000954
покажут 1,301030 0,000731
драму 1,522879 0,000855
Аутло 1,698970 0,000954
гейской 1,698970 0,000954
трансгендерной 1,698970 0,000954
любви 0,677781 0,000381
Киану 1,522879 0,000855
Ривза 1,698970 0,000954
забанили 1,698970 0,000954
Китае 1,397940 0,000785
ним 1,154902 0,000649
удаляют 1,698970 0,000954
онлайн 0,508638 0,000286
кинотеатров 1,301030 0,000731
Читайте 1,096910 0,000616
смотрите 1,301030 0,001461
нас 0,508638 0,000286
соцсетях 1,045757 0,000587
ВКонтакте 0,795880 0,000670
Твиттер 1,397940 0,001178
Телеграм 1,221849 0,001029
ICQ 1,397940 0,001178
стримы 1,698970 0,000954
выпуски 1,221849 0,000686
ЕВА 1,698970 0,000954
Женский 1,301030 0,000731
квикенинг 1,698970 0,000954
Последние 0,853872 0,000480
рецензии 1,221849 0,001029
Камон 1,698970 0,001431
Смерть 1,000000 0,000842
Ниле 1,522879 0,001283
Илюхин 1,698970 0,001908
Анчартед 1,301030 0,000731
На 0,283997 0,000160
картах 1,301030 0,000731
значится 1,221849 0,000686
Падение 1,397940 0,000785
Луны 1,301030 0,000731
Параллельные 1,698970 0,000954
матери 1,301030 0,000731
King 1,698970 0,000954
s 0,823909 0,000463
Man 1,698970 0,000954
Начало 1,045757 0,000587
Аллея 1,397940 0,000785
кошмаров 1,698970 0,000954
наверх 1,522879 0,001283
Быть 1,096910 0,000616
Рикардо 1,698970 0,000954
Матрица 1,522879 0,001283
Воскрешение 1,522879 0,001283
Человек 0,958607 0,000808
паук 1,221849 0,001029
пути 0,886057 0,000746
домой 0,958607 0,000808
Дом 0,698970 0,000393
Gucci 1,698970 0,000954
Самое 1,000000 0,000562
обсуждаемое 1,698970 0,000954
неделю 0,920819 0,000517
Викинг 1,698970 0,000954
славянка 1,698970 0,000954
Аня 1,397940 0,001178
Тейлор 1,397940 0,001570
Джой 1,522879 0,001711
остальные 1,698970 0,000954
герои 1,045757 0,000587
трагедии 1,221849 0,000686
постерах 1,698970 0,000954
Варяга 1,698970 0,001908
Ворон 1,698970 0,000954
главную 1,397940 0,000785
роль 1,000000 0,000562
Терминатрикс 1,698970 0,000954
здании 1,698970 0,000954
экшен 1,698970 0,001431
Ботан 1,397940 0,001178
супербаба 1,522879 0,001283
Ильи 1,397940 0,000785
Куликова 1,698970 0,000954
может 0,397940 0,000223
забыть 1,301030 0,000731
него 0,795880 0,000447
есть 0,568636 0,000319
амнезию 1,698970 0,000954
Экшен 1,698970 0,000954
Берсерк 1,698970 0,000954
Скарсагард 1,698970 0,000954
атакует 1,698970 0,000954
первом 1,096910 0,000616
отрывке 1,698970 0,000954
Голая 1,698970 0,000954
колдунья 1,698970 0,000954
другие 0,677781 0,000381
прелести 1,698970 0,000954
Никакой 1,522879 0,001283
вам 0,677781 0,000761
Ани 1,698970 0,000954
Варяг 1,522879 0,000855
проплывает 1,698970 0,000954
мимо 1,522879 0,000855
российского 0,823909 0,000463
проката 1,522879 0,000855
Ву 1,522879 0,000855
пригрел 1,698970 0,000954
своем 0,823909 0,000463
голливудском 1,698970 0,000954
актера 1,221849 0,000686
комментарии 1,000000 0,000562
Alfred 1,698970 0,000954
lionel 1,698970 0,000954
AstronaFFt 1,698970 0,000954
Роман 0,795880 0,000447
Махно 1,698970 0,000954
Mr 1,698970 0,000954
Whopper 1,698970 0,000954
BobikTheHuman 1,698970 0,000954
Lima 1,698970 0,000954
Zulu 1,698970 0,000954
Барри 1,301030 0,000731
Аллен 1,698970 0,000954
ScorpionBSG 1,698970 0,000954
rbtv 1,698970 0,000954
kinogovno 1,698970 0,001431
Твиты 1,698970 0,000954
Инстаграм 1,522879 0,000855
Фейсбук 1,698970 0,000954
ВК 1,698970 0,000954
трейлеры 1,221849 0,001029
Невыносимая 1,522879 0,000855
тяжесть 1,522879 0,000855
огромного 1,301030 0,000731
таланта 1,301030 0,000731
Доктор 0,853872 0,000480
Стрэндж 1,301030 0,000731
мультивселенной 1,301030 0,000731
безумия 1,301030 0,000731
Звездный 1,522879 0,000855
путь 1,000000 0,000562
Странные 1,397940 0,000785
новые 0,508638 0,000286
миры 1,522879 0,000855
Назад 1,154902 0,000649
Мисс 1,154902 0,000649
Марвел 1,397940 0,000785
Обновления 1,522879 0,000855
галерее 1,698970 0,000954
Отчаянные 1,397940 0,000785
дольщики 1,397940 0,000785
Призраки 1,221849 0,000686
квартиры 1,154902 0,000649
Тайна 1,397940 0,000785
амулета 1,522879 0,000855
Тор 1,397940 0,000785
Любовь 0,823909 0,000463
гром 1,397940 0,000785
По 0,619789 0,000348
следу 1,522879 0,000855
хакера 1,698970 0,000954
Rogue 1,698970 0,000954
Legacy 1,522879 0,000855
Крылья 1,221849 0,000686
над 0,823909 0,000463
Берлином 1,397940 0,000785
Лунный 1,301030 0,000731
Рыцарь 1,522879 0,000855
Наши 0,886057 0,000498
друзья 1,045757 0,000587
Контакты 0,455932 0,000256
Размещение 0,958607 0,000538
рекламы 0,823909 0,000463
Пользовательское 0,677781 0,000381
соглашение 0,619789 0,000348
Политика 0,443697 0,000249
конфиденциальности 0,744727 0,000418
Источник 1,522879 0,000855
фотографий 1,397940 0,000785
Depositphotos 1,698970 0,000954
Раз 1,522879 0,000855
уж 1,301030 0,000731
досюда 1,698970 0,000954
докрутили 1,698970 0,000954
RSS 0,853872 0,000480
игр 1,301030 0,000731
Хотите 1,397940 0,000785
знать 1,000000 0,000562
играх 1,522879 0,000855
курсе 1,096910 0,000616
происходящего 1,698970 0,000954
Тогда 1,397940 0,000785
дорога 1,096910 0,000616
стране 0,853872 0,000480
портал 0,823909 0,000463
скромно 1,698970 0,000954
светской 1,522879 0,000855
хроники 1,522879 0,000855
некрологов 1,698970 0,000954
поздравлений 1,698970 0,000954
днем 1,301030 0,000731
рождения 0,677781 0,000381
строго 1,397940 0,000785
по 0,124939 0,000070
делу 1,000000 0,000562
почти 0,853872 0,000480
непредвзято 1,698970 0,000954
реже 1,522879 0,000855
нашим 1,301030 0,000731
фирменным 1,522879 0,000855
юмором 1,698970 0,000954
никак 1,397940 0,000785
Здесь 1,096910 0,000616
найдете 1,045757 0,000587
самые 0,721246 0,000810
свежие 1,096910 0,000616
прочие 1,522879 0,000855
материалы 0,537602 0,000302
видеоигр 1,301030 0,000731
эпизодники 1,698970 0,000954
обсуждения 1,301030 0,000731
обзоры 1,301030 0,000731
новинок 1,397940 0,000785
невероятно 1,522879 0,000855
содержательные 1,698970 0,000954
последние 0,769551 0,000432
релизы 1,154902 0,000649
данные 0,721246 0,000405
бокс 1,397940 0,000785
офиса 1,397940 0,000785
непринужденного 1,698970 0,000954
общения 1,154902 0,000649
многое 1,221849 0,000686
другое 1,221849 0,000686
скучно 1,397940 0,000785
Ищете 1,397940 0,000785
хорошее 1,522879 0,000855
приятного 1,698970 0,000954
вечера 1,522879 0,000855
горячие 1,522879 0,000855
новинки 0,886057 0,000498
ПК 1,698970 0,000954
здесь 0,744727 0,000418
сможем 1,522879 0,000855
помочь 1,045757 0,000587
