КОЛЕСА 1,698970 0,001474
ру 0,886057 0,002691
автоновости 1,522879 0,001321
тест 0,958607 0,001248
драйвы 1,397940 0,008491
каталог 1,154902 0,001002
авто 1,096910 0,006662
отзывы 1,221849 0,001060
дилеры 1,522879 0,001321
общение 1,522879 0,001321
Подобрать 1,698970 0,002948
Новости 0,221849 0,001155
Статьи 0,886057 0,004613
Тест 0,886057 0,008457
Авто 0,853872 0,004075
с 0,102373 0,001155
пробегом 1,397940 0,007278
История 0,494850 0,001073
Еще 0,585027 0,000761
Календарь 1,045757 0,001815
автоновинок 1,698970 0,002948
Практика 1,301030 0,003951
Тюнинг 1,698970 0,002948
Гаджеты 1,301030 0,002258
Простые 1,522879 0,002643
вопросы 0,744727 0,001615
Редкие 1,522879 0,002643
Шины 1,397940 0,002426
и 0,075721 0,001544
диски 1,522879 0,003303
Эксперт 1,045757 0,001815
выбирает 1,221849 0,002120
Недели 1,522879 0,002643
Грузовики 1,698970 0,002948
автобусы 1,522879 0,002643
Рендеры 1,698970 0,003685
Колеса 1,698970 0,004422
Интервью 0,638272 0,001108
Гид 1,397940 0,002426
по 0,124939 0,000379
покупке 1,154902 0,002505
Азбука 1,301030 0,002258
автохимии 1,698970 0,002948
Ремонт 1,397940 0,002426
обслуживание 1,522879 0,003303
Вход 0,657577 0,001141
Мой 0,853872 0,000741
профайл 1,698970 0,001474
Выйти 1,522879 0,001321
Выход 1,301030 0,001129
Показать 0,886057 0,000769
еще 0,408935 0,000710
недели 0,769551 0,000668
Почему 0,522879 0,000454
он 0,568636 0,000740
проиграл 1,522879 0,001321
Camry 1,698970 0,001474
стоит 0,677781 0,001470
ли 0,397940 0,000691
покупать 0,886057 0,001922
Toyota 1,397940 0,001213
Avensis 1,698970 0,001474
III 1,154902 0,001002
T 1,301030 0,001129
за 0,180456 0,000548
миллион 1,154902 0,001002
рублей 0,585027 0,000508
Новостной 1,522879 0,001321
дайджест 1,397940 0,001213
Первый 0,853872 0,000741
кроссовер 1,221849 0,001590
от 0,193820 0,000420
Lotus 1,698970 0,001474
Европа 0,853872 0,000741
без 0,387216 0,000504
Ford 1,522879 0,001321
Mondeo 1,522879 0,001321
а 0,327902 0,000569
Россия 0,455932 0,000396
японских 1,698970 0,001474
люксовых 1,698970 0,001474
машин 1,096910 0,002855
Популярные 0,853872 0,000741
Ограничение 1,698970 0,001474
минимальной 1,698970 0,001474
скорости 1,522879 0,001321
как 0,251812 0,000765
обозначается 1,698970 0,001474
где 0,537602 0,000466
встречается 1,698970 0,001474
что 0,187087 0,000893
грозит 1,154902 0,001002
нарушение 1,522879 0,001321
Думаете 1,698970 0,001474
о 0,136677 0,000415
новой 0,769551 0,000668
машины 1,045757 0,001815
Можете 1,698970 0,001474
выбирать 1,522879 0,001321
прямо 1,000000 0,000868
на 0,075721 0,000953
Попробовать 1,522879 0,001321
Смотреть 0,721246 0,001252
все 0,292430 0,000761
Последние 0,853872 0,000741
новости 0,420216 0,000365
Новинки 0,853872 0,002593
Возвращение 1,096910 0,000952
мышонка 1,698970 0,001474
Fiat 1,698970 0,002211
возродит 1,698970 0,001474
модель 1,045757 0,001815
Topolino 1,698970 0,002211
в 0,070581 0,000704
виде 1,397940 0,001213
дешевого 1,397940 0,001213
электромобиля 1,698970 0,001474
Компания 1,221849 0,001590
хочет 1,000000 0,000868
вернуть 1,000000 0,000868
оборот 1,301030 0,001129
забытое 1,698970 0,001474
имя 0,886057 0,000769
наречь 1,698970 0,001474
им 0,602060 0,000522
младшую 1,522879 0,001321
электрическую 1,698970 0,001474
базе 1,221849 0,001060
Citroen 1,522879 0,001321
Ami 1,698970 0,001474
Рестайлинговый 1,698970 0,001474
Hyundai 1,301030 0,002258
Palisade 1,522879 0,002643
новые 0,508638 0,000662
изображения 1,221849 0,001060
На 0,283997 0,000493
днях 1,397940 0,001213
корейская 1,698970 0,001474
компания 0,958607 0,000832
опубликовала 1,698970 0,001474
официальные 1,522879 0,001321
тизеры 1,698970 0,001474
обновленного 1,698970 0,002211
благодаря 0,853872 0,001111
чему 0,920819 0,000799
у 0,387216 0,000840
нас 0,508638 0,000441
есть 0,568636 0,000987
возможность 0,769551 0,000668
представить 1,154902 0,001002
будет 0,387216 0,000840
выглядеть 1,221849 0,001060
новинка 1,698970 0,001474
Новый 0,698970 0,000910
седан 1,698970 0,001474
Chery 1,221849 0,001060
статус 1,397940 0,001213
флагмана 1,698970 0,001474
два 0,853872 0,000741
варианта 1,522879 0,001321
дизайна 1,522879 0,001321
Полноценную 1,698970 0,002211
премьеру 1,221849 0,001060
четырехдверка 1,698970 0,001474
должна 0,958607 0,000832
справить 1,698970 0,001474
ближайшие 1,397940 0,001213
месяцы 1,522879 0,001321
Ожидается 1,698970 0,001474
доступна 1,522879 0,001321
двумя 1,096910 0,000952
турбомоторами 1,698970 0,001474
выбор 1,000000 0,000868
Smart 1,301030 0,001129
тяжелый 1,698970 0,001474
довольно 1,301030 0,001693
крупный 1,522879 0,001321
конкурент 1,698970 0,001474
Mini 1,522879 0,001321
Countryman 1,698970 0,001474
из 0,167491 0,000654
Китая 1,045757 0,000907
smart 1,698970 0,001474
Automobile 1,698970 0,001474
совместное 1,698970 0,001474
предприятие 1,096910 0,000952
Mercedes 1,301030 0,002822
Benz 1,522879 0,001982
Geely 1,397940 0,001213
полностью 0,795880 0,000691
рассекретила 1,698970 0,001474
электрический 1,698970 0,001474
бесхитростным 1,698970 0,001474
индексом 1,698970 0,001474
который 0,508638 0,000441
знаменует 1,698970 0,001474
перезагрузку 1,698970 0,001474
марки 1,045757 0,000907
smar 1,698970 0,001474
Mazda 1,522879 0,001982
CX 1,698970 0,002211
японский 1,397940 0,001213
дебют 1,698970 0,001474
подробности 1,154902 0,001002
новом 0,853872 0,000741
рядном 1,698970 0,001474
цилиндровом 1,698970 0,001474
дизеле 1,698970 0,001474
Европейская 1,397940 0,001213
премьера 1,154902 0,001002
нового 0,769551 0,000668
среднеразмерного 1,698970 0,001474
кроссовера 1,221849 0,001060
состоялась 1,698970 0,001474
месяц 0,853872 0,000741
назад 0,721246 0,000626
сегодня 0,677781 0,000588
представлена 1,397940 0,001213
версия 0,769551 0,001002
для 0,119186 0,000362
домашнего 1,522879 0,001321
японского 1,397940 0,001213
рынка 1,096910 0,000952
раскрыты 1,522879 0,001321
технические 1,698970 0,001474
характеристик 1,698970 0,001474
Сделанный 1,698970 0,001474
первого 1,000000 0,000868
Дастера 1,698970 0,001474
пикап 1,698970 0,001474
Renault 1,397940 0,001819
Oroch 1,698970 0,001474
сменил 1,522879 0,001321
мотор 1,397940 0,001213
обрел 1,397940 0,001213
новый 0,552842 0,000720
салон 1,522879 0,001321
Французская 1,522879 0,001321
марка 1,522879 0,001321
продолжает 1,045757 0,000907
подогревать 1,698970 0,001474
интерес 1,301030 0,001129
к 0,207608 0,000270
посвежевшему 1,698970 0,001474
грузовичку 1,698970 0,001474
презентацию 1,698970 0,001474
проведут 1,698970 0,001474
следующей 1,522879 0,001321
неделе 1,154902 0,001002
Авторынок 1,698970 0,001474
Почти 1,522879 0,001321
Tesla 1,221849 0,001060
Dodge 1,698970 0,002211
эксклюзивный 1,698970 0,001474
GMC 1,698970 0,001474
серый 1,698970 0,001474
импорт 1,096910 0,000952
первом 1,096910 0,000952
квартале 1,522879 0,001321
года 0,356547 0,000773
Вчера 1,045757 0,000907
мы 0,468521 0,000610
знакомили 1,698970 0,001474
наших 0,823909 0,000715
читателей 0,958607 0,000832
официальной 1,522879 0,001321
статистикой 1,698970 0,001474
продаж 1,096910 0,000952
новых 0,508638 0,000441
автомобилей 1,000000 0,000868
России 0,251812 0,000328
март 1,301030 0,001129
первый 0,769551 0,001002
квартал 1,397940 0,001213
эти 0,920819 0,001198
цифры 1,397940 0,001213
собирает 1,698970 0,001474
представительств 1,698970 0,001474
автомобильных 1,698970 0,001474
комп 1,698970 0,001474
Кроссовер 1,522879 0,001321
Kia 1,698970 0,001474
Telluride 1,698970 0,002211
обновлен 1,698970 0,001474
одновременно 1,221849 0,001060
табло 1,522879 0,001321
внедорожная 1,698970 0,001474
Оба 1,522879 0,001321
кросса 1,698970 0,001474
изменились 1,221849 0,001060
внешне 1,698970 0,002211
уже 0,602060 0,001567
точно 1,154902 0,001503
известно 1,000000 0,000868
вдобавок 1,698970 0,001474
обновки 1,698970 0,001474
внутри 1,154902 0,001002
Премьеру 1,698970 0,001474
модернизированные 1,698970 0,001474
справят 1,698970 0,001474
через 0,585027 0,000508
несколько 0,795880 0,001036
дней 0,744727 0,000646
драйв 1,221849 0,005831
Премиум 1,522879 0,001321
посошок 1,698970 0,001474
Cadillac 1,397940 0,001213
XT 1,522879 0,001321
против 0,387216 0,000336
Infiniti 1,397940 0,001213
QX 1,522879 0,001321
У 0,431798 0,000375
этой 0,744727 0,000646
парочки 1,698970 0,001474
высокие 1,698970 0,001474
шансы 1,698970 0,001474
не 0,142668 0,000619
вернуться 0,958607 0,000832
российский 0,886057 0,000769
рынок 1,096910 0,000952
Коллекционная 1,698970 0,001474
ценность 1,698970 0,001474
Громко 1,698970 0,001474
сказано 1,698970 0,001474
но 0,481486 0,000627
нестандартности 1,698970 0,001474
привлекательности 1,522879 0,001321
машинам 1,698970 0,001474
откажешь 1,698970 0,001474
Несущий 1,698970 0,001474
кузов 1,522879 0,001321
до 0,244125 0,000530
сотни 1,221849 0,001060
л 1,397940 0,001213
км 1,397940 0,001213
опыт 1,154902 0,003006
владения 1,698970 0,004422
Coronet 1,698970 0,001474
Super 1,698970 0,001474
Bee 1,698970 0,001474
Американские 1,301030 0,001129
масл 1,698970 0,001474
кары 1,698970 0,001474
нашей 0,853872 0,001111
стране 0,853872 0,001111
знают 1,301030 0,001693
основном 1,698970 0,001474
паре 1,522879 0,001321
тройке 1,698970 0,001474
массовых 0,568636 0,000987
раскрученных 1,698970 0,001474
кино 0,568636 0,000493
моделей 1,221849 0,001590
Однако 0,958607 0,000832
это 0,292430 0,000634
лишь 1,096910 0,000952
небольшая 1,698970 0,001474
часть 0,795880 0,000691
огромного 1,301030 0,001129
сегмента 1,522879 0,001321
х 0,769551 0,000668
большинство 1,397940 0,001213
Когда 0,602060 0,000522
яичница 1,698970 0,001474
божий 1,698970 0,001474
дар 1,301030 0,001129
Porsche 1,522879 0,002643
Boxster 1,698970 0,001474
Один 0,853872 0,000741
наиболее 1,096910 0,000952
финансово 1,522879 0,001321
доступных 1,397940 0,001213
семейства 1,397940 0,001213
жидкостным 1,698970 0,001474
охлаждением 1,698970 0,001474
если 0,698970 0,000910
вообще 1,221849 0,001060
сейчас 0,657577 0,000571
можно 0,443697 0,000385
говорить 1,045757 0,000907
доступности 1,698970 0,001474
применительно 1,698970 0,001474
автомобилям 1,698970 0,001474
Бокстер 1,698970 0,001474
первог 1,698970 0,001474
Механика 1,698970 0,001474
сил 1,096910 0,000952
почти 0,853872 0,001111
никакого 1,522879 0,001321
тюнинга 1,698970 0,001474
Nissan 1,397940 0,001213
Z 1,221849 0,001060
Жизнь 0,823909 0,000715
большинства 1,698970 0,001474
владельцев 1,522879 0,001321
бюджетных 1,522879 0,001321
спортивных 1,522879 0,001321
бесконечные 1,522879 0,001321
тюнинги 1,698970 0,001474
ребилды 1,698970 0,001474
свопы 1,698970 0,001474
прочие 1,522879 0,001321
гаражные 1,698970 0,001474
страдания 1,522879 0,001321
растягивающиеся 1,698970 0,001474
годы 0,853872 0,000741
ограниченности 1,698970 0,001474
средств 1,301030 0,001129
А 0,376751 0,001144
вот 0,795880 0,001036
хоз 1,698970 0,001474
Macan 1,522879 0,001982
прощай 1,698970 0,001474
Turbo 1,698970 0,001474
больше 0,638272 0,000554
мощности 1,522879 0,001321
последний 1,096910 0,000952
шанс 1,301030 0,001129
ДВС 1,698970 0,002211
чисто 1,698970 0,001474
электрическим 1,522879 0,001321
Да 0,823909 0,000715
появится 1,301030 0,001129
году 0,602060 0,001045
Бензиновую 1,698970 0,001474
машину 1,000000 0,001302
будут 0,638272 0,000554
какое 1,096910 0,000952
то 0,537602 0,000933
время 0,366532 0,000477
продавать 1,397940 0,001213
параллельно 1,522879 0,001321
сколько 0,920819 0,000799
времени 0,721246 0,000626
отведено 1,698970 0,001474
знает 1,000000 0,000868
никто 1,096910 0,000952
М 0,744727 0,000646
V 0,958607 0,001248
рессоры 1,698970 0,001474
постоянный 1,698970 0,002211
полный 1,154902 0,001503
привод 1,698970 0,002211
Chevrolet 1,522879 0,001321
Blazer 1,698970 0,001474
K 1,301030 0,001129
Глядя 1,698970 0,001474
серьезные 1,301030 0,001129
внедорожники 1,522879 0,001321
солидных 1,698970 0,001474
размеров 1,698970 0,001474
многие 1,096910 0,000952
искренне 1,698970 0,001474
сокрушаются 1,698970 0,001474
бы 0,585027 0,000761
такой 0,853872 0,000741
была 0,744727 0,000646
наша 1,301030 0,001129
Нива 1,522879 0,001321
самом 0,886057 0,000769
деле 0,886057 0,000769
реально 1,522879 0,001321
масштабированную 1,698970 0,001474
Ниву 1,698970 0,001474
мало 1,154902 0,001002
кто 0,494850 0,000429
похож 1,522879 0,001321
разве 1,698970 0,001474
трехдве 1,698970 0,001474
Ходовой 1,698970 0,001474
огонь 1,522879 0,001321
старые 1,522879 0,001321
моторы 1,698970 0,001474
мелкая 1,698970 0,001474
тряска 1,698970 0,001474
Staria 1,397940 0,001213
Кто 0,638272 0,000554
сказал 1,301030 0,001129
любят 1,096910 0,000952
минивэны 1,698970 0,001474
Приезжайте 1,698970 0,001474
высокий 1,522879 0,001321
сезон 0,853872 0,000741
Сочи 0,920819 0,000799
парковке 1,522879 0,001321
аэропорта 1,698970 0,001474
дело 0,886057 0,000769
мелькают 1,698970 0,001474
Volkswagen 1,397940 0,001213
Caravelle 1,698970 0,001474
класса 1,397940 0,001819
H 1,522879 0,001321
разных 0,920819 0,000799
летах 1,698970 0,001474
Редкость 1,698970 0,001474
кубе 1,698970 0,001474
Chrysler 1,698970 0,002211
С 0,455932 0,000791
Touring 1,698970 0,001474
сих 1,096910 0,000952
пор 1,045757 0,000907
один 0,721246 0,000626
самых 0,585027 0,000508
распространенных 1,522879 0,001321
американцев 1,522879 0,001321
любимый 1,397940 0,001213
самыми 1,301030 0,001129
разными 1,698970 0,001474
слоями 1,698970 0,001474
населения 1,045757 0,000907
интеллигентов 1,698970 0,001474
маргиналов 1,698970 0,001474
рациональных 1,698970 0,001474
технарей 1,698970 0,001474
ю 1,522879 0,001321
Новые 0,552842 0,000480
статьи 0,958607 0,001248
Интересно 1,522879 0,001321
Без 0,920819 0,000799
подушек 1,698970 0,001474
безопасности 0,958607 0,000832
ABS 1,698970 0,001474
Евро 1,301030 0,001129
работает 0,657577 0,000571
отечественный 1,301030 0,001129
автопром 1,397940 0,001213
под 0,376751 0,000327
санкциями 1,096910 0,000952
Мы 0,537602 0,000700
рассказывали 1,698970 0,001474
том 0,568636 0,000987
насколько 1,397940 0,001819
конца 0,886057 0,000769
февраля 0,853872 0,000741
выросли 1,301030 0,001129
цены 0,823909 0,000715
автомобили 1,045757 0,000907
дороже 1,397940 0,001213
стало 1,000000 0,000868
обходиться 1,698970 0,001474
Тон 1,698970 0,001474
материалы 0,537602 0,000466
задают 1,698970 0,001474
грустноватый 1,698970 0,001474
так 0,522879 0,000454
чт 1,397940 0,001213
Слишком 1,397940 0,001213
холодно 1,397940 0,001213
или 0,301030 0,000653
недостаточно 1,397940 0,001213
жарко 1,698970 0,001474
какие 0,795880 0,000691
датчики 1,698970 0,001474
дают 1,522879 0,001321
включить 1,397940 0,001819
кондиционер 1,522879 0,001982
Наверное 1,698970 0,001474
некоторые 1,096910 0,000952
условия 0,958607 0,000832
при 0,468521 0,000610
которых 0,677781 0,000588
получится 1,301030 0,001129
Например 1,698970 0,001474
бесполезно 1,698970 0,001474
нажимать 1,698970 0,001474
кнопку 1,522879 0,001982
A 0,886057 0,001153
C 1,000000 0,000868
окном 1,221849 0,001060
трескучий 1,698970 0,001474
любой 0,853872 0,000741
другой 1,000000 0,000868
м 1,154902 0,001503
Audi 1,397940 0,001213
алюминий 1,698970 0,002211
может 0,397940 0,000518
гнить 1,698970 0,001474
кнопки 1,698970 0,001474
придется 1,045757 0,000907
подкрашивать 1,698970 0,001474
В 0,167491 0,000291
этот 0,795880 0,000691
автомобиль 1,221849 0,002120
смог 1,301030 0,001129
совершить 1,397940 0,001213
невозможное 1,698970 0,001474
занять 1,397940 0,001213
первое 0,886057 0,000769
место 0,795880 0,000691
продажах 1,698970 0,001474
бизнес 0,657577 0,000571
классе 1,522879 0,001321
потеснив 1,698970 0,001474
лидирующих 1,698970 0,001474
месте 0,886057 0,000769
E 0,920819 0,001598
BMW 1,397940 0,001213
й 1,045757 0,000907
серии 0,920819 0,000799
Это 0,537602 0,000466
было 0,585027 0,000508
удачей 1,698970 0,001474
причин 1,154902 0,001002
Sandero 1,698970 0,001474
Stepway 1,698970 0,001474
I 0,853872 0,000741
B 1,221849 0,001060
Подкласс 1,698970 0,001474
кросс 1,698970 0,001474
хэтчей 1,698970 0,001474
появился 1,301030 0,001693
Южноамериканском 1,698970 0,001474
континенте 1,698970 0,001474
Рецепт 1,522879 0,001321
их 0,455932 0,000791
создания 1,221849 0,001060
предельно 1,522879 0,001321
прост 1,698970 0,001474
берем 1,698970 0,001474
обычный 1,397940 0,001213
городской 1,522879 0,001321
увеличиваем 1,698970 0,001474
его 0,376751 0,000327
дорожный 1,698970 0,001474
прос 1,698970 0,001474
Рама 1,698970 0,001474
невероятный 1,397940 0,001213
дизайн 1,154902 0,001002
Чип 1,698970 0,001474
Фуз 1,698970 0,001474
кому 1,154902 0,001002
Plymouth 1,698970 0,001474
Prowler 1,698970 0,001474
Казалось 1,397940 0,001213
нет 0,619789 0,000538
ничего 1,045757 0,000907
более 0,585027 0,000508
разного 1,301030 0,001129
несовместимого 1,698970 0,001474
чем 0,420216 0,000365
классический 1,522879 0,001321
американский 1,397940 0,001213
хот 1,698970 0,001474
род 1,522879 0,001321
современный 1,301030 0,001129
да 1,045757 0,000907
физически 1,698970 0,001474
Ведь 1,522879 0,001321
явление 1,522879 0,001321
суб 1,522879 0,001321
даже 0,619789 0,000538
контрк 1,698970 0,001474
Дополнительное 1,698970 0,001474
лишним 1,522879 0,001321
защитить 1,221849 0,001060
угона 1,397940 0,001213
последнее 1,221849 0,001060
чаще 1,154902 0,001002
звучат 1,522879 0,001321
предупреждения 1,698970 0,001474
фоне 1,154902 0,001002
роста 1,221849 0,001590
стоимости 1,301030 0,001129
запчастей 1,698970 0,001474
возможного 1,698970 0,001474
дефицита 1,397940 0,001213
ждать 1,154902 0,001002
количества 1,522879 0,001321
автоугонов 1,698970 0,001474
Само 1,698970 0,001474
собой 0,823909 0,000715
возникает 1,698970 0,001474
вопрос 0,698970 0,000606
Этот 1,000000 0,000868
маломощный 1,698970 0,001474
стартер 1,698970 0,001474
почему 0,494850 0,000429
пусковой 1,698970 0,001474
ток 1,221849 0,001060
стартера 1,698970 0,002211
нельзя 0,853872 0,000741
опираться 1,698970 0,001474
выборе 1,301030 0,001129
аккумулятора 1,698970 0,001474
Для 0,494850 0,000429
некоторых 1,221849 0,001060
паспортная 1,698970 0,001474
мощность 1,698970 0,001474
автомобиля 1,000000 0,000868
стать 0,795880 0,000691
неожиданным 1,698970 0,001474
откровением 1,698970 0,001474
рассчитанное 1,698970 0,001474
нее 1,045757 0,000907
количество 1,154902 0,001002
ампер 1,698970 0,001474
требующееся 1,698970 0,001474
пуска 1,522879 0,001321
мотора 1,698970 0,001474
приятно 1,698970 0,001474
удивить 1,522879 0,001321
Можно 1,000000 0,000868
Volvo 1,301030 0,001693
S 1,221849 0,001590
II 1,221849 0,001060
коробки 1,698970 0,001474
горячим 1,522879 0,001321
нравом 1,698970 0,001474
саморазрушающийся 1,698970 0,001474
Ecoboost 1,698970 0,001474
первой 1,000000 0,000868
части 0,920819 0,000799
обзора 1,698970 0,001474
второго 1,221849 0,001060
поколения 1,522879 0,001321
рассказали 0,744727 0,000646
блестящие 1,698970 0,001474
могут 0,522879 0,000454
иметь 1,221849 0,001060
порогов 1,698970 0,001474
бывают 1,522879 0,001321
этих 0,958607 0,000832
дорогие 1,397940 0,001213
решении 1,698970 0,001474
проблемы 1,000000 0,000868
Все 0,148742 0,000194
права 0,431798 0,000562
защищены 0,602060 0,000784
Сетевое 0,795880 0,001036
издание 0,657577 0,000856
Kolesa 1,698970 0,002211
ru 0,187087 0,000406
зарегистрировано 0,823909 0,001072
Федеральной 0,619789 0,000807
службой 0,744727 0,000969
надзору 0,619789 0,000807
сфере 0,552842 0,000720
связи 0,455932 0,000593
информационных 0,585027 0,000761
технологий 0,568636 0,000740
коммуникаций 0,585027 0,000761
номер 0,920819 0,001198
свидетельства 1,397940 0,001819
ЭЛ 0,823909 0,001072
ФС 0,522879 0,000681
Любое 0,886057 0,001153
использование 0,795880 0,001036
материалов 0,585027 0,000761
размещенных 1,397940 0,001819
сайте 0,431798 0,000937
www 0,698970 0,000910
kolesa 1,698970 0,002211
допускается 1,045757 0,001361
только 0,309804 0,000403
письменного 1,000000 0,001302
разрешения 0,853872 0,001111
правообладателя 0,886057 0,001153
Учредитель 0,698970 0,000910
ООО 0,853872 0,001111
Президент 1,000000 0,001302
Медиа 0,958607 0,001248
Главный 0,585027 0,000761
редактор 0,585027 0,000761
Кокорин 1,522879 0,001982
телефон 0,853872 0,001111
редакции 0,481486 0,000627
Политика 0,443697 0,000577
конфиденциальности 0,744727 0,001292
Команда 1,096910 0,001428
Реклама 0,387216 0,000504
Контакты 0,455932 0,000593
Вакансии 0,657577 0,000856
Яндекс 0,638272 0,000554
Дзен 1,000000 0,000868
Наш 1,045757 0,000907
Телеграм 1,221849 0,001060
канал 0,920819 0,000799
Change 1,698970 0,001474
privacy 1,522879 0,001321
settings 1,397940 0,001213
Ты 1,000000 0,000868
тут 0,886057 0,000769
самый 0,958607 0,000832
умный 1,698970 0,001474
обзор 1,301030 0,001129
сигнатурного 1,698970 0,001474
комбо 1,522879 0,001321
устройства 1,301030 0,001129
Neoline 1,698970 0,001474
X 1,045757 0,000907
COP 1,698970 0,001474
c 0,920819 0,000799
Хорошие 1,522879 0,001321
дизели 1,698970 0,001474
GLK 1,698970 0,001474
миллиона 1,301030 0,001129
Не 0,481486 0,000627
пропусти 1,301030 0,001129
самое 1,301030 0,001129
интересное 1,522879 0,001321
Читать 0,886057 0,000769
Что 0,346787 0,000301
треснет 1,698970 0,001474
ведут 1,221849 0,001060
себя 0,552842 0,000480
ГАЗели 1,698970 0,001474
стенде 1,698970 0,001474
испытания 1,397940 0,001213
колес 1,522879 0,001321
Войти 0,508638 0,000662
Регистрация 0,657577 0,001426
Неудачная 1,698970 0,001474
попытка 1,397940 0,001213
входа 1,397940 0,001213
errorMessage 1,698970 0,002948
Email 1,221849 0,002120
Password 1,698970 0,002948
Запомнить 1,397940 0,001213
меня 0,721246 0,000626
Вы 0,619789 0,000807
успешно 1,301030 0,001693
вошли 1,522879 0,001982
сайт 0,494850 0,000644
Забыли 1,221849 0,001590
пароль 0,920819 0,001997
Обратите 1,522879 0,001982
внимание 0,853872 0,001111
ошибки 1,221849 0,001590
Name 1,698970 0,001474
Confirmation 1,698970 0,001474
Хочу 0,920819 0,000799
получать 0,886057 0,000769
самые 0,721246 0,000626
интересные 1,154902 0,001002
почту 1,221849 0,001060
Нажимая 1,397940 0,001213
я 0,522879 0,000454
подтверждаю 1,698970 0,001474
свою 0,638272 0,000554
дееспособность 1,698970 0,001474
даю 1,397940 0,001213
согласие 1,154902 0,001002
обработку 1,522879 0,001321
своих 0,657577 0,000571
персональных 0,769551 0,001002
данных 0,657577 0,000856
соответствии 0,795880 0,000691
условиями 1,221849 0,001060
Политики 1,221849 0,001060
Автомобильного 1,698970 0,001474
журнала 1,154902 0,001002
Ссылка 1,397940 0,001213
восстановления 1,397940 0,001213
пароля 1,154902 0,001002
отправлена 1,397940 0,001213
вам 0,677781 0,000882
mail 0,721246 0,000939
удалось 1,301030 0,001129
отправить 1,221849 0,001060
Пожалуйста 1,096910 0,000952
повторите 1,698970 0,001474
попытку 1,522879 0,001321
позднее 1,522879 0,001321
Назад 1,154902 0,001503
Восстановить 1,397940 0,001819
Закрыть 1,000000 0,000868
