GitHub 1,522879 0,028775
Where 1,698970 0,002469
the 0,958607 0,013933
world 1,397940 0,006096
builds 1,522879 0,002951
software 1,301030 0,005043
Skip 1,522879 0,001476
to 0,886057 0,013308
content 1,522879 0,001476
Sign 1,397940 0,005418
up 1,221849 0,005328
Product 1,301030 0,001891
Features 1,698970 0,002469
Mobile 1,698970 0,002469
Actions 1,698970 0,008231
Codespaces 1,698970 0,004939
Packages 1,698970 0,002469
Security 1,397940 0,002032
Code 1,221849 0,004144
review 1,522879 0,004427
Issues 1,698970 0,001646
Integrations 1,698970 0,001646
Sponsors 1,698970 0,003293
Customer 1,522879 0,002213
stories 1,698970 0,002469
Team 1,522879 0,002213
Enterprise 1,397940 0,002709
Explore 1,397940 0,002709
Learn 1,221849 0,004736
and 0,958607 0,019971
contribute 1,522879 0,001476
Topics 1,522879 0,001476
Collections 1,522879 0,001476
Trending 1,698970 0,001646
Learning 1,522879 0,002951
Lab 1,698970 0,002469
Open 1,301030 0,002521
source 1,301030 0,003152
guides 1,397940 0,001355
Connect 1,397940 0,001355
with 1,096910 0,014349
others 1,522879 0,001476
The 0,721246 0,002446
ReadME 1,698970 0,002469
Project 1,397940 0,002032
Events 1,397940 0,001355
Community 1,221849 0,002368
forum 1,698970 0,001646
Education 1,397940 0,002032
Stars 1,522879 0,001476
program 1,698970 0,001646
Marketplace 1,698970 0,002469
Pricing 1,522879 0,002213
Plans 1,698970 0,001646
Compare 1,397940 0,001355
plans 1,522879 0,001476
Contact 1,221849 0,002960
Sales 1,397940 0,002709
Search 1,301030 0,003152
All 1,154902 0,002798
Jump 1,698970 0,004116
No 1,397940 0,002032
suggested 1,698970 0,001646
jump 1,698970 0,001646
results 1,397940 0,001355
in 1,000000 0,009690
message 1,698970 0,001646
Millions 1,698970 0,001646
of 0,920819 0,003569
developers 1,397940 0,003386
companies 1,301030 0,001261
build 1,397940 0,004741
ship 1,698970 0,001646
maintain 1,698970 0,001646
their 1,397940 0,001355
on 1,096910 0,011692
largest 1,698970 0,003293
most 1,397940 0,002032
advanced 1,522879 0,002213
development 1,221849 0,001184
platform 1,397940 0,002709
Email 1,221849 0,001184
address 1,397940 0,001355
for 1,045757 0,013680
million 1,522879 0,003689
Developers 1,522879 0,001476
Organizations 1,698970 0,001646
Repositories 1,698970 0,001646
Fortune 1,698970 0,001646
Build 1,397940 0,002709
like 1,397940 0,002032
best 1,301030 0,001891
Take 1,397940 0,001355
collaboration 1,522879 0,001476
next 1,397940 0,001355
level 1,397940 0,001355
security 1,301030 0,003152
administrative 1,698970 0,001646
features 1,301030 0,001891
built 1,522879 0,002951
teams 1,698970 0,001646
Start 1,397940 0,001355
a 0,920819 0,006246
free 1,522879 0,002951
trial 1,522879 0,001476
Collaborate 1,698970 0,001646
Develop 1,522879 0,001476
Automate 1,522879 0,002213
Secure 1,522879 0,002213
Give 1,698970 0,001646
your 1,154902 0,017905
code 1,221849 0,008880
home 1,698970 0,004116
cloud 1,522879 0,003689
Record 1,698970 0,001646
or 1,154902 0,005036
rewind 1,698970 0,001646
any 1,221849 0,002368
change 1,698970 0,003293
keep 1,522879 0,002213
you 1,096910 0,011160
team 1,397940 0,002032
sync 1,698970 0,001646
Host 1,698970 0,001646
it 1,221849 0,005328
all 1,154902 0,003917
unlimited 1,698970 0,001646
public 1,397940 0,001355
private 1,698970 0,002469
repositories 1,522879 0,003689
jasonetco 1,698970 0,004116
added 1,522879 0,002213
some 1,397940 0,001355
commits 1,698970 0,001646
minutes 1,698970 0,002469
ago 1,698970 0,004116
Updated 1,698970 0,001646
README 1,698970 0,004116
md 1,698970 0,003293
octocat 1,698970 0,010701
classifier 1,698970 0,008231
assets 1,698970 0,001646
tests 1,522879 0,001476
LICENSE 1,698970 0,001646
index 1,698970 0,003293
js 1,045757 0,002027
package 1,397940 0,003386
json 1,698970 0,001646
app 1,301030 0,001261
html 1,698970 0,001646
Octocat 1,698970 0,003293
Classifier 1,698970 0,002469
octopus 1,698970 0,001646
cat 1,698970 0,001646
mag 1,698970 0,001646
https 0,721246 0,002097
img 0,795880 0,001542
shields 1,698970 0,003293
io 1,522879 0,002951
badge 1,698970 0,003293
passing 1,698970 0,003293
brightgreen 1,698970 0,002469
coverage 1,698970 0,001646
green 1,698970 0,002469
dependencies 1,698970 0,002469
date 1,397940 0,002032
As 1,397940 0,001355
name 1,301030 0,001261
suggests 1,698970 0,001646
is 1,096910 0,006377
used 1,397940 0,001355
determine 1,698970 0,001646
whether 1,522879 0,001476
given 1,698970 0,001646
image 1,698970 0,001646
contains 1,698970 0,001646
an 1,154902 0,001119
It 1,301030 0,001261
trained 1,698970 0,001646
images 1,698970 0,002469
from 1,221849 0,003552
Octodex 1,698970 0,001646
shared 1,522879 0,002213
MyOctocat 1,698970 0,001646
Twitter 0,853872 0,001655
photographs 1,698970 0,001646
laptops 1,698970 0,001646
stickers 1,698970 0,001646
them 1,301030 0,002521
Installation 1,698970 0,001646
git 1,698970 0,004939
clone 1,698970 0,001646
github 1,522879 0,002213
com 0,744727 0,001082
gh 1,698970 0,002469
repo 1,522879 0,002213
create 1,522879 0,002951
Created 1,698970 0,003293
repository 1,522879 0,001476
Added 1,698970 0,003293
remote 1,698970 0,001646
push 1,301030 0,001891
origin 1,698970 0,003293
main 1,522879 0,002213
Support 1,221849 0,002368
Octocats 1,698970 0,001646
what 1,397940 0,002032
s 0,823909 0,003992
been 1,522879 0,001476
Write 1,698970 0,002469
less 1,397940 0,001355
thanks 1,698970 0,001646
registry 1,698970 0,001646
Find 1,522879 0,002213
community 1,301030 0,003152
approved 1,698970 0,002469
projects 1,397940 0,002709
accelerate 1,522879 0,001476
work 1,221849 0,002368
then 1,522879 0,001476
share 1,397940 0,001355
npm 1,522879 0,003689
install 1,522879 0,002213
eslint 1,698970 0,002469
packages 1,698970 0,003293
contributors 1,698970 0,001646
audited 1,698970 0,001646
are 1,154902 0,001119
looking 1,522879 0,001476
funding 1,698970 0,001646
run 1,221849 0,001776
fund 1,698970 0,001646
details 1,522879 0,001476
found 1,522879 0,002951
vulnerabilities 1,698970 0,003293
javascript 1,698970 0,001646
linting 1,698970 0,001646
checkout 1,698970 0,001646
b 1,221849 0,001184
add 1,698970 0,003293
status 1,698970 0,004116
screens 1,698970 0,003293
collaborators 1,698970 0,001646
Ready 1,698970 0,001646
player 1,698970 0,001646
two 1,522879 0,001476
Scale 1,698970 0,001646
size 1,522879 0,001476
Create 1,397940 0,001355
new 1,000000 0,001938
organization 1,698970 0,002469
Better 1,698970 0,001646
starts 1,522879 0,001476
pull 1,698970 0,006585
requests 1,698970 0,005762
conversations 1,698970 0,002469
around 1,522879 0,001476
where 1,397940 0,001355
can 1,221849 0,003552
experiment 1,698970 0,001646
squash 1,698970 0,001646
bugs 1,698970 0,001646
Pull 1,522879 0,001476
cover 1,522879 0,001476
entire 1,698970 0,002469
flow 1,522879 0,001476
propose 1,698970 0,001646
changes 1,698970 0,001646
browse 1,698970 0,002469
ask 1,698970 0,002469
input 1,522879 0,001476
make 1,522879 0,001476
suggestion 1,698970 0,001646
sign 1,698970 0,001646
off 1,698970 0,002469
one 1,221849 0,002960
place 1,522879 0,001476
Know 1,698970 0,001646
when 1,397940 0,002032
request 1,522879 0,002213
ready 1,522879 0,001476
merge 1,698970 0,005762
everything 1,397940 0,001355
Reviews 1,698970 0,001646
Check 1,522879 0,002213
Tests 1,698970 0,001646
check 1,522879 0,001476
conflicts 1,698970 0,001646
Ship 1,698970 0,001646
already 1,522879 0,001476
Keep 1,397940 0,002032
moving 1,698970 0,001646
Review 1,522879 0,001476
manage 1,698970 0,001646
notifications 1,698970 0,001646
more 1,154902 0,004476
Available 1,698970 0,002469
iOS 1,000000 0,000969
Android 0,958607 0,000929
bash 1,698970 0,001646
pr 1,397940 0,001355
Relevant 1,698970 0,001646
cli 1,698970 0,003293
Current 1,698970 0,001646
branch 1,698970 0,001646
There 1,522879 0,001476
no 1,522879 0,002213
associated 1,698970 0,001646
by 1,000000 0,000969
You 1,045757 0,003040
have 1,221849 0,002368
open 1,221849 0,003552
Requesting 1,698970 0,001646
Correctly 1,698970 0,001646
handle 1,698970 0,001646
set 1,522879 0,001476
empty 1,698970 0,001646
fields 1,522879 0,001476
emptyBody 1,698970 0,001646
Checks 1,698970 0,001646
confirmation 1,698970 0,001646
steps 1,698970 0,001646
risk 1,522879 0,001476
confirmations 1,698970 0,001646
x 1,221849 0,002368
checks 1,698970 0,001646
failing 1,698970 0,001646
Work 1,522879 0,001476
however 1,698970 0,001646
want 1,522879 0,001476
Put 1,698970 0,001646
GUI 1,397940 0,001355
Desktop 1,698970 0,003293
stay 1,698970 0,001646
command 1,698970 0,001646
line 1,522879 0,001476
CLI 1,698970 0,002469
macOS 1,397940 0,003386
Windows 1,397940 0,003386
Linux 1,397940 0,002709
available 1,522879 0,002213
Blazing 1,698970 0,001646
fast 1,522879 0,002951
developer 1,397940 0,002709
environments 1,698970 0,001646
about 1,301030 0,003782
future 1,397940 0,001355
not 1,154902 0,001119
local 1,698970 0,002469
copy 1,698970 0,001646
gives 1,522879 0,001476
complete 1,301030 0,001261
configurable 1,522879 0,001476
dev 1,397940 0,001355
environment 1,522879 0,001476
top 1,154902 0,001119
powerful 1,698970 0,001646
VM 1,698970 0,001646
Visual 1,397940 0,001355
Studio 1,397940 0,001355
browser 1,522879 0,001476
full 1,301030 0,001261
stop 1,698970 0,001646
brings 1,698970 0,001646
popular 1,397940 0,001355
desktop 1,522879 0,001476
editor 1,698970 0,002469
every 1,397940 0,002032
test 1,397940 0,001355
use 1,154902 0,001119
terminal 1,698970 0,001646
anywhere 1,698970 0,001646
Customize 1,698970 0,001646
heart 1,698970 0,001646
desire 1,698970 0,001646
Add 1,397940 0,001355
favorite 1,698970 0,001646
VS 1,397940 0,001355
extensions 1,698970 0,001646
devcontainer 1,698970 0,001646
config 1,698970 0,001646
file 1,698970 0,001646
themes 1,698970 0,001646
tweak 1,698970 0,001646
settings 1,397940 0,001355
anything 1,397940 0,001355
Setup 1,698970 0,001646
CI 1,301030 0,001891
CD 1,301030 0,001261
enhance 1,698970 0,001646
DevOps 1,301030 0,001261
script 1,397940 0,001355
workflow 1,698970 0,001646
Kick 1,698970 0,001646
automated 1,698970 0,002469
workflows 1,698970 0,001646
events 1,397940 0,001355
issue 1,522879 0,001476
creation 1,698970 0,001646
release 1,522879 0,001476
own 1,301030 0,001891
import 1,698970 0,001646
within 1,397940 0,001355
our 1,301030 0,001261
class 1,397940 0,001355
Feeling 1,698970 0,001646
stuck 1,522879 0,001476
Browse 1,522879 0,001476
docs 1,397940 0,001355
as 1,221849 0,001776
Run 1,698970 0,001646
actions 1,698970 0,001646
language 1,397940 0,001355
operating 1,698970 0,001646
system 1,522879 0,001476
ARM 1,522879 0,001476
containers 1,698970 0,001646
Or 1,698970 0,001646
at 1,221849 0,001776
once 1,698970 0,001646
matrix 1,698970 0,001646
With 1,698970 0,001646
jobs 1,522879 0,001476
per 1,522879 0,001476
month 1,522879 0,003689
re 1,301030 0,001261
good 1,522879 0,001476
company 1,698970 0,001646
number 1,397940 0,001355
service 1,698970 0,001646
Speaking 1,522879 0,001476
automation 1,397940 0,002709
Dependabot 1,698970 0,002469
keeps 1,698970 0,001646
that 1,154902 0,002798
update 1,698970 0,001646
Just 1,698970 0,001646
secure 1,522879 0,001476
fix 1,698970 0,001646
before 1,397940 0,002032
write 1,522879 0,002213
CodeQL 1,698970 0,001646
scanning 1,698970 0,001646
automatically 1,522879 0,002213
reviews 1,698970 0,001646
codebase 1,698970 0,002469
identifies 1,698970 0,001646
known 1,522879 0,001476
they 1,522879 0,001476
ever 1,698970 0,001646
reach 1,698970 0,002469
production 1,397940 0,001355
Vulnerabilities 1,698970 0,001646
Fixed 1,698970 0,001646
deserialized 1,698970 0,001646
data 1,154902 0,001119
vulnerability 1,698970 0,002469
secrets 1,698970 0,001646
We 1,221849 0,001184
scan 1,522879 0,001476
OAuth 1,698970 0,003293
tokens 1,698970 0,002469
API 1,301030 0,001891
keys 1,698970 0,001646
personal 1,522879 0,002213
If 1,522879 0,001476
we 1,397940 0,002032
find 1,397940 0,001355
ll 1,698970 0,001646
notify 1,698970 0,001646
partner 1,397940 0,001355
issued 1,698970 0,001646
invalidate 1,698970 0,001646
secret 1,522879 0,001476
token 1,698970 0,002469
Replaced 1,698970 0,001646
key 1,522879 0,001476
vault 1,698970 0,001646
value 1,397940 0,001355
Found 1,698970 0,001646
Our 1,301030 0,001261
advisory 1,698970 0,001646
remediation 1,698970 0,001646
tools 1,301030 0,001261
help 1,301030 0,001891
identify 1,698970 0,001646
disclose 1,698970 0,001646
responsibly 1,698970 0,001646
so 1,522879 0,001476
maintainers 1,698970 0,001646
patch 1,698970 0,001646
dedicated 1,698970 0,002469
workspaces 1,698970 0,001646
including 1,698970 0,001646
Discussions 1,698970 0,002469
space 1,698970 0,001646
come 1,698970 0,001646
together 1,522879 0,001476
answer 1,522879 0,001476
questions 1,397940 0,001355
ended 1,698970 0,001646
how 1,301030 0,001261
get 1,397940 0,001355
started 1,301030 0,003152
Amplify 1,698970 0,001646
voice 1,698970 0,001646
profile 1,698970 0,001646
Tell 1,698970 0,001646
story 1,522879 0,001476
through 1,301030 0,001261
contributions 1,522879 0,001476
technologies 1,522879 0,001476
choice 1,522879 0,001476
sophshep 1,698970 0,001646
sponsoring 1,698970 0,003293
days 1,698970 0,003293
joshaber 1,698970 0,001646
pmarsceill 1,698970 0,001646
That 1,397940 0,001355
wrote 1,698970 0,001646
yourself 1,522879 0,001476
might 1,522879 0,001476
just 1,698970 0,001646
someone 1,522879 0,001476
else 1,698970 0,001646
Get 1,221849 0,001184
paid 1,698970 0,001646
building 1,698970 0,002469
matters 1,698970 0,001646
depend 1,698970 0,001646
too 1,522879 0,001476
zero 1,698970 0,001646
fees 1,698970 0,001646
Make 1,522879 0,001476
contribution 1,522879 0,001476
Small 1,397940 0,001355
experiments 1,698970 0,001646
inspired 1,698970 0,001646
inventions 1,698970 0,001646
everyone 1,522879 0,002213
depends 1,698970 0,001646
millions 1,698970 0,001646
tensorflow 1,698970 0,002469
An 1,397940 0,001355
Source 1,301030 0,001261
Machine 1,522879 0,001476
Framework 1,698970 0,001646
Everyone 1,698970 0,001646
gatsbyjs 1,698970 0,001646
gatsby 1,698970 0,001646
blazing 1,698970 0,001646
modern 1,698970 0,001646
apps 1,522879 0,002213
websites 1,698970 0,001646
React 1,397940 0,001355
assistant 1,698970 0,001646
core 1,397940 0,001355
puts 1,698970 0,001646
control 1,397940 0,001355
privacy 1,522879 0,001476
first 1,301030 0,001261
rust 1,698970 0,002469
lang 1,522879 0,001476
Empowering 1,698970 0,001646
reliable 1,698970 0,001646
efficient 1,698970 0,002469
flutter 1,698970 0,002469
Flutter 1,522879 0,001476
makes 1,698970 0,001646
easy 1,397940 0,001355
beautiful 1,698970 0,001646
mobile 1,301030 0,001261
beyond 1,698970 0,001646
kubernetes 1,698970 0,002469
Production 1,698970 0,001646
Grade 1,698970 0,001646
Container 1,522879 0,001476
Scheduling 1,698970 0,001646
Management 1,301030 0,001261
apple 1,698970 0,001646
swift 1,698970 0,001646
Swift 1,301030 0,001261
Programming 1,397940 0,001355
Language 1,397940 0,001355
ansible 1,698970 0,002469
Ansible 1,522879 0,001476
radically 1,698970 0,001646
simple 1,397940 0,001355
IT 0,920819 0,000892
hashicorp 1,698970 0,001646
terraform 1,698970 0,001646
Terraform 1,698970 0,001646
enables 1,698970 0,001646
safely 1,522879 0,001476
predictably 1,698970 0,001646
improve 1,698970 0,001646
infrastructure 1,698970 0,001646
ohmyzsh 1,698970 0,002469
A 0,886057 0,001288
delightful 1,698970 0,001646
driven 1,522879 0,001476
framework 1,522879 0,001476
managing 1,698970 0,001646
zsh 1,698970 0,001646
configuration 1,698970 0,001646
facebook 1,221849 0,001184
react 1,698970 0,001646
declarative 1,698970 0,001646
flexible 1,698970 0,001646
JavaScript 1,045757 0,001520
library 1,397940 0,001355
user 1,397940 0,001355
interfaces 1,698970 0,001646
manager 1,522879 0,001476
Resources 1,397940 0,001355
Roadmap 1,698970 0,001646
Platform 1,522879 0,001476
Developer 1,221849 0,001184
Partners 1,397940 0,001355
Atom 1,698970 0,001646
Electron 1,522879 0,001476
Docs 1,397940 0,001355
Forum 1,397940 0,001355
Professional 1,301030 0,001261
Services 1,397940 0,001355
Status 1,397940 0,001355
Company 1,522879 0,001476
About 1,154902 0,001119
Blog 1,397940 0,001355
Careers 1,522879 0,001476
Press 1,154902 0,001119
Inclusion 1,698970 0,001646
Social 1,522879 0,001476
Impact 1,397940 0,001355
Shop 1,397940 0,001355
Facebook 0,958607 0,000929
YouTube 0,823909 0,000798
LinkedIn 1,698970 0,001646
Inc 1,154902 0,001119
Terms 1,221849 0,001184
Privacy 1,154902 0,001119
Site 1,522879 0,001476
Map 1,698970 0,001646
What 1,221849 0,001184
Git 1,397940 0,001355
t 1,221849 0,001184
perform 1,698970 0,001646
action 1,522879 0,001476
this 1,096910 0,001063
time 1,154902 0,001119
signed 1,698970 0,002469
another 1,522879 0,002213
tab 1,698970 0,002469
window 1,301030 0,001891
Reload 1,698970 0,002469
refresh 1,397940 0,002032
session 1,698970 0,002469
out 1,221849 0,001184
