Ижевск 1,221849 0,005324
close 1,522879 0,004977
Авторизация 1,698970 0,003701
Регистрацияclose 1,698970 0,003701
Госуслуги 1,698970 0,003701
Вход 0,657577 0,002149
Регистрация 0,657577 0,001433
регистрация 1,397940 0,003046
с 0,102373 0,000669
помощью 0,769551 0,001677
учетной 1,698970 0,003701
записи 1,301030 0,002834
портала 1,221849 0,002662
госуслуг 1,698970 0,003701
Забыл 1,698970 0,003701
пароль 0,920819 0,002006
refresh 1,397940 0,003046
search 1,522879 0,006636
share 1,397940 0,004568
Рус 1,698970 0,003701
РусскийEnglish 1,698970 0,003701
visibility 1,522879 0,003318
account 1,522879 0,004977
circle 1,698970 0,003701
view 1,397940 0,003046
headlineclose 1,698970 0,003701
apartmentСервисы 1,698970 0,003701
для 0,119186 0,001558
горожан 1,397940 0,009137
circleЛичный 1,698970 0,003701
кабинет 1,045757 0,002278
visibilityВерсия 1,698970 0,003701
слабовидящих 1,522879 0,003318
flagРусскийEnglish 1,698970 0,003701
сервисы 1,154902 0,003774
Интернет 0,823909 0,005385
приемная 1,698970 0,014806
Правовые 1,698970 0,007403
акты 1,522879 0,006636
Публичные 1,698970 0,007403
слушания 1,698970 0,007403
Важные 1,397940 0,006091
телефоны 1,698970 0,007403
Пресс 0,657577 0,002865
центр 0,638272 0,002781
Торги 1,698970 0,007403
Мой 0,853872 0,003721
депутат 1,397940 0,006091
Услуги 1,301030 0,005669
жкх 1,698970 0,005552
Карта 1,096910 0,004780
Ижевска 1,698970 0,024059
Опросы 1,221849 0,006655
Записаться 1,698970 0,007403
на 0,075721 0,000742
прием 1,221849 0,005324
Подписка 0,853872 0,003721
Календарь 1,045757 0,004557
событий 0,853872 0,004651
Новое 0,958607 0,003133
сайте 0,431798 0,001411
Власть 1,221849 0,003993
Глава 0,698970 0,003046
Городская 1,698970 0,003701
дума 1,698970 0,003701
Администрация 1,221849 0,002662
города 0,698970 0,007614
Контрольно 1,698970 0,003701
счетная 1,698970 0,003701
палата 1,698970 0,009254
Бюджет 1,698970 0,003701
Муниципальный 1,698970 0,003701
заказ 1,397940 0,003046
Социально 1,522879 0,003318
экономическое 1,522879 0,003318
развитие 1,397940 0,004568
Административная 1,698970 0,003701
реформа 1,522879 0,003318
Противодействие 1,397940 0,004568
коррупции 1,301030 0,004252
Муниципальная 1,698970 0,005552
служба 1,301030 0,002834
Перечень 1,522879 0,003318
информационных 0,585027 0,001275
систем 1,522879 0,003318
Проекты 1,096910 0,004780
Муниципальные 1,698970 0,005552
программы 0,823909 0,001795
Открытые 1,301030 0,002834
данные 0,721246 0,001571
Оценка 1,301030 0,002834
регулирующего 1,698970 0,003701
воздействия 1,698970 0,003701
Жителям 1,698970 0,005552
Образование 0,886057 0,001930
Молодежная 1,698970 0,003701
политика 0,920819 0,002006
Здравоохранение 1,522879 0,003318
Социальная 1,301030 0,002834
поддержка 1,045757 0,002278
Общество 0,638272 0,001391
Общественная 1,522879 0,006636
услуги 1,301030 0,002834
Градостроительство 1,698970 0,003701
собственность 1,698970 0,003701
Земельные 1,698970 0,003701
ресурсы 1,154902 0,003774
Природные 1,698970 0,003701
и 0,075721 0,000495
охрана 1,698970 0,003701
окружающей 1,522879 0,003318
среды 1,522879 0,004977
Жилищно 1,698970 0,003701
коммунальное 1,698970 0,003701
хозяйство 1,301030 0,004252
Городское 1,698970 0,003701
Безопасность 1,221849 0,002662
Занятость 1,698970 0,003701
населения 1,045757 0,002278
Культура 0,638272 0,001391
Спорт 0,537602 0,001171
ЗАГС 1,698970 0,003701
Районы 1,698970 0,003701
Национальные 1,397940 0,003046
проекты 0,698970 0,001523
России 0,251812 0,001372
Реестр 1,698970 0,003701
очередности 1,698970 0,003701
использования 0,920819 0,002006
специально 1,221849 0,002662
отведенных 1,698970 0,003701
мест 1,045757 0,002278
проведения 1,397940 0,003046
публичных 1,397940 0,003046
мероприятий 1,096910 0,002390
Бизнесу 1,698970 0,005552
Инвестиции 1,301030 0,002834
Поддержка 1,154902 0,002516
предпринимательства 1,698970 0,003701
Потребительский 1,397940 0,003046
рынок 1,096910 0,002390
Гостям 1,698970 0,005552
О 0,207608 0,000678
городе 0,958607 0,002088
Имена 1,522879 0,003318
Путешественникам 1,698970 0,003701
Фестивали 1,301030 0,002834
в 0,070581 0,000846
Ижевске 1,698970 0,020358
Достопримечательности 1,698970 0,003701
Международные 1,397940 0,003046
региональные 1,698970 0,003701
связи 0,455932 0,000993
Решаем 1,698970 0,003701
вместе 0,769551 0,001677
Не 0,481486 0,001049
убран 1,698970 0,003701
мусор 1,522879 0,003318
яма 1,698970 0,003701
дороге 1,221849 0,002662
не 0,142668 0,000311
горит 1,522879 0,003318
фонарь 1,301030 0,002834
Столкнулись 1,698970 0,003701
проблемой 1,698970 0,003701
сообщите 1,522879 0,003318
о 0,136677 0,000447
ней 0,823909 0,001795
Сообщить 1,221849 0,002662
проблеме 1,698970 0,003701
Главное 0,657577 0,002865
ИЖЕВСКА 1,698970 0,005552
Бекмеметьев 1,698970 0,005552
Олег 0,795880 0,002601
Николаевич 1,397940 0,004568
интернет 0,657577 0,002149
Сервисы 1,301030 0,004252
navigate 1,698970 0,011104
next 1,397940 0,012182
инфраструктурных 1,698970 0,003701
проектов 1,154902 0,005032
будет 0,387216 0,000844
реализовано 1,698970 0,003701
году 0,602060 0,001312
по 0,124939 0,000408
программе 1,045757 0,002278
Стимул 1,698970 0,003701
В 0,167491 0,001277
создан 1,301030 0,002834
городской 1,522879 0,004977
Инвестиционный 1,698970 0,003701
портал 0,823909 0,001795
Более 1,000000 0,002179
тыс 1,096910 0,002390
пассажиров 1,698970 0,003701
общественного 1,301030 0,002834
транспорта 1,301030 0,002834
ежедневно 1,522879 0,003318
пользуются 1,522879 0,003318
выделенной 1,698970 0,003701
полосой 1,698970 0,003701
улице 1,221849 0,002662
Ленина 1,301030 0,002834
beforenavigate 1,698970 0,003701
Новости 0,221849 0,001208
Апреля 1,397940 0,022842
Ижевский 1,698970 0,003701
муниципальный 1,698970 0,003701
камерный 1,698970 0,003701
хор 1,698970 0,003701
отметил 1,397940 0,003046
свое 0,721246 0,001571
летие 1,698970 0,003701
муниципалитете 1,698970 0,003701
прошла 1,045757 0,004557
встреча 1,096910 0,002390
жителями 1,301030 0,002834
микрорайона 1,698970 0,003701
Орловское 1,698970 0,003701
Условия 1,154902 0,003774
заключения 1,522879 0,004977
социального 1,522879 0,004977
контракта 1,698970 0,005552
изменились 1,221849 0,003993
акция 1,698970 0,007403
поддержку 1,000000 0,003268
независимости 1,698970 0,005552
Донецкой 1,221849 0,006655
народной 1,397940 0,004568
республики 1,301030 0,004252
открылся 1,397940 0,004568
единый 1,698970 0,005552
пункт 1,397940 0,004568
сбора 1,154902 0,003774
гуманитарной 1,522879 0,004977
помощи 1,045757 0,003418
жителей 0,853872 0,002790
Луганской 1,698970 0,005552
народных 1,397940 0,004568
республик 1,698970 0,005552
Ижевские 1,698970 0,005552
конкурсанты 1,698970 0,005552
начали 0,958607 0,003133
защиту 1,522879 0,004977
молодежного 1,698970 0,005552
инициативного 1,698970 0,005552
бюджетирования 1,698970 0,005552
Атмосфера 1,698970 0,005552
нарушений 1,522879 0,004977
уборки 1,698970 0,005552
снега 1,522879 0,004977
зафиксировали 1,397940 0,004568
начала 0,769551 0,002515
зимнего 1,698970 0,005552
сезона 0,958607 0,003133
числе 1,045757 0,003418
самых 0,585027 0,001912
комфортных 1,698970 0,005552
жизни 0,443697 0,001450
городов 1,221849 0,003993
Все 0,148742 0,000972
новости 0,420216 0,001373
Анонсы 1,522879 0,004977
Центробанк 1,221849 0,002662
открыл 1,301030 0,002834
Магию 1,698970 0,003701
театра 1,154902 0,002516
Ижевчане 1,698970 0,003701
смогут 1,397940 0,003046
посетить 1,045757 0,002278
бесплатную 1,522879 0,003318
лекцию 1,522879 0,003318
ко 0,958607 0,002088
Дню 0,958607 0,002088
рождения 0,677781 0,001477
апреля 0,301030 0,000656
ЖИВИ 1,698970 0,003701
здорово 1,698970 0,003701
анонсы 1,522879 0,003318
Проект 1,000000 0,003268
Безопасные 1,698970 0,003701
качественные 1,522879 0,003318
дороги 1,096910 0,003585
Формирование 1,698970 0,003701
современной 0,958607 0,002088
город 1,096910 0,002390
трудовой 1,698970 0,003701
доблести 1,698970 0,003701
проектыnavigate 1,698970 0,003701
Информация 0,886057 0,002896
Дорожные 1,698970 0,003701
работы 0,638272 0,002086
Вся 0,886057 0,001930
информацияnavigate 1,698970 0,003701
сайта 0,522879 0,001709
проекте 0,657577 0,001433
важных 1,397940 0,003046
Гарантийные 1,522879 0,003318
ЖКХ 1,301030 0,002834
Земляные 1,698970 0,003701
Улично 1,698970 0,003701
дорожная 1,698970 0,003701
сеть 1,154902 0,002516
Разрешенное 1,698970 0,003701
строительство 1,522879 0,003318
Информационно 1,522879 0,003318
аналитическоe 1,698970 0,003701
управление 1,397940 0,003046
Администрации 1,698970 0,003701
г 0,602060 0,001312
материалы 0,537602 0,001171
доступны 1,397940 0,003046
лицензии 1,522879 0,003318
Creative 1,698970 0,003701
Commons 1,698970 0,003701
Attribution 1,698970 0,003701
Атрибуция 1,698970 0,003701
Всемирная 1,522879 0,003318
при 0,468521 0,001021
условии 1,397940 0,003046
ссылки 1,301030 0,002834
первоисточник 1,698970 0,003701
Для 0,494850 0,001078
личных 1,221849 0,002662
обращений 1,698970 0,003701
граждан 1,045757 0,002278
работает 0,657577 0,001433
e 0,958607 0,002088
mail 0,721246 0,001571
main 1,522879 0,003318
izh 1,698970 0,003701
ru 0,187087 0,000408
