Arzamas 1,522879 0,006408
img 0,795880 0,000502
height 1,221849 0,000514
width 1,221849 0,000514
style 0,823909 0,000520
display 1,522879 0,000641
none 1,522879 0,000641
src 0,795880 0,000502
https 0,721246 0,000455
www 0,698970 0,000294
facebook 1,221849 0,000514
com 0,744727 0,000470
tr 1,522879 0,000641
id 1,154902 0,000486
amp 1,397940 0,000882
ev 1,522879 0,000641
PageView 1,522879 0,000641
noscript 1,522879 0,000641
vk 1,522879 0,000641
rtrg 1,698970 0,000715
p 1,221849 0,000514
VK 1,154902 0,000729
RTRG 1,698970 0,000715
naN 1,698970 0,000715
position 0,853872 0,000359
fixed 1,522879 0,000641
left 0,958607 0,000403
px 0,920819 0,000387
alt 0,886057 0,000373
У 0,431798 0,000363
вас 0,823909 0,000520
отключено 1,698970 0,000715
выполнение 1,522879 0,000641
сценариев 1,698970 0,000715
Javascript 1,698970 0,000715
Измените 1,698970 0,000715
пожалуйста 1,522879 0,000641
настройки 1,397940 0,000588
браузера 1,301030 0,000547
Курсы 1,221849 0,000771
Журнал 1,301030 0,000821
Детская 1,221849 0,000771
комната 1,698970 0,001072
Радио 0,958607 0,001008
Магазин 1,045757 0,000440
Еврейский 1,698970 0,001072
музей 1,000000 0,001262
Новая 0,823909 0,000520
Третьяковка 1,698970 0,001072
Онлайн 0,769551 0,000486
университет 1,698970 0,001072
Запад 1,000000 0,000631
и 0,075721 0,002485
Восток 1,301030 0,001369
история 0,721246 0,001973
культур 1,522879 0,000961
Видеоистория 1,698970 0,001072
русской 0,744727 0,001097
культуры 0,795880 0,002009
Русский 1,045757 0,001540
язык 0,823909 0,000867
от 0,193820 0,000652
гой 1,698970 0,001072
еси 1,698970 0,001072
до 0,244125 0,001130
лол 1,698970 0,001072
кек 1,698970 0,001072
Что 0,346787 0,001897
такое 0,638272 0,001880
античность 1,698970 0,001072
Русское 1,301030 0,001642
искусство 1,045757 0,003080
XX 0,958607 0,005647
века 0,721246 0,005463
Русская 1,045757 0,003520
литература 1,000000 0,005891
в 0,070581 0,000965
подарок 1,221849 0,000514
Танец 1,397940 0,000588
Миниатюра 1,522879 0,000641
из 0,167491 0,000529
часослова 1,698970 0,000715
Шарля 1,698970 0,000715
Ангулемского 1,698970 0,000715
Франция 1,096910 0,000923
годы 0,853872 0,000719
Biblioth 1,698970 0,000715
que 1,698970 0,000715
nationale 1,698970 0,000715
de 1,397940 0,000588
France 1,698970 0,000715
Latin 1,698970 0,000715
ArzamasМир 1,698970 0,000715
средневекового 1,698970 0,001430
человека 0,568636 0,000479
В 0,167491 0,000247
новом 0,853872 0,000539
курсе 1,096910 0,000923
историка 1,698970 0,001072
Олега 1,301030 0,000547
Аурова 1,698970 0,000715
о 0,136677 0,000834
том 0,568636 0,000359
как 0,251812 0,001060
Средние 1,698970 0,001430
воевали 1,698970 0,000715
кому 1,154902 0,000729
молились 1,522879 0,000641
чему 0,920819 0,000387
учились 1,698970 0,000715
университетах 1,698970 0,000715
строили 1,698970 0,001430
города 0,698970 0,000735
правители 1,698970 0,000715
объясняли 1,698970 0,000715
свое 0,721246 0,000303
право 1,045757 0,000440
на 0,075721 0,000414
власть 1,221849 0,000771
добивались 1,698970 0,001072
верности 1,698970 0,000715
вассалов 1,698970 0,000715
История 0,494850 0,003019
Елена 0,769551 0,000324
Мурина 1,698970 0,000715
Я 0,508638 0,000214
знала 1,522879 0,000641
что 0,187087 0,000512
советская 1,397940 0,000588
должна 0,958607 0,000403
кончиться 1,698970 0,000715
потому 0,958607 0,000403
эта 1,096910 0,000462
химера 1,698970 0,000715
не 0,142668 0,000330
может 0,397940 0,000167
продолжаться 1,698970 0,000715
О 0,207608 0,000175
встрече 1,522879 0,000641
с 0,102373 0,000345
Антонием 1,698970 0,000715
Сурожским 1,698970 0,000715
искусстве 1,397940 0,000588
людях 1,221849 0,000514
й 1,045757 0,000440
пробы 1,698970 0,000715
Лучшее 1,154902 0,000486
США 0,508638 0,000214
семи 1,397940 0,001176
периодах 1,698970 0,000715
Все 0,148742 0,000188
нужно 0,721246 0,000910
знать 1,000000 0,001473
об 0,292430 0,000554
Америке 1,397940 0,000588
первых 0,853872 0,000359
колонистов 1,698970 0,000715
терактов 1,698970 0,000715
сентября 1,221849 0,000514
Волк 1,096910 0,000462
коза 1,698970 0,000715
капуста 1,698970 0,000715
писателями 1,698970 0,000715
Знакомая 1,698970 0,000715
детства 1,154902 0,000486
игра 1,301030 0,000821
но 0,481486 0,000304
интерактивная 1,698970 0,000715
Маяковским 1,698970 0,000715
Мультфильмы 1,301030 0,000547
классической 1,221849 0,000514
музыкой 1,698970 0,001072
Как 0,301030 0,003293
анимация 1,522879 0,000641
работает 0,657577 0,000553
Чайковского 1,301030 0,000547
Верди 1,522879 0,000641
Гласса 1,698970 0,000715
Кулинарные 1,522879 0,000641
традиции 1,522879 0,000961
евреев 1,698970 0,000715
Восточной 1,522879 0,000641
Европы 0,920819 0,000387
по 0,124939 0,000499
разному 1,522879 0,001282
можно 0,443697 0,000187
готовить 1,522879 0,000641
цимес 1,698970 0,000715
форшмак 1,698970 0,000715
даже 0,619789 0,000261
куриный 1,698970 0,000715
бульон 1,698970 0,000715
подготовить 1,522879 0,000641
боевого 1,698970 0,000715
слона 1,522879 0,000641
Элементарные 1,698970 0,000715
навыки 1,301030 0,000547
превращению 1,698970 0,000715
животных 1,045757 0,000880
воинов 1,698970 0,000715
Застольные 1,698970 0,000715
народов 1,221849 0,000514
Кавказа 1,522879 0,001282
Гастрономический 1,698970 0,000715
комментарий 1,221849 0,000514
к 0,207608 0,000262
художественной 1,301030 0,000547
литературе 1,301030 0,001642
рецептами 1,698970 0,000715
Правила 0,853872 0,000359
жизни 0,443697 0,000653
Льва 1,301030 0,000547
Ландау 1,698970 0,000715
Об 0,698970 0,000294
истреблении 1,698970 0,000715
зануд 1,698970 0,000715
пасьянсе 1,698970 0,000715
теще 1,522879 0,000641
шпионах 1,698970 0,000715
арийских 1,698970 0,000715
девушках 1,522879 0,000641
стихотворений 1,522879 0,000961
любви 0,677781 0,000856
День 0,795880 0,000502
святого 1,397940 0,000882
Валентина 1,045757 0,000660
читаем 1,698970 0,001072
комментируем 1,698970 0,001072
любовную 1,698970 0,001072
лирику 1,698970 0,001072
одно 1,045757 0,000660
заклинание 1,698970 0,001072
Уновис 1,698970 0,000715
Зорвед 1,698970 0,000715
МАИ 1,698970 0,000715
путеводитель 1,522879 0,000961
объединениям 1,698970 0,000715
художников 1,096910 0,000462
х 0,769551 0,000648
Вокруг 1,397940 0,000588
кого 0,853872 0,000719
зачем 0,853872 0,000539
собирались 1,698970 0,000715
русские 1,045757 0,000880
авангардисты 1,698970 0,001430
Фактчек 1,698970 0,000715
легенд 1,522879 0,000641
Александре 1,698970 0,000715
III 1,154902 0,000729
Почему 0,522879 0,000550
после 0,397940 0,000419
Великих 1,522879 0,000641
реформ 1,698970 0,000715
России 0,251812 0,000530
наступили 1,698970 0,000715
заморозки 1,698970 0,000715
Правда 1,096910 0,000923
ли 0,397940 0,000335
Александр 0,468521 0,000197
плохо 1,301030 0,000547
говорил 1,397940 0,000588
русски 1,397940 0,000588
при 0,468521 0,000591
этом 0,585027 0,000246
ввел 1,221849 0,000514
русский 0,920819 0,000775
стиль 1,301030 0,000547
Он 0,721246 0,000303
был 0,481486 0,000203
так 0,522879 0,000660
силен 1,698970 0,000715
смог 1,301030 0,000547
удержать 1,522879 0,000641
крышу 1,698970 0,000715
поезда 1,301030 0,000547
Много 1,301030 0,000547
пил 1,698970 0,000715
избегал 1,698970 0,000715
толпы 1,522879 0,000641
выпуске 1,221849 0,000514
рубрики 1,221849 0,000514
собрали 1,522879 0,000641
легенды 1,000000 0,000631
главном 1,096910 0,000462
русском 1,154902 0,000729
императоре 1,698970 0,000715
реакционере 1,698970 0,000715
микрорубрики 1,698970 0,000715
Ежедневные 1,698970 0,000715
короткие 1,522879 0,000641
материалы 0,537602 0,000679
которые 0,431798 0,000363
мы 0,468521 0,000887
выпускали 1,698970 0,000715
последние 0,769551 0,000324
три 0,853872 0,000359
года 0,356547 0,000375
Реклама 0,387216 0,000163
дня 0,494850 0,000416
Пистолеты 1,698970 0,000715
револьверы 1,698970 0,000715
Colt 1,698970 0,000715
Аниме 1,221849 0,000514
Наруто 1,522879 0,000641
Этикетка 1,698970 0,000715
Счетные 1,698970 0,000715
палочки 1,698970 0,000715
Архив 1,096910 0,000462
Мир 0,698970 0,001618
лекций 1,522879 0,059915
Главные 0,769551 0,002914
философские 1,698970 0,006077
вопросы 0,744727 0,002664
Сезон 0,958607 0,007059
Где 0,958607 0,000605
добро 1,522879 0,000961
а 0,327902 0,000552
где 0,537602 0,000566
зло 1,397940 0,000882
Веничка 1,698970 0,001072
Ерофеев 1,698970 0,001072
между 0,823909 0,001040
Москвой 1,522879 0,000961
Петушками 1,698970 0,001072
лекции 1,301030 0,027920
Япония 0,823909 0,000520
тоталитаризме 1,698970 0,001072
жили 1,522879 0,001602
обыкновенные 1,522879 0,001602
люди 0,677781 0,001283
императоры 1,698970 0,001072
Древнем 1,698970 0,001430
Риме 1,698970 0,001430
нам 0,657577 0,000692
много 0,958607 0,000605
Довлатов 1,698970 0,001072
Ленинград 1,522879 0,000961
Зачем 1,096910 0,001615
природа 1,698970 0,001072
московской 1,397940 0,000882
архитектуры 1,522879 0,000961
От 0,795880 0,001340
Василия 1,397940 0,000882
Темного 1,698970 0,001072
наших 0,823909 0,001040
дней 0,744727 0,000940
материала 1,397940 0,023235
Берлинская 1,698970 0,001072
стена 1,698970 0,001072
строительства 1,522879 0,000961
падения 1,221849 0,000771
Польское 1,698970 0,001072
кино 0,568636 0,000718
визитные 1,698970 0,001787
карточки 1,522879 0,001602
материалов 0,585027 0,011939
Зигмунд 1,698970 0,001072
Фрейд 1,698970 0,001072
толкования 1,698970 0,001072
Деловые 1,698970 0,001072
XIX 1,096910 0,001615
Английская 1,698970 0,001072
Культурные 1,522879 0,000961
коды 1,522879 0,000961
экономики 1,045757 0,000660
почему 0,494850 0,000521
страны 0,638272 0,000537
живут 1,045757 0,000660
страсть 1,397940 0,000882
Золотая 1,397940 0,000882
клетка 1,698970 0,001072
Переделкино 1,698970 0,001072
е 1,096910 0,000923
Оптина 1,698970 0,001072
пустынь 1,698970 0,001072
стала 0,823909 0,000693
главным 1,301030 0,000821
русским 1,522879 0,000961
монастырем 1,698970 0,001072
Последние 0,853872 0,000539
Романовы 1,698970 0,001072
Александра 0,638272 0,000537
I 0,853872 0,000539
Николая 1,154902 0,000972
II 1,221849 0,001028
читать 0,823909 0,001213
любимые 1,221849 0,001285
книги 0,744727 0,000627
новому 1,301030 0,000821
Древней 1,221849 0,001285
Греции 1,045757 0,000880
Путешествие 1,522879 0,001282
еды 1,698970 0,001787
За 0,568636 0,000359
любим 1,397940 0,000882
кельтов 1,698970 0,001072
Стругацкие 1,522879 0,000961
НИИЧАВО 1,698970 0,001072
Зоне 1,698970 0,001072
Гитлер 1,698970 0,001072
немцы 1,301030 0,000821
вышло 1,522879 0,000961
Марк 1,154902 0,000729
Шагал 1,698970 0,001072
стал 0,585027 0,000369
всемирным 1,698970 0,001072
художником 1,522879 0,000961
Лесков 1,522879 0,000961
его 0,376751 0,000634
чудные 1,698970 0,001072
герои 1,045757 0,000660
Культура 0,638272 0,000403
Японии 0,958607 0,000605
пяти 1,698970 0,001787
предметах 1,698970 0,001430
есть 0,568636 0,000359
истина 1,698970 0,001072
придумал 1,522879 0,000961
Бетховен 1,698970 0,001072
Первопроходцы 1,698970 0,001072
кто 0,494850 0,000521
открывал 1,698970 0,001072
Сибирь 1,698970 0,001072
Дальний 1,397940 0,000882
Сирийские 1,698970 0,001072
мистики 1,522879 0,000961
аде 1,698970 0,001072
игрушках 1,698970 0,001072
эросе 1,698970 0,001072
прокрастинации 1,698970 0,001072
романтизм 1,522879 0,000961
он 0,568636 0,000718
изменил 1,397940 0,001471
мир 0,552842 0,000814
Финляндия 1,154902 0,000729
атом 1,698970 0,001072
нашу 1,301030 0,001095
жизнь 0,537602 0,000905
Данте 1,698970 0,001072
Божественная 1,698970 0,001072
комедия 1,045757 0,000660
Шведская 1,698970 0,001072
надо 0,823909 0,000520
Кто 0,638272 0,001343
такой 0,853872 0,001437
Троцкий 1,522879 0,000961
Теории 1,698970 0,001072
заговора 1,698970 0,001072
Античности 1,522879 0,000961
ведут 1,221849 0,000771
дневники 1,522879 0,000961
историки 1,698970 0,001072
их 0,455932 0,000576
читают 1,301030 0,000821
Помпеи 1,698970 0,001072
извержения 1,698970 0,001072
Везувия 1,698970 0,001072
Народные 1,397940 0,000882
песни 1,221849 0,000771
русского 0,769551 0,000810
Метро 1,522879 0,000961
истории 0,657577 0,000830
культуре 1,522879 0,002563
людей 0,698970 0,000588
Идиш 1,698970 0,001072
Кафка 1,397940 0,000882
кафкианство 1,698970 0,001072
Ленин 1,301030 0,000821
знаем 1,397940 0,000882
Антихристе 1,698970 0,001072
Джеймс 1,096910 0,000692
Джойс 1,698970 0,001072
роман 0,920819 0,000581
Улисс 1,698970 0,001072
Существует 1,698970 0,001072
свобода 1,397940 0,000882
Молодой 1,522879 0,000961
папа 1,397940 0,000882
Церковь 1,522879 0,000961
сериале 1,096910 0,000692
Антропология 1,698970 0,002502
Севера 1,698970 0,001072
живет 1,045757 0,000660
там 0,958607 0,000605
холодно 1,397940 0,000882
китайскую 1,698970 0,001072
поэзию 1,698970 0,001072
Экономика 0,568636 0,000359
пиратства 1,698970 0,001072
денег 1,096910 0,000692
выпусков 1,698970 0,001787
революция 1,397940 0,000882
изменила 1,522879 0,000961
русскую 1,301030 0,002190
литературу 1,397940 0,001471
Бог 1,221849 0,000771
Композитор 1,522879 0,000961
Владимир 0,431798 0,000273
Мартынов 1,698970 0,001072
музыке 1,301030 0,000821
слышимой 1,698970 0,001072
неслышимой 1,698970 0,001072
Открывая 1,522879 0,003204
Россию 0,568636 0,001316
Ямал 1,397940 0,000882
Криминология 1,698970 0,001072
изучают 1,698970 0,001072
преступность 1,698970 0,001072
преступников 1,698970 0,001072
Байкало 1,698970 0,001072
Амурская 1,698970 0,001072
магистраль 1,698970 0,001072
Введение 1,698970 0,001072
гендерные 1,698970 0,001072
исследования 1,397940 0,000882
Документальное 1,522879 0,000961
вымыслом 1,698970 0,001072
реальностью 1,698970 0,001072
Из 0,698970 0,000441
чего 0,795880 0,000670
состоит 1,698970 0,001072
Игры 0,886057 0,000746
престолов 1,397940 0,000882
Владимира 0,721246 0,000455
Набокова 1,522879 0,000961
Краткая 1,522879 0,001282
татар 1,522879 0,000961
чувствуем 1,698970 0,001072
архитектуру 1,698970 0,001072
Американская 1,698970 0,001787
любовь 0,698970 0,000735
Христа 1,397940 0,000882
за 0,180456 0,000190
пазухой 1,698970 0,001072
сироты 1,698970 0,001072
чувств 1,698970 0,001072
Первый 0,853872 0,000539
авангардист 1,698970 0,001072
увидеть 1,698970 0,001072
глазами 1,397940 0,001471
современников 1,698970 0,001072
исламской 1,522879 0,000961
Византии 1,698970 0,001072
кризисах 1,698970 0,001072
Иваново 1,397940 0,000882
Великобритании 1,522879 0,000961
Аббатстве 1,698970 0,001072
Даунтон 1,522879 0,000961
Самозванцы 1,522879 0,000961
Cмута 1,698970 0,001072
Поэзия 1,301030 0,000821
политика 0,920819 0,000581
век 1,000000 0,001052
Особенности 1,698970 0,001072
национальных 1,522879 0,000961
эмоций 1,397940 0,000882
секретов 1,698970 0,001072
Евгения 0,853872 0,000539
Онегина 1,522879 0,000961
нужны 0,920819 0,000581
паспорт 1,397940 0,000882
ФИО 1,397940 0,000882
подпись 1,698970 0,001072
фото 0,657577 0,000415
документы 1,221849 0,000771
завоевания 1,522879 0,000961
Сахалин 1,301030 0,000821
Сталин 1,397940 0,000882
Вождь 1,698970 0,001072
страна 1,096910 0,000692
Ученые 1,154902 0,000729
против 0,387216 0,000570
поп 1,698970 0,001072
чем 0,420216 0,000442
смысл 1,221849 0,000771
Приключения 1,221849 0,000771
Моне 1,522879 0,000961
Матисса 1,698970 0,001072
Пикассо 1,397940 0,000882
Эйзенштейна 1,698970 0,001072
Блокада 1,522879 0,000961
Ленинграда 1,698970 0,001072
современный 1,301030 0,000821
танец 1,522879 0,000961
железные 1,698970 0,001072
дороги 1,096910 0,000923
изменили 1,522879 0,000961
эпохи 1,154902 0,000972
Сартра 1,698970 0,001072
Годара 1,698970 0,001072
Брижит 1,698970 0,001072
Бардо 1,698970 0,001072
Лев 1,000000 0,000631
Толстой 1,154902 0,000729
всех 0,552842 0,000582
Россия 0,455932 0,000480
Америка 1,522879 0,000961
отношений 1,045757 0,000660
придумать 1,698970 0,001072
свою 0,638272 0,000403
историю 0,795880 0,001005
иностранцев 1,522879 0,000961
православной 1,698970 0,001072
Революция 1,698970 0,001072
Человек 0,958607 0,000605
СССР 0,795880 0,000837
Булгакова 1,301030 0,000821
Весь 0,920819 0,000775
Шекспир 1,522879 0,000961
Древняя 1,698970 0,001072
Греция 1,698970 0,001072
Блеск 1,301030 0,000821
нищета 1,397940 0,000882
Российской 0,769551 0,000486
империи 1,397940 0,000882
Анны 1,154902 0,000729
Ахматовой 1,397940 0,000882
Жанна 1,522879 0,000961
д 0,886057 0,000559
Арк 1,698970 0,001072
мифа 1,698970 0,001072
Любовь 0,823909 0,000520
Екатерине 1,698970 0,001072
Великой 1,045757 0,001320
Социология 1,698970 0,001072
наука 1,301030 0,001095
здравом 1,698970 0,001072
смысле 1,301030 0,000821
такие 1,000000 0,000631
декабристы 1,698970 0,001072
военное 1,301030 0,000821
Византия 1,698970 0,001072
для 0,119186 0,000226
начинающих 1,221849 0,000771
Закон 1,698970 0,001072
порядок 1,154902 0,000729
XVIII 1,397940 0,001176
слушать 1,045757 0,000660
классическую 1,698970 0,001072
музыку 1,397940 0,001176
Повседневная 1,698970 0,001072
Парижа 1,397940 0,000882
понять 1,000000 0,001052
Японию 1,522879 0,000961
Рождение 1,522879 0,000961
смерть 1,154902 0,000729
русских 0,853872 0,000719
князей 1,698970 0,001072
скрывают 1,522879 0,000961
архивы 1,522879 0,000961
авангард 1,698970 0,001072
материал 1,045757 0,001540
Петербург 0,920819 0,000581
накануне 1,698970 0,001072
революции 1,301030 0,001095
Доктор 0,853872 0,000539
Живаго 1,522879 0,000961
Бориса 1,154902 0,000729
Пастернака 1,397940 0,000882
коммуналки 1,698970 0,001072
эпос 1,698970 0,001430
Архитектура 1,301030 0,000821
средство 1,397940 0,000882
коммуникации 1,698970 0,001072
дендизма 1,698970 0,001072
Генеалогия 1,698970 0,001072
патриотизма 1,522879 0,000961
Несоветская 1,698970 0,001072
философия 1,522879 0,000961
Преступление 1,522879 0,000961
наказание 1,301030 0,000821
понимать 1,522879 0,000961
живопись 1,522879 0,000961
Мифы 1,221849 0,000771
Южной 1,698970 0,001072
Америки 1,221849 0,000771
Неизвестный 1,301030 0,000821
Лермонтов 1,301030 0,000821
Греческий 1,698970 0,001072
проект 0,744727 0,000470
Екатерины 1,522879 0,000961
вымыслы 1,698970 0,001072
цыганах 1,698970 0,001072
Исторические 1,301030 0,000821
подделки 1,698970 0,001072
подлинники 1,522879 0,000961
Театр 0,920819 0,000581
английского 1,522879 0,000961
Возрождения 1,698970 0,001072
курсы 1,397940 0,000588
Древний 1,397940 0,000588
Египет 1,522879 0,000961
Месопотамия 1,698970 0,000715
хватило 1,397940 0,000588
программы 0,823909 0,000520
пятого 1,522879 0,000641
класса 1,397940 0,000588
сделать 0,920819 0,000581
мумию 1,698970 0,000715
Инструкция 1,522879 0,001282
Древнего 1,522879 0,000961
Египта 1,221849 0,000771
смотреть 0,769551 0,000324
выставке 1,397940 0,000588
ассирийского 1,698970 0,000715
искусства 0,886057 0,000373
Эрмитаже 1,522879 0,000641
Предсказания 1,522879 0,000641
оракулов 1,698970 0,000715
самый 0,958607 0,000403
древний 1,698970 0,000715
интерьеры 1,698970 0,000715
дворцов 1,522879 0,000641
другие 0,677781 0,001141
сокровища 1,698970 0,000715
делят 1,698970 0,000715
год 0,568636 0,000359
разные 1,096910 0,000462
Задержка 1,698970 0,000715
вод 1,522879 0,000641
Месяц 1,301030 0,000547
выхода 1,000000 0,000421
Убийцы 1,698970 0,000715
Малое 1,698970 0,000715
изобилие 1,522879 0,000641
месяцы 1,522879 0,000641
восьми 1,397940 0,000588
календарей 1,698970 0,000715
Три 0,823909 0,000347
древних 1,522879 0,000961
письма 1,221849 0,000514
Дворянин 1,522879 0,000641
влюбленный 1,522879 0,000641
извозчика 1,698970 0,000715
брошенный 1,698970 0,000715
муж 1,154902 0,000486
образованная 1,698970 0,000715
новгородка 1,698970 0,000715
писем 1,522879 0,000961
школьников 1,221849 0,000771
Учащиеся 1,698970 0,000715
Месопотамии 1,698970 0,001430
Александрии 1,698970 0,000715
Великого 1,397940 0,000588
Новгорода 1,397940 0,000882
образованию 1,698970 0,000715
тяготах 1,698970 0,000715
фараонов 1,698970 0,001072
называли 1,397940 0,000588
фараонами 1,698970 0,000715
Откуда 1,154902 0,000486
взялось 1,698970 0,000715
слово 0,886057 0,000373
фараон 1,698970 0,000715
оно 1,301030 0,000547
никогда 0,958607 0,000403
было 0,585027 0,000369
официальным 1,397940 0,000588
царским 1,698970 0,000715
титулом 1,698970 0,000715
звучал 1,698970 0,000715
Эпос 1,522879 0,000641
Гильгамеше 1,698970 0,000715
Специалист 1,397940 0,000588
раннеаккадской 1,698970 0,000715
читает 1,522879 0,000641
отрывок 1,522879 0,000641
аккадском 1,698970 0,000715
языке 0,886057 0,000559
приворожить 1,522879 0,000641
возлюбленного 1,698970 0,000715
шагов 1,522879 0,000641
успеху 1,698970 0,000715
взаимности 1,698970 0,000715
Египте 1,698970 0,000715
визитных 1,698970 0,000715
карточек 1,522879 0,000641
Крылатые 1,397940 0,000588
быки 1,698970 0,000715
зиккураты 1,698970 0,000715
ворота 1,698970 0,000715
богини 1,522879 0,000641
Иштар 1,698970 0,000715
памятники 1,397940 0,000588
пирамиды 1,397940 0,000588
говорят 1,000000 0,000421
смерти 0,744727 0,000313
бессмертии 1,698970 0,000715
Лувра 1,698970 0,000715
торговых 1,397940 0,000588
центров 1,522879 0,000641
вооружения 1,522879 0,000641
изобретения 1,698970 0,000715
повлиявшие 1,698970 0,000715
войн 1,397940 0,000588
Проклятие 1,301030 0,000547
мумии 1,698970 0,001072
возникла 1,698970 0,000715
египетская 1,698970 0,000715
готика 1,698970 0,000715
Сюжет 1,221849 0,000514
египетских 1,698970 0,000715
проклятиях 1,698970 0,000715
европейской 1,698970 0,000715
победить 1,154902 0,000486
болезнь 1,522879 0,000641
жителей 0,853872 0,000359
древнего 1,522879 0,000641
Хорезма 1,698970 0,000715
экспонатах 1,698970 0,000715
Музея 1,522879 0,000641
Востока 1,397940 0,000588
Гопатшах 1,698970 0,000715
зороастрий 1,698970 0,000715
ские 1,698970 0,000715
жрецы 1,698970 0,000715
вешали 1,698970 0,000715
крышки 1,698970 0,000715
стены 1,522879 0,000641
Хорезм 1,698970 0,000715
это 0,292430 0,000123
среднеазиатский 1,698970 0,000715
Голосование 1,221849 0,001028
маска 1,522879 0,000641
чехла 1,698970 0,000715
Выберите 1,000000 0,000842
предмет 1,522879 0,001282
запасников 1,698970 0,001430
ГМИИ 1,397940 0,001176
им 0,602060 0,000633
А 0,376751 0,000317
С 0,455932 0,000384
Пушкина 1,000000 0,000842
окажется 1,397940 0,001176
экспозиции 1,221849 0,001028
фрагменты 1,397940 0,000588
шумерской 1,698970 0,000715
статуи 1,698970 0,000715
плита 1,522879 0,000641
надписью 1,698970 0,000715
Ашшурнацирапала 1,698970 0,000715
Хотите 1,397940 0,000588
быть 0,431798 0,000182
всего 0,744727 0,000313
Подпишитесь 1,154902 0,000486
рассылку 1,000000 0,000631
вам 0,677781 0,000285
понравится 1,698970 0,000715
Мы 0,537602 0,000339
обещаем 1,698970 0,000715
писать 1,045757 0,000440
редко 1,522879 0,000641
делу 1,000000 0,000421
Спасибо 1,154902 0,000486
будем 1,221849 0,000514
держать 1,522879 0,000641
Введите 1,221849 0,001028
правильный 1,301030 0,001095
e 0,958607 0,001210
mail 0,721246 0,000910
Спецпроекты 0,657577 0,000277
Юрия 1,154902 0,000486
Лотмана 1,698970 0,000715
рассказывает 0,958607 0,000403
одного 0,795880 0,000670
главных 0,853872 0,000539
ученых 1,397940 0,000882
гуманитариев 1,698970 0,000715
публикует 1,698970 0,000715
ранее 1,221849 0,000514
выходившую 1,698970 0,000715
статью 1,301030 0,000547
также 0,494850 0,000416
знаменитый 1,301030 0,000547
цикл 1,301030 0,000547
Беседы 1,698970 0,000715
Волшебные 1,522879 0,000641
ключи 1,698970 0,000715
Какие 0,721246 0,000303
слова 1,096910 0,000462
открывают 1,698970 0,000715
каменную 1,698970 0,000715
дверь 1,698970 0,000715
сказать 1,154902 0,000486
пороге 1,522879 0,000641
чужого 1,698970 0,000715
дома 0,744727 0,000313
Новый 0,698970 0,000294
стоит 0,677781 0,000285
помнить 1,397940 0,000588
когда 0,585027 0,000246
пытаешься 1,698970 0,000715
проникнуть 1,698970 0,000715
сокровищницу 1,698970 0,000715
разбойников 1,522879 0,000641
Тест 0,886057 0,000373
шесть 1,045757 0,000440
рассказов 1,522879 0,000641
магических 1,698970 0,000715
паролях 1,698970 0,000715
Наука 0,638272 0,000269
смелость 1,698970 0,000715
Второй 1,045757 0,000440
сезон 0,853872 0,000359
Детский 1,096910 0,000923
подкаст 1,397940 0,000588
пришлось 1,221849 0,000514
пережить 1,522879 0,000641
ученым 1,698970 0,000715
прежде 1,096910 0,000462
признали 1,698970 0,000715
великими 1,698970 0,000715
Аудиоспектакль 1,698970 0,000715
Старший 1,397940 0,000588
Брат 1,397940 0,000588
смотрит 1,522879 0,000641
тебя 1,096910 0,000462
Аудиоверсия 1,698970 0,000715
самой 1,000000 0,000421
знаменитой 1,522879 0,000641
антиутопии 1,698970 0,000715
романа 1,096910 0,000462
Джорджа 1,397940 0,000588
Оруэлла 1,698970 0,000715
Павла 1,301030 0,000547
Грушко 1,698970 0,001072
поэта 1,154902 0,000729
переводчика 1,698970 0,000715
рассказанная 1,522879 0,000641
самим 1,698970 0,000715
Павел 0,853872 0,000359
голоде 1,698970 0,000715
Сталине 1,397940 0,000588
оттепели 1,698970 0,000715
Кубе 1,698970 0,000715
Федерико 1,522879 0,000641
Гарсиа 1,698970 0,000715
Лорке 1,698970 0,000715
Пабло 1,397940 0,000588
Неруде 1,698970 0,000715
других 0,795880 0,000335
испаноязычных 1,698970 0,000715
поэтах 1,698970 0,001072
игр 1,301030 0,000547
минут 0,920819 0,000581
Видеоликбез 1,698970 0,000715
шахмат 1,301030 0,000547
го 1,397940 0,000588
покемонов 1,698970 0,000715
видеоигр 1,301030 0,000547
Истории 0,853872 0,000539
городов 1,221849 0,000514
аудиокурс 1,698970 0,000715
антрополога 1,698970 0,000715
Стрепетова 1,698970 0,000715
Путеводитель 1,096910 0,000462
венгерскому 1,698970 0,000715
немых 1,698970 0,000715
фильмов 0,795880 0,000335
Дух 1,221849 0,000514
английской 1,522879 0,000961
литературы 0,920819 0,000581
Оцифрованный 1,698970 0,000715
архив 1,522879 0,000641
Натальи 1,301030 0,000547
Трауберг 1,698970 0,000715
словесности 1,698970 0,000715
комментариями 1,698970 0,001430
филолога 1,698970 0,000715
Эппле 1,698970 0,000715
Аудиогид 1,698970 0,000715
МЦД 1,522879 0,000641
коротких 1,522879 0,001282
историй 1,096910 0,000462
Одинцова 1,698970 0,000715
Лобни 1,698970 0,000715
Первые 1,096910 0,000462
советские 1,096910 0,000462
автогонки 1,698970 0,000715
потерянная 1,698970 0,000715
могила 1,698970 0,000715
Малевича 1,698970 0,000715
чудесное 1,698970 0,000715
возвращение 1,397940 0,000588
лобненских 1,698970 0,000715
чаек 1,698970 0,000715
неожиданные 1,698970 0,000715
связанные 1,397940 0,000588
со 0,387216 0,000244
станциями 1,698970 0,000715
Московских 1,698970 0,000715
центральных 1,698970 0,000715
диаметров 1,698970 0,000715
Советская 1,522879 0,000641
кибернетика 1,698970 0,000715
историях 1,698970 0,000715
картинках 1,522879 0,000641
новая 1,000000 0,000421
важной 1,522879 0,000641
частью 1,096910 0,000462
советской 1,221849 0,000514
Игра 1,045757 0,000660
нарядите 1,698970 0,000715
елку 1,522879 0,000641
Развесьте 1,698970 0,000715
игрушки 1,522879 0,000641
двух 0,886057 0,000559
елках 1,698970 0,000715
разного 1,301030 0,000547
времени 0,721246 0,000303
узнайте 1,522879 0,000641
экономика 1,522879 0,000641
Объясняем 1,301030 0,000547
бургерах 1,698970 0,000715
курс 0,920819 0,000387
Григория 1,522879 0,000641
Баженова 1,698970 0,000715
Всем 1,522879 0,000641
гусьгусь 1,698970 0,000715
запустили 1,397940 0,000588
детское 1,698970 0,000715
приложение 0,920819 0,000387
лекциями 1,698970 0,000715
подкастами 1,698970 0,000715
сказками 1,698970 0,000715
Нижний 0,853872 0,000359
Новгород 0,886057 0,000373
Курс 0,886057 0,000373
Нижнего 1,221849 0,000514
подробный 1,698970 0,000715
самым 0,920819 0,000387
интересным 1,397940 0,000588
местам 1,522879 0,000641
области 0,721246 0,000303
устроен 1,698970 0,001072
балет 1,397940 0,000588
создании 1,522879 0,000641
балета 1,154902 0,000729
рассказывают 1,397940 0,000882
хореограф 1,698970 0,000715
сценограф 1,698970 0,000715
художники 1,154902 0,000729
солистка 1,397940 0,000588
авторы 1,000000 0,000421
Шахерезады 1,698970 0,000715
Римского 1,522879 0,000641
Корсакова 1,522879 0,000641
Пермском 1,522879 0,000641
театре 1,045757 0,000440
оперы 1,221849 0,000514
Железные 1,698970 0,000715
Великую 1,698970 0,000715
Отечественную 1,698970 0,000715
войну 1,301030 0,000547
Аудиоматериалы 1,698970 0,000715
основе 0,958607 0,000403
дневников 1,698970 0,000715
интервью 0,823909 0,000520
очевидцев 1,522879 0,000641
c 0,920819 0,000387
Война 0,920819 0,000387
Невоенное 1,698970 0,000715
Отечественной 1,154902 0,000486
войне 1,096910 0,000462
повесть 1,522879 0,000641
Турдейская 1,698970 0,000715
Манон 1,698970 0,000715
Леско 1,698970 0,000715
санитарном 1,698970 0,000715
поезде 1,154902 0,000486
прочитанная 1,698970 0,000715
Наумом 1,698970 0,000715
Клейманом 1,698970 0,000715
фотохроника 1,698970 0,000715
солдатской 1,698970 0,000715
боями 1,698970 0,000715
песен 1,221849 0,000514
военных 0,795880 0,000335
лет 0,366532 0,000231
Фландрия 1,698970 0,000715
музеи 1,301030 0,000547
Представительство 1,698970 0,001072
Фландрии 1,698970 0,000715
видеоэкскурсии 1,698970 0,000715
лучшим 1,301030 0,000547
музеям 1,522879 0,000641
Бельгии 1,698970 0,000715
разборы 1,698970 0,000715
картин 1,154902 0,000486
фламандских 1,698970 0,000715
гениев 1,698970 0,000715
первое 0,886057 0,000373
знакомство 1,522879 0,000641
именами 1,698970 0,000715
местами 1,397940 0,000588
заслуживают 1,698970 0,000715
чтобы 0,481486 0,000608
знали 1,522879 0,000641
все 0,292430 0,000246
центр 0,638272 0,000269
толерантности 1,698970 0,000715
лучших 1,096910 0,000692
российских 0,468521 0,000197
музеев 1,096910 0,000462
культура 1,221849 0,000514
еврейского 1,698970 0,000715
народа 1,221849 0,000514
видеороликах 1,698970 0,000715
артефактах 1,698970 0,000715
рассказах 1,698970 0,000715
Музыка 0,795880 0,000335
затерянных 1,698970 0,000715
храмах 1,698970 0,000715
Тверскую 1,698970 0,000715
область 1,045757 0,000440
Подкаст 1,397940 0,000588
Перемотка 1,698970 0,000715
основанные 1,698970 0,000715
старых 1,301030 0,000547
записях 1,698970 0,000715
семейных 1,522879 0,000641
архивов 1,698970 0,001072
аудиодневниках 1,698970 0,000715
звуковых 1,698970 0,000715
посланиях 1,698970 0,000715
или 0,301030 0,000127
разговорах 1,698970 0,001072
близкими 1,522879 0,000641
сохранились 1,698970 0,000715
только 0,309804 0,000130
пленке 1,698970 0,000715
диване 1,522879 0,000641
Новогодний 1,522879 0,000641
марафон 1,397940 0,000588
ролики 1,698970 0,000715
сотрудников 1,397940 0,000588
оркестр 1,698970 0,000715
Рассказываем 1,154902 0,000486
помощью 0,769551 0,000324
оркестра 1,522879 0,000641
musicAeterna 1,698970 0,000715
Шестой 1,522879 0,000641
симфонии 1,698970 0,000715
Малера 1,698970 0,000715
Британская 1,301030 0,000547
музыка 1,045757 0,000660
хора 1,522879 0,000641
хардкора 1,698970 0,000715
главные 0,823909 0,000347
жанры 1,397940 0,000588
понятия 1,522879 0,000641
имена 1,301030 0,000547
британской 1,698970 0,000715
музыки 1,221849 0,000514
объяснениях 1,698970 0,000715
плейлистах 1,698970 0,000715
Марсель 1,522879 0,000641
Бротарс 1,698970 0,000715
концептуалиста 1,698970 0,000715
надгробию 1,698970 0,000715
значат 1,698970 0,000715
мидии 1,698970 0,000715
скорлупа 1,698970 0,000715
пальмы 1,522879 0,000641
творчестве 1,221849 0,000514
бельгийского 1,698970 0,000715
художника 1,045757 0,000440
фильмах 1,522879 0,000641
галереях 1,522879 0,000641
подкасте 1,698970 0,000715
Семь 1,096910 0,000462
эпох 1,698970 0,000715
роликах 1,698970 0,000715
Шесть 1,301030 0,000547
курсов 1,698970 0,000715
писателях 1,698970 0,000715
любой 0,853872 0,000359
вкус 1,522879 0,000641
хрестоматии 1,698970 0,000715
словари 1,698970 0,000715
самоучители 1,698970 0,000715
тесты 1,301030 0,000547
игры 1,000000 0,000842
провести 1,096910 0,000462
время 0,366532 0,000154
детьми 1,096910 0,000462
всем 0,853872 0,000359
полезно 1,698970 0,000715
интересно 1,397940 0,000588
мультфильмы 1,522879 0,000641
отобранные 1,698970 0,000715
экспертами 1,301030 0,000547
Аудиоархив 1,698970 0,000715
Анри 1,522879 0,000641
Волохонского 1,698970 0,000715
Коллекция 1,221849 0,000514
записей 1,522879 0,000641
стихов 1,301030 0,000547
прозы 1,301030 0,000547
воспоминаний 1,698970 0,000715
самых 0,585027 0,000246
легендарных 1,522879 0,000961
поэтов 1,301030 0,000547
ленинградского 1,698970 0,000715
андеграунда 1,698970 0,000715
начала 0,769551 0,000324
годов 1,045757 0,000440
Суперкурс 1,698970 0,000715
университета 1,301030 0,000547
отечественной 1,397940 0,000588
варягов 1,698970 0,000715
рок 1,397940 0,000588
концертов 1,221849 0,000514
Старославянский 1,698970 0,000715
сленг 1,397940 0,000588
оканье 1,698970 0,000715
мат 1,522879 0,000641
Мефодий 1,698970 0,000715
Розенталь 1,698970 0,000715
видео 0,568636 0,000479
подкастах 1,698970 0,000715
методическими 1,698970 0,000715
учителей 1,397940 0,000588
Университет 1,698970 0,000715
лекциях 1,698970 0,001787
китайской 1,522879 0,000641
поэзии 1,221849 0,000514
Французской 1,698970 0,000715
шпаргалках 1,698970 0,001072
играх 1,522879 0,000961
странных 1,301030 0,000547
Каникулы 1,698970 0,000715
Новогодняя 1,698970 0,000715
редакции 0,481486 0,000203
лучшие 0,886057 0,000373
проводим 1,698970 0,000715
каникулы 1,301030 0,000547
вместе 0,769551 0,000324
Дягилева 1,522879 0,000641
Павленского 1,698970 0,000715
должен 0,886057 0,000373
каждый 0,823909 0,000520
разложено 1,522879 0,000641
полочкам 1,397940 0,000588
Европейский 1,301030 0,000547
Санкт 0,795880 0,000335
Петербурге 1,045757 0,000440
Один 0,853872 0,000359
вузов 1,698970 0,000715
открывает 1,154902 0,000486
представительство 1,698970 0,000715
желающих 1,698970 0,000715
Пушкинский 1,301030 0,000547
старыми 1,698970 0,000715
мастерами 1,698970 0,000715
разбор 1,397940 0,000588
импрессионистов 1,397940 0,000588
состязание 1,698970 0,000715
древностей 1,698970 0,000715
Стикеры 1,522879 0,000961
Картинки 1,397940 0,000588
чатов 1,698970 0,000715
проверенные 1,522879 0,000641
веками 1,522879 0,000641
Арзамасу 1,698970 0,000715
дружеское 1,698970 0,000715
общество 0,958607 0,000403
литераторов 1,522879 0,000641
навсегда 1,000000 0,000421
изменило 1,698970 0,000715
культуру 1,301030 0,000547
курсах 1,522879 0,000641
события 0,795880 0,000335
факты 1,221849 0,000514
цитаты 1,154902 0,000486
Август 1,397940 0,000588
Лучшие 0,823909 0,000347
шпаргалки 1,698970 0,000715
то 0,537602 0,000226
еще 0,408935 0,000172
никто 1,096910 0,000462
видел 1,698970 0,000715
Идеальный 1,301030 0,000547
телевизор 1,698970 0,000715
Лекции 1,522879 0,000641
монологи 1,522879 0,000641
воспоминания 1,522879 0,000641
замечательных 1,698970 0,000715
классика 1,301030 0,000547
Начало 1,045757 0,000440
Четыре 1,154902 0,000486
московских 1,221849 0,000514
учителя 1,221849 0,000514
своих 0,657577 0,000277
любимых 1,045757 0,000440
произведениях 1,698970 0,000715
школьной 1,397940 0,000588
Подписка 0,853872 0,000539
еженедельную 1,698970 0,000715
Оставьте 1,522879 0,000961
ваш 0,853872 0,000539
получать 0,886057 0,000559
наши 1,045757 0,000660
новости 0,420216 0,000265
проекте 0,657577 0,000277
Лекторы 1,698970 0,000715
Команда 1,096910 0,000462
Лицензия 1,698970 0,000715
Политика 0,443697 0,000187
конфиденциальности 0,744727 0,000313
Обратная 0,585027 0,000246
связь 0,552842 0,000233
ArzamasГусьгусь 1,698970 0,000715
Одноклассники 0,823909 0,000347
YouTube 0,823909 0,000347
Подкасты 0,744727 0,000313
Twitter 0,853872 0,000359
Telegram 0,769551 0,000324
RSS 0,853872 0,000359
ответах 1,522879 0,000641
экспертов 1,096910 0,000462
новые 0,508638 0,000214
знания 1,522879 0,000641
день 0,585027 0,000246
права 0,431798 0,000182
защищены 0,602060 0,000253
потерять 1,698970 0,000715
подписку 1,301030 0,000547
ухода 1,221849 0,000514
Visa 1,397940 0,000588
Mastercard 1,397940 0,000588
здесь 0,744727 0,000313
