Яндекс 0,638272 0,047279
Музыка 0,795880 0,044216
Ваш 1,096910 0,040626
браузер 1,221849 0,045254
устарел 1,522879 0,056403
Поэтому 1,522879 0,056403
в 0,070581 0,002614
нем 0,958607 0,035504
не 0,142668 0,005284
открывается 1,397940 0,051776
Обновитесь 1,698970 0,062925
или 0,301030 0,011149
установите 1,698970 0,062925
Браузер 1,698970 0,094387
Установить 1,397940 0,051776
Чтобы 0,795880 0,029477
слушать 1,045757 0,038732
музыку 1,397940 0,051776
когда 0,585027 0,021668
и 0,075721 0,002804
где 0,537602 0,019911
угодно 1,301030 0,048186
загрузите 1,698970 0,062925
приложение 0,920819 0,034104
Музыки 1,522879 0,056403
