Автоновости 1,301030 0,001056
дня 0,494850 0,001205
авто 1,096910 0,002671
журнал 1,221849 0,001984
Авто 0,853872 0,004158
Взгляд 1,397940 0,006808
MK 1,522879 0,002472
RU 0,886057 0,001438
МК 1,522879 0,002472
ТВ 0,657577 0,001067
Охотники 1,397940 0,002269
ру 0,886057 0,001438
WomanHit 1,522879 0,002472
ru 0,187087 0,000607
Войти 0,508638 0,000826
Видео 0,431798 0,001051
Фото 0,886057 0,002158
Опросы 1,221849 0,001984
Подкасты 0,744727 0,001813
Автомобили 1,522879 0,019778
Тест 0,886057 0,002877
драйв 1,221849 0,005951
Автопром 1,698970 0,016548
Прайс 1,698970 0,002758
лист 1,522879 0,002472
Технологии 0,958607 0,001556
Кроссоверы 1,522879 0,003708
ГАИ 1,698970 0,006895
Угоны 1,522879 0,002472
Коррупция 1,522879 0,002472
ПДД 1,301030 0,004224
Общество 0,638272 0,005699
Дороги 1,698970 0,004137
Страхование 1,698970 0,002758
и 0,075721 0,000615
налоги 1,522879 0,002472
Социум 1,698970 0,012411
Прилавок 1,698970 0,005516
Гаджеты 1,301030 0,002112
Автохимия 1,698970 0,002758
Шины 1,397940 0,003404
диски 1,522879 0,002472
Запчасти 1,698970 0,002758
Фан 1,522879 0,004944
зона 1,522879 0,004944
Эволюция 1,698970 0,002758
Староход 1,698970 0,002758
Автосалоны 1,522879 0,002472
Путешествия 1,154902 0,001875
Спорт 0,537602 0,000873
Категория 1,522879 0,004944
А 0,376751 0,000917
Мотоциклы 1,698970 0,002758
Квадроциклы 1,698970 0,002758
Снегоходы 1,698970 0,002758
Лайфхак 1,698970 0,011032
Эксплуатация 1,698970 0,009653
Вождение 1,698970 0,002758
Купи 1,698970 0,002758
продай 1,698970 0,002758
Спецпроекты 0,657577 0,001067
ГАИОбщество 1,698970 0,002758
АЛайфхак 1,698970 0,002758
Все 0,148742 0,000362
марки 1,045757 0,001698
Премиум 1,522879 0,003708
который 0,508638 0,001239
мы 0,468521 0,001141
заслужили 1,698970 0,004137
видео 0,568636 0,001385
тест 0,958607 0,002334
новейшего 1,698970 0,004137
кроссовера 1,221849 0,002975
Exeed 1,522879 0,003708
LX 1,522879 0,003708
Выясняем 1,698970 0,002758
за 0,180456 0,000879
что 0,187087 0,000456
китайцы 1,698970 0,002758
просят 1,301030 0,002112
рублей 0,585027 0,001425
новейших 1,522879 0,003708
китайских 1,522879 0,004944
кроссоверов 1,522879 0,003708
для 0,119186 0,000580
России 0,251812 0,003270
Новинки 0,853872 0,002079
которые 0,431798 0,001402
взорвут 1,698970 0,004137
авторынок 1,698970 0,004137
В 0,167491 0,000408
начали 0,958607 0,003112
дешеветь 1,397940 0,002269
новые 0,508638 0,000826
автомобили 1,045757 0,003395
Официальные 1,522879 0,002472
данные 0,721246 0,001756
Росстата 1,698970 0,002758
Обновленный 1,698970 0,002758
Hyundai 1,301030 0,002112
Palisade 1,522879 0,002472
станет 0,920819 0,002242
квадратным 1,522879 0,002472
но 0,481486 0,000782
солидным 1,698970 0,002758
Большой 1,045757 0,001698
SUV 1,698970 0,004137
удивит 1,522879 0,002472
сменой 1,522879 0,002472
имиджа 1,698970 0,002758
На 0,283997 0,001153
LADA 1,301030 0,002112
Largus 1,397940 0,002269
Cross 1,397940 0,002269
устанавливать 1,698970 0,002758
новый 0,552842 0,001346
старый 1,698970 0,002758
мотор 1,397940 0,002269
Кросс 1,301030 0,002112
универсал 1,522879 0,002472
разжился 1,698970 0,002758
свежей 1,698970 0,002758
версией 1,397940 0,002269
ГИБДД 1,221849 0,003967
превращает 1,522879 0,003708
уставших 1,698970 0,004137
водителей 1,045757 0,002546
в 0,070581 0,001031
пьяных 1,522879 0,003708
Столичная 1,522879 0,003708
Госавтоинспекция 1,522879 0,003708
распространила 1,698970 0,004137
новое 1,096910 0,002671
сообщение 1,045757 0,002546
Вопреки 1,698970 0,004137
заверениям 1,698970 0,002758
властей 1,522879 0,002472
Москве 0,455932 0,000740
появятся 1,397940 0,004539
платные 1,522879 0,002472
дороги 1,096910 0,001781
От 0,795880 0,001292
обхода 1,522879 0,002472
Одинцово 1,522879 0,002472
до 0,244125 0,000594
Москва 0,508638 0,000826
Сити 1,221849 0,001984
минут 0,920819 0,001495
Смерть 1,000000 0,001623
зеленым 1,522879 0,002472
крокодилам 1,698970 0,002758
MAN 1,698970 0,002758
остановил 1,522879 0,002472
поставку 1,301030 0,002112
шасси 1,698970 0,002758
столичных 1,698970 0,002758
эвакуаторов 1,698970 0,002758
За 0,568636 0,000923
санкции 0,744727 0,001209
ответит 1,221849 0,001984
российский 0,886057 0,001438
автопром 1,397940 0,002269
Производство 1,522879 0,002472
бензина 1,397940 0,002269
может 0,397940 0,001615
полностью 0,795880 0,001292
остановиться 1,397940 0,002269
из 0,167491 0,000816
санкций 0,677781 0,001100
Нефтяники 1,698970 0,002758
предупредили 1,096910 0,001781
о 0,136677 0,000222
неожиданном 1,698970 0,002758
эффекте 1,698970 0,002758
от 0,193820 0,000787
западных 1,301030 0,002112
рестрикций 1,698970 0,002758
Эксперты 1,096910 0,003561
рассказали 0,744727 0,001813
когда 0,585027 0,001425
на 0,075721 0,001168
полках 1,522879 0,003708
российских 0,468521 0,001521
автомагазинов 1,698970 0,004137
закончатся 1,698970 0,004137
шины 1,301030 0,003168
Стоит 1,301030 0,003168
ли 0,397940 0,001292
поддаваться 1,698970 0,004137
панике 1,698970 0,004137
скупая 1,698970 0,004137
резину 1,698970 0,004137
Новости 0,221849 0,000540
Названы 1,301030 0,002112
регионы 1,397940 0,002269
лидируют 1,698970 0,002758
по 0,124939 0,000304
количеству 1,698970 0,002758
ДТП 1,301030 0,002112
Volkswagen 1,397940 0,003404
подорожали 1,522879 0,002472
Nissan 1,397940 0,002269
вложит 1,698970 0,002758
миллионы 1,221849 0,001984
долларов 1,096910 0,001781
укрепления 1,221849 0,001984
рыночных 1,522879 0,002472
позиций 1,397940 0,002269
Китайцы 1,698970 0,002758
научат 1,522879 0,002472
дорожников 1,698970 0,002758
строить 1,397940 0,002269
трассы 1,522879 0,002472
отходов 1,522879 0,002472
Дует 1,698970 0,004137
не 0,142668 0,000579
значит 1,154902 0,002812
холодит 1,698970 0,004137
как 0,251812 0,000818
проверить 1,045757 0,002546
кондиционер 1,522879 0,003708
при 0,468521 0,002662
покупке 1,154902 0,002812
подержанного 1,698970 0,005516
автомобиля 1,000000 0,003247
Климатические 1,698970 0,004137
хитрости 1,397940 0,003404
самых 0,585027 0,001425
актуальных 1,397940 0,002269
автовладельцев 1,698970 0,002758
изменений 1,397940 0,002269
законах 1,698970 0,002758
предложенных 1,698970 0,002758
Владимиром 0,677781 0,001100
Жириновским 0,585027 0,000950
Водители 1,698970 0,002758
скажут 1,698970 0,002758
спасибо 1,301030 0,002112
каких 1,000000 0,002435
автомобилях 1,397940 0,003404
любил 1,096910 0,002671
ездить 1,301030 0,006336
лидер 1,096910 0,002671
ЛДПР 0,744727 0,001813
Владимир 0,431798 0,001051
Жириновский 0,677781 0,001650
коллекцию 1,301030 0,002112
самого 1,045757 0,001698
харизматичного 1,698970 0,002758
политика 0,920819 0,001495
страны 0,638272 0,001036
Сомнительный 1,698970 0,005516
отдых 1,301030 0,004224
причин 1,154902 0,003750
отказаться 1,301030 0,004224
поездки 1,301030 0,004224
Крым 1,154902 0,003750
автомобиле 1,698970 0,006895
Чем 0,920819 0,002242
разочаровать 1,698970 0,004137
отпуск 1,221849 0,002975
полуострове 1,698970 0,004137
Почему 0,522879 0,001273
опасно 1,301030 0,002112
покупать 0,886057 0,001438
машину 1,000000 0,001623
оклеенную 1,698970 0,002758
пленкой 1,698970 0,002758
обратить 1,522879 0,002472
внимание 0,853872 0,001386
осмотре 1,698970 0,002758
Чего 1,522879 0,004944
категорически 1,698970 0,005516
нельзя 0,853872 0,002772
позволять 1,698970 0,005516
шиномонтажникам 1,698970 0,005516
смене 1,698970 0,005516
колес 1,522879 0,004944
Невнимательность 1,698970 0,002758
владельца 1,522879 0,002472
стоить 1,397940 0,002269
ему 0,853872 0,001386
денег 1,096910 0,002671
кризису 1,698970 0,002758
ТОП 0,958607 0,001556
популярных 1,096910 0,001781
марок 1,522879 0,002472
Как 0,301030 0,000733
поднебесные 1,698970 0,002758
производители 1,397940 0,002269
чувствуют 1,698970 0,002758
себя 0,552842 0,000897
разгар 1,397940 0,002269
украинского 1,096910 0,001781
конфликта 1,522879 0,002472
Из 0,698970 0,001135
спецоперации 0,744727 0,002418
Украине 0,537602 0,001745
АВТОВАЗ 1,522879 0,002472
потерял 1,522879 0,003708
больше 0,638272 0,001036
половины 1,397940 0,002269
своих 0,657577 0,001067
покупателей 1,522879 0,002472
Продажи 1,397940 0,002269
автомобилей 1,000000 0,001623
рухнули 1,698970 0,002758
ниже 0,920819 0,001495
некуда 1,698970 0,002758
Назло 1,522879 0,002472
UAZ 1,698970 0,002758
Patriot 1,698970 0,002758
выпускать 1,397940 0,002269
внедорожник 1,522879 0,002472
Haval 1,522879 0,002472
Dargo 1,698970 0,002758
Встречаем 1,698970 0,002758
китайский 1,522879 0,002472
одежке 1,698970 0,002758
Lexus 1,397940 0,002269
выпустит 1,522879 0,002472
кроссовер 1,221849 0,001984
RZ 1,698970 0,002758
со 0,387216 0,000629
штурвалом 1,698970 0,002758
вместо 0,744727 0,001209
руля 1,698970 0,002758
Вместо 1,397940 0,002269
Volvo 1,301030 0,002112
Caterpillar 1,698970 0,002758
построили 1,698970 0,002758
огромный 1,301030 0,002112
грузовой 1,698970 0,002758
капотник 1,698970 0,002758
решил 1,000000 0,001623
убрать 1,397940 0,002269
продуктовой 1,698970 0,002758
линейки 1,522879 0,002472
с 0,102373 0,000166
десяток 1,698970 0,002758
моделей 1,221849 0,001984
Крутой 1,698970 0,002758
Mercedes 1,301030 0,002112
AMG 1,698970 0,002758
SL 1,698970 0,002758
оснастили 1,698970 0,002758
литровым 1,698970 0,002758
пакетом 1,698970 0,002758
сока 1,698970 0,002758
Показать 0,886057 0,001438
еще 0,408935 0,000664
Опрос 1,397940 0,002269
Пересядете 1,698970 0,002758
вы 0,420216 0,000682
общественный 1,522879 0,002472
транспорт 1,397940 0,002269
дефицита 1,397940 0,003404
резкого 1,698970 0,002758
подорожания 1,698970 0,002758
автозапчастей 1,698970 0,002758
Нет 0,886057 0,001438
буду 1,301030 0,003168
последней 1,397940 0,002269
возможности 1,000000 0,001623
Да 0,823909 0,001338
автобусах 1,698970 0,002758
метро 1,096910 0,001781
нет 0,619789 0,001006
даже 0,619789 0,001509
бензин 1,301030 0,002112
Буду 1,698970 0,002758
своем 0,823909 0,001338
очень 0,657577 0,001067
редко 1,522879 0,002472
аккуратно 1,522879 0,002472
Я 0,508638 0,000826
вообще 1,221849 0,001984
никуда 1,698970 0,002758
езжу 1,698970 0,002758
так 0,522879 0,000849
работу 0,823909 0,001338
Голосовать 1,698970 0,002758
Самое 1,000000 0,001623
популярное 1,698970 0,002758
Антисанкции 1,698970 0,002758
против 0,387216 0,000629
почему 0,494850 0,000803
резко 1,096910 0,001781
подешевели 1,522879 0,002472
автозапчасти 1,698970 0,002758
Прощай 1,397940 0,002269
экология 1,522879 0,002472
чудодейственный 1,698970 0,002758
способ 1,045757 0,001698
завалить 1,698970 0,002758
Россию 0,568636 0,000923
дешевыми 1,698970 0,002758
иномарками 1,698970 0,002758
импортное 1,698970 0,002758
моторное 1,698970 0,002758
масло 1,221849 0,001984
исчезнет 1,522879 0,002472
дешевле 1,301030 0,002112
Какие 0,721246 0,001756
дешевые 1,522879 0,003708
благодаря 0,853872 0,002079
Юридическая 1,221849 0,001984
консультация 1,397940 0,002269
Антон 0,958607 0,001556
Недзвецкий 1,698970 0,002758
Президент 1,000000 0,002435
Общества 1,698970 0,002758
потребителей 1,397940 0,002269
автотехники 1,698970 0,002758
Алексей 0,602060 0,000977
Реут 1,698970 0,002758
Член 1,301030 0,002112
Межреспубликанской 1,698970 0,002758
коллегии 1,698970 0,002758
адвокатов 1,698970 0,002758
Виктор 0,795880 0,001292
Травин 1,698970 0,002758
Коллегии 1,698970 0,002758
правовой 1,522879 0,002472
защиты 1,154902 0,001875
Задать 1,522879 0,002472
вопрос 0,698970 0,001135
Актуально 1,698970 0,002758
быстро 1,221849 0,001984
недорого 1,522879 0,002472
узнать 1,154902 0,001875
биографию 1,698970 0,002758
перед 0,920819 0,001495
его 0,376751 0,000612
покупкой 1,522879 0,002472
готовые 1,522879 0,002472
к 0,207608 0,000337
любым 1,698970 0,002758
поворотам 1,698970 0,002758
Goodyear 1,698970 0,002758
Eagle 1,698970 0,002758
F 1,154902 0,001875
Asymmetric 1,698970 0,002758
могут 0,522879 0,000849
появиться 1,397940 0,002269
камеры 1,397940 0,002269
штрафующие 1,698970 0,002758
пешеходов 1,698970 0,002758
статьи 0,958607 0,001556
Контакты 0,455932 0,000740
выходные 1,301030 0,002112
Copyright 1,154902 0,001875
все 0,292430 0,000475
автоновости 1,522879 0,002472
info 0,886057 0,001438
avtovzglyad 1,698970 0,002758
Реклама 0,387216 0,000629
сайте 0,431798 0,000701
sales 1,397940 0,002269
mk 1,522879 0,002472
