Артефакт 1,698970 0,012679
гид 1,698970 0,025358
по 0,124939 0,001865
музеям 1,522879 0,022730
России 0,251812 0,005638
Artefact 1,698970 0,025358
цифровая 1,698970 0,025358
платформа 1,397940 0,020865
интерактивных 1,698970 0,025358
гидов 1,698970 0,025358
с 0,102373 0,001528
технологией 1,698970 0,025358
дополнительной 1,522879 0,022730
реальности 1,154902 0,017237
Нацпроект 1,301030 0,029128
Минкультуры 1,397940 0,020865
Switch 1,522879 0,022730
to 0,886057 0,013225
English 1,154902 0,017237
Культура 0,638272 0,023816
Присоединиться 1,698970 0,025358
к 0,207608 0,003099
проекту 1,522879 0,022730
Вход 0,657577 0,009815
для 0,119186 0,001779
музеев 1,096910 0,016372
Музеи 1,301030 0,029128
Выставки 1,045757 0,023412
Подборки 0,795880 0,017818
О 0,207608 0,009296
проекте 0,657577 0,029444
Пользователям 1,397940 0,031297
Где 0,958607 0,021461
посмотреть 1,000000 0,022388
Музеям 1,522879 0,034094
Национальный 1,221849 0,027355
проект 0,744727 0,022231
Регистрация 0,657577 0,019629
Техническая 1,221849 0,027355
поддержка 1,045757 0,023412
Поиск 0,619789 0,009251
Найти 0,853872 0,012744
Нац 1,698970 0,025358
музея 1,221849 0,018237
Войти 0,508638 0,007592
Технология 1,522879 0,022730
Музей 1,154902 0,017237
дома 0,744727 0,011115
Как 0,301030 0,004493
работает 0,657577 0,009815
дополненная 1,698970 0,025358
реальность 1,000000 0,014925
в 0,070581 0,001053
музее 1,154902 0,017237
