Изба 1,698970 0,002771
Читальня 1,698970 0,003078
литературная 1,522879 0,000552
социальная 1,522879 0,001104
сеть 1,154902 0,000837
публикация 1,397940 0,000507
своих 0,657577 0,000357
стихов 1,301030 0,001886
песен 1,221849 0,001550
и 0,075721 0,001070
прозы 1,301030 0,001179
отзывы 1,221849 0,000886
к 0,207608 0,000602
книгам 1,522879 0,001656
Стихи 1,096910 0,004770
за 0,180456 0,000556
сегодня 0,677781 0,001105
Все 0,148742 0,000485
стихи 1,301030 0,008015
Акростихи 1,698970 0,000924
Афоризмы 1,522879 0,000552
Баллады 1,698970 0,001539
Басни 1,397940 0,000507
Белый 1,397940 0,000760
вольный 1,698970 0,000616
стих 1,698970 0,005541
Верлибр 1,698970 0,000616
Декадентская 1,698970 0,000616
поэзия 1,397940 0,001013
Драмы 1,698970 0,000616
в 0,070581 0,000486
стихах 1,397940 0,000760
Иронические 1,698970 0,001847
Исторические 1,301030 0,000943
Лирика 1,698970 0,015084
городская 1,301030 0,000707
гражданская 1,698970 0,005233
любовная 1,698970 0,003386
пейзажная 1,698970 0,001231
религиозная 1,698970 0,001847
философская 1,698970 0,004002
Матерные 1,522879 0,000552
Мир 0,698970 0,002913
души 0,958607 0,003995
Мистическая 1,698970 0,000616
Подражания 1,522879 0,000552
пародии 1,522879 0,000552
Поэмы 1,698970 0,000616
циклы 1,522879 0,000552
Поэтические 1,698970 0,001231
манифесты 1,698970 0,000616
переводы 1,698970 0,000924
Прозаические 1,698970 0,000616
миниатюры 1,698970 0,000616
Сатирические 1,698970 0,000616
прозе 1,698970 0,000616
для 0,119186 0,000173
детей 0,431798 0,000235
известных 1,096910 0,000398
поэтов 1,301030 0,001650
на 0,075721 0,000576
иностранных 0,886057 0,000321
языках 1,397940 0,000507
о 0,136677 0,000297
войне 1,096910 0,000994
с 0,102373 0,000445
видео 0,568636 0,000618
авторские 1,221849 0,000664
не 0,142668 0,000595
вошедшие 1,698970 0,002771
рубрики 1,221849 0,001993
Твердые 1,698970 0,000924
формы 1,698970 0,001231
Художественное 1,698970 0,000924
чтение 1,301030 0,000707
Частушки 1,698970 0,000616
Шуточные 1,698970 0,000924
Эзотерические 1,698970 0,000616
Экспериментальная 1,698970 0,000924
Эпиграммы 1,698970 0,000616
Эротические 1,698970 0,000616
Юмористические 1,698970 0,000616
Проза 1,397940 0,001266
Вся 0,886057 0,000482
проза 1,221849 0,001107
Антиутопия 1,522879 0,000828
Байки 1,397940 0,000507
Быль 1,698970 0,000616
Детектив 1,221849 0,000664
Детская 1,221849 0,000443
литература 1,000000 0,001450
Другое 1,301030 0,001650
Исторический 1,301030 0,000471
роман 0,920819 0,000501
История 0,494850 0,000179
Киберпанк 1,698970 0,000616
Контркультура 1,698970 0,000616
Любовная 1,522879 0,000552
Мемуары 1,522879 0,000552
Миниатюра 1,522879 0,003035
Мистика 1,301030 0,000471
Новеллы 1,698970 0,000616
Остросюжетная 1,698970 0,000616
Очерк 1,698970 0,000616
Письмо 1,301030 0,000943
Повесть 1,221849 0,001107
Поэма 1,522879 0,000552
Приключения 1,221849 0,000443
Психоделическая 1,698970 0,000616
Психологический 1,698970 0,000616
Психология 1,000000 0,000544
Пьеса 1,698970 0,000616
Рассказ 1,301030 0,002829
Роман 0,795880 0,000288
Сатира 1,698970 0,000924
Сказка 1,301030 0,000943
Статья 1,698970 0,002771
Триллер 1,221849 0,000443
Ужасы 1,221849 0,000443
Утопия 1,698970 0,000616
Фантастика 1,096910 0,000596
Фанфики 1,522879 0,000552
Фельетон 1,698970 0,000616
Фэнтези 1,221849 0,000886
Художественные 1,698970 0,000616
Школьная 1,698970 0,000616
Эзотерика 1,522879 0,000552
Эпос 1,522879 0,000552
Эротика 1,397940 0,000507
Эссе 1,698970 0,000924
Юмор 1,301030 0,000707
произведения 0,823909 0,001344
Анекдот 1,698970 0,000924
Афоризм 1,698970 0,000924
Декламация 1,698970 0,000616
Драматургия 1,522879 0,000552
Интервью 0,638272 0,000463
Комикс 1,522879 0,000828
Критика 1,522879 0,000552
Легенда 1,301030 0,000471
Литературная 1,301030 0,000943
критика 1,397940 0,000760
Литературоведение 1,698970 0,000616
Научная 1,301030 0,000471
Политика 0,443697 0,000402
Публицистика 1,397940 0,003546
Репортаж 1,698970 0,000616
Сценарий 1,522879 0,000552
Техническая 1,221849 0,000443
Тосты 1,698970 0,000616
Философия 1,397940 0,000507
Отзывы 1,301030 0,002593
рецензии 1,221849 0,000664
произведениям 1,522879 0,000828
Рецензии 0,920819 0,000501
песни 1,221849 0,001771
прозу 1,522879 0,001380
книги 0,744727 0,000540
России 0,251812 0,000319
мира 0,537602 0,000390
авторы 1,000000 0,001450
ТОП 0,958607 0,001911
Авторы 0,958607 0,001042
месяца 0,920819 0,000501
авторами 1,397940 0,000760
Избы 1,698970 0,002463
Читальни 1,698970 0,002155
бардов 1,698970 0,001539
Рекомендованные 1,698970 0,000616
прозаиков 1,698970 0,001231
Молодые 1,698970 0,000924
перспективные 1,698970 0,000924
Популярные 0,853872 0,000309
Страницы 1,698970 0,000924
памяти 1,221849 0,000664
Сегодня 0,677781 0,000368
День 0,795880 0,001154
Рождения 1,522879 0,001380
у 0,387216 0,000421
авторов 0,920819 0,001001
Редакторские 1,698970 0,001847
анонсы 1,522879 0,001656
Видео 0,431798 0,000704
Плэйкасты 1,698970 0,000616
Фонд 1,301030 0,000471
Игоря 1,397940 0,000507
Царева 1,698970 0,000616
Фотоальбомы 1,698970 0,000616
Вечерние 1,698970 0,000616
Избой 1,698970 0,000616
Читальней 1,698970 0,000616
Блоги 1,096910 0,000398
дневники 1,522879 0,000552
Музыкальный 1,397940 0,000507
Чемодан 1,698970 0,000616
Новости 0,221849 0,000080
О 0,207608 0,000376
нас 0,508638 0,000553
Общероссийское 1,698970 0,000616
движение 1,301030 0,000471
Редакция 0,769551 0,000558
сайта 0,522879 0,000758
судьбе 1,301030 0,000471
Контакты 0,455932 0,000330
Колонка 1,301030 0,000471
редактора 1,096910 0,000398
Поиск 0,619789 0,000337
по 0,124939 0,000475
сайту 1,096910 0,000596
Книжная 1,397940 0,000507
полка 1,301030 0,000471
Книги 0,795880 0,000288
журналы 1,698970 0,000924
Радио 0,958607 0,000521
темы 0,920819 0,000667
форума 1,698970 0,000924
Общение 1,397940 0,000760
разные 1,096910 0,000398
Творческая 1,522879 0,001380
мастерская 1,698970 0,001539
литературного 1,522879 0,000552
характера 1,301030 0,000471
Идеология 1,698970 0,000616
мировоззрение 1,698970 0,000616
человеке 1,522879 0,000552
Гуманитарные 1,522879 0,000552
науки 1,045757 0,000379
На 0,283997 0,000257
завалинке 1,698970 0,000616
Шутка 1,698970 0,000616
юмора 1,698970 0,000616
кино 0,568636 0,000206
дуэли 1,698970 0,000616
состязания 1,698970 0,000616
Конкурсы 1,045757 0,001137
форуме 1,221849 0,000664
Работа 1,221849 0,000443
Авторская 1,698970 0,007080
песня 1,301030 0,005658
Армейские 1,698970 0,000616
Блатные 1,698970 0,000616
Вокал 1,698970 0,000616
Джаз 1,522879 0,000552
блюз 1,522879 0,000828
Известные 1,698970 0,000924
хиты 1,397940 0,000760
кавер 1,698970 0,000924
Кантри 1,698970 0,000616
Переводы 1,301030 0,000471
Переделки 1,698970 0,000616
Песни 1,045757 0,001895
разное 1,522879 0,001656
Поп 1,698970 0,000616
музыка 1,045757 0,000758
Рок 1,301030 0,000471
Романсы 1,698970 0,000616
Рэп 1,522879 0,000552
Тексты 1,522879 0,000552
Фольклор 1,522879 0,000828
Шансон 1,698970 0,000924
Разное 1,397940 0,001266
Плейкасты 1,698970 0,000924
Форум 1,000000 0,000906
Литпортал 1,698970 0,000616
Регистрация 0,657577 0,000238
Войти 0,508638 0,000184
Украинской 1,698970 0,001539
бабушке 1,522879 0,001380
красным 1,522879 0,001380
знаменем 1,522879 0,001380
Елена 0,769551 0,002370
Талленика 1,522879 0,001380
просмотров 1,221849 0,011291
рецензий 1,698970 0,015700
Ангел 1,221849 0,001107
крыше 1,698970 0,001231
Лана 1,397940 0,001013
Астрикова 1,698970 0,001231
Франческа 1,698970 0,000924
Евгений 0,698970 0,001140
Мирмович 1,698970 0,001539
Киевская 1,698970 0,001231
весна 1,221849 0,001107
Марина 0,958607 0,001042
Терентьева 1,698970 0,001231
Заветное 1,698970 0,000924
Владимир 0,431798 0,000391
Квашнин 1,698970 0,000924
Международный 1,397940 0,001520
культуры 0,795880 0,000865
под 0,376751 0,000410
Знаменем 1,698970 0,001847
СИрена 1,698970 0,002155
Объявления 1,522879 0,001380
Завтра 1,221849 0,000664
может 0,397940 0,000361
быть 0,431798 0,000235
Ирина 0,886057 0,001124
Наталина 1,698970 0,001231
А 0,376751 0,000683
марте 1,045757 0,000568
Евгения 0,853872 0,000774
Викторова 1,698970 0,001539
Храбрый 1,698970 0,000924
соловей 1,698970 0,000924
Роза 1,397940 0,000760
Данченко 1,698970 0,000924
Речные 1,698970 0,001231
долины 1,698970 0,001231
Anima 1,698970 0,001231
Eterna 1,698970 0,001231
Как 0,301030 0,000436
тут 0,886057 0,000482
закрепить 1,698970 0,000924
свое 0,721246 0,000392
произведение 1,221849 0,000664
песенников 1,698970 0,000616
Попасть 1,698970 0,001231
сюда 1,397940 0,001013
многофункциональный 1,698970 0,000616
литературно 1,698970 0,000616
художественный 1,397940 0,000507
портал 0,823909 0,000597
посвящаю 1,698970 0,000924
Кино 0,677781 0,000246
Юлия 0,823909 0,000746
Головина 1,698970 0,000924
Мне 0,958607 0,000868
снился 1,698970 0,000924
Киев 0,920819 0,000501
Лили 1,397940 0,001266
Пламенея 1,698970 0,001539
Солнце 1,522879 0,000552
яркое 1,698970 0,000616
тускнеет 1,698970 0,000616
Светлана 1,045757 0,001326
Мельникова 1,698970 0,000924
Одинаковые 1,698970 0,000616
Сергей 0,468521 0,001104
Ваккер 1,698970 0,001231
Пес 1,522879 0,000552
добавить 1,698970 0,000616
анонс 1,301030 0,000471
путем 1,397940 0,000760
Алексей 0,602060 0,000545
Березин 1,698970 0,000924
Видение 1,698970 0,000924
пономаря 1,698970 0,000924
Тарасия 1,698970 0,000924
Алла 1,221849 0,000664
Суонинен 1,698970 0,000924
Ночное 1,698970 0,000924
купе 1,522879 0,000828
Мария 0,698970 0,000507
Цена 1,522879 0,000552
вечность 1,522879 0,000552
De 1,698970 0,000616
omni 1,698970 0,000616
Катрены 1,698970 0,000616
Ольга 0,769551 0,001534
Волынская 1,698970 0,000616
счастье 1,096910 0,000398
Мира 1,522879 0,001656
Любова 1,698970 0,000924
Первоапрельская 1,698970 0,000616
всячина 1,698970 0,000616
порошки 1,698970 0,000616
Своя 1,397940 0,000507
судьба 0,958607 0,000347
Мандельштам 1,522879 0,000552
Нести 1,698970 0,000616
свой 0,721246 0,000261
Крест 1,698970 0,000616
Бог 1,221849 0,000443
заповедал 1,698970 0,000616
Стиль 1,000000 0,000544
Перекат 1,698970 0,000616
Денис 0,853872 0,000464
Самряков 1,698970 0,000924
Жилица 1,698970 0,000616
Явецкий 1,698970 0,000924
Павел 0,853872 0,000774
Наши 0,886057 0,000321
шахматы 1,522879 0,000552
Гулена 1,698970 0,000616
Виктор 0,795880 0,000433
Морозов 1,522879 0,000552
ПРости 1,698970 0,000616
Олег 0,795880 0,000288
Рещиков 1,698970 0,000616
Сюжетная 1,698970 0,000616
линия 1,698970 0,000616
Птица 1,698970 0,000924
Гала 1,301030 0,000707
Растайка 1,698970 0,000616
Родина 1,301030 0,000707
Мать 1,154902 0,000419
Горбань 1,698970 0,000616
закате 1,522879 0,001104
марьин 1,698970 0,000616
Режим 1,522879 0,000552
выживания 1,522879 0,000552
Марковская 1,698970 0,000616
Уходишь 1,698970 0,000616
темноту 1,698970 0,000616
бескрайней 1,698970 0,000616
ночи 1,301030 0,000471
Надежда 1,045757 0,000947
Аншукова 1,698970 0,000616
Тают 1,698970 0,000616
снега 1,522879 0,000552
многие 1,096910 0,000398
могут 0,522879 0,000189
обидеть 1,698970 0,000616
Наталья 0,853872 0,000619
Унучкевич 1,698970 0,000924
Нижегородка 1,698970 0,000616
Жукова 1,698970 0,000924
Желенина 1,698970 0,000924
Холодно 1,698970 0,000616
жить 0,958607 0,000347
одиноким 1,522879 0,000552
Вы 0,619789 0,000225
будите 1,698970 0,000616
русского 0,769551 0,000279
медведя 1,397940 0,000507
Васильев 1,096910 0,000795
что 0,187087 0,000237
же 0,721246 0,000261
яхты 1,522879 0,000552
Саша 1,154902 0,000419
Соколова 1,522879 0,000552
ЛДПР 0,744727 0,000270
Люди 1,000000 0,000362
добрые 1,698970 0,000616
правду 1,301030 0,000471
расскажут 1,698970 0,000616
Николай 0,744727 0,000945
Климкин 1,698970 0,000616
Качели 1,698970 0,000616
Валентин 1,154902 0,000419
Баранов 1,698970 0,000616
И 0,408935 0,005113
раскрыться 1,698970 0,000616
душа 1,522879 0,000552
от 0,193820 0,000070
внимания 1,301030 0,000471
Леонова 1,698970 0,000616
Смена 1,397940 0,000507
обстановки 1,698970 0,000616
Даниил 1,397940 0,000507
Сорокин 1,698970 0,000616
Не 0,481486 0,000523
уеду 1,698970 0,000616
Урбанская 1,698970 0,000616
вальс 1,698970 0,000924
Татьяна 1,000000 0,000544
Уразова 1,698970 0,000616
Поменьше 1,698970 0,000616
бед 1,698970 0,000616
побольше 1,698970 0,000616
бы 0,585027 0,000212
Министерство 1,301030 0,000471
пропаганды 1,522879 0,000552
выдало 1,698970 0,000616
прорыв 1,522879 0,000552
Дикарев 1,698970 0,000616
Пойдем 1,698970 0,000924
со 0,387216 0,000351
мной 1,522879 0,000828
Леонид 0,958607 0,000347
Хегай 1,698970 0,000616
Ведь 1,522879 0,000552
мы 0,468521 0,000340
пока 1,000000 0,000362
Тебе 1,698970 0,000924
Пути 1,698970 0,000616
Децима 1,698970 0,000616
Школьным 1,698970 0,000616
друзьям 1,698970 0,000616
Людмила 0,920819 0,001001
Вадимова 1,698970 0,000616
Вечер 1,221849 0,000443
Апрель 1,522879 0,000552
Николаев 1,397940 0,000507
Где 0,958607 0,000347
то 0,537602 0,000292
бродит 1,522879 0,000552
Лилия 1,698970 0,000616
Пан 1,698970 0,000616
Литви 1,698970 0,000616
прошлом 1,221849 0,000443
Лариса 1,154902 0,000837
Оболенская 1,698970 0,000924
Ластик 1,698970 0,000616
С 0,455932 0,001404
стеклодув 1,698970 0,000616
Вера 1,221849 0,000443
Машук 1,698970 0,000616
ВЕЛИКИМ 1,698970 0,000616
Благовещением 1,698970 0,000924
АПРЕЛЯ 1,698970 0,000616
Natala 1,698970 0,000924
Bogdanova 1,698970 0,000924
г 0,602060 0,001200
БЛАГОВЕЩЕНИЕМ 1,698970 0,000616
ПРЕСВЯТОЙ 1,698970 0,000616
БОГОРОДИЦЫ 1,698970 0,000616
ИРОЧКА 1,698970 0,000616
я 0,522879 0,000189
покажу 1,698970 0,000616
тебе 1,096910 0,000398
мой 1,221849 0,000664
мир 0,552842 0,000200
Alinanatali 1,698970 0,000924
МОЙ 1,698970 0,000616
Ж 1,522879 0,000552
ЛТЫЙ 1,698970 0,000616
ЦВЕТИК 1,698970 0,000616
СЕМИЦВЕТИК 1,698970 0,000616
Последний 0,920819 0,000334
отсчет 1,698970 0,000616
Весь 0,920819 0,001835
список 0,823909 0,001642
присно 1,698970 0,004925
Дана 1,522879 0,004415
Верис 1,698970 0,004925
Графоманский 1,698970 0,004925
п 1,522879 0,008554
тем 1,000000 0,011234
кто 0,494850 0,005649
финансово 1,522879 0,004415
независим 1,698970 0,004925
талантлив 1,698970 0,004925
безоговорочно 1,522879 0,004415
хорош 1,397940 0,004053
собой 0,823909 0,002389
умен 1,698970 0,004925
житейски 1,698970 0,004925
анвап 1,698970 0,000616
фильмы 0,886057 0,000321
ig 1,698970 0,000616
story 1,522879 0,000552
view 1,397940 0,000507
diligently 1,698970 0,000616
inspected 1,698970 0,000616
used 1,397940 0,000507
classic 1,522879 0,000552
cars 1,698970 0,000616
for 1,045757 0,000379
sale 1,698970 0,000616
Человеческое 1,698970 0,000616
достоинство 1,522879 0,000552
Случай 1,698970 0,000924
Патриарших 1,698970 0,000924
вторая 1,522879 0,000552
часть 0,795880 0,000288
Лев 1,000000 0,000544
Фадеев 1,698970 0,001231
Предвкушение 1,698970 0,000924
романа 1,096910 0,000596
Письма 1,522879 0,000828
девушки 1,096910 0,000596
имени 0,721246 0,000392
Тин 1,698970 0,000924
четвертое 1,698970 0,000616
Борис 0,769551 0,001255
Аксюзов 1,698970 0,001847
Первая 1,096910 0,000398
бабочка 1,698970 0,000616
Дьякова 1,698970 0,000616
Охота 1,522879 0,000552
Беса 1,698970 0,000616
Часть 1,221849 0,000664
Анатолий 1,301030 0,001886
Долженков 1,698970 0,001539
Родственники 1,698970 0,000616
Пуще 1,698970 0,000616
неволи 1,698970 0,000616
Юрий 0,795880 0,001730
Линна 1,698970 0,001231
Либеральная 1,698970 0,000616
буча 1,698970 0,000616
Каплан 1,698970 0,000616
Голубая 1,522879 0,000552
ленточка 1,698970 0,000616
волшебные 1,698970 0,000616
сны 1,698970 0,000616
Джон 0,958607 0,000521
Маверик 1,698970 0,000924
Небесный 1,522879 0,000552
свет 1,154902 0,000419
Квартира 1,522879 0,000552
номер 0,920819 0,000334
семьдесят 1,522879 0,000552
четыре 1,000000 0,000362
шестая 1,698970 0,000616
Буташ 1,698970 0,000616
Попов 1,522879 0,000552
Художник 1,522879 0,000552
который 0,508638 0,000184
рисовал 1,698970 0,000616
чудеса 1,522879 0,000552
абсолют 1,698970 0,000616
Незваная 1,698970 0,000616
гостья 1,698970 0,000616
Махоша 1,698970 0,000616
Перед 1,096910 0,000398
рассветом 1,522879 0,000552
Ди 1,301030 0,000471
Вано 1,698970 0,000616
Повышенная 1,698970 0,000616
эмоциональная 1,522879 0,000552
возбудимость 1,698970 0,000616
Эксплозивность 1,698970 0,000616
Гадаев 1,698970 0,000616
Свой 1,522879 0,000552
путь 1,000000 0,000362
Нет 0,886057 0,000321
ответа 1,698970 0,000924
вопрос 0,698970 0,000380
Тубольцев 1,698970 0,001231
Фантасмагория 1,698970 0,000616
Тотем 1,698970 0,000616
Гл 1,698970 0,000616
третье 1,698970 0,000616
Два 0,853872 0,000464
солнца 1,522879 0,000828
Михаил 0,568636 0,000412
Беликов 1,698970 0,000924
Война 0,920819 0,000334
все 0,292430 0,000371
спишет 1,698970 0,000616
Игорь 0,823909 0,000299
Цизман 1,698970 0,000616
Что 0,346787 0,000126
такое 0,638272 0,000231
человек 0,494850 0,000179
воспитанный 1,698970 0,000616
микро 1,698970 0,000616
Макбет 1,522879 0,000552
Жириновский 0,677781 0,000246
Взлетая 1,698970 0,000616
Вечность 1,698970 0,000616
Зернова 1,698970 0,000616
Заметки 1,522879 0,000552
поводу 1,301030 0,000471
Неприличный 1,698970 0,000616
диагноз 1,698970 0,000616
Александр 0,468521 0,000679
Пономарев 1,698970 0,000616
Синяя 1,522879 0,000552
жемчужина 1,522879 0,000552
Макс 1,154902 0,000628
Новиков 1,522879 0,000552
Аудио 1,221849 0,000443
Сбивчивый 1,698970 0,000616
Музыка 0,795880 0,000288
исполнение 1,397940 0,002026
Таранюк 1,698970 0,000924
надо 0,823909 0,000448
слов 1,096910 0,000994
Мы 0,537602 0,000877
просто 0,657577 0,000357
помолчим 1,698970 0,000924
мелодекламация 1,698970 0,001231
Елены 1,397940 0,000760
Ижинки 1,698970 0,000616
Евсей 1,698970 0,000924
Вольфсон 1,698970 0,000924
Евсея 1,698970 0,000616
Вольфсона 1,698970 0,000616
Ижинка 1,698970 0,000616
Дуют 1,698970 0,000616
ветры 1,698970 0,000616
весны 1,221849 0,000443
Лилии 1,698970 0,000616
Юшковой 1,698970 0,000616
mishal 1,698970 0,000616
Когда 0,602060 0,000218
уходят 1,397940 0,000507
небом 1,522879 0,000552
синим 1,698970 0,000616
Инна 1,397940 0,000760
Филиппова 1,698970 0,000924
ЭЛЕКТРИЧЕСКАЯ 1,698970 0,000616
ЖЕНЩИНА 1,698970 0,000616
Фроловнин 1,698970 0,000616
Он 0,721246 0,000261
вернулся 1,301030 0,000471
войны 0,744727 0,000270
Betty 1,698970 0,000616
Мангутова 1,698970 0,000616
муз 1,698970 0,001539
Виктора 1,397940 0,000507
Воронцова 1,522879 0,000552
Дождь 1,522879 0,001104
благодатные 1,698970 0,000616
капли 1,522879 0,000552
смоют 1,698970 0,000616
соленые 1,698970 0,000616
слезы 1,397940 0,000507
следы 1,301030 0,000471
покаянья 1,698970 0,000616
Васильевна 1,522879 0,001104
Любава 1,698970 0,000924
Вьются 1,698970 0,000924
гривы 1,698970 0,000924
рыжей 1,522879 0,000828
бурею 1,698970 0,000924
Эдуарда 1,397940 0,000507
Струсберга 1,698970 0,000616
Лидия 1,301030 0,000943
Клочкова 1,698970 0,000924
Заруцкая 1,698970 0,000924
вернуть 1,000000 0,000362
Березонька 1,698970 0,000616
вестник 1,698970 0,000924
торжества 1,698970 0,000616
тайны 1,154902 0,000628
воплощения 1,698970 0,000616
Благовещение 1,698970 0,001231
Случайная 1,522879 0,000552
любовь 0,698970 0,000253
автор 1,045757 0,000568
Белова 1,522879 0,000552
Виталий 1,154902 0,000628
Галушко 1,698970 0,000924
Ритуал 1,522879 0,000552
поет 1,698970 0,000616
Малышев 1,698970 0,000616
Галина 1,301030 0,000471
Агапова 1,698970 0,000616
Я 0,508638 0,000737
прикоснусь 1,698970 0,000616
исполняет 1,522879 0,000828
Усачев 1,522879 0,000552
Маргарита 1,397940 0,000507
Шульман 1,698970 0,000616
междоусобица 1,698970 0,000616
бриз 1,698970 0,001231
Примочкин 1,698970 0,001231
Ларисочкам 1,698970 0,000616
Днем 1,301030 0,001414
Ангела 1,698970 0,000616
Алексеева 1,397940 0,000507
простуда 1,698970 0,000616
только 0,309804 0,000225
Весне 1,698970 0,000616
хватает 1,301030 0,000471
революций 1,698970 0,000616
устроенных 1,698970 0,000616
Уродством 1,698970 0,000616
во 0,494850 0,000359
плоти 1,698970 0,000616
Мое 1,301030 0,000471
письмо 1,045757 0,000379
Елене 1,698970 0,000616
Чичериной 1,698970 0,000616
Слыжов 1,698970 0,000616
Однажды 1,045757 0,000379
мальчик 1,154902 0,000419
бог 1,301030 0,000471
Сонет 1,522879 0,000552
Маев 1,698970 0,000616
сл 1,698970 0,000924
Шекспир 1,522879 0,000552
alexandr 1,698970 0,000616
maev 1,698970 0,000616
Нарисуй 1,698970 0,000924
художник 1,096910 0,000596
Колпаков 1,698970 0,000924
Владлена 1,698970 0,001231
Денисова 1,522879 0,001104
Супер 1,221849 0,000664
хит 1,522879 0,000552
Искушение 1,522879 0,000552
Кичигина 1,698970 0,000616
От 0,795880 0,000433
матриархата 1,698970 0,000616
феминизму 1,698970 0,000616
Кровавый 1,698970 0,000924
Собачья 1,698970 0,000616
жизнь 0,537602 0,000390
Эх 1,698970 0,000616
Наташенька 1,698970 0,000616
Валерий 1,000000 0,001268
Майский 1,698970 0,000616
Поговори 1,698970 0,000616
трава 1,698970 0,000616
Александра 0,638272 0,000231
Карпенко 1,698970 0,000616
Москва 0,508638 0,000184
Шахрай 1,522879 0,000552
Старый 1,397940 0,000507
корабль 1,096910 0,000398
Рустама 1,698970 0,000616
Валиуллина 1,698970 0,000616
Николая 1,154902 0,000419
Лисина 1,698970 0,000616
Геннадий 1,221849 0,000443
Алонцев 1,698970 0,000616
Новые 0,552842 0,000200
Вельченко 1,698970 0,000616
Рейтинг 0,958607 0,001911
Произведений 1,522879 0,003035
Говорова 1,698970 0,000616
Фурнаш 1,698970 0,000616
Зося 1,698970 0,000616
Радченко 1,698970 0,000616
Ol 1,698970 0,000616
Helga 1,698970 0,000616
Вихрь 1,522879 0,000552
Агава 1,698970 0,000616
Текильная 1,698970 0,000616
Максим 0,958607 0,000868
Масальский 1,698970 0,000616
Фрай 1,522879 0,000552
Варат 1,698970 0,000616
Малинов 1,698970 0,000616
классиков 1,397940 0,000507
дожде 1,522879 0,000552
Наина 1,698970 0,001847
Поэтический 1,698970 0,000924
конкурс 0,920819 0,000667
За 0,568636 0,000309
дружбу 1,301030 0,000471
Долорес 1,698970 0,000924
люблю 1,154902 0,000419
тебя 1,096910 0,000596
Россия 0,455932 0,000413
Конкурс 1,221849 0,000886
Мой 0,853872 0,000464
костер 1,698970 0,000616
тумане 1,397940 0,000507
светит 1,522879 0,000552
Юмористический 1,698970 0,000616
коротких 1,522879 0,000552
сочинений 1,522879 0,000552
Альберт 1,301030 0,002122
Хайруллин 1,698970 0,001847
Расскажи 1,698970 0,000616
мне 0,853872 0,000309
себе 0,619789 0,000337
Дорогу 1,698970 0,000616
молодым 1,397940 0,000507
апреле 0,853872 0,000309
как 0,251812 0,000137
после 0,397940 0,000144
комы 1,698970 0,000616
Miss 1,698970 0,000616
Little 1,522879 0,000552
Прости 1,522879 0,000552
Карачун 1,698970 0,000924
IPhuck 1,698970 0,000616
X 1,045757 0,000379
летим 1,698970 0,000616
влюбленными 1,698970 0,000616
Шагала 1,698970 0,000616
Яков 1,397940 0,000507
Баст 1,698970 0,000616
В 0,167491 0,000243
гостях 1,154902 0,000419
дяди 1,698970 0,000616
Кристина 1,154902 0,000419
Устинова 1,522879 0,000552
робот 1,522879 0,000552
RoMan 1,698970 0,000616
Купленная 1,698970 0,000616
тварь 1,698970 0,000616
МИЛА 1,698970 0,000616
РОЗОВА 1,698970 0,000616
ГИА 1,698970 0,000616
Камчатка 1,397940 0,000507
Сибирский 1,698970 0,000616
валенок 1,698970 0,000616
Максимыч 1,698970 0,000616
Приветствую 1,698970 0,000616
Прочитал 1,698970 0,000616
большим 1,698970 0,000924
интересом 1,522879 0,000552
удовольствием 1,522879 0,000828
Написано 1,522879 0,000552
замечательно 1,522879 0,000552
искренним 1,698970 0,000616
уважением 1,698970 0,001847
жму 1,698970 0,000616
руку 1,522879 0,000552
Футбольный 1,698970 0,000616
мяч 1,522879 0,000552
Весса 1,522879 0,001104
Блюменбаум 1,522879 0,000828
очень 0,657577 0,000715
понравилась 1,522879 0,000552
миниатюра 1,698970 0,000616
респект 1,522879 0,000552
Вам 1,301030 0,000707
Пламенная 1,522879 0,000552
речь 1,301030 0,000471
Спасибо 1,154902 0,000837
интересный 1,397940 0,000507
рассказ 1,221849 0,000443
Хорошо 1,698970 0,000616
жизни 0,443697 0,000402
есть 0,568636 0,000412
такие 1,000000 0,000362
защитники 1,698970 0,000616
наилучшими 1,698970 0,000616
пожеланиями 1,698970 0,000616
Можно 1,000000 0,000362
ли 0,397940 0,000288
совместить 1,698970 0,000616
бег 1,698970 0,000924
месте 0,886057 0,000321
трусцой 1,698970 0,000616
Амарант 1,698970 0,000616
Нужно 1,698970 0,000616
обязательно 1,301030 0,000471
попробовать 1,397940 0,000507
практике 1,221849 0,000443
ваши 1,522879 0,000552
рекомендации 1,221849 0,000443
совет 1,096910 0,000398
Потерянный 1,698970 0,000616
горький 1,698970 0,000616
день 0,585027 0,000318
Андриан 1,698970 0,000924
Елий 1,698970 0,000616
Желаю 1,698970 0,001539
добра 1,522879 0,000552
света 1,221849 0,000443
улыбок 1,698970 0,000616
отличного 1,698970 0,000616
настроения 1,301030 0,000471
Пусть 1,522879 0,000828
плохое 1,698970 0,000616
обходит 1,698970 0,000616
стороной 1,301030 0,000471
жизненные 1,522879 0,000552
невзгоды 1,698970 0,000616
web 1,301030 0,000471
archive 1,698970 0,000616
ORK 1,698970 0,000616
Вата 1,698970 0,000616
Ватная 1,698970 0,000616
крыльце 1,698970 0,000616
Весна 1,221849 0,000443
взять 1,301030 0,000471
разбег 1,698970 0,000616
https 0,721246 0,000261
www 0,698970 0,000253
chitalnya 1,698970 0,000616
ru 0,187087 0,000102
work 1,221849 0,000443
Куда 1,154902 0,000419
стремится 1,397940 0,000507
Твоя 1,698970 0,000924
Мысль 1,698970 0,000616
туда 1,522879 0,000552
движется 1,698970 0,000616
Жизнь 0,823909 0,000299
Только 0,958607 0,000521
пишу 1,522879 0,000552
том 0,568636 0,000206
хорошо 1,221849 0,000443
знаю 1,096910 0,000398
Еще 0,585027 0,000318
сбудется 1,698970 0,000616
поверь 1,698970 0,000616
Филипповой 1,698970 0,000616
Ушанов 1,698970 0,000924
Одуванчик 1,698970 0,000616
Полина 1,096910 0,000398
Виноградова 1,522879 0,001104
обезумевший 1,698970 0,000616
Сюрреалистическое 1,698970 0,000616
Исполнение 1,522879 0,000552
гитара 1,698970 0,000924
Юрия 1,154902 0,000419
Катасонова 1,698970 0,000616
Орловская 1,698970 0,000924
Потому 1,698970 0,000616
вокруг 1,221849 0,000443
Кленова 1,698970 0,000616
когда 0,585027 0,000212
ты 0,886057 0,000321
ушла 1,221849 0,000443
звенит 1,698970 0,000616
загадочно 1,698970 0,000616
монисто 1,698970 0,000616
Е 1,096910 0,000596
Жуковой 1,698970 0,000616
Желениной 1,698970 0,000616
Беспокойный 1,698970 0,000616
сон 1,522879 0,000552
Самозванка 1,698970 0,000616
Канареева 1,698970 0,000616
эфире 0,823909 0,000299
Маяк 1,154902 0,000419
Кафе 1,698970 0,000616
Две 1,045757 0,000379
чашки 1,698970 0,000616
кофе 1,522879 0,000552
столе 1,522879 0,000552
Януш 1,698970 0,000616
Мати 1,698970 0,000616
Зимнее 1,522879 0,000552
Сазаныч 1,698970 0,000616
августовский 1,698970 0,000616
серафим 1,698970 0,000616
вернусь 1,522879 0,000828
Подарить 1,522879 0,000552
Анна 0,568636 0,000412
Маслова 1,698970 0,000616
Тереза 1,522879 0,000552
Шатилова 1,698970 0,000616
Метель 1,698970 0,000616
Парамоненко 1,698970 0,000616
Много 1,301030 0,000471
ноль 1,522879 0,000552
эмоций 1,397940 0,000507
Олеся 1,522879 0,000552
Гудкова 1,698970 0,000616
Есть 0,886057 0,000321
пенсии 1,397940 0,000507
Alex 1,522879 0,000552
Semalion 1,698970 0,000616
Иная 1,698970 0,000616
птица 1,397940 0,000507
Танита 1,698970 0,000616
Раш 1,698970 0,000616
Тайна 1,397940 0,000507
Незабытые 1,698970 0,000616
elena 1,698970 0,000616
annenkova 1,698970 0,000616
Ревякина 1,698970 0,000616
Поэт 1,301030 0,000471
из 0,167491 0,000091
Донецка 1,698970 0,000616
Реквием 1,522879 0,000552
Miliza 1,698970 0,000616
задаю 1,698970 0,000616
нет 0,619789 0,000449
Страусова 1,698970 0,000616
реданонсы 1,698970 0,000616
Песня 1,154902 0,000628
Друг 1,397940 0,000507
без 0,387216 0,000140
друга 0,886057 0,000321
Фетисова 1,698970 0,000616
Мullerson 1,698970 0,000616
Голубев 1,698970 0,000616
Мама 1,096910 0,000596
Камская 1,698970 0,000616
Андрей 0,552842 0,000801
Черников 1,698970 0,000616
ТМ 1,698970 0,003078
Невпопад 1,698970 0,000924
Алмост 1,698970 0,001231
Ива 1,698970 0,000616
Арина 1,522879 0,000552
Офелии 1,698970 0,000616
Роберт 1,221849 0,000886
Иванов 1,096910 0,000795
Берега 1,698970 0,000616
берега 1,397940 0,000507
lf 1,698970 0,000924
Зарок 1,698970 0,000616
каменным 1,698970 0,000616
строем 1,698970 0,000616
высоток 1,698970 0,000616
Идеальная 1,397940 0,000507
боль 1,221849 0,000443
Шавеко 1,698970 0,001847
Чумаков 1,522879 0,000552
Люд 1,698970 0,001539
Мила 1,698970 0,001847
Класс 1,522879 0,000552
красивые 1,397940 0,000507
Ваши 1,221849 0,000886
Людочка 1,698970 0,001539
замечательное 1,698970 0,000616
Маэстро 1,698970 0,000616
Браво 1,698970 0,000924
забегу 1,698970 0,000616
следующей 1,522879 0,000552
неделе 1,154902 0,000419
познакомлюсь 1,698970 0,000616
Вашим 1,698970 0,000616
некрасивых 1,522879 0,000552
женщин 0,920819 0,000334
бывает 1,221849 0,000443
Ой 1,698970 0,000616
Шикарно 1,698970 0,000616
понравилось 1,397940 0,000507
отменно 1,698970 0,000616
так 0,522879 0,000284
самом 0,886057 0,000321
деле 0,886057 0,000321
возьму 1,698970 0,000616
избранные 1,698970 0,000616
Прелесть 1,522879 0,000552
такую 1,522879 0,000552
более 0,585027 0,000212
вы 0,420216 0,000761
их 0,455932 0,000413
Это 0,537602 0,000195
моя 1,096910 0,000398
трепетно 1,698970 0,000616
душевно 1,698970 0,000616
родном 1,522879 0,000552
милом 1,698970 0,000616
крае 1,397940 0,000507
краше 1,698970 0,000616
роднее 1,698970 0,000616
нашей 0,853872 0,000309
Родины 1,698970 0,000616
всей 0,920819 0,000501
вселенной 1,221849 0,000443
эти 0,920819 0,000334
напевные 1,698970 0,000616
строки 1,397940 0,000507
льются 1,698970 0,000616
Осенний 1,522879 0,000552
прекрасные 1,698970 0,000616
ОСЕННИЙ 1,698970 0,000616
БЛЮЗ 1,698970 0,000616
читаю 1,522879 0,000552
Восхитительно 1,698970 0,000616
исп 1,698970 0,000616
К 0,638272 0,000231
Ко 1,221849 0,000443
Солапов 1,698970 0,000616
М 0,744727 0,000405
Громов 1,698970 0,000616
МАГ 1,698970 0,000616
опять 1,698970 0,000616
дорога 1,096910 0,000398
будет 0,387216 0,000281
сложной 1,698970 0,000616
преград 1,698970 0,000616
немыслимые 1,698970 0,000616
раны 1,698970 0,000616
там 0,958607 0,000347
где 0,537602 0,000195
это 0,292430 0,000212
возможно 0,920819 0,000334
лекарство 1,397940 0,000507
лечит 1,698970 0,000616
имя 0,886057 0,000321
мамы 1,397940 0,000507
прекрасно 1,397940 0,000507
ВЕЧНЫЙ 1,698970 0,000616
ОГОНЬ 1,698970 0,000616
Рафаил 1,698970 0,000616
Хозак 1,698970 0,000616
Агранович 1,522879 0,000552
Морин 1,698970 0,000924
Моя 1,096910 0,000398
самая 1,301030 0,000471
любимая 1,522879 0,000552
Огромное 1,522879 0,000552
спасибо 1,301030 0,000707
нее 1,045757 0,000379
до 0,244125 0,000088
мурашек 1,698970 0,000616
Узелок 1,698970 0,000616
Натальи 1,301030 0,000471
Симаковой 1,698970 0,000616
ДОРОГАЯ 1,698970 0,000616
ОЛЕЧКА 1,698970 0,000616
ДНЕМ 1,698970 0,001231
РОЖДЕНИЯ 1,698970 0,001231
ПРЕКРАСНАЯ 1,698970 0,000616
СЧАСТЬЯ 1,698970 0,000616
ПУСТЬ 1,698970 0,000616
ЕГО 1,698970 0,000616
БУДЕТ 1,698970 0,000616
ЩЕДРО 1,698970 0,000924
ТАК 1,698970 0,000616
ЖЕ 1,698970 0,000616
КАК 1,698970 0,000616
ТВОЕ 1,698970 0,000616
ТВОРЧЕСТВО 1,698970 0,000616
ВДОХНОВЕНИЯ 1,698970 0,000616
НАША 1,698970 0,000616
ПЕВУНЬЯ 1,698970 0,000616
ЛЮБВИ 1,698970 0,000616
Зимний 1,221849 0,000443
сад 1,045757 0,000379
мелодия 1,698970 0,000616
Светланы 1,397940 0,000507
Страусовой 1,698970 0,000616
Любомирская 1,698970 0,000616
рожденная 1,698970 0,000616
Светланой 1,698970 0,000616
твоих 1,522879 0,000552
волшебных 1,698970 0,000616
Лидочка 1,698970 0,000616
льется 1,698970 0,000616
прямо 1,000000 0,000544
сердце 0,920819 0,000334
живительной 1,698970 0,000616
рекой 1,522879 0,000552
Красота 0,920819 0,000334
необыкновенная 1,698970 0,000616
получилась 1,397940 0,000507
благодаря 0,853872 0,000309
Обратите 1,522879 0,000552
внимание 0,853872 0,000309
Корчагин 1,698970 0,000616
Ангелина 1,522879 0,000552
Каберская 1,698970 0,000616
Анжела 1,698970 0,000616
Баер 1,698970 0,000616
Садовой 1,698970 0,000616
Фрейви 1,698970 0,000616
Шторнчарт 1,698970 0,000616
Лещева 1,698970 0,000616
Позднякова 1,698970 0,000616
Николаева 1,698970 0,000616
Antje 1,698970 0,000616
Naudis 1,698970 0,000616
Sonnig 1,698970 0,000616
Горьких 1,698970 0,000616
судеб 1,522879 0,000552
страницы 1,221849 0,000443
Пасхальное 1,698970 0,000616
Каждый 1,154902 0,000628
музыкальный 1,698970 0,000924
инструмент 1,522879 0,000828
история 0,721246 0,000261
отпускай 1,698970 0,000616
меня 0,721246 0,000261
никогда 0,958607 0,000347
этой 0,744727 0,000270
невозможно 1,221849 0,000443
оторваться 1,698970 0,000616
настолько 1,301030 0,000471
она 0,744727 0,000270
окутана 1,698970 0,000616
теплотой 1,698970 0,000616
искренностью 1,698970 0,000616
натуральностью 1,698970 0,000616
Написанная 1,698970 0,000616
Шелк 1,698970 0,000616
первый 0,769551 0,000279
раз 0,698970 0,000253
познакомилась 1,522879 0,000552
творчеством 1,698970 0,000616
Барикко 1,698970 0,000616
прочитав 1,522879 0,000552
эту 1,000000 0,000362
книгу 1,045757 0,000379
Автор 1,301030 0,000471
сух 1,698970 0,000616
лаконичен 1,698970 0,000616
своем 0,823909 0,000299
начало 1,221849 0,000443
Прядка 1,698970 0,000616
Наследники 1,397940 0,001013
Каина 1,698970 0,001231
Климов 1,698970 0,001847
Интересные 1,301030 0,000471
материалы 0,537602 0,000195
патриотических 1,698970 0,000616
порталов 1,522879 0,000552
Белов 1,522879 0,001380
Последние 0,853872 0,000464
времена 1,221849 0,000664
По 0,619789 0,000225
каким 1,154902 0,000419
статьям 1,698970 0,000616
судить 1,698970 0,000616
Киевские 1,698970 0,000616
власти 1,045757 0,000379
преступления 1,522879 0,000552
Донбассе 0,958607 0,000347
какие 0,795880 0,000288
тому 1,096910 0,000398
препятствия 1,698970 0,000616
Откуда 1,154902 0,000419
взялась 1,522879 0,000552
сильная 1,522879 0,000552
армия 1,096910 0,000398
Сердюкове 1,698970 0,000616
Путине 1,522879 0,000552
Шойгу 1,301030 0,000471
Виолетта 1,698970 0,001539
Баша 1,698970 0,001539
фильма 0,795880 0,000288
ЗАКАТ 1,698970 0,000616
DES 1,698970 0,000924
R 1,301030 0,000471
SIDENTS 1,698970 0,000616
PACIFIQUES 1,698970 0,000616
DE 1,397940 0,001013
LA 1,698970 0,000616
VILLE 1,698970 0,000616
BUCHA 1,698970 0,000616
PR 1,221849 0,000443
S 1,221849 0,000664
KIEV 1,698970 0,000616
ONT 1,698970 0,000616
T 1,301030 0,000471
TU 1,698970 0,000616
PAR 1,698970 0,000616
NAZIS 1,698970 0,000616
UKRAINIENS 1,698970 0,000616
вот 0,795880 0,000433
теперь 0,677781 0,000246
Владим 1,698970 0,000616
Филипп 1,221849 0,000443
оправдание 1,698970 0,000616
Зеленского 0,958607 0,000347
Байдена 1,397940 0,000507
Прав 1,522879 0,000552
искусственный 1,522879 0,000552
интеллект 1,301030 0,000471
комфорте 1,698970 0,000616
Экспромт 1,698970 0,000924
Свежий 1,221849 0,000443
взгляд 1,154902 0,000419
семейную 1,698970 0,000616
Приглашаем 1,522879 0,001104
отметить 1,698970 0,001231
Сребреница 1,698970 0,000616
Буче 0,958607 0,000347
Разбор 1,522879 0,000552
Семеновой 1,698970 0,000616
Семенова 1,397940 0,000760
Маленькие 1,698970 0,000616
котята 1,698970 0,000616
Барбуси 1,698970 0,000616
Констанция 1,698970 0,001231
Переполох 1,698970 0,000616
Всем 1,522879 0,000552
любит 1,301030 0,000471
русскую 1,301030 0,000471
литературу 1,397940 0,000507
Кольцов 1,698970 0,001231
Поэзия 1,301030 0,000471
Модерация 1,698970 0,000616
Миртаева 1,698970 0,000924
Сизов 1,698970 0,001539
Г 1,045757 0,000568
Спецоперация 1,096910 0,000398
Украине 0,537602 0,000390
причины 1,301030 0,000471
проведения 1,397940 0,000507
лекция 1,698970 0,000616
вузе 1,698970 0,000616
Омск 1,221849 0,001328
мин 1,522879 0,000828
Презентация 1,522879 0,000828
Ремизов 1,698970 0,000616
форель 1,698970 0,000616
русской 0,744727 0,000270
классической 1,221849 0,000443
литературы 0,920819 0,000334
Эндрю 1,397940 0,000507
Нортон 1,522879 0,000552
выразитель 1,698970 0,000616
американского 1,301030 0,000471
вестерна 1,698970 0,000616
фантастике 1,522879 0,000552
Саргассы 1,698970 0,000616
космосе 1,698970 0,000616
Почему 0,522879 0,000284
невозможен 1,698970 0,000616
госпереворот 1,698970 0,000616
Русская 1,045757 0,000379
беседа 1,698970 0,000616
Историк 1,522879 0,000552
Чичерюкин 1,698970 0,000616
Мейнгардт 1,698970 0,000616
юных 1,698970 0,000616
Добровольцах 1,698970 0,000616
Белой 1,397940 0,000507
Армии 1,301030 0,000471
Внешняя 1,698970 0,000616
политика 0,920819 0,000334
Петра 1,000000 0,000362
I 0,853872 0,000309
Азовские 1,698970 0,000616
походы 1,698970 0,000616
Великое 1,522879 0,000552
посольство 1,698970 0,000616
Лекция 1,522879 0,000552
проводит 1,397940 0,000507
спецоперацию 1,096910 0,000398
краткий 1,698970 0,000616
ответ 1,045757 0,000568
Ненависть 1,522879 0,000552
презрение 1,698970 0,000616
Идет 1,522879 0,000552
война 1,221849 0,000664
Ведущий 1,301030 0,000471
канала 1,000000 0,000362
Астсергей 1,698970 0,000924
Победа 1,522879 0,000552
близко 1,698970 0,000616
Пушилин 1,096910 0,000398
поздравляет 1,698970 0,000616
провозглашения 1,698970 0,000616
ДНР 0,823909 0,000299
Жириновского 0,657577 0,000238
Время 1,045757 0,000379
пришло 1,301030 0,000471
Студент 1,522879 0,000828
апреля 0,301030 0,000109
Путина 0,886057 0,000321
международных 1,045757 0,000379
политических 1,397940 0,000507
кругах 1,698970 0,000616
зря 1,522879 0,000552
называют 1,301030 0,000471
шахматистом 1,698970 0,000616
Реальная 1,301030 0,000471
оппозиция 1,698970 0,000616
аналитикам 1,522879 0,000552
рассмотрение 1,522879 0,000552
СВО 1,522879 0,000552
плюс 1,698970 0,000616
делиберализация 1,698970 0,000616
страны 0,638272 0,000231
основной 1,397940 0,000507
лозунг 1,698970 0,000616
нашего 0,958607 0,000347
времени 0,721246 0,000261
Перейти 1,045757 0,000379
ко 0,958607 0,000347
всем 0,853872 0,000464
темам 1,522879 0,000552
Русские 1,221849 0,000443
фашисты 1,698970 0,000616
возомнили 1,698970 0,000616
себя 0,552842 0,000200
праведниками 1,698970 0,000616
Племя 1,522879 0,000552
русских 0,853872 0,000464
Людоедов 1,698970 0,000616
уничтожено 1,698970 0,000616
Создателем 1,698970 0,000616
друг 0,795880 0,000721
другу 1,045757 0,000947
враги 1,221849 0,001107
Поздравляю 1,698970 0,001231
здоровья 0,958607 0,000521
успехов 1,522879 0,000552
благоприятной 1,698970 0,000616
коррекции 1,301030 0,000471
кармы 1,698970 0,000616
всех 0,552842 0,000200
жизненных 1,522879 0,000828
поворотах 1,698970 0,000616
Судьбы 1,698970 0,000616
Алекс 1,154902 0,000419
яркой 1,522879 0,000552
радости 1,397940 0,000760
процветания 1,522879 0,000552
счастья 1,045757 0,000568
Успехов 1,698970 0,000616
работе 1,154902 0,000419
уюта 1,698970 0,000616
доме 1,000000 0,000362
легких 1,397940 0,000507
дорог 1,154902 0,000419
УСПЕХОВ 1,698970 0,000616
Вас 1,221849 0,000443
рождения 0,677781 0,000246
Крепкого 1,698970 0,000616
благополучия 1,698970 0,000616
широких 1,698970 0,000616
возможностей 1,301030 0,000471
неисчерпаемых 1,698970 0,000616
сил 1,096910 0,000398
энергии 1,698970 0,000616
Ловите 1,698970 0,000616
каждый 0,823909 0,000299
Пресвятой 1,698970 0,000924
Богородицы 1,698970 0,000924
Rossianka 1,698970 0,000616
Дорогая 1,397940 0,000507
большое 1,698970 0,000616
поздравление 1,698970 0,000616
подарок 1,221849 0,000443
любви 0,677781 0,000246
Грядет 1,698970 0,000616
страшная 1,397940 0,000507
зверем 1,698970 0,000616
семи 1,397940 0,000507
головах 1,522879 0,000552
но 0,481486 0,000174
нами 1,154902 0,000419
наш 1,045757 0,000568
Господь 1,698970 0,000616
Спаси 1,698970 0,000616
помилуй 1,698970 0,000616
Неисповедимы 1,698970 0,000616
пути 0,886057 0,000321
Господни 1,698970 0,000616
значит 1,154902 0,000419
русские 1,045757 0,000379
избранный 1,698970 0,000616
народ 1,301030 0,000471
борьбы 1,301030 0,000471
богоотступниками 1,698970 0,000616
фашизмом 1,698970 0,000616
есмь 1,698970 0,000616
если 0,698970 0,000380
наша 1,301030 0,000471
вера 1,522879 0,000552
первую 0,958607 0,000347
очередь 1,301030 0,000471
необходимо 0,920819 0,000334
дать 1,301030 0,000471
достойный 1,698970 0,000616
Благая 1,698970 0,000616
весть 1,522879 0,000552
Праздник 1,698970 0,000616
Благовещания 1,698970 0,000616
предвестник 1,698970 0,000616
Великой 1,045757 0,000379
Пасхи 1,698970 0,000616
БОГ 1,698970 0,000616
ЕДИН 1,698970 0,000616
АЛЬБЕРТ 1,698970 0,000616
исполняются 1,698970 0,000616
желания 1,397940 0,000507
награждаются 1,698970 0,000616
старания 1,698970 0,000616
Небо 1,698970 0,000616
пусть 1,698970 0,000616
чудесно 1,698970 0,000616
глубоким 1,698970 0,000616
Солнышко 1,698970 0,000616
Сейчас 0,823909 0,000299
Избе 1,698970 0,001231
Из 0,698970 0,000253
них 0,769551 0,000279
зарегистрированные 1,698970 0,000616
Гетьман 1,698970 0,000616
Крупенникова 1,698970 0,000616
Чернышев 1,698970 0,000616
Гулянов 1,698970 0,000616
Любовь 0,823909 0,000299
Красивая 1,698970 0,000616
Хафиз 1,698970 0,000616
Шахмамедов 1,698970 0,000616
Голицына 1,698970 0,000616
Радова 1,698970 0,000616
Стельмах 1,698970 0,000616
Сухаржевский 1,698970 0,000616
Бутрим 1,698970 0,000616
Степановна 1,698970 0,000616
Небесная 1,698970 0,000616
Асия 1,698970 0,000616
Караева 1,698970 0,000616
приснилась 1,698970 0,000924
Кама 1,698970 0,000924
Литературный 1,301030 0,000471
ДОМ 1,698970 0,000616
сайт 0,494850 0,000359
начинающих 1,221849 0,000443
опытных 1,698970 0,000616
писателей 1,045757 0,000379
свободной 1,301030 0,000471
публикацией 1,698970 0,000616
открыта 1,698970 0,000616
публикации 0,823909 0,000448
интернете 1,522879 0,000552
Хотите 1,397940 0,000507
привлечь 1,221849 0,000443
читателей 0,958607 0,000347
получить 0,769551 0,000279
первые 1,000000 0,000362
своим 1,045757 0,000379
Регистрируйтесь 1,522879 0,000552
литературном 1,522879 0,000552
сайте 0,431798 0,000235
бесплатно 1,045757 0,000568
выкладывайте 1,698970 0,000616
свои 0,698970 0,000380
или 0,301030 0,000164
Талантливых 1,698970 0,000616
обычно 1,698970 0,000616
встречают 1,698970 0,000616
сразу 0,795880 0,000288
а 0,327902 0,000119
начинающий 1,698970 0,000616
ускорения 1,698970 0,000616
получения 1,397940 0,000507
отзывов 1,397940 0,000507
предлагает 1,045757 0,000568
эффективные 1,522879 0,000552
рекламные 1,698970 0,000616
возможности 1,000000 0,000362
Читателям 1,397940 0,000507
богатый 1,522879 0,000552
выбор 1,000000 0,000362
уникальной 1,301030 0,000471
современной 0,958607 0,000347
самобытной 1,698970 0,000616
поэзии 1,221849 0,000443
Авторские 1,301030 0,000471
права 0,431798 0,000235
защищены 0,602060 0,000218
действующим 1,522879 0,000828
законодательством 0,823909 0,000448
читальне 1,698970 0,000924
разрешается 1,698970 0,000616
публиковать 1,301030 0,000471
любые 0,886057 0,000482
обсуждать 1,522879 0,000552
косвенно 1,698970 0,000616
относящиеся 1,698970 0,000616
литературному 1,698970 0,000616
творчеству 1,698970 0,000616
Именно 1,301030 0,000471
поэтому 0,886057 0,000321
относится 1,397940 0,000507
формату 1,698970 0,000616
самиздат 1,698970 0,000616
важно 1,301030 0,000471
какой 0,886057 0,000321
стране 0,853872 0,000309
живете 1,522879 0,000552
Важно 1,522879 0,000828
понимаете 1,522879 0,000552
русский 0,920819 0,000334
язык 0,823909 0,000299
найдете 1,045757 0,000379
современных 1,221849 0,000443
русскоязычных 1,698970 0,000616
литераторов 1,522879 0,000552
пишете 1,698970 0,000616
русском 1,154902 0,000419
языке 0,886057 0,000321
сможете 1,154902 0,000419
опубликовать 1,397940 0,000507
найти 0,698970 0,000253
своего 0,920819 0,000334
читателя 1,301030 0,000471
Chitalnya 1,698970 0,000616
Входящий 1,698970 0,000616
знай 1,522879 0,000552
здесь 0,744727 0,000270
ждут 1,301030 0,000471
свобода 1,397940 0,000507
слова 1,096910 0,000398
уют 1,397940 0,000507
литературный 1,397940 0,000507
Включен 1,698970 0,000616
перечень 1,397940 0,000507
социально 1,698970 0,000616
значимых 1,397940 0,000507
интернет 0,657577 0,000238
ресурсов 1,301030 0,000471
Отправляя 1,698970 0,000616
любой 0,853872 0,000309
текст 1,045757 0,000379
через 0,585027 0,000212
специальные 1,397940 0,000507
соглашаетесь 1,154902 0,000419
политикой 1,221849 0,000443
конфиденциальности 0,744727 0,000270
данного 1,301030 0,000471
принадлежат 1,096910 0,000398
авторам 1,301030 0,000471
охраняются 1,221849 0,000443
Перепечатка 1,301030 0,000471
копирование 1,301030 0,000471
произведений 0,853872 0,000464
возможны 1,698970 0,000616
согласия 1,000000 0,000362
автора 0,886057 0,000321
которому 1,221849 0,000443
можете 0,795880 0,000288
обратиться 1,397940 0,000507
его 0,376751 0,000137
авторской 1,301030 0,000471
странице 1,045757 0,000379
Ответственность 1,397940 0,000507
содержание 1,522879 0,000552
закреплена 1,698970 0,000616
основании 1,301030 0,000471
правил 0,958607 0,000521
российского 0,823909 0,000299
законодательства 1,000000 0,000362
При 0,769551 0,000279
нарушении 1,301030 0,000471
официального 1,698970 0,000616
судебного 1,698970 0,000616
запроса 1,698970 0,000616
Администрация 1,221849 0,000443
предоставит 1,698970 0,000616
необходимые 1,221849 0,000443
данные 0,721246 0,000261
об 0,292430 0,000106
авторе 1,522879 0,000552
нарушителе 1,698970 0,000616
декады 1,698970 0,000616
Пользовательское 0,677781 0,000246
соглашение 0,619789 0,000225
Редакторская 1,698970 0,000616
страница 1,221849 0,000443
Реклама 0,387216 0,000140
Статьи 0,886057 0,000321
Cтихи 1,522879 0,000552
великих 1,301030 0,000471
