Фильм 1,154902 0,009079
Про 1,000000 0,007206
ты 0,886057 0,000580
решаешь 1,698970 0,001669
что 0,187087 0,000184
смотреть 0,769551 0,001260
новости 0,420216 0,000551
кино 0,568636 0,001304
трейлеры 1,221849 0,000800
подборки 1,154902 0,001135
и 0,075721 0,000595
топы 1,698970 0,001113
фильмов 0,795880 0,003389
сериалов 1,045757 0,007193
график 1,522879 0,000998
премьер 1,045757 0,002398
Ты 1,000000 0,000655
Что 0,346787 0,000568
посмотреть 1,000000 0,001965
Подборки 0,795880 0,002346
ТОП 0,958607 0,003140
График 1,221849 0,003602
онлайн 0,508638 0,003332
ожидаемых 1,522879 0,001995
Популярные 0,853872 0,002517
фильмы 0,886057 0,001741
Афиша 0,795880 0,001043
кинотеатров 1,301030 0,003409
Координаты 1,698970 0,001113
Скайфолл 1,698970 0,001113
Спектр 1,698970 0,001113
Казино 1,698970 0,001113
Рояль 1,522879 0,000998
Не 0,481486 0,000473
время 0,366532 0,000240
умирать 1,522879 0,000998
Видео 0,431798 0,000566
Индустрия 1,397940 0,001832
Трейлеры 1,221849 0,002001
Охотники 1,397940 0,000916
за 0,180456 0,000177
привидениями 1,698970 0,001113
Наследники 1,397940 0,000916
Дублированный 1,698970 0,008347
трейлер 1,221849 0,006804
Человек 0,958607 0,000942
паук 1,221849 0,001201
Нет 0,886057 0,000580
пути 0,886057 0,000580
домой 0,958607 0,000628
тизер 1,522879 0,001496
Дом 0,698970 0,000687
Дракона 1,698970 0,001113
сериал 1,045757 0,026718
Один 0,853872 0,000559
дома 0,744727 0,000488
Трейлер 1,301030 0,004688
на 0,075721 0,000372
английском 1,221849 0,002401
языке 0,886057 0,001741
Журнал 1,301030 0,001705
Новости 0,221849 0,000654
Интервью 0,638272 0,000836
Репортажи 1,698970 0,002226
Самые 0,920819 0,001206
популярные 1,000000 0,000655
сериалы 0,920819 0,005429
августа 1,000000 0,000655
smotrim 1,397940 0,000916
ru 0,187087 0,000306
Россияне 1,397940 0,000916
назвали 0,920819 0,000603
любимых 1,045757 0,000685
актеров 1,221849 0,000800
режиссеров 1,301030 0,000852
нового 0,769551 0,000756
русского 0,769551 0,000504
Черная 1,522879 0,002993
Вдова 1,522879 0,001995
вышла 1,045757 0,000685
в 0,070581 0,000532
лидеры 1,522879 0,000998
топа 1,698970 0,001113
продаж 1,096910 0,001796
российских 0,468521 0,000921
от 0,193820 0,000889
Фильмы 0,744727 0,000732
про 0,568636 0,000931
животных 1,045757 0,000685
которые 0,431798 0,000849
развеселят 1,698970 0,001113
когда 0,585027 0,000383
грустно 1,397940 0,000916
Сериалы 1,045757 0,002398
выхода 1,000000 0,001310
Сокол 1,698970 0,001113
Зимний 1,221849 0,000800
Солдат 1,522879 0,000998
Ванда 1,698970 0,001113
Вижен 1,698970 0,001113
Локи 1,698970 0,001113
Форма 1,221849 0,000800
поиска 1,221849 0,000800
по 0,124939 0,000123
сайту 1,096910 0,000719
Зрители 1,301030 0,001278
выбрали 1,522879 0,001496
мультфильм 1,522879 0,001496
Топе 1,698970 0,004452
Две 1,045757 0,000685
позиции 1,301030 0,000852
из 0,167491 0,000439
трех 1,221849 0,000800
первой 1,000000 0,001638
пятерке 1,522879 0,002494
заняли 1,301030 0,000852
семейные 1,301030 0,000852
проекты 0,698970 0,000687
Триггер 1,698970 0,005008
вернул 1,522879 0,001995
себе 0,619789 0,000812
первое 0,886057 0,001161
место 0,795880 0,001564
популярности 1,522879 0,004489
А 0,376751 0,000370
еще 0,408935 0,000268
сразу 0,795880 0,000521
две 0,795880 0,000521
голливудские 1,698970 0,001113
новинки 0,886057 0,000580
оказались 1,154902 0,000757
топ 1,221849 0,001201
Триллер 1,221849 0,002401
с 0,102373 0,000302
Дмитрием 1,301030 0,001278
Нагиевым 1,698970 0,001669
возглавил 1,397940 0,001374
Топ 0,958607 0,001256
И 0,408935 0,000938
снова 0,769551 0,001260
не 0,142668 0,000234
оказалось 1,522879 0,000998
голливудских 1,698970 0,001669
проектов 1,154902 0,000757
Вечные 1,698970 0,001669
мчатся 1,698970 0,001113
к 0,207608 0,000204
рекорду 1,698970 0,001113
Marvel 1,301030 0,001278
вновь 0,823909 0,000540
стал 0,585027 0,000383
самым 0,920819 0,000603
востребованным 1,698970 0,001113
релизом 1,698970 0,001113
Елизавета 1,221849 0,002001
зачем 0,853872 0,000839
новый 0,552842 0,000543
телеканала 0,958607 0,000942
Россия 0,455932 0,000448
Скоро 1,000000 0,000983
эфире 0,823909 0,000540
В 0,167491 0,000384
Топа 1,698970 0,001669
только 0,309804 0,000406
российские 0,958607 0,002198
Первый 0,853872 0,001678
зарубежных 1,000000 0,000655
расположился 1,698970 0,001113
шестом 1,698970 0,001113
месте 0,886057 0,000580
Уже 1,154902 0,000757
доступно 1,522879 0,000998
Онлайн 0,769551 0,005293
Подробнее 0,698970 0,016713
Смотреть 0,721246 0,021498
видео 0,568636 0,016949
Исправление 1,522879 0,001496
наказание 1,301030 0,001278
Комедия 1,096910 0,010419
The 0,721246 0,000945
телки 1,698970 0,002226
Драма 1,301030 0,002131
Порт 1,397940 0,001374
Обоюдное 1,522879 0,001496
согласие 1,154902 0,001513
Ваша 1,397940 0,000916
честь 1,096910 0,000719
Цыпленок 1,698970 0,001669
жареный 1,698970 0,001113
Почка 1,698970 0,001113
смотрите 1,301030 0,000852
наверх 1,522879 0,000998
Память 1,522879 0,000998
здравствуйте 1,698970 0,002226
просто 0,657577 0,000431
так 0,522879 0,000343
Золото 1,698970 0,001113
Пылающее 1,698970 0,001113
море 1,397940 0,000916
Матрица 1,522879 0,000998
Воскрешение 1,522879 0,000998
Боевик 1,397940 0,004121
Приключения 1,221849 0,012006
Научно 1,301030 0,001705
фантастический 1,522879 0,001995
Киану 1,522879 0,000998
Ривз 1,698970 0,001113
Кэрри 1,522879 0,000998
Энн 1,522879 0,000998
Мосс 1,698970 0,001113
Джессика 1,397940 0,000916
Хенвик 1,698970 0,001113
Предпоследняя 1,522879 0,000998
инстанция 1,522879 0,000998
Карамора 1,698970 0,001669
Данила 1,698970 0,001113
Козловский 1,698970 0,001113
Филипп 1,221849 0,000800
Янковский 1,698970 0,001113
Дарья 1,154902 0,000757
Балабанова 1,522879 0,000998
Большой 1,045757 0,001370
красный 1,522879 0,001496
пес 1,698970 0,001669
Клиффорд 1,397940 0,001374
Проклятие 1,301030 0,000852
прислугой 1,698970 0,001113
Сергий 1,698970 0,001113
против 0,387216 0,000254
нечисти 1,698970 0,001113
Власть 1,221849 0,000800
пса 1,698970 0,001113
Назад 1,154902 0,004539
Вперед 1,397940 0,005037
Свежие 1,301030 0,000852
ужасов 1,221849 0,001601
Бабушка 1,154902 0,001891
кинотеатрах 1,397940 0,001374
апреля 0,301030 0,000296
Москве 0,455932 0,000448
состоится 1,096910 0,001078
премьерный 1,698970 0,001669
показ 1,301030 0,001278
хоррора 1,397940 0,001374
Скрежет 1,154902 0,001891
Зверопой 1,522879 0,000998
Дюна 1,522879 0,000998
Король 1,221849 0,001201
Ричард 1,221849 0,001601
Чикатило 1,698970 0,002226
Лунный 1,301030 0,001278
рыцарь 1,522879 0,001496
Хало 1,698970 0,001669
Анонимный 1,698970 0,001669
детектив 1,096910 0,001437
герои 1,045757 0,000685
которых 0,677781 0,000666
проходят 1,522879 0,000998
испытания 1,397940 0,000916
находят 1,522879 0,000998
свое 0,721246 0,000472
счастье 1,096910 0,000719
Аватар 1,522879 0,000998
Пассажиры 1,397940 0,000916
Кон 1,522879 0,000998
Тики 1,698970 0,001113
Движение 1,301030 0,000852
вверх 1,301030 0,000852
Мстители 1,522879 0,000998
Финал 1,301030 0,000852
Красавица 1,154902 0,000757
чудовище 1,522879 0,000998
Джуманджи 1,698970 0,001113
Зов 1,698970 0,001113
джунглей 1,522879 0,000998
Лед 1,698970 0,001113
Марсианин 1,522879 0,000998
Главный 0,585027 0,000958
герой 0,958607 0,001256
Уилл 1,154902 0,001135
Смит 1,154902 0,001513
оскандалился 1,698970 0,001113
Оскаре 1,221849 0,000800
Крис 1,397940 0,000916
Рок 1,301030 0,001278
Джада 1,698970 0,001113
Пинкетт 1,698970 0,001113
тыс 1,096910 0,009342
Все 0,148742 0,000536
свежие 1,096910 0,000719
Новые 0,552842 0,000543
Казнь 1,397940 0,001374
Оскар 1,000000 0,000983
Финальный 1,522879 0,001995
Бука 1,397940 0,001374
Мое 1,301030 0,001278
любимое 1,301030 0,001278
чудище 1,397940 0,001374
Финник 1,301030 0,001278
Мисс 1,154902 0,001135
Марвел 1,397940 0,001374
Морбиус 1,397940 0,001374
Фантастические 1,397940 0,001374
Твари 1,522879 0,000998
Тайны 1,221849 0,001201
Дамблдора 1,698970 0,001669
твари 1,698970 0,001113
Глубокие 1,698970 0,001669
воды 1,154902 0,001135
Доктор 0,853872 0,000839
Стрэндж 1,301030 0,001278
Мультивселенной 1,698970 0,001669
безумия 1,301030 0,001278
Властелин 1,522879 0,001496
колец 1,522879 0,001496
Кольца 1,522879 0,001496
власти 1,045757 0,001028
Анчартед 1,301030 0,001278
На 0,283997 0,000372
картах 1,301030 0,001278
значится 1,221849 0,001201
дублированный 1,522879 0,000998
Охотник 1,698970 0,001669
монстров 1,397940 0,001374
Чудо 1,301030 0,001278
женщина 1,000000 0,000983
Довод 1,698970 0,001669
Батя 1,522879 0,001496
вдова 1,397940 0,001374
Глубже 1,698970 0,001669
Форсаж 1,522879 0,001995
промо 1,522879 0,000998
ролик 1,301030 0,001278
Любовь 0,823909 0,000810
без 0,387216 0,000254
цензуры 1,698970 0,001113
D 1,096910 0,001078
Гаспар 1,698970 0,001113
Ноэ 1,698970 0,001113
Промо 1,397940 0,000916
Тихое 1,698970 0,001669
Том 1,096910 0,001078
Джерри 1,522879 0,001496
новые 0,508638 0,000666
Сейчас 0,823909 0,000540
ищут 1,301030 0,000852
Непосредственно 1,698970 0,001113
Каха 1,698970 0,001113
млн 0,886057 0,000580
просмотров 1,221849 0,005203
Юлия 0,823909 0,000810
Гревцова 1,698970 0,001113
Артур 1,397940 0,000916
Оганесян 1,698970 0,001113
Вартан 1,698970 0,001113
Даниелян 1,698970 0,001113
Холоп 1,698970 0,001113
Мария 0,698970 0,000458
Миронова 1,522879 0,000998
Милош 1,698970 0,001113
Бикович 1,698970 0,001113
Александра 0,638272 0,000627
Бортич 1,698970 0,001113
После 0,795880 0,000521
Глава 0,698970 0,000458
Сэльма 1,698970 0,001113
Блэр 1,698970 0,001113
Хиро 1,522879 0,000998
Файнс 1,698970 0,001113
Тиффин 1,698970 0,001113
Дилан 1,698970 0,001113
Спроус 1,698970 0,001113
Вин 1,698970 0,001113
Дизель 1,698970 0,001113
Шарлиз 1,698970 0,001113
Терон 1,698970 0,001113
Джон 0,958607 0,000942
Сина 1,522879 0,000998
Джентльмены 1,522879 0,000998
Мэттью 1,698970 0,001113
Мак 1,397940 0,001832
Конахи 1,698970 0,001113
Чарли 1,522879 0,000998
Ханнэм 1,698970 0,001113
Джереми 1,522879 0,000998
Стронг 1,698970 0,001669
Заражение 1,698970 0,001113
Амр 1,698970 0,001113
Вакид 1,698970 0,001113
Расселл 1,698970 0,001113
Уэйт 1,698970 0,001113
Джошуа 1,522879 0,000998
Вайнштейн 1,698970 0,001113
Эйфория 1,698970 0,001113
Зендея 1,698970 0,001113
Джейкоб 1,698970 0,001113
Элорди 1,698970 0,001113
Хантер 1,698970 0,001113
Шафер 1,698970 0,001113
Чернобыль 1,397940 0,000916
мини 1,397940 0,000916
Стеллан 1,698970 0,001113
Скарсгард 1,522879 0,000998
Эмили 1,301030 0,000852
Уотсон 1,698970 0,001113
Джаред 1,698970 0,001113
Харрис 1,397940 0,001374
Хороший 1,698970 0,001113
доктор 1,154902 0,000757
Бо 1,397940 0,000916
Гарретт 1,698970 0,001113
Антония 1,522879 0,000998
Томас 1,397940 0,002289
Чуку 1,698970 0,001113
Моду 1,698970 0,001113
Настоящий 1,397940 0,000916
Терренс 1,698970 0,001113
Розмор 1,698970 0,001113
Кристофер 1,698970 0,001113
Агиляр 1,698970 0,001113
Айк 1,698970 0,001113
Джексон 1,301030 0,000852
Игра 1,045757 0,000685
престолов 1,397940 0,000916
Шон 1,522879 0,001496
Бин 1,698970 0,001113
Николай 0,744727 0,000488
Костер 1,698970 0,001113
Вальдау 1,698970 0,001113
Гарри 1,045757 0,000685
Ллойд 1,698970 0,001113
Мир 0,698970 0,000458
Дикого 1,698970 0,001113
Запада 1,000000 0,000655
сезона 0,958607 0,000628
Джеймс 1,096910 0,002156
Марсден 1,698970 0,001113
Синтия 1,698970 0,001113
Даллас 1,698970 0,001113
Оливер 1,698970 0,001113
Белл 1,522879 0,000998
жанры 1,397940 0,000916
Аниме 1,221849 0,001201
Биографический 1,522879 0,001496
фильм 0,823909 0,008096
Вестерн 1,698970 0,001669
Военный 1,522879 0,001496
Документальный 1,522879 0,001496
Исторический 1,301030 0,001278
Короткометражный 1,522879 0,001995
Криминал 1,301030 0,001278
Мелодрама 1,698970 0,001669
Мистика 1,301030 0,001278
Музыкальный 1,397940 0,001374
Мультфильм 1,221849 0,016809
Мюзикл 1,698970 0,001669
Нуар 1,522879 0,001496
Семейный 1,397940 0,006868
Спортивный 1,522879 0,001496
ТВ 0,657577 0,000646
шоу 0,657577 0,000646
Ужасы 1,221849 0,001201
Фэнтези 1,221849 0,001601
Вольт 1,698970 0,001113
Малкольм 1,698970 0,001113
Дауэлл 1,698970 0,001113
Липтон 1,698970 0,001113
Марк 1,154902 0,001513
Уолтон 1,698970 0,001113
Сезон 0,958607 0,001256
охоты 1,301030 0,001278
Скотт 1,397940 0,000916
Менвилль 1,698970 0,001113
Алекс 1,154902 0,000757
Видов 1,698970 0,001113
Л 1,096910 0,000719
Уокер 1,698970 0,001113
Роботы 1,397940 0,000916
Робин 1,221849 0,000800
Уильямс 1,698970 0,001113
Джим 1,301030 0,001705
Бродбент 1,698970 0,002226
Мэл 1,698970 0,001113
Брукс 1,698970 0,001113
Охоты 1,698970 0,001113
Байки 1,397940 0,000916
леса 1,221849 0,000800
Брайан 1,698970 0,001669
Драммонд 1,698970 0,001113
Ли 1,221849 0,000800
Токар 1,698970 0,001113
Мелисса 1,698970 0,001113
Штурм 1,698970 0,001113
Лесная 1,698970 0,001113
братва 1,698970 0,001113
Стив 1,522879 0,001496
Карелл 1,698970 0,001113
Кэтрин 1,397940 0,000916
О 0,207608 0,000204
Хара 1,698970 0,001113
Уильям 1,397940 0,000916
Шетнер 1,698970 0,001113
Звездные 1,397940 0,001374
собаки 1,522879 0,000998
Белка 1,698970 0,001113
Стрелка 1,698970 0,001113
Елена 0,769551 0,000504
Яковлева 1,397940 0,000916
Анна 0,568636 0,000373
Большова 1,698970 0,001113
Руслан 1,397940 0,000916
Кулешов 1,698970 0,001113
Упс 1,698970 0,001113
Ной 1,698970 0,001113
уплыл 1,698970 0,001113
Карла 1,522879 0,000998
Бекер 1,698970 0,001113
Патрик 1,301030 0,001278
Фицсиммонс 1,698970 0,001113
Эва 1,698970 0,001113
Коннолли 1,698970 0,001113
Индюки 1,698970 0,001113
будущее 0,795880 0,000521
Вуди 1,698970 0,001113
Харрельсон 1,698970 0,001113
Оуэн 1,698970 0,001113
Уилсон 1,698970 0,001113
Дэн 1,698970 0,001113
Фоглер 1,698970 0,001113
Криспин 1,698970 0,001113
Гловер 1,698970 0,001113
Элиза 1,522879 0,000998
Габриелли 1,698970 0,001113
Ника 1,397940 0,000916
Футтерман 1,698970 0,001113
пиратов 1,698970 0,001113
стране 0,853872 0,000559
овощей 1,698970 0,001113
Лиза 1,221849 0,000800
Вишер 1,698970 0,001113
Лаура 1,522879 0,000998
Ричи 1,522879 0,000998
Адам 1,397940 0,000916
Фрик 1,698970 0,001113
Цыпа 1,698970 0,001113
Зан 1,698970 0,001113
Зак 1,698970 0,001113
Брафф 1,698970 0,001113
Диндал 1,698970 0,001113
Союз 1,154902 0,000757
зверей 1,698970 0,001113
Дирайсон 1,698970 0,001113
Билли 1,301030 0,000852
Бич 1,698970 0,001113
Вэлиант 1,698970 0,001113
Пернатый 1,698970 0,001113
спецназ 1,698970 0,001113
Джонатан 1,397940 0,000916
Росс 1,397940 0,000916
Лонсдэйл 1,698970 0,001113
Папа 1,397940 0,000916
сдохни 1,698970 0,001113
Илья 1,045757 0,000685
Костюков 1,698970 0,001113
Игорь 0,823909 0,000540
Грабузов 1,698970 0,001113
Ирина 0,886057 0,000580
Токмакова 1,698970 0,001113
Самолеты 1,522879 0,000998
Огонь 1,522879 0,000998
вода 1,301030 0,000852
Эд 1,397940 0,000916
Дейн 1,698970 0,001113
Кук 1,698970 0,001113
Джули 1,522879 0,000998
Боуэн 1,698970 0,001113
собачий 1,698970 0,001113
побег 1,522879 0,000998
Шоу 0,744727 0,000488
Бенжамин 1,698970 0,001113
Натан 1,301030 0,000852
Серио 1,698970 0,001113
Франк 1,522879 0,000998
Робледано 1,698970 0,001113
Лови 1,698970 0,001113
волну 1,397940 0,000916
Хидер 1,698970 0,001113
Вудс 1,698970 0,001113
Марио 1,522879 0,000998
Котоне 1,698970 0,001113
Побег 1,522879 0,000998
курятника 1,698970 0,001113
Тимоти 1,698970 0,001113
Сполл 1,698970 0,001113
Джулия 1,698970 0,001113
Савалия 1,698970 0,001113
Линн 1,397940 0,000916
Фергюсон 1,698970 0,001113
Дог 1,698970 0,001113
Эдди 1,698970 0,001113
Иззард 1,698970 0,001113
Мэтт 1,698970 0,001113
Диллон 1,698970 0,001113
Льюис 1,301030 0,000852
Блэк 1,698970 0,001113
Делай 1,698970 0,001113
ноги 1,397940 0,000916
Хью 1,301030 0,000852
Джекман 1,698970 0,001113
Элайджа 1,698970 0,001113
Вуд 1,698970 0,001113
Бриттани 1,698970 0,001113
Мерфи 1,522879 0,000998
Весь 0,920819 0,000603
Сердцеед 1,698970 0,001113
бандит 1,698970 0,001113
лучшая 1,698970 0,001113
подружка 1,698970 0,001113
отличных 1,698970 0,001669
Роменом 1,698970 0,001113
Дюрисом 1,698970 0,001113
о 0,136677 0,000179
выживании 1,698970 0,001113
катастроф 1,397940 0,000916
морской 1,522879 0,000998
стихии 1,522879 0,000998
узнаваемые 1,698970 0,001113
мелодии 1,698970 0,001113
Рокер 1,698970 0,001113
активист 1,698970 0,001113
фальшивомонетчик 1,698970 0,001113
лучшие 0,886057 0,000580
роли 0,958607 0,000628
Шона 1,698970 0,001113
Пенна 1,698970 0,001113
София 1,301030 0,000852
сезон 0,853872 0,000839
Екатерина 0,920819 0,001206
Взлет 1,698970 0,001113
Петр 1,000000 0,000655
Завещание 1,301030 0,000852
Годунов 1,522879 0,000998
Самозванцы 1,522879 0,000998
Сергей 0,468521 0,000307
Маховиков 1,698970 0,001113
Агриппина 1,522879 0,000998
Стеклова 1,522879 0,000998
Владимир 0,431798 0,000283
Зайцев 1,698970 0,001113
отдел 1,397940 0,000916
Стриминг 1,698970 0,001113
Disney 1,522879 0,000998
показал 1,045757 0,000685
сериала 0,920819 0,000905
Два 0,853872 0,000559
потеснили 1,698970 0,001113
отечественные 1,397940 0,000916
Засланец 1,698970 0,001113
космоса 1,154902 0,000757
Извне 1,698970 0,001113
вечером 1,221849 0,000800
самые 0,721246 0,000472
откровенные 1,698970 0,001113
Крутые 1,397940 0,000916
продлили 1,397940 0,000916
сезоны 1,522879 0,000998
Лучшие 0,823909 0,001889
заставят 1,698970 0,001113
вас 0,823909 0,000540
поверить 1,301030 0,000852
отечественный 1,301030 0,000852
кинематограф 1,698970 0,001113
Пять 1,221849 0,000800
свежих 1,698970 0,001113
для 0,119186 0,000117
любителей 1,698970 0,001113
мистики 1,522879 0,000998
стыдно 1,221849 0,000800
ведьм 1,698970 0,001113
вампиров 1,397940 0,000916
серийных 1,698970 0,001113
убийц 1,221849 0,000800
маньяков 1,522879 0,000998
психопатов 1,698970 0,001113
космос 1,522879 0,000998
напряженные 1,698970 0,001113
политические 1,397940 0,000916
триллеры 1,698970 0,001113
даже 0,619789 0,000406
внимательные 1,698970 0,001113
зрители 1,698970 0,001113
легко 1,045757 0,000685
запутаются 1,698970 0,001113
нужно 0,721246 0,000472
чтобы 0,481486 0,000315
поддержать 1,301030 0,000852
разговор 1,221849 0,000800
крутой 1,698970 0,001113
компании 0,677781 0,000444
х 0,769551 0,000504
Спирит 1,698970 0,001113
Вольная 1,698970 0,001113
езда 1,698970 0,001113
Джефф 1,698970 0,001113
Беннетт 1,698970 0,001113
Нолан 1,698970 0,001113
Норт 1,522879 0,000998
Сидни 1,522879 0,000998
Парк 1,301030 0,000852
С 0,455932 0,000299
Значит 1,698970 0,001113
Семья 1,000000 0,000655
Дэвид 1,397940 0,001374
Кокнер 1,698970 0,001113
Фил 1,522879 0,000998
Хендри 1,698970 0,001113
Реджина 1,698970 0,001113
Тауфен 1,698970 0,001113
Монсики 1,698970 0,001113
Михаил 0,568636 0,000559
Черняк 1,698970 0,001669
Рудина 1,698970 0,001113
Марина 0,958607 0,000628
Гладкая 1,698970 0,001113
Доярка 1,698970 0,001113
Хацапетовки 1,698970 0,001113
Вызов 1,698970 0,001113
судьбе 1,301030 0,000852
Людмила 0,920819 0,000603
Загорская 1,698970 0,001113
Виктория 1,154902 0,000757
Смачелюк 1,698970 0,001113
Олейник 1,698970 0,001113
Волк 1,096910 0,000719
наоборот 1,522879 0,000998
Константин 0,886057 0,000580
Хабенский 1,301030 0,000852
Чулпан 1,698970 0,001113
Хаматова 1,698970 0,001113
Антон 0,958607 0,000628
Комолов 1,698970 0,001113
Фиксики 1,698970 0,001113
Дмитрий 0,602060 0,000394
Назаров 1,522879 0,000998
Инна 1,397940 0,000916
Королева 1,301030 0,000852
Яков 1,397940 0,000916
Васильев 1,096910 0,000719
Мультерны 1,698970 0,001113
Виксен 1,698970 0,001113
Фред 1,698970 0,001113
Татаскьор 1,698970 0,001113
Кари 1,698970 0,001669
Вурер 1,698970 0,001113
Повелитель 1,698970 0,001113
Собез 1,698970 0,001113
Диомид 1,698970 0,001113
Виноградов 1,221849 0,000800
Даниил 1,397940 0,000916
Эльдаров 1,698970 0,001113
Иван 0,744727 0,000488
Калинин 1,698970 0,001113
Новый 0,698970 0,000458
Девон 1,698970 0,001113
Сава 1,698970 0,001113
Кен 1,698970 0,001113
Лернер 1,698970 0,001113
Ньюсом 1,698970 0,001113
Семейка 1,698970 0,001113
Крудс 1,698970 0,001113
Начало 1,045757 0,000685
Леннон 1,698970 0,001113
Ана 1,522879 0,000998
Гастейер 1,698970 0,001113
Доминик 1,698970 0,001113
Кэтрэмбоун 1,698970 0,001113
Скрестив 1,698970 0,001113
мечи 1,698970 0,001113
Люк 1,698970 0,001113
Эванс 1,522879 0,000998
Тара 1,698970 0,001113
Аланна 1,698970 0,001113
Юбак 1,698970 0,001113
Кастлвания 1,698970 0,001113
Армитэдж 1,698970 0,001113
Грэм 1,397940 0,000916
Тавиш 1,698970 0,001113
Кэллис 1,698970 0,001113
Вольтрон 1,698970 0,001113
Легендарный 1,698970 0,001113
защитник 1,698970 0,001113
Уолгрен 1,698970 0,001113
Томми 1,698970 0,001113
Савас 1,698970 0,001113
Мик 1,698970 0,001113
Вингерт 1,698970 0,001113
Лунтик 1,698970 0,001113
его 0,376751 0,000247
друзья 1,045757 0,000685
Гороховская 1,698970 0,001113
Анастасия 1,154902 0,000757
Чистякова 1,698970 0,001113
Покемон 1,698970 0,001113
Поколения 1,698970 0,001113
Волшебный 1,698970 0,001113
фонарь 1,301030 0,000852
Стражи 1,397940 0,000916
галактики 1,698970 0,001113
войны 0,744727 0,000488
Повстанцы 1,698970 0,001113
Лайам 1,698970 0,001113
Брайэн 1,698970 0,001113
Фредди 1,522879 0,000998
Принц 1,522879 0,000998
мл 1,698970 0,001113
Эшли 1,698970 0,001113
Экштейн 1,698970 0,001113
Новинки 0,853872 0,000559
горячие 1,522879 0,000998
живые 1,698970 0,001113
обсуждения 1,301030 0,000852
репортажи 1,397940 0,000916
это 0,292430 0,000192
наших 0,823909 0,000540
социальных 0,769551 0,000504
сетях 0,769551 0,000504
Присоединяйтесь 1,301030 0,000852
нам 0,657577 0,000431
https 0,721246 0,001181
www 0,698970 0,000916
facebook 1,221849 0,000800
com 0,744727 0,001220
filmpro 1,698970 0,001669
подписчиков 1,221849 0,001601
twitter 1,397940 0,000916
filmpronews 1,698970 0,001669
подписчик 1,698970 0,001113
instagram 1,522879 0,000998
youtube 1,397940 0,000916
user 1,397940 0,000916
FilmproNews 1,698970 0,001113
Сетевое 0,795880 0,000521
издание 0,657577 0,000431
Учредитель 0,698970 0,000458
Федеральное 1,045757 0,000685
государственное 1,154902 0,000757
унитарное 1,154902 0,000757
предприятие 1,096910 0,000719
Всероссийская 1,221849 0,000800
государственная 1,221849 0,000800
телевизионная 1,221849 0,000800
радиовещательная 1,221849 0,000800
компания 0,958607 0,000628
ВГТРК 1,154902 0,001135
Свидетельство 0,721246 0,000472
регистрации 0,638272 0,000418
СМИ 0,481486 0,000315
ЭЛ 0,823909 0,000540
ФС 0,522879 0,000343
Выдано 1,301030 0,000852
Федеральной 0,619789 0,000406
службой 0,744727 0,000488
надзору 0,619789 0,000406
сфере 0,552842 0,000362
связи 0,455932 0,000299
информационных 0,585027 0,000383
технологий 0,568636 0,000373
массовых 0,568636 0,000373
коммуникаций 0,585027 0,000383
редактор 0,585027 0,000383
Кудрявцев 1,522879 0,000998
Адрес 0,721246 0,000472
электронной 0,886057 0,000580
почты 0,886057 0,000580
редакции 0,481486 0,000473
info 0,886057 0,000580
vesti 1,522879 0,000998
телефон 0,853872 0,000559
Для 0,494850 0,000324
детей 0,431798 0,000283
старше 1,000000 0,000655
лет 0,366532 0,000240
права 0,431798 0,000283
любые 0,886057 0,000580
материалы 0,537602 0,000352
опубликованные 0,920819 0,000603
сайте 0,431798 0,000424
защищены 0,602060 0,000394
соответствии 0,795880 0,000521
российским 0,823909 0,000540
международным 1,045757 0,000685
законодательством 0,823909 0,000540
об 0,292430 0,000192
интеллектуальной 1,096910 0,000719
собственности 1,154902 0,000757
Любое 0,886057 0,000580
использование 0,795880 0,000782
текстовых 1,154902 0,000757
фото 0,657577 0,000431
аудио 1,096910 0,000719
видеоматериалов 1,045757 0,000685
возможно 0,920819 0,000603
согласия 1,000000 0,000655
правообладателя 0,886057 0,000580
Партнер 1,397940 0,000916
Рамблера 1,397940 0,000916
нашем 1,000000 0,000655
мы 0,468521 0,000307
используем 1,221849 0,000800
cookie 1,221849 0,000800
сбора 1,154902 0,000757
информации 0,698970 0,000458
технического 1,698970 0,001113
характера 1,301030 0,000852
обрабатываем 1,698970 0,001113
IP 1,698970 0,001113
адрес 0,920819 0,000603
вашего 1,154902 0,000757
местоположения 1,698970 0,001113
Продолжая 1,522879 0,000998
использовать 1,154902 0,000757
этот 0,795880 0,000521
сайт 0,494850 0,000324
вы 0,420216 0,000275
даете 1,522879 0,000998
файлов 1,301030 0,000852
cookies 1,301030 0,000852
Я 0,508638 0,000333
согласен 1,522879 0,000998
