Официальный 1,221849 0,000356
сайт 0,494850 0,000289
телеканала 0,958607 0,000559
ТНТ 1,397940 0,003669
эфир 0,795880 0,000696
сериалы 0,920819 0,000806
Семья 1,000000 0,001167
Проект 1,000000 0,001458
Анна 0,568636 0,000995
Николаевна 1,698970 0,002477
Исправление 1,522879 0,001332
и 0,075721 0,000994
наказание 1,301030 0,001138
Год 0,958607 0,000839
культуры 0,795880 0,000696
Война 0,920819 0,000806
семей 1,221849 0,001069
Универ 1,698970 0,005450
САШАТАНЯ 1,698970 0,007432
Ольга 0,769551 0,002020
шоу 0,657577 0,000959
Музыкальная 1,522879 0,004885
интуиция 1,698970 0,005450
Двойной 1,522879 0,001776
Холостяк 1,698970 0,001982
Звезды 0,823909 0,005286
в 0,070581 0,001297
Африке 1,397940 0,008969
Comedy 1,698970 0,019819
Club 1,397940 0,011007
Баттл 1,698970 0,006441
Stand 1,522879 0,010215
Up 1,301030 0,008727
Импровизация 1,522879 0,011991
Команды 1,698970 0,005450
Бузова 1,301030 0,003794
на 0,075721 0,000817
кухне 1,522879 0,003997
телепрограмма 1,397940 0,001631
видео 0,568636 0,000663
еще 0,408935 0,000239
Cобытия 1,698970 0,001486
Кастинги 1,301030 0,001138
Музыка 0,795880 0,000696
Приложения 1,154902 0,001010
войти 1,221849 0,001069
live 1,522879 0,000888
Премьеры 1,096910 0,000640
ПРИСОЕДИНЯЙСЯ 1,698970 0,000991
Политика 0,443697 0,000259
конфиденциальности 0,744727 0,000434
Войти 0,508638 0,000297
с 0,102373 0,001224
помощью 0,769551 0,000449
Получите 1,522879 0,000888
доступ 1,045757 0,000915
к 0,207608 0,000242
сотням 1,698970 0,000991
бесплатных 1,397940 0,000815
трансляций 1,522879 0,000888
целой 1,397940 0,000815
вселенной 1,221849 0,000713
развлекательных 1,522879 0,000888
сервисов 1,045757 0,000610
Еще 0,585027 0,000341
чуть 1,096910 0,000960
вы 0,420216 0,000735
получите 1,301030 0,000759
ОНЛАЙН 1,698970 0,000991
Принимаю 1,397940 0,000815
условия 0,958607 0,000559
пользовательского 1,154902 0,000674
соглашения 1,000000 0,000583
даю 1,397940 0,000815
согласие 1,154902 0,000674
получение 1,522879 0,000888
маркетинговой 1,698970 0,000991
рекламной 1,698970 0,000991
информации 0,698970 0,000408
Завершить 1,522879 0,000888
регистрацию 1,397940 0,000815
Подробнее 0,698970 0,001019
о 0,136677 0,000120
ГИД 1,522879 0,000888
Телеканал 0,769551 0,000449
Премьера 1,221849 0,001069
С 0,455932 0,000399
понедельника 1,397940 0,000815
О 0,207608 0,000969
сериале 1,096910 0,000960
Новый 0,698970 0,000815
выпуск 1,000000 0,000875
Завтра 1,221849 0,001069
премьера 1,154902 0,000674
Воскресенье 1,698970 0,000991
ПН 1,698970 0,000991
ЧТ 1,698970 0,000991
Смотри 1,154902 0,000674
сейчас 0,657577 0,000384
Все 0,148742 0,000217
Битва 1,397940 0,011007
экстрасенсов 1,698970 0,010405
Шаманка 1,698970 0,000991
Лена 1,522879 0,000888
ни 0,744727 0,000434
при 0,468521 0,000273
чем 0,420216 0,000245
воспитании 1,698970 0,000991
детей 0,431798 0,000252
Станет 1,698970 0,000991
ли 0,397940 0,000232
Саша 1,154902 0,002358
страховым 1,698970 0,000991
агентом 1,698970 0,000991
Бузовой 1,698970 0,000991
Двое 1,522879 0,002221
миллион 1,154902 0,001684
MARUV 1,698970 0,000991
одной 0,958607 0,000559
волне 1,698970 0,000991
Батрутдиновым 1,698970 0,000991
Женский 1,301030 0,003415
Стендап 1,698970 0,003964
Мария 0,698970 0,000408
Маркова 1,522879 0,000888
Аттракционы 1,698970 0,000991
Харластяк 1,698970 0,000991
Экзамены 1,698970 0,000991
по 0,124939 0,000255
понтам 1,698970 0,000991
Про 1,000000 0,002916
женщин 0,920819 0,000806
мужчин 1,096910 0,000960
Белый 1,397940 0,000815
против 0,387216 0,000565
проститутки 1,698970 0,000991
Мне 0,958607 0,001398
плевать 1,698970 0,002477
кто 0,494850 0,000722
Мама 1,096910 0,000960
заказала 1,522879 0,000888
стриптизершу 1,698970 0,000991
сыну 1,522879 0,000888
Запела 1,698970 0,000991
до 0,244125 0,000142
слез 1,221849 0,000713
Студия 1,221849 0,003563
Союз 1,154902 0,003368
Солдат 1,522879 0,000888
любви 0,677781 0,000593
Игра 1,045757 0,001830
Команда 1,096910 0,000960
Астана 1,522879 0,000888
Иванько 1,698970 0,000991
Из 0,698970 0,000408
за 0,180456 0,000526
чего 0,795880 0,000464
ссорятся 1,698970 0,000991
женщины 0,958607 0,000839
Секрет 1,301030 0,002656
Идеальный 1,301030 0,000759
мужчина 1,221849 0,001782
Talk 1,522879 0,003997
Прическа 1,698970 0,000991
Нурлана 1,698970 0,000991
Открытый 1,397940 0,006115
микрофон 1,698970 0,007432
тормознутость 1,698970 0,000991
патриотизм 1,698970 0,001486
дизайнеров 1,397940 0,002854
Джамиля 1,698970 0,000991
снова 0,769551 0,000449
удивляет 1,698970 0,000991
попой 1,698970 0,000991
чую 1,698970 0,000991
Сцены 1,698970 0,000991
из 0,167491 0,000537
шляпы 1,698970 0,000991
Полицейский 1,698970 0,003964
Рублевки 1,698970 0,004459
Украли 1,698970 0,000991
тело 1,045757 0,000610
отца 1,000000 0,000875
Танцы 1,397940 0,001223
Исповедь 1,397940 0,000815
Нико 1,522879 0,000888
Кристина 1,154902 0,000674
поймала 1,698970 0,000991
Кузю 1,698970 0,000991
Жуки 1,698970 0,003468
Обыск 1,698970 0,001486
Патриот 1,522879 0,003997
Девчонка 1,698970 0,000991
VS 1,397940 0,003261
менты 1,698970 0,000991
Новые 0,552842 0,002580
танцы 1,522879 0,006662
Sannah 1,698970 0,001486
Sasha 1,698970 0,001486
Стас 1,397940 0,002038
Неблагополучное 1,698970 0,000991
семейство 1,522879 0,000888
Подарок 1,522879 0,001332
для 0,119186 0,000278
начальника 1,522879 0,000888
Харламов 1,698970 0,001486
перепутал 1,698970 0,000991
гимнасток 1,698970 0,000991
синхронистками 1,698970 0,000991
Однажды 1,045757 0,006404
России 0,251812 0,001616
Интервью 0,638272 0,000372
у 0,387216 0,000452
Face 1,698970 0,000991
Яжотец 1,698970 0,001982
Полезный 1,698970 0,000991
завтрак 1,522879 0,000888
Я 0,508638 0,001780
тебе 1,096910 0,002879
не 0,142668 0,000749
верю 1,301030 0,003415
Губерниев 1,698970 0,001486
вел 1,522879 0,000888
трансляцию 1,301030 0,000759
бани 1,698970 0,001486
Наша 1,154902 0,001347
RUSSIA 1,698970 0,001982
Кто 0,638272 0,001303
долбил 1,698970 0,000991
после 0,397940 0,000232
налоги 1,522879 0,000888
культуру 1,301030 0,000759
питания 1,522879 0,000888
Измайлов 1,698970 0,000991
стал 0,585027 0,000341
начальником 1,698970 0,000991
Щербаков 1,698970 0,001982
общается 1,301030 0,000759
залом 1,522879 0,000888
Покрытие 1,698970 0,000991
крыши 1,698970 0,000991
загородного 1,698970 0,000991
дома 0,744727 0,000434
Нас 1,698970 0,000991
съедят 1,698970 0,000991
Пельмени 1,698970 0,000991
бульонезе 1,698970 0,000991
работе 1,154902 0,000674
проводником 1,522879 0,000888
поезде 1,154902 0,000674
Нормальная 1,698970 0,000991
девушка 1,221849 0,000713
нормально 1,522879 0,000888
моет 1,698970 0,000991
пол 1,301030 0,000759
Репертуар 1,698970 0,000991
Евровидения 1,698970 0,000991
Дорохов 1,698970 0,000991
Медведь 1,698970 0,000991
Как 0,301030 0,000790
скосить 1,698970 0,000991
от 0,193820 0,000509
родительского 1,698970 0,000991
комитета 1,301030 0,000759
Ограбили 1,698970 0,000991
магазин 1,154902 0,001010
виноград 1,698970 0,000991
Подарочный 1,698970 0,000991
сертификат 1,522879 0,000888
УЗИ 1,698970 0,000991
школу 1,096910 0,000640
Орел 1,397940 0,000815
решка 1,698970 0,000991
Контакт 1,301030 0,000759
Общение 1,397940 0,000815
фейкового 1,698970 0,000991
аккаунта 1,397940 0,000815
Праздничные 1,698970 0,000991
шокеры 1,698970 0,000991
Азамат 1,698970 0,001486
Мусагалиев 1,698970 0,000991
приеме 1,698970 0,000991
психотерапевта 1,698970 0,000991
лка 1,698970 0,000991
Игорь 0,823909 0,000481
них 0,769551 0,000449
голос 1,397940 0,001223
Света 1,698970 0,002477
того 0,853872 0,001245
света 1,221849 0,001782
Возвращаем 1,698970 0,000991
удовольствие 1,522879 0,000888
Парни 1,698970 0,000991
сайтах 1,522879 0,000888
знакомств 1,522879 0,000888
Разрыв 1,522879 0,000888
Tik 1,698970 0,000991
tok 1,698970 0,000991
Андрей 0,552842 0,000322
Атлас 1,698970 0,000991
Безработная 1,698970 0,000991
жена 1,000000 0,000875
Драка 1,698970 0,000991
остановке 1,698970 0,000991
прием 1,221849 0,000713
работу 0,823909 0,000721
Идеальная 1,397940 0,001223
семья 1,045757 0,000610
Зашкварная 1,698970 0,000991
история 0,721246 0,000421
Где 0,958607 0,004753
логика 1,301030 0,005312
Что 0,346787 0,000607
делает 1,301030 0,000759
Мужские 1,698970 0,000991
загоны 1,698970 0,000991
Таня 1,522879 0,001776
Бразильские 1,698970 0,000991
сливки 1,698970 0,000991
Отпуск 1,522879 0,001776
Свадьбы 1,698970 0,000991
будет 0,387216 0,000226
Батя 1,522879 0,000888
Отцовские 1,698970 0,000991
методы 1,301030 0,000759
воспитания 1,397940 0,000815
Дуэль 1,698970 0,000991
Кайфовых 1,698970 0,000991
Комфортных 1,698970 0,000991
Патриотичные 1,698970 0,000991
разговоры 1,698970 0,000991
Жрец 1,698970 0,000991
древнего 1,522879 0,000888
культа 1,698970 0,000991
Свободу 1,698970 0,000991
Евгению 1,698970 0,000991
Леха 1,698970 0,000991
подставил 1,698970 0,000991
команду 1,522879 0,000888
Женщины 1,301030 0,001138
логикой 1,698970 0,000991
Привет 1,397940 0,000815
Карлуша 1,698970 0,000991
Гурам 1,698970 0,000991
Амарян 1,698970 0,000991
Об 0,698970 0,000815
этикете 1,698970 0,000991
Шахматисты 1,698970 0,000991
Шоу 0,744727 0,001086
Маски 1,522879 0,000888
Роман 0,795880 0,000464
Косицын 1,698970 0,000991
про 0,568636 0,000332
молодую 1,522879 0,000888
жену 1,221849 0,001069
Африканские 1,698970 0,000991
десерты 1,397940 0,000815
будущего 0,823909 0,000481
Раскривушка 1,698970 0,000991
майфун 1,698970 0,000991
Недоброе 1,698970 0,000991
утро 1,301030 0,001897
За 0,568636 0,000497
бабушку 1,397940 0,000815
жалко 1,522879 0,000888
Максим 0,958607 0,000839
Лозицкий 1,698970 0,000991
Вероника 1,522879 0,000888
Полюшкина 1,698970 0,000991
Такое 1,301030 0,003794
кино 0,568636 0,001990
Татуировка 1,698970 0,000991
Дед 1,522879 0,000888
вызвал 1,301030 0,000759
девять 1,698970 0,000991
девушек 1,301030 0,000759
Нервное 1,698970 0,000991
радио 1,096910 0,000640
своем 0,823909 0,000721
голосе 1,698970 0,000991
надо 0,823909 0,000481
радоваться 1,522879 0,000888
сотке 1,698970 0,000991
Начинал 1,522879 0,000888
интимных 1,698970 0,000991
стрижек 1,698970 0,000991
LAB 1,698970 0,001982
Лаборатория 1,522879 0,001776
Музыки 1,522879 0,001776
Антона 1,397940 0,001631
Беляева 1,698970 0,001982
Кавер 1,698970 0,000991
исполнении 1,698970 0,001486
LIttle 1,698970 0,000991
Big 1,397940 0,000815
Настоящая 1,397940 0,000815
любовь 0,698970 0,000408
Подсчет 1,698970 0,000991
крыс 1,522879 0,000888
Art 1,397940 0,000815
of 0,920819 0,000537
Motion 1,698970 0,000991
Новости 0,221849 0,000129
Лютые 1,698970 0,000991
прикольчики 1,698970 0,000991
Не 0,481486 0,000421
жизнь 0,537602 0,000314
а 0,327902 0,000191
комбо 1,522879 0,000888
проблем 1,154902 0,000674
AGNY 1,698970 0,001486
актерстве 1,698970 0,000991
скандале 1,522879 0,000888
ИГРА 1,698970 0,000991
общественные 1,698970 0,000991
перелезал 1,698970 0,000991
через 0,585027 0,000341
забор 1,522879 0,000888
Это 0,537602 0,000314
просто 0,657577 0,000384
прикол 1,698970 0,000991
Девушки 1,522879 0,003553
Макаровым 1,698970 0,003964
Малой 1,522879 0,000888
попутал 1,698970 0,001486
Четверо 1,698970 0,000991
один 0,721246 0,000421
Перезагрузка 1,698970 0,006441
себя 0,552842 0,000645
мужа 1,221849 0,001425
Найди 1,698970 0,000991
общее 1,522879 0,000888
ком 1,698970 0,000991
поем 1,698970 0,000991
Днем 1,301030 0,000759
двора 1,522879 0,000888
Мир 0,698970 0,000815
Дружба 1,698970 0,001486
Жвачка 1,698970 0,001486
Зарождение 1,698970 0,000991
сетевого 1,096910 0,000640
маркетинга 1,397940 0,000815
Реальные 1,522879 0,001776
пацаны 1,698970 0,001982
Лучшее 1,154902 0,001010
средство 1,397940 0,000815
прыщей 1,698970 0,000991
Караоке 1,698970 0,000991
NILETTO 1,698970 0,000991
Харассмент 1,698970 0,000991
рабочем 1,698970 0,000991
месте 0,886057 0,000517
Отцы 1,301030 0,000759
дети 0,853872 0,000498
трогай 1,698970 0,000991
мячи 1,698970 0,000991
Зомбак 1,698970 0,000991
Толик 1,698970 0,001486
Шерстяная 1,698970 0,000991
крыса 1,522879 0,000888
супе 1,698970 0,000991
Веселые 1,522879 0,000888
ребята 1,698970 0,000991
метро 1,096910 0,000640
Виталий 1,154902 0,000674
Савченко 1,698970 0,000991
Майкл 1,522879 0,000888
детекторе 1,698970 0,000991
лжи 1,522879 0,000888
Месть 1,522879 0,000888
опоздунам 1,698970 0,000991
Телефонная 1,698970 0,000991
зависимость 1,522879 0,000888
Полоса 1,698970 0,000991
препятствий 1,698970 0,000991
Кайфовые 1,698970 0,000991
Деревенские 1,698970 0,000991
Маньячелло 1,698970 0,001486
Чуть 1,397940 0,000815
спалился 1,698970 0,000991
Уроки 1,301030 0,000759
дрессировки 1,698970 0,000991
Безумный 1,522879 0,000888
молодой 1,221849 0,000713
человек 0,494850 0,000433
Борьба 1,301030 0,000759
экологию 1,698970 0,000991
Оля 1,397940 0,000815
секретничает 1,698970 0,000991
мамой 1,522879 0,001332
Проверка 1,221849 0,000713
своих 0,657577 0,000384
супер 1,698970 0,000991
способностей 1,522879 0,000888
Яковлев 1,698970 0,001486
знаком 1,522879 0,000888
Трампом 1,698970 0,000991
Шокирующая 1,698970 0,000991
тайна 1,522879 0,000888
Развел 1,698970 0,000991
Попову 1,698970 0,000991
мобилу 1,698970 0,000991
Гарик 1,698970 0,000991
смешит 1,698970 0,000991
всех 0,552842 0,000484
звезд 1,154902 0,000674
Истерика 1,698970 0,000991
Бони 1,698970 0,000991
Полярный 1,698970 0,003964
Гипноз 1,698970 0,000991
ПЕСНИ 1,698970 0,000991
Slame 1,698970 0,000991
Polaroid 1,698970 0,000991
Зрители 1,301030 0,000759
взбунтовались 1,522879 0,000888
Комедия 1,096910 0,000640
Максима 1,698970 0,000991
Мунхоева 1,698970 0,000991
Обстановка 1,397940 0,000815
вечеринке 1,522879 0,000888
Яйцеклетки 1,698970 0,000991
кричат 1,698970 0,000991
Лучше 1,397940 0,000815
быть 0,431798 0,000378
любовницей 1,698970 0,000991
Мисс 1,154902 0,000674
Даугавпилс 1,698970 0,000991
Интерны 1,698970 0,002477
Перепутал 1,698970 0,001486
пациентку 1,698970 0,000991
бывшей 1,522879 0,000888
Призрак 1,301030 0,000759
бабы 1,698970 0,000991
Кати 1,698970 0,000991
Aliens 1,698970 0,000991
Crew 1,698970 0,000991
Настя 1,301030 0,001138
соберись 1,698970 0,001486
Хочу 0,920819 0,000537
ребенка 0,823909 0,000961
Испытание 1,698970 0,000991
самым 0,920819 0,000537
опасным 1,301030 0,000759
пауком 1,698970 0,001486
Медицинский 1,698970 0,000991
ресторан 1,522879 0,000888
НОВЫЕ 1,522879 0,002221
ТАНЦЫ 1,698970 0,003964
Снупикрю 1,698970 0,000991
пара 1,397940 0,000815
Гадание 1,698970 0,000991
яблокам 1,698970 0,000991
Аля 1,698970 0,000991
покоряет 1,698970 0,000991
Москву 0,886057 0,000517
Аферисты 1,698970 0,000991
казино 1,698970 0,000991
Самый 1,000000 0,000583
спокойный 1,698970 0,000991
пациент 1,522879 0,000888
Страшная 1,698970 0,000991
Пирамидальность 1,698970 0,000991
денежных 1,698970 0,000991
потоков 1,698970 0,000991
съемных 1,698970 0,000991
квартирах 1,698970 0,000991
Влади 1,698970 0,000991
Расул 1,522879 0,000888
Чабдаров 1,698970 0,000991
отгадывают 1,698970 0,000991
клип 1,397940 0,000815
Нашествие 1,698970 0,000991
медуз 1,698970 0,000991
Чебурек 1,698970 0,000991
вместо 0,744727 0,000434
губы 1,522879 0,000888
Домашний 1,397940 0,001223
арест 1,301030 0,001138
Чиновник 1,698970 0,000991
любовница 1,698970 0,001486
звезда 1,397940 0,000815
Чья 1,698970 0,000991
попа 1,698970 0,000991
лучше 0,958607 0,000559
Дельфины 1,698970 0,000991
B 1,221849 0,000713
Boy 1,698970 0,000991
Malish 1,698970 0,000991
Милиционер 1,698970 0,000991
Рэмбо 1,698970 0,000991
Вне 1,301030 0,000759
Важные 1,397940 0,000815
переговоры 1,301030 0,000759
Силиконовый 1,698970 0,000991
обман 1,397940 0,000815
семье 1,154902 0,000674
боли 1,397940 0,000815
ногах 1,698970 0,000991
излишней 1,522879 0,000888
волосатости 1,698970 0,000991
Бедная 1,397940 0,000815
Лиля 1,698970 0,000991
Тимати 1,698970 0,000991
Джиган 1,698970 0,000991
Вы 0,619789 0,000361
орете 1,698970 0,000991
великолепно 1,698970 0,000991
Мой 0,853872 0,000498
так 0,522879 0,000305
ведет 1,096910 0,000640
Звезда 1,221849 0,000713
Тик 1,698970 0,000991
Тока 1,698970 0,000991
стендап 1,698970 0,000991
Заговор 1,698970 0,000991
прилипших 1,698970 0,000991
мужиков 1,698970 0,000991
Львенок 1,698970 0,000991
кусает 1,698970 0,000991
Гаврилину 1,698970 0,000991
Сильная 1,698970 0,000991
независимая 1,698970 0,000991
женщина 1,000000 0,000583
Показалось 1,698970 0,000991
Восточные 1,698970 0,000991
сказки 1,154902 0,000674
Вафли 1,698970 0,000991
тестом 1,698970 0,000991
Обмен 1,522879 0,000888
Логика 1,698970 0,000991
Спираль 1,698970 0,000991
ракушка 1,698970 0,000991
улитка 1,698970 0,000991
На 0,283997 0,000166
вокзале 1,397940 0,000815
покупке 1,154902 0,000674
новых 0,508638 0,000297
смартфонов 1,698970 0,000991
родителей 0,958607 0,000839
жизни 0,443697 0,000518
одному 1,522879 0,000888
Галустян 1,698970 0,000991
меняет 1,397940 0,000815
правила 0,958607 0,000559
Голый 1,698970 0,001486
Петросян 1,522879 0,000888
отрыжка 1,698970 0,000991
Сеанс 1,698970 0,000991
семейного 1,698970 0,000991
психолога 1,522879 0,000888
Новогодний 1,522879 0,000888
беспредел 1,698970 0,000991
Очко 1,698970 0,000991
фортуны 1,698970 0,000991
Мультфильм 1,221849 0,000713
взрослых 1,000000 0,000583
квартире 1,221849 0,000713
Москве 0,455932 0,000266
Пять 1,221849 0,000713
месяцев 1,221849 0,000713
Одиннадцатилетний 1,698970 0,000991
уникум 1,698970 0,000991
Бес 1,698970 0,001486
сюрприз 1,397940 0,000815
испортить 1,698970 0,000991
День 0,795880 0,000464
рождения 0,677781 0,000395
подруге 1,397940 0,000815
Толерантные 1,698970 0,000991
авиалинии 1,698970 0,000991
Нурлан 1,698970 0,001486
Сабуров 1,698970 0,001486
улыбках 1,698970 0,000991
бабках 1,698970 0,000991
кем 1,221849 0,000713
спит 1,698970 0,000991
Лобанов 1,522879 0,000888
встречает 1,221849 0,000713
психиатра 1,698970 0,000991
Ресторан 1,698970 0,001486
понятиям 1,698970 0,001486
Узнал 1,698970 0,000991
телефонном 1,698970 0,000991
мошеннике 1,698970 0,000991
друга 0,886057 0,000517
диете 1,698970 0,000991
сожительницах 1,698970 0,000991
Порадовали 1,698970 0,000991
дедушку 1,522879 0,000888
Прожарка 1,698970 0,001486
Галустяна 1,698970 0,000991
прожаривает 1,698970 0,000991
водитель 1,397940 0,000815
Мартиросяна 1,698970 0,000991
Народные 1,397940 0,000815
поверья 1,698970 0,000991
оставил 1,698970 0,000991
без 0,387216 0,000452
школы 0,853872 0,000498
У 0,431798 0,000378
Мигеля 1,698970 0,001982
истерика 1,698970 0,000991
Кодовое 1,698970 0,000991
слово 0,886057 0,000517
Катарсис 1,698970 0,000991
Лопахина 1,698970 0,000991
Krosh 1,522879 0,000888
Boogie 1,698970 0,000991
Когда 0,602060 0,000702
билет 1,096910 0,000640
стоил 1,522879 0,000888
тысяч 0,744727 0,000434
Ты 1,000000 0,001167
маску 1,522879 0,000888
забыл 1,522879 0,000888
Новое 0,958607 0,001118
Миша 1,301030 0,000759
прости 1,698970 0,000991
Гранит 1,698970 0,000991
науки 1,045757 0,000610
Этель 1,522879 0,000888
Самопальный 1,698970 0,000991
тест 0,958607 0,000559
Пропажа 1,698970 0,001486
фотографий 1,397940 0,000815
Розовое 1,698970 0,000991
мальчика 1,096910 0,000640
Мертвый 1,698970 0,000991
запах 1,698970 0,000991
Рыночные 1,698970 0,000991
отношения 1,045757 0,000610
Лермонтов 1,301030 0,000759
или 0,301030 0,000263
Пушкин 1,221849 0,000713
Валентин 1,154902 0,001010
Сидоров 1,698970 0,001486
имени 0,721246 0,000421
Вопросы 1,154902 0,000674
девушкам 1,698970 0,000991
Леопардесса 1,698970 0,000991
гостях 1,154902 0,001010
Вопрос 1,397940 0,000815
рублей 0,585027 0,000341
Спасибо 1,154902 0,000674
что 0,187087 0,000109
родила 1,522879 0,000888
меня 0,721246 0,000841
Танец 1,397940 0,000815
монстра 1,397940 0,000815
Гео 1,698970 0,000991
решить 1,301030 0,000759
проблему 1,522879 0,000888
отключения 1,698970 0,000991
горячей 1,522879 0,000888
воды 1,154902 0,000674
Прикинулся 1,698970 0,000991
другим 1,397940 0,000815
Красные 1,522879 0,000888
шапочки 1,698970 0,000991
уже 0,602060 0,000351
те 1,221849 0,000713
Виталька 1,698970 0,000991
алкашня 1,698970 0,000991
Специальный 1,154902 0,000674
мужчины 0,920819 0,000537
Царица 1,698970 0,000991
следственного 1,698970 0,000991
отдела 1,301030 0,000759
Измены 1,698970 0,001486
Нотации 1,698970 0,000991
любовника 1,522879 0,000888
Стыдная 1,698970 0,000991
настолка 1,698970 0,000991
Женщина 1,221849 0,000713
которая 0,823909 0,000481
ела 1,698970 0,000991
масло 1,221849 0,000713
Южные 1,698970 0,000991
Фантастические 1,397940 0,000815
Знакомство 1,522879 0,001332
улице 1,221849 0,000713
Бросил 1,698970 0,000991
будущий 1,698970 0,000991
муж 1,154902 0,000674
такой 0,853872 0,000747
висхолдер 1,698970 0,000991
отель 1,522879 0,000888
но 0,481486 0,000281
домашнему 1,698970 0,000991
Камедюшники 1,698970 0,000991
команда 1,096910 0,000640
Красноярска 1,698970 0,000991
Вампирская 1,698970 0,000991
сага 1,301030 0,000759
Вампиры 1,397940 0,000815
средней 1,301030 0,000759
полосы 1,397940 0,000815
Вампирский 1,522879 0,000888
блог 1,698970 0,000991
Заклинания 1,698970 0,000991
электрошокерами 1,698970 0,000991
Подкаты 1,698970 0,000991
е 1,096910 0,000640
В 0,167491 0,000244
Русский 1,045757 0,000610
богатырь 1,698970 0,000991
Соседей 1,698970 0,000991
выбирают 1,522879 0,000888
Вика 1,698970 0,000991
Складчикова 1,698970 0,000991
сидит 1,698970 0,000991
женами 1,698970 0,000991
комиков 1,698970 0,000991
карате 1,698970 0,000991
драках 1,698970 0,000991
женой 1,397940 0,000815
Выгнала 1,698970 0,000991
конкурентку 1,698970 0,000991
Программа 0,958607 0,000559
Слабое 1,522879 0,000888
Групповое 1,698970 0,000991
фото 0,657577 0,000384
отдохнуть 1,522879 0,000888
хотела 1,221849 0,000713
Пародия 1,698970 0,000991
японское 1,698970 0,000991
Семейный 1,397940 0,000815
разговор 1,221849 0,000713
Удаление 1,698970 0,000991
татуировок 1,698970 0,000991
Выбор 0,886057 0,000517
жениха 1,522879 0,000888
тигре 1,522879 0,000888
Старовойтов 1,698970 0,001486
удаленке 1,698970 0,000991
Секретарша 1,698970 0,000991
Яковлева 1,397940 0,000815
появилась 1,397940 0,000815
невестка 1,698970 0,000991
цыганка 1,698970 0,000991
Cadillac 1,397940 0,000815
Лолиты 1,698970 0,000991
Элджея 1,698970 0,000991
Воспитание 1,522879 0,000888
сына 1,000000 0,000583
Пострадали 1,698970 0,000991
Коли 1,698970 0,000991
Парк 1,301030 0,000759
виноватых 1,698970 0,000991
такое 0,638272 0,000558
сложный 1,397940 0,000815
гарнир 1,698970 0,000991
Помог 1,698970 0,000991
сбросить 1,698970 0,000991
напряжение 1,698970 0,000991
TikTok 1,221849 0,000713
продали 1,522879 0,000888
рабство 1,522879 0,001332
Камызяки 1,698970 0,000991
душили 1,698970 0,000991
Эвелину 1,698970 0,000991
Бледанс 1,522879 0,000888
Аниматоры 1,698970 0,000991
пираты 1,698970 0,000991
тестю 1,698970 0,000991
Роль 1,698970 0,000991
грабителя 1,698970 0,000991
Стыковка 1,698970 0,000991
лохов 1,698970 0,000991
Страх 1,522879 0,000888
высоты 1,698970 0,000991
Девушка 1,096910 0,000640
дождалась 1,698970 0,000991
парня 1,221849 0,000713
Добросовестная 1,698970 0,000991
соседка 1,698970 0,000991
Спалилась 1,698970 0,000991
перед 0,920819 0,000537
Тест 0,886057 0,000517
драйв 1,221849 0,000713
двери 1,522879 0,000888
пьяного 1,522879 0,000888
Небезопасный 1,698970 0,000991
аквапарк 1,698970 0,000991
проблемы 1,000000 0,000583
детства 1,154902 0,000674
Малюсенький 1,698970 0,000991
напарник 1,698970 0,000991
Айза 1,522879 0,000888
Басте 1,698970 0,000991
Изгнание 1,698970 0,000991
Woman 1,397940 0,000815
Неправильно 1,698970 0,000991
загаданные 1,698970 0,000991
желания 1,397940 0,000815
Ульяна 1,522879 0,000888
Пылаева 1,698970 0,000991
Екатерина 0,920819 0,000537
Решетникова 1,698970 0,000991
Ягодицы 1,698970 0,000991
Испытания 1,698970 0,000991
Сосачки 1,698970 0,000991
свидание 1,698970 0,000991
Машки 1,698970 0,000991
Шанс 1,522879 0,000888
спасение 1,301030 0,000759
Пой 1,698970 0,001486
правил 0,958607 0,000839
Скороговорки 1,698970 0,000991
караоке 1,698970 0,000991
Кравец 1,698970 0,000991
Билан 1,698970 0,000991
Соболев 1,301030 0,000759
Нарисуйте 1,698970 0,000991
мне 0,853872 0,000498
здесь 0,744727 0,000434
общего 1,522879 0,000888
Десерт 1,698970 0,000991
личинок 1,698970 0,000991
Батрутдинова 1,698970 0,000991
обманули 1,397940 0,000815
Африканский 1,698970 0,000991
деликатес 1,698970 0,000991
Поссорились 1,698970 0,000991
фотки 1,698970 0,000991
Сжег 1,698970 0,000991
машину 1,000000 0,000583
деньгами 1,698970 0,000991
французского 1,221849 0,000713
горошка 1,698970 0,000991
Иди 1,698970 0,000991
хвостик 1,698970 0,000991
потрогай 1,698970 0,000991
ночном 1,698970 0,000991
клубе 1,698970 0,000991
Дорогой 1,698970 0,000991
Его 0,958607 0,000559
зовут 1,301030 0,000759
Олег 0,795880 0,000464
значит 1,154902 0,000674
лет 0,366532 0,000214
отношениях 0,886057 0,000517
Секреты 1,221849 0,000713
семейной 1,397940 0,000815
Клуб 1,154902 0,000674
vs 1,301030 0,001138
ипотека 1,397940 0,000815
Рэп 1,522879 0,000888
баттл 1,698970 0,000991
Настоящий 1,397940 0,000815
Интерьеры 1,698970 0,000991
финалистов 1,522879 0,000888
Последний 0,920819 0,000806
сезон 0,853872 0,000498
Ева 1,397940 0,000815
Уварова 1,698970 0,000991
Аня 1,397940 0,001223
Седокова 1,698970 0,000991
выдает 1,397940 0,000815
смешные 1,522879 0,000888
версии 1,000000 0,000583
Дурацкие 1,698970 0,000991
подарки 1,301030 0,000759
как 0,251812 0,000220
я 0,522879 0,000457
Автомат 1,698970 0,000991
игрушками 1,698970 0,000991
кровати 1,522879 0,000888
кузнецом 1,698970 0,000991
Баста 1,522879 0,000888
Лебедь 1,397940 0,000815
рак 1,522879 0,000888
щука 1,698970 0,000991
WHIPHEAD 1,698970 0,000991
FAM 1,698970 0,000991
Имитация 1,698970 0,000991
трек 1,698970 0,000991
Супер 1,221849 0,001069
Жорика 1,698970 0,000991
Мишка 1,522879 0,000888
виновен 1,522879 0,000888
Эвакуация 1,522879 0,000888
корабля 1,397940 0,000815
личностей 1,698970 0,000991
внутри 1,154902 0,000674
Черданцев 1,698970 0,000991
заходит 1,698970 0,000991
бар 1,698970 0,000991
лишнем 1,698970 0,000991
весе 1,698970 0,000991
голосовых 1,698970 0,000991
сообщениях 1,698970 0,000991
Моральная 1,698970 0,000991
измена 1,698970 0,000991
танец 1,522879 0,000888
Ко 1,221849 0,000713
Новая 0,823909 0,000481
женская 1,522879 0,000888
профессия 1,522879 0,000888
Бизнес 0,853872 0,000498
предложение 1,301030 0,000759
друзей 1,045757 0,000610
Улица 1,698970 0,000991
Азамата 1,698970 0,000991
Мусагалиева 1,698970 0,000991
Хилькевич 1,698970 0,000991
добывает 1,698970 0,000991
еду 1,522879 0,000888
Презерватив 1,698970 0,000991
газовый 1,698970 0,000991
баллончик 1,698970 0,000991
Убрать 1,698970 0,000991
конкурентов 1,698970 0,000991
Гусары 1,698970 0,000991
Приворотная 1,698970 0,000991
Марьяна 1,698970 0,001486
Зотова 1,698970 0,000991
Разговор 1,522879 0,000888
общак 1,698970 0,000991
Матютя 1,698970 0,000991
кровожадный 1,698970 0,000991
Хемингуэй 1,698970 0,000991
Подруга 1,522879 0,000888
Ахмедовой 1,698970 0,000991
Господи 1,698970 0,000991
помоги 1,698970 0,000991
Непрофессиональный 1,698970 0,000991
инспектор 1,698970 0,000991
талантов 1,397940 0,000815
Вонючий 1,698970 0,000991
случай 1,397940 0,000815
Сын 1,397940 0,000815
Зураба 1,698970 0,000991
Матуа 1,698970 0,000991
Предпоследняя 1,522879 0,000888
инстанция 1,522879 0,000888
Проявила 1,698970 0,000991
жалость 1,698970 0,000991
человеку 1,397940 0,000815
прячет 1,522879 0,000888
любовницу 1,698970 0,000991
Потерял 1,698970 0,000991
Три 0,823909 0,000481
струны 1,698970 0,000991
обе 1,301030 0,000759
лишние 1,698970 0,000991
Дачная 1,698970 0,000991
кухня 1,522879 0,000888
мечты 1,522879 0,000888
одно 1,045757 0,000610
лицо 1,301030 0,000759
Blast 1,698970 0,000991
почетный 1,698970 0,000991
житель 1,698970 0,000991
Камызяк 1,698970 0,000991
Мальчики 1,698970 0,000991
девочек 1,221849 0,000713
крадет 1,698970 0,000991
бумагу 1,522879 0,000888
офиса 1,397940 0,000815
отдыхе 1,698970 0,000991
Сочи 0,920819 0,000537
Вадим 1,045757 0,000610
Постильный 1,698970 0,000991
собеседований 1,698970 0,000991
Паранойя 1,698970 0,000991
Саши 1,221849 0,000713
Гимнасты 1,698970 0,000991
Камеди 1,698970 0,000991
Клаб 1,698970 0,000991
Обожглась 1,698970 0,000991
считает 1,000000 0,000583
собаку 1,397940 0,000815
преданнее 1,698970 0,000991
Сафронов 1,522879 0,000888
Миллион 1,522879 0,000888
домовых 1,698970 0,000991
чатиков 1,698970 0,000991
спонтанность 1,698970 0,000991
Осенняя 1,698970 0,000991
хандра 1,698970 0,000991
Мать 1,154902 0,000674
героиня 1,221849 0,000713
блиц 1,698970 0,000991
Вот 0,958607 0,000559
это 0,292430 0,000171
приворот 1,522879 0,000888
Враг 1,522879 0,000888
соседству 1,698970 0,000991
Химики 1,698970 0,000991
небоскреб 1,522879 0,000888
отдыхать 1,397940 0,000815
мэру 1,698970 0,000991
Женская 1,522879 0,000888
дружба 1,522879 0,000888
Бойтесь 1,698970 0,000991
будить 1,698970 0,000991
спящего 1,698970 0,000991
медведя 1,397940 0,000815
Линда 1,397940 0,000815
враги 1,221849 0,000713
лето 1,045757 0,000610
российских 0,468521 0,000273
футболистов 1,522879 0,000888
Гусар 1,698970 0,001486
Назад 1,154902 0,000674
будущее 0,795880 0,000464
Дрим 1,698970 0,000991
Тим 1,397940 0,000815
Хаус 1,301030 0,000759
такая 1,154902 0,000674
Катя 1,301030 0,000759
Тужилина 1,698970 0,000991
Священник 1,698970 0,000991
увидел 1,522879 0,000888
голую 1,698970 0,000991
живи 1,698970 0,000991
Тридцать 1,522879 0,000888
крепостных 1,698970 0,000991
свободу 1,397940 0,000815
Недовольный 1,698970 0,000991
клиент 1,698970 0,000991
Кучин 1,698970 0,000991
может 0,397940 0,000232
все 0,292430 0,000171
Лягушка 1,698970 0,000991
Рассинхронный 1,698970 0,000991
перевод 1,397940 0,000815
Русские 1,221849 0,000713
африканском 1,698970 0,000991
ресторане 1,301030 0,000759
Фэшн 1,397940 0,000815
термины 1,522879 0,000888
Семеновна 1,698970 0,000991
ТЫ 1,698970 0,000991
Топ 0,958607 0,000559
модель 1,045757 0,000610
Невероятный 1,698970 0,000991
прорыв 1,522879 0,000888
Хопкинс 1,698970 0,000991
старение 1,698970 0,000991
новую 0,769551 0,000449
VR 1,301030 0,000759
презентация 1,522879 0,000888
андроида 1,698970 0,000991
Божественное 1,698970 0,000991
пение 1,698970 0,000991
мать 0,958607 0,000559
Наталья 0,853872 0,000498
Викторовна 1,698970 0,000991
выпивает 1,698970 0,000991
BLAST 1,698970 0,000991
попу 1,698970 0,000991
поцелуй 1,698970 0,000991
страшный 1,522879 0,000888
Катька 1,698970 0,000991
сошла 1,698970 0,000991
ума 1,154902 0,000674
кого 0,853872 0,000498
превращается 1,397940 0,000815
батя 1,698970 0,000991
природе 1,522879 0,000888
Труп 1,698970 0,000991
Мэр 1,301030 0,000759
ушел 1,397940 0,000815
лес 1,397940 0,000815
Щенок 1,522879 0,000888
лабрадора 1,698970 0,000991
Индивидуальные 1,698970 0,000991
занятия 1,221849 0,000713
малышом 1,698970 0,000991
