соцсети 1,154902 0,011906
Россия 0,455932 0,006267
MediaMetrics 1,698970 0,017515
свежие 1,096910 0,007539
котировки 1,698970 0,017515
новостей 0,619789 0,006390
рублей 0,585027 0,008042
за 0,180456 0,003721
доллар 1,154902 0,007937
евро 0,823909 0,005663
гривну 1,698970 0,011677
долларов 1,096910 0,011308
баррель 1,698970 0,011677
биткоин 1,522879 0,010467
Мониторинг 1,522879 0,010467
осуществляется 1,698970 0,011677
при 0,468521 0,003220
поддержке 1,096910 0,007539
компании 0,677781 0,004658
Технологии 0,958607 0,006588
видеоанализа 1,698970 0,011677
Сюжеты 1,522879 0,010467
минут 0,920819 0,006329
час 1,000000 0,006873
сутки 0,795880 0,005470
неделя 1,397940 0,009608
месяц 0,853872 0,005869
LifeStyle 1,698970 0,011677
Hi 1,301030 0,008942
tech 1,522879 0,010467
Спорт 0,537602 0,003695
Бизнес 0,853872 0,005869
Интервью 0,638272 0,004387
Коронавирус 0,958607 0,006588
регионы 1,397940 0,014412
Архангельск 1,397940 0,009608
Астрахань 1,221849 0,008398
Белгород 1,221849 0,008398
Брянск 1,301030 0,008942
Владивосток 1,301030 0,008942
Волгоград 1,096910 0,007539
Вологда 1,221849 0,008398
Воронеж 1,221849 0,008398
Горно 1,522879 0,010467
Алтайск 1,522879 0,010467
Екатеринбург 1,000000 0,006873
Ижевск 1,221849 0,008398
Иркутск 1,301030 0,008942
Йошкар 1,397940 0,009608
Ола 1,698970 0,011677
Казань 0,823909 0,005663
Калининград 1,096910 0,007539
Калуга 1,301030 0,008942
Кемерово 1,301030 0,008942
Киров 1,301030 0,008942
Кострома 1,301030 0,008942
Краснодар 1,000000 0,006873
Красноярск 1,221849 0,008398
Курган 1,522879 0,010467
Москва 0,508638 0,003496
Мурманск 1,301030 0,008942
Нижний 0,853872 0,005869
Новгород 0,886057 0,006090
Новосибирск 1,045757 0,007187
Омск 1,221849 0,008398
Оренбург 1,221849 0,008398
Орел 1,397940 0,009608
Пенза 1,221849 0,008398
Пермь 1,096910 0,007539
Петрозаводск 1,522879 0,010467
Псков 1,221849 0,008398
Ростов 0,958607 0,006588
на 0,075721 0,000520
Дону 1,000000 0,006873
Рязань 1,301030 0,008942
Самара 1,221849 0,008398
Санкт 0,795880 0,005470
Петербург 0,920819 0,006329
Саранск 1,397940 0,009608
Саратов 1,221849 0,008398
Тамбов 1,397940 0,009608
Тверь 1,301030 0,008942
Томск 1,221849 0,008398
Тула 1,221849 0,008398
Тюмень 1,221849 0,008398
Ульяновск 1,301030 0,008942
Уфа 1,154902 0,007937
Челябинск 1,154902 0,007937
Чита 1,301030 0,008942
Южно 1,522879 0,010467
Сахалинск 1,522879 0,010467
Ярославль 1,154902 0,007937
страны 0,638272 0,004387
Азербайджан 1,522879 0,010467
Армения 1,522879 0,010467
Беларусь 1,154902 0,007937
Израиль 1,397940 0,009608
Казахстан 1,154902 0,007937
Киргизия 1,397940 0,009608
Крым 1,154902 0,007937
Латвия 1,397940 0,009608
Молдавия 1,522879 0,010467
США 0,508638 0,003496
Таджикистан 1,522879 0,010467
Украина 0,698970 0,004804
Чехия 1,698970 0,011677
Эстония 1,301030 0,008942
Facebook 0,958607 0,006588
LiveJournal 1,522879 0,010467
Twitter 0,853872 0,005869
ВКонтакте 0,795880 0,005470
Мир 0,698970 0,004804
Тесен 1,698970 0,011677
Одноклассники 0,823909 0,005663
всего 0,744727 0,005118
новости 0,420216 0,002888
следующая 1,698970 0,011677
Свежие 1,301030 0,008942
Партнерская 1,522879 0,010467
программа 0,958607 0,006588
Интернет 0,823909 0,005663
радио 1,096910 0,007539
Версия 1,301030 0,008942
для 0,119186 0,001229
ТВ 0,657577 0,004519
Мобильная 1,000000 0,006873
версия 0,769551 0,005289
Авторам 1,522879 0,010467
Виджеты 1,698970 0,011677
сми 1,698970 0,011677
Реклама 0,387216 0,002661
Медиа 0,958607 0,006588
кит 1,522879 0,010467
Разработчикам 1,698970 0,011677
AppStore 1,301030 0,008942
PlayMarket 1,698970 0,011677
Служба 1,397940 0,009608
поддержки 0,823909 0,005663
