Телеканал 0,769551 0,000330
ТВ 0,657577 0,003953
Официальный 1,221849 0,000525
сайт 0,494850 0,000212
Телепрограмма 1,000000 0,000572
Видео 0,431798 0,000247
Проекты 1,096910 0,001099
Войти 0,508638 0,000218
Кастинги 1,301030 0,000559
Не 0,481486 0,000482
ловит 1,698970 0,000729
Прямой 0,823909 0,000472
эфир 0,795880 0,000456
Есть 0,886057 0,000507
идея 1,221849 0,000699
сценария 1,698970 0,000729
Поиск 0,619789 0,000177
Новые 0,552842 0,000237
серии 0,920819 0,001318
Сердце 1,301030 0,000372
из 0,167491 0,000599
стали 0,853872 0,000367
Много 1,301030 0,000372
лет 0,366532 0,000262
назад 0,721246 0,000310
офицер 1,698970 0,000486
полиции 1,221849 0,000350
Лин 1,522879 0,000436
Донг 1,698970 0,000729
потерял 1,522879 0,000436
дочь 1,096910 0,000785
По 0,619789 0,000266
своей 0,853872 0,000978
работе 1,154902 0,000661
он 0,568636 0,001058
назначен 1,522879 0,000436
обеспечивать 1,522879 0,000436
безопасность 1,301030 0,000372
студентки 1,698970 0,000729
Сиднейского 1,698970 0,000486
института 1,301030 0,000372
по 0,124939 0,000268
имени 0,721246 0,000206
Нэнси 1,698970 0,000729
чувствует 1,397940 0,000400
что 0,187087 0,001366
между 0,823909 0,000236
ним 1,154902 0,000826
и 0,075721 0,001170
существует 1,301030 0,000372
нечто 1,397940 0,000400
Будто 1,698970 0,000486
она 0,744727 0,001492
его 0,376751 0,001240
ожившая 1,698970 0,000486
выросшая 1,698970 0,000486
Сиси 1,698970 0,000486
Серия 1,154902 0,000496
фильм 0,823909 0,001061
Колдовство 1,698970 0,000486
Три 0,823909 0,000472
молодые 1,522879 0,000436
девушки 1,096910 0,001099
уверены 1,301030 0,000372
они 0,657577 0,000471
ведьмы 1,698970 0,000486
чтобы 0,481486 0,000482
разбудить 1,698970 0,000486
силы 0,958607 0,000412
им 0,602060 0,000172
требуется 1,397940 0,000400
четвертая 1,522879 0,000436
В 0,167491 0,000264
школу 1,096910 0,000314
прибывает 1,397940 0,000400
новая 1,000000 0,000429
ученица 1,698970 0,000486
которая 0,823909 0,000708
сразу 0,795880 0,000342
находит 1,301030 0,000372
общий 1,221849 0,000350
язык 0,823909 0,000236
с 0,102373 0,001114
подружками 1,698970 0,000486
Проведя 1,698970 0,000486
обряд 1,522879 0,000436
получают 1,397940 0,000400
магические 1,522879 0,000436
но 0,481486 0,001309
использовать 1,154902 0,000496
их 0,455932 0,000783
собираются 1,522879 0,000436
отнюдь 1,522879 0,000436
не 0,142668 0,001103
во 0,494850 0,000779
благо 1,522879 0,000436
Центурион 1,698970 0,000486
год 0,568636 0,000244
Римская 1,698970 0,000486
империя 1,698970 0,000486
простирается 1,698970 0,000486
от 0,193820 0,000361
Египта 1,221849 0,000350
до 0,244125 0,000280
Испании 1,522879 0,000436
Востока 1,397940 0,000400
Черного 1,522879 0,000436
моря 1,301030 0,000372
Квинтус 1,698970 0,000486
Диас 1,522879 0,000436
единственный 1,397940 0,000400
оставшийся 1,698970 0,000486
в 0,070581 0,001303
живых 1,301030 0,000372
после 0,397940 0,000570
набега 1,698970 0,000486
на 0,075721 0,000856
римский 1,698970 0,000486
пограничный 1,698970 0,000486
форт 1,698970 0,000486
диких 1,698970 0,000486
ужасающих 1,698970 0,000486
пиктов 1,698970 0,000729
идет 0,958607 0,000412
север 1,522879 0,000436
легендарным 1,698970 0,000486
Девятым 1,698970 0,000486
Легионом 1,698970 0,000486
генерала 1,698970 0,000486
Вирилием 1,698970 0,000486
стереть 1,698970 0,000486
лица 1,397940 0,000600
Земли 1,154902 0,000331
всех 0,552842 0,000237
вместе 0,769551 0,000661
лидером 1,154902 0,000331
Горлеконом 1,698970 0,000486
Меч 1,522879 0,000436
дракона 1,397940 0,000400
Древний 1,397940 0,000400
Китай 1,096910 0,000314
На 0,283997 0,003577
Великом 1,698970 0,000486
шелковом 1,698970 0,000486
пути 0,886057 0,000380
командир 1,698970 0,000486
отряда 1,698970 0,000486
охраны 1,397940 0,000400
Хо 1,522879 0,000436
Ань 1,698970 0,000486
сталкивается 1,698970 0,000729
римским 1,698970 0,000486
полководцем 1,698970 0,000486
Луцием 1,698970 0,000486
Воинам 1,698970 0,000486
разных 0,920819 0,000264
цивилизаций 1,397940 0,000400
предстоит 1,301030 0,000559
сражаться 1,522879 0,000436
бок 1,522879 0,000654
о 0,136677 0,000391
против 0,387216 0,000166
властного 1,698970 0,000486
императора 1,397940 0,000400
Тиберия 1,698970 0,000486
Новый 0,698970 0,002301
день 0,585027 0,002344
сезон 0,853872 0,002811
выпуск 1,000000 0,003578
Пенсионерке 1,698970 0,000486
Светлане 1,698970 0,000973
Кузнецовой 1,698970 0,000729
Петербурга 1,154902 0,000331
года 0,356547 0,000561
у 0,387216 0,000831
нее 1,045757 0,001048
двое 1,397940 0,000600
взрослых 1,000000 0,000286
приемных 1,522879 0,000436
детей 0,431798 0,000309
программу 1,301030 0,000559
женщина 1,000000 0,000716
обратилась 1,698970 0,000486
просьбой 1,698970 0,000973
изменить 1,154902 0,000496
ее 0,508638 0,001674
внешность 1,698970 0,000486
создать 1,301030 0,000559
современный 1,301030 0,000372
образ 1,221849 0,000699
так 0,522879 0,000449
как 0,251812 0,000432
дети 0,853872 0,000489
мнению 1,221849 0,000350
стесняются 1,698970 0,000486
возрастной 1,698970 0,000486
мамы 1,397940 0,000400
свой 0,721246 0,000413
родной 1,301030 0,000372
город 1,096910 0,000314
возвращается 1,397940 0,001401
модная 1,698970 0,000486
яркая 1,698970 0,000486
точно 1,154902 0,000496
знает 1,000000 0,000572
наладить 1,522879 0,000436
контакт 1,698970 0,000486
детьми 1,096910 0,000314
личную 1,522879 0,000654
жизнь 0,537602 0,000923
пропустите 1,522879 0,000654
Светланы 1,397940 0,000800
страницу 1,154902 0,013389
проекта 0,886057 0,010779
Услышав 1,698970 0,000486
трагическую 1,698970 0,000486
историю 0,795880 0,000228
летней 1,301030 0,000559
Тани 1,698970 0,000486
Кочановой 1,698970 0,000486
Москвы 0,744727 0,000426
ведущая 1,698970 0,000729
программы 0,823909 0,000354
Ана 1,522879 0,000436
Мавричева 1,698970 0,000486
смогла 1,221849 0,000350
сдержать 1,522879 0,000436
слез 1,221849 0,000350
Девушка 1,096910 0,000471
раннем 1,698970 0,000486
возрасте 1,397940 0,000400
осталась 1,221849 0,000350
без 0,387216 0,000277
родителей 0,958607 0,000686
пережила 1,522879 0,000436
буллинг 1,698970 0,000486
приемной 1,698970 0,000486
семье 1,154902 0,000496
столкнулась 1,698970 0,000486
осуждением 1,698970 0,000486
общества 1,096910 0,000471
озлобилась 1,698970 0,000486
Молодая 1,522879 0,000436
девчонка 1,522879 0,000436
розовыми 1,698970 0,000486
волосами 1,698970 0,000486
обожает 1,522879 0,000436
животных 1,045757 0,000299
ценит 1,698970 0,000486
настоящую 1,221849 0,000350
дружбу 1,301030 0,000372
уши 1,522879 0,000436
влюблена 1,698970 0,001459
своего 0,920819 0,001450
молодого 1,522879 0,000654
человека 0,568636 0,000326
С 0,455932 0,000196
таким 1,045757 0,000299
багажом 1,698970 0,000486
обновленная 1,698970 0,000486
героиня 1,221849 0,000874
отправится 1,522879 0,000436
новую 0,769551 0,000441
профессию 1,522879 0,000436
Ралине 1,698970 0,000486
Мерзиной 1,698970 0,000729
Казани 1,045757 0,000299
них 0,769551 0,000441
расстройство 1,698970 0,000486
пищевого 1,522879 0,000436
поведения 1,698970 0,000486
Вес 1,698970 0,000486
чуть 1,096910 0,000314
больше 0,638272 0,000274
килограммов 1,522879 0,000436
поэтому 0,886057 0,000254
вынуждена 1,221849 0,000350
одеваться 1,522879 0,000436
детских 1,221849 0,000525
магазинах 1,522879 0,000436
соответствует 1,221849 0,000350
профессии 1,045757 0,000299
юрист 1,522879 0,000436
суде 1,522879 0,000436
Героиня 1,698970 0,000486
поборола 1,698970 0,000486
недуг 1,698970 0,000486
теперь 0,677781 0,000194
намерена 1,096910 0,000314
кардинально 1,698970 0,000486
менять 1,397940 0,000400
свою 0,638272 0,000822
Новая 0,823909 0,000236
профессия 1,522879 0,000436
новый 0,552842 0,000475
новые 0,508638 0,000146
знакомства 1,522879 0,000436
Ралины 1,698970 0,000486
Анне 1,522879 0,000436
два 0,853872 0,000244
половиной 1,698970 0,000486
попала 1,221849 0,000350
аварию 1,698970 0,000486
очень 0,657577 0,000753
долго 1,000000 0,000286
восстанавливалась 1,698970 0,000486
Это 0,537602 0,000462
был 0,481486 0,000207
переходный 1,698970 0,000486
период 1,221849 0,000350
который 0,508638 0,000218
разделил 1,698970 0,000486
жизни 0,443697 0,000191
Анны 1,154902 0,000496
Сейчас 0,823909 0,000354
хочет 1,000000 0,000429
начать 1,045757 0,000299
сделать 0,920819 0,000659
первые 1,000000 0,000286
шаги 1,397940 0,000400
к 0,207608 0,000832
переменам 1,698970 0,000486
Врачи 1,397940 0,000600
мае 1,221849 0,000350
Кристина 1,154902 0,000496
Медведева 1,397940 0,000400
проходила 1,698970 0,000486
плановый 1,698970 0,000486
осмотр 1,698970 0,000486
гинеколога 1,698970 0,000486
была 0,744727 0,000320
беременна 1,698970 0,000486
ждала 1,698970 0,000486
двойню 1,698970 0,000486
Накануне 1,301030 0,000372
визита 1,698970 0,000486
врачу 1,698970 0,000486
неважно 1,698970 0,000486
себя 0,552842 0,000870
чувствовала 1,522879 0,000436
поднялось 1,698970 0,000486
давление 1,154902 0,000331
появились 1,522879 0,000436
отеки 1,522879 0,000436
Но 0,619789 0,001153
девушка 1,221849 0,001049
даже 0,619789 0,000355
представляла 1,698970 0,000486
насколько 1,397940 0,000400
опасно 1,301030 0,000372
было 0,585027 0,000586
состояние 1,301030 0,000372
летний 1,045757 0,000748
Миша 1,301030 0,000372
Безруков 1,522879 0,000436
занимался 1,397940 0,000400
греко 1,698970 0,000486
римской 1,698970 0,000486
борьбой 1,698970 0,000486
никогда 0,958607 0,000549
жаловался 1,698970 0,000486
здоровье 1,045757 0,000299
время 0,366532 0,000315
обследования 1,698970 0,000486
спортивной 1,698970 0,000486
школе 1,221849 0,000350
него 0,795880 0,000911
неожиданно 1,397940 0,001000
обнаруживаются 1,698970 0,000486
проблемы 1,000000 0,000429
сердцем 1,397940 0,000400
летняя 1,301030 0,000931
Валентина 1,045757 0,000449
Ситникова 1,698970 0,000486
приехала 1,698970 0,000486
Тюмени 1,522879 0,000436
Она 0,958607 0,000549
сама 1,397940 0,000600
называет 1,522879 0,000436
человеком 1,301030 0,000559
праздником 1,522879 0,000436
Профессия 1,522879 0,000436
такая 1,154902 0,000331
мероприятий 1,096910 0,000314
Однако 0,958607 0,000823
молодая 1,522879 0,000654
признается 1,698970 0,000729
организовать 1,397940 0,000400
получается 1,522879 0,000436
вопросом 1,522879 0,000654
Что 0,346787 0,000248
же 0,721246 0,000413
я 0,522879 0,000150
делаю 1,698970 0,000486
мужчины 0,920819 0,000395
меня 0,721246 0,000206
бегут 1,397940 0,000400
появилась 1,397940 0,000400
пороге 1,522879 0,000436
студии 1,154902 0,000331
Аны 1,698970 0,000486
Мавричевой 1,698970 0,000729
Понравятся 1,698970 0,000486
ли 0,397940 0,000513
героине 1,522879 0,000436
полученные 1,698970 0,000486
ответы 1,045757 0,000449
узнаете 1,397940 0,000400
выпуске 1,221849 0,000699
Валентины 1,698970 0,000486
Ситниковой 1,698970 0,000486
серия 1,000000 0,014455
Любовная 1,522879 0,005231
магия 1,698970 0,006079
Родион 1,522879 0,000436
просит 1,522879 0,001526
приворожить 1,522879 0,000872
нему 1,301030 0,000372
Лейлу 1,698970 0,000486
похожа 1,522879 0,000436
первую 0,958607 0,000274
любовь 0,698970 0,000300
Гала 1,301030 0,003352
выполняет 1,698970 0,000486
просьбу 1,698970 0,000486
предупреждает 1,522879 0,000872
обратного 1,698970 0,000486
будет 0,387216 0,000111
Виктор 0,795880 0,000456
объясняется 1,522879 0,000436
Галой 1,698970 0,000486
Юра 1,698970 0,000486
обращается 1,522879 0,000872
Гале 1,698970 0,002432
со 0,387216 0,000443
странной 1,698970 0,000729
срочно 1,522879 0,000436
влюбить 1,698970 0,000486
кого 0,853872 0,000244
нибудь 1,301030 0,000372
сестру 1,301030 0,000372
К 0,638272 0,000548
приходит 1,221849 0,000874
бывшего 1,154902 0,000331
мужа 1,221849 0,001749
Бориса 1,154902 0,000496
Алена 1,397940 0,000400
влюбилась 1,698970 0,000486
Павла 1,301030 0,000559
переписываясь 1,698970 0,000486
сайте 0,431798 0,000989
знакомств 1,522879 0,000436
недавно 1,301030 0,000372
мужчина 1,221849 0,000699
удалил 1,522879 0,000436
профиль 1,522879 0,000436
Елена 0,769551 0,000441
муж 1,154902 0,000496
изменил 1,397940 0,000400
ей 1,045757 0,001048
женой 1,397940 0,000800
Ивана 1,301030 0,000372
Может 1,397940 0,000400
Иваном 1,522879 0,000436
друг 0,795880 0,000456
другу 1,045757 0,000449
Соседка 1,698970 0,000486
Вера 1,221849 0,000525
Павловна 1,698970 0,000486
считает 1,000000 0,000429
сглазила 1,698970 0,000486
начинает 1,397940 0,000400
борьбу 1,397940 0,000400
Таксист 1,698970 0,000486
Вадим 1,045757 0,000299
может 0,397940 0,000456
забыть 1,301030 0,000559
одну 1,096910 0,000628
пассажирку 1,698970 0,000486
том 0,568636 0,000407
возлюбленной 1,522879 0,000436
погибали 1,698970 0,000486
Рита 1,397940 0,000400
знакомится 1,522879 0,001090
соседом 1,698970 0,000486
Галы 1,698970 0,000486
Виктором 1,221849 0,000525
Альбина 1,698970 0,000486
Галу 1,698970 0,001702
помочь 1,045757 0,000599
фитнес 1,397940 0,000400
тренера 1,397940 0,000400
замечает 1,698970 0,000486
близкие 1,397940 0,000400
то 0,537602 0,000692
скрывают 1,522879 0,000436
Никиту 1,698970 0,000486
ставят 1,698970 0,000486
учет 1,698970 0,000486
отделе 1,698970 0,000486
делам 1,397940 0,000400
несовершеннолетних 1,698970 0,000486
Жанной 1,698970 0,000486
инспектором 1,698970 0,000486
этого 0,619789 0,000355
отдела 1,301030 0,000372
видит 1,221849 0,000874
венец 1,522879 0,000436
безбрачия 1,698970 0,000486
Ирина 0,886057 0,000634
за 0,180456 0,000465
сына 1,000000 0,000716
Василия 1,397940 0,000400
Он 0,721246 0,000516
пропускает 1,698970 0,000486
ни 0,744727 0,000320
одной 0,958607 0,000412
идти 1,397940 0,000400
отказывается 1,301030 0,000372
Никита 1,154902 0,001157
берет 1,301030 0,000372
вину 1,522879 0,000436
Саши 1,221849 0,000350
симпатичный 1,522879 0,000436
молодой 1,221849 0,000525
боксер 1,698970 0,000486
Павел 0,853872 0,000367
могут 0,522879 0,000225
понять 1,000000 0,000286
почему 0,494850 0,000212
стал 0,585027 0,000502
плохо 1,301030 0,000372
переносить 1,522879 0,000436
обычные 1,522879 0,000436
спортивные 1,522879 0,000436
нагрузки 1,397940 0,000400
понимает 1,221849 0,000874
все 0,292430 0,000419
это 0,292430 0,000712
ночной 1,698970 0,000486
гости 1,221849 0,000525
парня 1,221849 0,000350
Тася 1,698970 0,000729
поддержать 1,301030 0,000372
премьере 1,698970 0,000486
спектакля 1,221849 0,000350
потому 0,958607 0,000412
папа 1,397940 0,000600
занят 1,698970 0,000486
Оба 1,522879 0,000436
Марины 1,301030 0,000559
влюблены 1,698970 0,000486
девушку 1,698970 0,000973
чего 0,795880 0,000228
буквально 1,698970 0,000486
врагами 1,698970 0,000486
сильный 1,397940 0,000400
приворот 1,522879 0,000436
одном 0,958607 0,000274
братьев 1,301030 0,000559
обращает 1,698970 0,000486
внимание 0,853872 0,000244
девочку 1,522879 0,000436
параллельного 1,698970 0,000486
класса 1,397940 0,000400
Сашу 1,522879 0,000436
Олю 1,698970 0,000486
всю 0,823909 0,000236
называли 1,397940 0,000400
страшилой 1,698970 0,000486
необычной 1,698970 0,000729
внешности 1,522879 0,000436
Недавно 1,397940 0,000400
красавец 1,397940 0,000400
Сева 1,698970 0,000486
вдруг 1,522879 0,000436
сделал 1,154902 0,000331
предложение 1,301030 0,000372
а 0,327902 0,000422
пропал 1,698970 0,001459
несколько 0,795880 0,000342
дней 0,744727 0,000213
Оля 1,397940 0,000400
дать 1,301030 0,000372
остуду 1,698970 0,000486
Севу 1,698970 0,000486
Борис 0,769551 0,000330
собирается 1,154902 0,000661
продать 1,397940 0,000400
дачу 1,698970 0,000486
приглашает 1,698970 0,000486
сыном 1,698970 0,000973
пикник 1,698970 0,000486
Алексей 0,602060 0,000517
говорят 1,000000 0,000286
жена 1,000000 0,000572
ушла 1,221849 0,000525
навсегда 1,000000 0,000286
жалуется 1,522879 0,000436
отпускает 1,698970 0,000486
Рождения 1,522879 0,000436
парню 1,698970 0,000486
подруги 1,522879 0,001090
Соне 1,698970 0,000486
надоело 1,522879 0,000436
влюбляться 1,698970 0,000486
проблемных 1,698970 0,000486
парней 1,522879 0,000436
симпатичному 1,698970 0,000486
коллеге 1,698970 0,000486
Ярославу 1,698970 0,000486
Никите 1,698970 0,000486
кажется 1,045757 0,000449
нравится 1,221849 0,000350
девушке 1,397940 0,000400
которую 1,000000 0,000572
влюблен 1,522879 0,000436
Лиза 1,221849 0,000525
давно 0,823909 0,000236
Андрея 1,221849 0,000350
просто 0,657577 0,000282
другом 1,301030 0,000559
однажды 1,154902 0,000661
спасет 1,301030 0,000372
школы 0,853872 0,000244
армию 1,301030 0,000372
тревожит 1,698970 0,000486
отчаянии 1,698970 0,000486
причинил 1,698970 0,000486
жене 1,698970 0,000486
сильную 1,698970 0,000486
боль 1,221849 0,000350
помнит 1,522879 0,000872
когда 0,585027 0,000670
произошло 1,045757 0,000599
пытается 1,154902 0,000496
Арине 1,698970 0,000486
представляя 1,522879 0,000436
чему 0,920819 0,000264
приведет 1,522879 0,000436
Сестра 1,698970 0,000486
Татьяна 1,000000 0,000429
узнает 1,221849 0,001049
роман 0,920819 0,000264
другой 1,000000 0,000286
женщиной 1,221849 0,000350
советует 1,522879 0,000654
отпустить 1,698970 0,000486
решает 1,221849 0,000350
побороться 1,522879 0,000436
свое 0,721246 0,000619
счастье 1,096910 0,000314
новыми 1,698970 0,000486
соседями 1,698970 0,000486
отцом 1,301030 0,000372
одиночкой 1,698970 0,000486
дочерью 1,698970 0,000729
Тасей 1,698970 0,000486
Вскоре 1,397940 0,000600
застает 1,698970 0,000486
лестнице 1,698970 0,000486
учительницу 1,698970 0,000486
Таси 1,698970 0,000486
слезах 1,698970 0,000486
Женщина 1,221849 0,000350
Виктора 1,397940 0,000400
У 0,431798 0,000247
Риты 1,698970 0,000729
появляется 1,397940 0,000400
питомец 1,698970 0,000486
Жена 1,154902 0,000331
Игоря 1,397940 0,000600
полюбила 1,698970 0,000486
другого 1,221849 0,000350
уехать 1,397940 0,000400
Швецию 1,698970 0,000486
уверяет 1,698970 0,000486
расставания 1,698970 0,000729
избежать 1,221849 0,000350
отпускать 1,698970 0,000486
отец 1,301030 0,000372
расстался 1,522879 0,000436
девушкой 1,522879 0,000436
случайно 1,397940 0,000400
встречает 1,221849 0,000350
улице 1,221849 0,000350
Влада 1,698970 0,000486
брата 1,397940 0,000600
Мужчина 1,154902 0,000331
есть 0,568636 0,000163
сестра 1,301030 0,000372
сообщает 1,301030 0,000372
собрался 1,698970 0,000486
жениться 1,698970 0,000486
Влад 1,522879 0,000436
жертвой 1,522879 0,000436
сильного 1,522879 0,000436
приворота 1,698970 0,000486
записывает 1,698970 0,000486
психотерапевту 1,698970 0,000486
После 0,795880 0,000456
приема 1,522879 0,000436
Надей 1,698970 0,000486
безответно 1,698970 0,000486
врача 1,698970 0,000486
Перевал 1,522879 0,001308
Дятлова 1,522879 0,001962
СССР 0,795880 0,000228
Олег 0,795880 0,000228
Костин 1,698970 0,000486
майор 1,522879 0,000436
КГБ 1,301030 0,000372
прилетает 1,698970 0,000486
Ивдель 1,698970 0,000486
маленький 1,698970 0,000729
уральский 1,698970 0,000486
городок 1,698970 0,000973
расследовать 1,522879 0,000436
дело 0,886057 0,000507
гибели 1,301030 0,000931
тургруппы 1,698970 0,000486
Костина 1,698970 0,000486
прислали 1,698970 0,000486
работать 1,045757 0,000299
обязан 1,698970 0,000486
условиях 0,886057 0,000254
строгой 1,698970 0,000486
секретности 1,698970 0,000486
Подробности 1,397940 0,000600
туристов 1,221849 0,000350
неизвестны 1,698970 0,000486
привале 1,698970 0,000486
работают 1,154902 0,000331
эксперты 1,096910 0,000314
Слепая 1,698970 0,002918
Раиса 1,522879 0,000872
Пропал 1,698970 0,000486
восьмилетний 1,698970 0,000486
мальчик 1,154902 0,000661
Его 0,958607 0,000412
мать 0,958607 0,000274
отправилась 1,397940 0,000600
деревню 1,301030 0,000559
бабе 1,698970 0,000486
Нине 1,698970 0,000486
помощью 0,769551 0,000220
Валентине 1,698970 0,000729
сообщили 0,958607 0,000274
ясновидящая 1,698970 0,000486
принять 1,221849 0,000699
бабу 1,522879 0,000436
Нину 1,698970 0,000486
увезли 1,698970 0,000486
больницу 1,522879 0,000436
оттуда 1,522879 0,000436
баба 1,698970 0,000486
Нина 1,221849 0,000525
попыталась 1,698970 0,000729
отправила 1,522879 0,000436
женщину 1,522879 0,000436
дочери 1,301030 0,000559
потомственной 1,698970 0,000486
ясновидящей 1,698970 0,000486
Раисе 1,698970 0,000486
оказалась 1,154902 0,000331
перед 0,920819 0,000659
тяжелым 1,397940 0,000400
выбором 1,522879 0,000654
нужно 0,721246 0,000310
спасти 1,221849 0,000525
мальчика 1,096910 0,000471
дар 1,301030 0,000745
Уиджи 1,698970 0,003161
Муки 1,522879 0,000436
совести 1,522879 0,000436
Работник 1,698970 0,000486
автосервиса 1,698970 0,000486
Михаил 0,568636 0,000651
винит 1,698970 0,000486
смерти 0,744727 0,000640
напарника 1,698970 0,000729
Николая 1,154902 0,000496
Машина 1,698970 0,000486
устанавливал 1,698970 0,000486
подъемник 1,698970 0,000486
сорвалась 1,698970 0,000486
Николай 0,744727 0,000640
погиб 1,301030 0,000372
того 0,853872 0,000244
оказался 0,920819 0,000264
больнице 1,301030 0,000372
Дух 1,221849 0,000525
Михаила 1,154902 0,000331
позаботиться 1,522879 0,000436
соглашается 1,522879 0,000436
еще 0,408935 0,000293
какие 0,795880 0,000342
тайны 1,154902 0,000331
скрывает 1,301030 0,000372
семья 1,045757 0,000599
погибшего 1,698970 0,000486
Спасти 1,522879 0,000436
предателя 1,698970 0,000486
Светлана 1,045757 0,000748
новостях 1,522879 0,000436
полиция 1,301030 0,000372
обнаружила 1,522879 0,000436
труп 1,522879 0,000436
друга 0,886057 0,000507
бизнес 0,657577 0,000188
партнера 1,522879 0,000436
Муж 1,522879 0,000436
утверждает 1,698970 0,000729
убил 1,397940 0,000600
верит 1,522879 0,000872
убийца 1,154902 0,000331
спириту 1,698970 0,000729
убитого 1,698970 0,000729
убивал 1,522879 0,000436
вдова 1,397940 0,000400
Алла 1,221849 0,000350
подтверждает 1,698970 0,000486
виновен 1,522879 0,000436
выяснить 1,397940 0,000600
правду 1,301030 0,000372
Кто 0,638272 0,000183
ты 0,886057 0,000254
Анна 0,568636 0,000407
потеряла 1,221849 0,000350
память 1,045757 0,000299
аварии 1,698970 0,000486
воспоминания 1,522879 0,000872
заканчивались 1,698970 0,000486
школьным 1,698970 0,000486
выпускным 1,698970 0,000486
вечером 1,221849 0,000525
поступлением 1,698970 0,000486
институт 1,154902 0,000331
Два 0,853872 0,000244
объявляют 1,698970 0,000486
мужем 1,522879 0,000436
кому 1,154902 0,001157
верить 1,397940 0,000800
Вспомнит 1,698970 0,000486
прошлое 1,522879 0,000436
Без 0,920819 0,000264
вести 1,045757 0,000299
Наталья 0,853872 0,000244
журналистского 1,698970 0,000486
факультета 1,397940 0,000400
Уже 1,154902 0,000496
долгое 1,522879 0,000436
снимают 1,522879 0,000436
квартиру 1,301030 0,000372
Натальи 1,301030 0,000372
начинаются 1,698970 0,000729
молодым 1,397940 0,000400
ведет 1,096910 0,000314
агрессивно 1,698970 0,000486
отношению 1,698970 0,000486
ней 0,823909 0,000472
серьезной 1,698970 0,000486
ссоры 1,698970 0,000486
пропадает 1,698970 0,000486
уверена 1,522879 0,000654
рук 1,301030 0,000372
Олега 1,301030 0,000372
разыскать 1,698970 0,000486
подругу 1,698970 0,000486
Высшая 1,698970 0,000486
мера 1,522879 0,000436
Смотри 1,154902 0,001488
бесплатно 1,045757 0,000748
tv 1,096910 0,000942
ru 0,187087 0,000161
Расписание 1,221849 0,000874
выхода 1,000000 0,000716
серий 1,397940 0,001000
уже 0,602060 0,001465
доме 1,000000 0,000286
судьи 1,698970 0,000729
произошел 1,397940 0,000400
пожар 1,397940 0,000400
Погибли 1,698970 0,000486
судья 1,698970 0,000486
зять 1,698970 0,000486
Егор 1,221849 0,000350
Надежда 1,045757 0,000449
Егора 1,698970 0,000486
поджог 1,698970 0,000486
Распутывая 1,698970 0,000486
клубок 1,522879 0,000436
обстоятельств 1,698970 0,000486
двоих 1,221849 0,000350
самых 0,585027 0,000419
родных 1,698970 0,000486
людей 0,698970 0,000200
много 0,958607 0,000274
нового 0,769551 0,000661
подозревает 1,397940 0,000400
взяточничестве 1,698970 0,000486
отца 1,000000 0,000286
переживает 1,522879 0,000436
страшное 1,698970 0,000486
предательство 1,397940 0,000400
Гастарбайтеры 1,698970 0,000486
гражданский 1,397940 0,000400
уехал 1,522879 0,000436
заработки 1,698970 0,000486
Москву 0,886057 0,000254
перестал 1,522879 0,000436
выходить 1,397940 0,000400
связь 0,552842 0,000158
Прошел 1,698970 0,000729
месяц 0,853872 0,000244
номера 1,522879 0,000436
наконец 1,397940 0,000400
раздался 1,698970 0,000486
звонок 1,522879 0,000436
вместо 0,744727 0,000213
незнакомый 1,698970 0,000486
человек 0,494850 0,000212
сообщил 0,823909 0,000236
нашел 1,221849 0,000525
телефон 0,853872 0,000244
подмосковных 1,698970 0,000486
трасс 1,698970 0,000486
вызвать 1,522879 0,000436
дух 1,397940 0,000400
проверить 1,045757 0,000299
жив 1,522879 0,000436
или 0,301030 0,000215
мертв 1,698970 0,000486
также 0,494850 0,000142
узнать 1,154902 0,000496
случилось 1,698970 0,000486
Ночной 1,698970 0,000486
хищник 1,698970 0,000486
ищет 1,096910 0,000314
убийцу 1,301030 0,000559
сестры 1,301030 0,000372
обнаружили 1,301030 0,000559
лесу 1,154902 0,000496
колом 1,698970 0,000486
груди 1,397940 0,000600
Ранее 1,221849 0,000350
этой 0,744727 0,000533
местности 1,698970 0,000486
подобным 1,522879 0,000436
образом 1,045757 0,000299
убито 1,698970 0,000486
девушек 1,301030 0,000372
Михаилу 1,698970 0,000486
помогает 1,221849 0,000525
выжившая 1,522879 0,000436
жертва 1,698970 0,000486
маньяка 1,522879 0,000436
видевшая 1,698970 0,000486
преступника 1,397940 0,000600
Между 1,698970 0,000486
молодыми 1,698970 0,000486
людьми 1,154902 0,000331
вспыхивают 1,522879 0,000436
романтические 1,397940 0,000400
отношения 1,045757 0,000299
которые 0,431798 0,000247
прекращаются 1,698970 0,000486
только 0,309804 0,000133
покрывает 1,698970 0,000486
лесного 1,698970 0,000486
Лучшие 0,823909 0,000236
Полина 1,096910 0,000471
узнала 1,522879 0,000436
внезапной 1,522879 0,000436
лучшей 1,698970 0,000486
Веры 1,522879 0,000654
незадолго 1,698970 0,000486
родила 1,522879 0,000654
Старшая 1,698970 0,000486
Яна 1,000000 0,000286
объявила 1,301030 0,000372
своем 0,823909 0,000354
намерении 1,522879 0,000436
отдать 1,522879 0,000654
дом 0,823909 0,000236
ребенка 0,823909 0,000708
Когда 0,602060 0,000172
возможной 1,522879 0,000436
связи 0,455932 0,000131
Яной 1,698970 0,000486
ребенок 1,154902 0,000496
вовсе 1,301030 0,000372
братик 1,698970 0,000486
для 0,119186 0,000136
встает 1,698970 0,000486
трудным 1,698970 0,000486
малыша 1,397940 0,000400
семью 1,154902 0,000496
эфире 0,823909 0,001061
Вампиры 1,397940 0,003801
средней 1,301030 0,004097
полосы 1,397940 0,004202
Все 0,148742 0,000106
один 0,721246 0,000310
суббота 1,397940 0,000400
История 0,494850 0,000142
самой 1,000000 0,000429
семьи 0,853872 0,000367
Смоленска 1,698970 0,000486
самого 1,045757 0,000599
начала 0,769551 0,000220
подряд 1,301030 0,000372
Проведи 1,698970 0,000486
вечер 1,397940 0,000400
сериалом 1,698970 0,000486
которым 1,045757 0,000748
хочется 1,221849 0,000350
расставаться 1,698970 0,000486
субботу 1,301030 0,000372
Анонс 1,522879 0,000872
премьера 1,154902 0,001322
Те 1,522879 0,000654
самые 0,721246 0,000723
всеми 1,397940 0,000800
любимые 1,221849 0,000525
пн 1,522879 0,001526
чт 1,397940 0,001200
Премьера 1,221849 0,001224
русские 1,045757 0,000299
понедельника 1,397940 0,001000
четверг 1,221849 0,000874
анонс 1,301030 0,001862
Гримм 1,522879 0,001526
горячий 1,522879 0,000436
всего 0,744727 0,000213
неделю 0,920819 0,000527
мы 0,468521 0,000335
сильно 1,045757 0,000299
соскучились 1,698970 0,000486
Главный 0,585027 0,000167
охотник 1,301030 0,000372
нечисть 1,698970 0,000486
да 1,045757 0,000299
новым 1,000000 0,000286
горячим 1,522879 0,000436
сезоном 1,522879 0,000436
конкурс 0,920819 0,000264
Участвуй 1,698970 0,000973
конкурсе 1,397940 0,001000
Семья 1,000000 0,000286
главное 1,301030 0,000745
каждый 0,823909 0,000354
уникален 1,698970 0,000486
участвуй 1,698970 0,000486
нашем 1,000000 0,000429
розыгрыше 1,698970 0,000486
клипах 1,698970 0,000729
Вконтакте 1,045757 0,000599
сними 1,698970 0,000486
опубликуй 1,698970 0,000486
ролик 1,301030 0,000372
нашей 0,853872 0,000367
маской 1,698970 0,000486
узнай 1,698970 0,000486
суперсилу 1,698970 0,000486
используй 1,698970 0,000486
выиграй 1,698970 0,000486
D 1,096910 0,000471
очки 1,301030 0,000372
группе 1,397940 0,000400
Гадалка 1,698970 0,001945
Как 0,301030 0,000129
правильный 1,301030 0,000559
выбор 1,000000 0,000429
пт 1,397940 0,000600
Хочешь 1,522879 0,000872
будущее 0,795880 0,000228
Тогда 1,397940 0,000400
внимательно 1,698970 0,000486
следи 1,698970 0,000486
советами 1,522879 0,000436
подскажут 1,698970 0,000486
будням 1,397940 0,000600
Комедия 1,096910 0,000471
вечных 1,698970 0,000729
семейных 1,522879 0,000654
ценностях 1,698970 0,000729
Во 0,886057 0,000254
времена 1,221849 0,000350
России 0,251812 0,000216
Даже 1,221849 0,000699
если 0,698970 0,000200
вампиров 1,397940 0,000800
героини 1,397940 0,000600
изменили 1,522879 0,000654
пятница 1,301030 0,000372
сезона 0,958607 0,000549
узнайте 1,522879 0,000436
сюрпризы 1,698970 0,000486
ждут 1,301030 0,000372
нас 0,508638 0,000146
новом 0,853872 0,000367
сезоне 1,522879 0,000654
пятницу 1,096910 0,000785
Для 0,494850 0,000212
тех 0,920819 0,000527
кто 0,494850 0,000425
встретил 1,397940 0,000600
принца 1,698970 0,000729
переживайте 1,698970 0,000486
встретите 1,698970 0,000486
Вот 0,958607 0,000274
некоторые 1,096910 0,000314
прошлого 1,154902 0,000661
века 0,721246 0,000206
ждали 1,522879 0,000654
Время 1,045757 0,000449
добрых 1,698970 0,000486
историй 1,096910 0,000314
Этой 1,698970 0,000729
весной 1,154902 0,000331
марта 0,769551 0,000330
скоро 0,958607 0,000274
каждую 1,301030 0,000372
Бессмертный 1,698970 0,001216
Романтическое 1,698970 0,001216
заклятие 1,698970 0,001216
Ее 1,397940 0,000800
советы 1,154902 0,000331
необходимы 1,698970 0,000486
Сегодня 0,677781 0,000194
нуждаемся 1,698970 0,000486
даре 1,698970 0,000486
советах 1,698970 0,000486
выиграть 1,698970 0,000729
миллион 1,154902 0,000826
мечту 1,397940 0,001401
забери 1,698970 0,000486
рублей 0,585027 0,000335
самое 1,301030 0,000559
щедрое 1,698970 0,000486
шоу 0,657577 0,000282
Миллион 1,522879 0,000654
пятницам 1,698970 0,000486
Прими 1,698970 0,000729
участие 0,958607 0,000412
попади 1,698970 0,000486
тайный 1,698970 0,000486
клуб 0,958607 0,000274
миллионеров 1,698970 0,000486
Забери 1,698970 0,000486
полосыпн 1,698970 0,000486
Лишь 1,698970 0,000729
одно 1,045757 0,000599
обстоятельство 1,522879 0,000654
отличает 1,522879 0,000654
Смоленск 1,301030 0,000559
других 0,795880 0,000456
городов 1,221849 0,000525
здесь 0,744727 0,000320
веками 1,522879 0,000654
живут 1,045757 0,000449
настоящие 1,397940 0,000600
вампиры 1,522879 0,000872
Они 0,886057 0,000634
стараются 1,522879 0,000654
ничем 1,522879 0,000654
отличаться 1,698970 0,000729
обычных 1,522879 0,000872
горожан 1,397940 0,000600
ходят 1,522879 0,000654
работу 0,823909 0,000708
пользуются 1,522879 0,000654
транспортом 1,698970 0,000729
ругают 1,698970 0,000729
коммунальные 1,698970 0,000729
службы 1,221849 0,000525
некачественную 1,698970 0,000729
Громкое 1,698970 0,000729
убийство 1,301030 0,000559
нарушает 1,397940 0,000600
мирную 1,522879 0,000654
городе 0,958607 0,000412
Тела 1,698970 0,000729
обескровлены 1,698970 0,000729
Хранители 1,698970 0,000973
подозревают 1,522879 0,000654
местных 1,397940 0,000600
вурдалаков 1,698970 0,000729
нарушении 1,301030 0,000559
закона 1,045757 0,000449
тем 1,000000 0,000716
грозит 1,154902 0,000496
смертная 1,698970 0,000729
казнь 1,698970 0,000729
Тебя 1,522879 0,000436
ждет 0,853872 0,000244
сказочная 1,698970 0,000486
драма 1,045757 0,000299
детективным 1,698970 0,000486
уклоном 1,698970 0,000486
которой 0,886057 0,000380
ожили 1,698970 0,000486
персонажи 1,397940 0,000400
знаменитых 1,397940 0,000400
Детектив 1,221849 0,000350
Ник 1,397940 0,000400
Беркхард 1,698970 0,000486
является 0,853872 0,000244
потомком 1,698970 0,000486
древней 1,522879 0,000436
группы 1,045757 0,000449
охотников 1,522879 0,000436
известных 1,096910 0,000471
Гриммы 1,698970 0,000486
дарована 1,698970 0,000486
уникальная 1,397940 0,000400
способность 1,698970 0,000486
видеть 1,221849 0,000350
людях 1,221849 0,000350
Существ 1,698970 0,000486
сверхъестественных 1,698970 0,000486
созданий 1,698970 0,000486
навредить 1,698970 0,000486
человечеству 1,698970 0,000486
начался 1,698970 0,000486
одного 0,795880 0,000228
популярных 1,096910 0,000314
проектов 1,154902 0,000496
Слепой 1,522879 0,000436
бабушка 1,301030 0,000372
тихо 1,698970 0,000486
героически 1,698970 0,000486
уходит 1,301030 0,000372
жертвуя 1,698970 0,000486
жизнью 1,221849 0,000350
имя 0,886057 0,000254
спасения 1,397940 0,000400
передает 1,221849 0,000350
маме 1,522879 0,000436
Рае 1,698970 0,000486
продолжит 1,301030 0,000372
семейные 1,301030 0,000372
традиции 1,522879 0,000436
заложенные 1,698970 0,000486
бабушкой 1,698970 0,000486
Ниной 1,698970 0,000486
Их 1,154902 0,000331
трое 1,522879 0,000436
совершенно 0,886057 0,000254
разные 1,096910 0,000314
обладают 1,301030 0,000372
разным 1,698970 0,000486
даром 1,522879 0,000654
Объединяет 1,522879 0,000436
знают 1,301030 0,000372
сокровенные 1,698970 0,000486
вопросы 0,744727 0,000213
Можно 1,000000 0,000286
магию 1,522879 0,000436
можно 0,443697 0,000127
отрицать 1,698970 0,000486
видишь 1,698970 0,000486
счастливые 1,522879 0,000436
помогли 1,301030 0,000372
Виктория 1,154902 0,000331
Серафима 1,698970 0,000486
Таисия 1,698970 0,000486
начинаешь 1,698970 0,000486
чудо 1,154902 0,000331
Шоу 0,744727 0,000320
призвано 1,698970 0,000486
исполнять 1,397940 0,000400
заветные 1,698970 0,000486
мечты 1,522879 0,000654
телезрительниц 1,698970 0,000486
услугам 1,698970 0,000486
оказывается 1,221849 0,000525
целая 1,397940 0,000400
армия 1,096910 0,000314
экспертов 1,096910 0,000314
главе 1,522879 0,000654
звездным 1,698970 0,000486
коучем 1,698970 0,000486
личностному 1,698970 0,000486
росту 1,397940 0,000400
колумнистом 1,698970 0,000486
Forbes 1,397940 0,000400
Аной 1,698970 0,000486
героиням 1,698970 0,000486
найти 0,698970 0,000500
причины 1,301030 0,000372
проблем 1,154902 0,000331
команда 1,096910 0,000785
радикально 1,698970 0,000486
преобразиться 1,698970 0,000486
Городские 1,522879 0,000872
легенды 1,000000 0,000572
Цикл 1,397940 0,000400
документальных 1,698970 0,000486
фильмов 0,795880 0,000570
расскажет 1,301030 0,000372
истории 0,657577 0,000188
загадочных 1,397940 0,000400
местах 1,301030 0,000372
расположенных 1,698970 0,000486
современной 0,958607 0,000412
мистической 1,522879 0,000436
карте 1,301030 0,000372
страны 0,638272 0,000183
Дежурный 1,698970 0,000973
ангел 1,698970 0,000973
Евгения 0,853872 0,000244
талантливый 1,522879 0,000436
хирург 1,397940 0,000400
престижной 1,698970 0,000486
клиники 1,698970 0,000486
электрического 1,522879 0,000436
удара 0,823909 0,000236
получает 1,045757 0,000599
попытки 1,301030 0,000372
реанимировать 1,522879 0,000436
пациента 1,522879 0,000436
перенесенной 1,698970 0,000486
клинической 1,522879 0,000436
становится 1,221849 0,000525
обладательницей 1,698970 0,000486
странных 1,301030 0,000372
способностей 1,522879 0,000436
Теперь 0,958607 0,000274
общаться 1,397940 0,000400
душами 1,698970 0,000486
умерших 1,397940 0,000400
Башня 1,522879 0,001308
высокое 1,522879 0,000436
здание 1,397940 0,000400
символ 1,522879 0,000436
амбиций 1,698970 0,000486
успеха 1,096910 0,000314
статуса 1,698970 0,000486
одночасье 1,698970 0,000486
чудовищный 1,698970 0,000486
взрыв 1,698970 0,000486
превратит 1,522879 0,000436
Башню 1,698970 0,000486
место 0,795880 0,000228
заточения 1,698970 0,000486
героев 1,045757 0,000449
сериала 0,920819 0,001054
Восемь 1,522879 0,000436
будут 0,638272 0,000274
вынуждены 1,397940 0,000400
превратится 1,698970 0,000486
адскую 1,698970 0,000486
машину 1,000000 0,000286
исправления 1,698970 0,000486
искупления 1,522879 0,000436
проекты 0,698970 0,000400
Кино 0,677781 0,001067
недели 0,769551 0,000441
Мрачные 1,698970 0,001216
тени 1,522879 0,001090
апреля 0,301030 0,000345
Вечно 1,698970 0,000486
мрачный 1,698970 0,000486
вечно 1,522879 0,000436
Джонни 1,698970 0,000973
Депп 1,698970 0,000729
домой 0,958607 0,000823
рады 1,397940 0,000400
ему 0,853872 0,000367
Ева 1,397940 0,000400
Грин 1,522879 0,000436
Ли 1,221849 0,000350
Миллер 1,221849 0,000350
Мишел 1,698970 0,000486
Пфайфер 1,698970 0,000486
Хелена 1,698970 0,000486
Бонем 1,698970 0,000486
Картер 1,698970 0,000486
семейной 1,397940 0,000400
комедии 1,301030 0,000372
Вампирские 1,698970 0,000486
киновыходные 1,698970 0,001459
выходного 1,698970 0,001216
дня 0,494850 0,000354
Самые 0,920819 0,000264
родные 1,522879 0,000436
настоящему 1,698970 0,000486
бессмертное 1,698970 0,000486
кино 0,568636 0,000407
Багровый 1,698970 0,000486
пик 1,698970 0,000486
Волки 1,522879 0,001090
Блэйд 1,698970 0,000973
Троица 1,698970 0,000973
Тепло 1,698970 0,000729
наших 0,823909 0,000354
тел 1,301030 0,000559
зомбиапокалипсис 1,698970 0,000486
перестанем 1,698970 0,000486
смотреть 0,769551 0,000220
любимое 1,301030 0,000372
Еще 0,585027 0,000167
бы 0,585027 0,000167
такое 0,638272 0,000183
пропустить 1,698970 0,000486
Николас 1,522879 0,000436
Холт 1,698970 0,000486
Тереза 1,522879 0,000436
Палмер 1,698970 0,000486
Джон 0,958607 0,000274
Малкович 1,698970 0,000486
зомбической 1,698970 0,000486
лавстори 1,698970 0,000486
воскресенье 1,397940 0,000600
самому 1,397940 0,000400
успешному 1,698970 0,000486
охотнику 1,698970 0,000486
иногда 1,698970 0,000486
нужна 1,522879 0,000436
помощь 1,045757 0,000299
Уэсли 1,698970 0,000486
Снайпс 1,698970 0,000486
Джессика 1,397940 0,000400
Бил 1,698970 0,000486
Райан 1,698970 0,000486
Рейнольдс 1,522879 0,000436
финальной 1,698970 0,000486
части 0,920819 0,000264
легендарной 1,522879 0,000436
вампирской 1,698970 0,000486
саги 1,698970 0,000486
Лукас 1,698970 0,000486
Тилл 1,698970 0,000486
Стивен 1,154902 0,000331
Макхэтти 1,698970 0,000486
Джейсон 1,522879 0,000436
Момоа 1,522879 0,000436
зубастом 1,698970 0,000486
блокбастере 1,698970 0,000486
автора 0,886057 0,000254
Люди 1,000000 0,000286
Икс 1,698970 0,000486
Рекомендуем 1,397940 0,000600
Встречи 1,301030 0,000372
поняв 1,698970 0,000486
сын 0,958607 0,000274
привел 1,698970 0,000486
себе 0,619789 0,000355
Неожиданно 1,698970 0,000729
клиентка 1,698970 0,000486
отворожить 1,698970 0,000486
Вернувшиеся 1,698970 0,001702
трехлетний 1,522879 0,000654
Абляким 1,698970 0,000486
пошел 1,522879 0,000436
сестрой 1,522879 0,000436
соседскими 1,698970 0,000486
ребятами 1,698970 0,000486
собирать 1,397940 0,000600
подснежники 1,698970 0,000486
Домой 1,698970 0,000486
вернулись 1,397940 0,000600
младшего 1,522879 0,000436
Куда 1,154902 0,000331
никто 1,096910 0,000314
знал 1,154902 0,000331
х 0,769551 0,000330
летним 1,698970 0,000486
Сережей 1,698970 0,000486
отдыхали 1,522879 0,000436
бабушки 1,522879 0,000436
даче 1,522879 0,000436
пошли 1,522879 0,000436
прогуляться 1,698970 0,000486
местному 1,522879 0,000436
пруду 1,698970 0,000486
планировали 1,698970 0,000729
грибы 1,522879 0,000436
ягоды 1,698970 0,000486
купаться 1,698970 0,000486
простая 1,522879 0,000436
привычная 1,698970 0,000486
прогулка 1,698970 0,000486
обедом 1,698970 0,000486
прогулки 1,397940 0,000400
мама 1,397940 0,000800
Неизвестный 1,301030 0,000372
Работая 1,698970 0,000486
над 0,823909 0,000354
делом 1,301030 0,000372
пропавшей 1,698970 0,000486
воспитаннице 1,698970 0,000486
детского 1,522879 0,000436
дома 0,744727 0,000426
Спецбюро 1,698970 0,000486
Следственного 1,698970 0,000486
комитета 1,301030 0,000372
Женей 1,698970 0,000486
Пичугиной 1,698970 0,000486
странным 1,522879 0,000436
подозреваемым 1,522879 0,000436
ничего 1,045757 0,000449
обладает 1,522879 0,000654
энциклопедическими 1,698970 0,000486
знаниями 1,522879 0,000436
обо 1,397940 0,000400
всем 0,853872 0,000244
свете 1,154902 0,000331
Именно 1,301030 0,000372
догадки 1,698970 0,000486
помогают 1,301030 0,000372
раскрыть 1,522879 0,000654
охотники 1,397940 0,000400
правдой 1,698970 0,000486
Первой 1,698970 0,000486
версией 1,397940 0,000600
нападение 1,522879 0,000436
коренных 1,698970 0,000486
жителей 0,853872 0,000244
манси 1,698970 0,000729
Следствие 1,522879 0,000436
предполагало 1,698970 0,000486
могли 1,045757 0,000299
расправиться 1,698970 0,000486
туристами 1,698970 0,000486
потревожившими 1,698970 0,000486
святые 1,698970 0,000486
места 1,045757 0,000299
самом 0,886057 0,000507
деле 0,886057 0,000254
Реальная 1,301030 0,000372
Александр 0,468521 0,000134
Магу 1,698970 0,000486
профессиональный 1,397940 0,000400
фокусник 1,698970 0,000486
использует 1,301030 0,000372
тело 1,045757 0,000299
доказать 1,522879 0,000436
нет 0,619789 0,000177
невозможного 1,698970 0,000486
реальная 1,397940 0,001000
история 0,721246 0,000619
Банда 1,522879 0,000436
ГТА 1,698970 0,000729
годы 0,853872 0,000244
члены 1,698970 0,000486
Банды 1,698970 0,000486
расставляли 1,698970 0,000486
обочинах 1,698970 0,000486
дорог 1,154902 0,000331
самодельные 1,698970 0,000486
шипы 1,698970 0,000486
машины 1,045757 0,000299
останавливались 1,698970 0,000486
убивали 1,522879 0,000436
грабили 1,698970 0,000486
водителей 1,045757 0,000299
Несколько 1,522879 0,000436
участников 1,000000 0,000286
банды 1,698970 0,000486
находятся 1,397940 0,000400
международном 1,522879 0,000436
розыске 1,522879 0,000436
Остальные 1,698970 0,000486
получили 1,045757 0,000299
пожизненный 1,698970 0,000486
срок 1,154902 0,000331
И 0,408935 0,000176
Кинотеатр 1,522879 0,001090
Arzamas 1,522879 0,001090
Берегись 1,522879 0,000654
автомобиля 1,000000 0,000429
Модные 1,698970 0,000486
гаджеты 1,522879 0,000436
очереди 1,221849 0,000350
машина 1,301030 0,000372
кредита 1,698970 0,000486
свои 0,698970 0,000200
люди 0,677781 0,000194
милиции 1,397940 0,000400
Филипп 1,221849 0,000350
Дзядко 1,698970 0,000486
Роман 0,795880 0,000228
Супер 1,221849 0,000350
обсуждают 1,154902 0,000331
Несмотря 1,221849 0,000525
сказочный 1,698970 0,000729
сюжет 1,096910 0,000471
про 0,568636 0,000163
честного 1,698970 0,000486
рассказывает 0,958607 0,000274
скорее 1,301030 0,000372
проговаривается 1,698970 0,000486
времени 0,721246 0,000413
чем 0,420216 0,000180
августа 1,000000 0,000429
Максим 0,958607 0,000274
Вишневский 1,397940 0,000400
подмосковного 1,698970 0,000486
Наро 1,698970 0,000486
Фоминска 1,698970 0,000486
ушел 1,397940 0,000600
ночевкой 1,698970 0,000486
следующий 1,522879 0,000436
должен 0,886057 0,000254
вернуться 0,958607 0,000274
братья 1,397940 0,000400
дождались 1,522879 0,000436
поэтессы 1,698970 0,000486
Лидии 1,522879 0,000436
Крыловой 1,698970 0,000486
пропала 1,522879 0,000436
дачного 1,698970 0,000486
участка 1,698970 0,000486
Подмосковье 1,221849 0,000350
Поскольку 1,698970 0,000486
участок 1,698970 0,000486
стоит 0,677781 0,000194
краю 1,221849 0,000350
леса 1,221849 0,000350
основной 1,397940 0,000400
исчезновения 1,698970 0,000486
лес 1,397940 0,000400
Арканкерген 1,698970 0,000486
Трагедия 1,522879 0,000436
произошла 1,522879 0,000436
мая 0,823909 0,000236
версии 1,000000 0,000286
следствия 1,397940 0,000400
Владислав 1,221849 0,000350
Челах 1,698970 0,000486
тот 0,853872 0,000244
момент 0,920819 0,000264
рядовой 1,698970 0,000486
личного 1,397940 0,000400
состава 1,397940 0,000400
пограничного 1,698970 0,000486
поста 1,698970 0,000486
расстрелял 1,698970 0,000486
своих 0,657577 0,000188
сослуживцев 1,522879 0,000436
поджег 1,698970 0,000486
казармы 1,698970 0,000486
лесника 1,698970 0,000486
Челаха 1,698970 0,000486
приговорили 1,522879 0,000436
пожизненному 1,698970 0,000486
заключению 1,698970 0,000486
февраля 0,853872 0,000244
горном 1,698970 0,000486
дагестанском 1,698970 0,000486
селе 1,522879 0,000654
Курбан 1,698970 0,000486
Мама 1,096910 0,000471
вышла 1,045757 0,000299
покормить 1,698970 0,000486
скотину 1,698970 0,000486
меньше 1,154902 0,000331
получаса 1,698970 0,000486
хватило 1,397940 0,000400
одежду 1,522879 0,000436
ускользнул 1,698970 0,000486
неизвестном 1,397940 0,000400
направлении 1,301030 0,000372
Ночным 1,698970 0,000486
рейсом 1,522879 0,000436
Махачкалу 1,698970 0,000486
вылетела 1,698970 0,000486
волонтеров 1,522879 0,000436
Лизы 1,397940 0,000600
Алерт 1,522879 0,000654
оборудованием 1,397940 0,000400
которого 0,920819 0,000264
дагестанский 1,698970 0,000486
коллег 1,301030 0,000372
Задача 1,698970 0,000486
стояла 1,522879 0,000436
живым 1,698970 0,000729
мертвым 1,522879 0,000436
самолет 1,301030 0,000372
шел 1,522879 0,000436
посадку 1,698970 0,000486
прозвучала 1,698970 0,000486
СТОП 1,698970 0,000486
Каждую 1,522879 0,000436
канал 0,920819 0,000264
исполняет 1,522879 0,000654
отдает 1,522879 0,000436
действительно 1,221849 0,000350
нужен 0,958607 0,000274
каждом 1,301030 0,000372
жюри 1,397940 0,000400
зрителями 1,698970 0,000486
знакомятся 1,698970 0,000486
участниками 1,397940 0,000400
нужны 0,920819 0,000264
деньги 0,958607 0,000274
хватает 1,301030 0,000372
суммы 1,698970 0,000486
запуск 1,522879 0,000436
бизнеса 1,000000 0,000286
поездку 1,522879 0,000436
пластику 1,698970 0,000486
брак 1,698970 0,000486
Последний 0,920819 0,000264
герой 0,958607 0,000274
Побег 1,522879 0,000436
Рая 1,522879 0,000436
Фильм 1,154902 0,000496
проходили 1,698970 0,000486
съемки 1,221849 0,000525
осталось 1,301030 0,000372
кадром 1,522879 0,000436
Очевидцы 1,522879 0,000654
Ведьмы 1,698970 0,000486
едет 1,522879 0,000436
теще 1,522879 0,000436
Соседи 1,698970 0,000486
считают 1,301030 0,000372
теща 1,698970 0,000486
ведьма 1,522879 0,000436
мистическим 1,698970 0,000486
посмеивается 1,698970 0,000486
этими 1,698970 0,000486
слухами 1,698970 0,000486
смертельной 1,698970 0,000486
опасности 1,397940 0,000400
мужчине 1,698970 0,000486
смеха 1,698970 0,000486
июля 0,958607 0,000274
Кирилл 1,301030 0,000372
Петрухин 1,698970 0,000486
небольшой 1,397940 0,000400
деревни 1,397940 0,000400
под 0,376751 0,000162
Брянском 1,698970 0,000486
поехал 1,698970 0,000486
велосипеде 1,698970 0,000486
мороженым 1,698970 0,000486
Родители 1,301030 0,000372
через 0,585027 0,000167
час 1,000000 0,000429
вернулся 1,301030 0,000372
Воронцовой 1,522879 0,000436
гуляла 1,698970 0,000486
годовалым 1,698970 0,000486
внуком 1,522879 0,000436
Глебом 1,698970 0,000486
дворе 1,522879 0,000436
Москве 0,455932 0,000261
подбежал 1,698970 0,000486
выхватил 1,698970 0,000486
убежал 1,698970 0,000486
показа 1,522879 0,000436
проекте 0,657577 0,000188
ориентировки 1,698970 0,000486
пропавшего 1,397940 0,000400
Юрия 1,154902 0,000496
Мантрова 1,698970 0,000729
нам 0,657577 0,000188
обратились 1,522879 0,000436
родственники 1,698970 0,000973
студенты 1,698970 0,000486
Доцент 1,698970 0,000486
преподаватель 1,698970 0,000486
кафедры 1,698970 0,000486
Истории 0,853872 0,000244
политологии 1,397940 0,000400
Московского 1,522879 0,000436
Университета 1,522879 0,000436
Управления 1,698970 0,000486
работы 0,638272 0,000183
поздно 1,698970 0,000486
ноября 1,221849 0,000350
бесследно 1,522879 0,000436
Успеют 1,698970 0,000486
волонтеры 1,397940 0,000600
ученики 1,522879 0,000436
Морозова 1,698970 0,000486
несчастная 1,698970 0,000486
брошенная 1,522879 0,000436
произвол 1,698970 0,000486
судьбы 1,154902 0,000331
главная 1,522879 0,000436
задача 1,397940 0,000400
выжить 1,397940 0,000400
Астролог 1,522879 0,000872
Кали 1,698970 0,000973
Шанкар 1,698970 0,000973
убедил 1,698970 0,000486
необходимости 1,301030 0,000372
гармоничной 1,698970 0,000486
самореализации 1,698970 0,000486
предназначение 1,522879 0,000872
стать 0,795880 0,000342
клипмейкером 1,698970 0,000486
Примет 1,698970 0,000486
призвание 1,522879 0,000436
Интервью 0,638272 0,000365
Ленин 1,301030 0,000372
Собчак 1,522879 0,000654
Большая 1,000000 0,000286
Интервьюер 1,698970 0,000486
Ксения 1,221849 0,000350
общается 1,301030 0,000372
известной 1,301030 0,000372
исторической 1,522879 0,000654
личностью 1,698970 0,000486
роль 1,000000 0,000286
актер 1,000000 0,000286
дополняется 1,698970 0,000486
хроникой 1,698970 0,000486
Пенсионер 1,698970 0,000486
Владимир 0,431798 0,000185
Круглов 1,698970 0,000486
терялся 1,698970 0,000486
снова 0,769551 0,000220
А 0,376751 0,000108
школьница 1,522879 0,000436
Сабрина 1,698970 0,000486
Руссу 1,698970 0,000486
вернулась 1,397940 0,000400
потом 0,920819 0,000264
друзья 1,045757 0,000449
проболтались 1,698970 0,000486
появился 1,301030 0,000372
поклонник 1,522879 0,000436
Целую 1,698970 0,000486
разыскивали 1,698970 0,000486
пропавшую 1,698970 0,000486
Учителя 1,698970 0,000729
рекомендует 1,301030 0,000372
Вдовиченков 1,522879 0,000436
Лядова 1,698970 0,000486
Старшенбаум 1,522879 0,000436
правдивом 1,698970 0,000486
сериале 1,096910 0,000314
российском 1,000000 0,000286
образовании 1,301030 0,000372
Москва 0,508638 0,000291
слезам 1,698970 0,000729
Один 0,853872 0,000244
любимых 1,045757 0,000299
советских 1,397940 0,000800
тому 1,096910 0,000314
получивший 1,522879 0,000436
премию 1,397940 0,000400
Оскар 1,000000 0,000286
Сюжет 1,221849 0,000350
развивается 1,397940 0,000400
двух 0,886057 0,000254
эпохах 1,698970 0,000486
Изменения 1,522879 0,000436
происходившие 1,698970 0,000486
советском 1,397940 0,000400
обществе 1,698970 0,000486
подчеркивают 1,698970 0,000486
приметы 1,522879 0,000436
узнаем 1,698970 0,000486
фильме 1,096910 0,000314
Десять 1,397940 0,000400
Сычева 1,698970 0,000486
потратила 1,698970 0,000486
изготовление 1,698970 0,000486
игрушек 1,698970 0,000486
иметь 1,221849 0,000350
предлагает 1,045757 0,000299
женщине 1,397940 0,000600
дизайнером 1,698970 0,000486
модельером 1,698970 0,000486
природное 1,698970 0,000486
недовольство 1,698970 0,000486
собой 0,823909 0,000236
поставило 1,698970 0,000486
вопрос 0,698970 0,000200
возможность 0,769551 0,000220
реализовать 1,522879 0,000436
первого 1,000000 0,000286
бросила 1,522879 0,000436
любимую 1,698970 0,000486
преподавательскую 1,698970 0,000486
троих 1,522879 0,000436
принесло 1,698970 0,000486
счастья 1,045757 0,000299
Известный 1,698970 0,000486
астролог 1,522879 0,000436
определил 1,522879 0,000436
Надежды 1,522879 0,000436
Сможет 1,522879 0,000436
следовать 1,522879 0,000654
Курьер 1,698970 0,000729
шедевр 1,522879 0,000436
перестроечного 1,698970 0,000486
новому 1,301030 0,000372
взглянул 1,522879 0,000436
подростков 1,397940 0,000400
зафиксировал 1,698970 0,000486
растерянность 1,698970 0,000486
большими 1,522879 0,000436
переменами 1,698970 0,000486
Кажется 1,698970 0,000486
традиционный 1,522879 0,000436
конфликт 1,154902 0,000331
отцов 1,522879 0,000436
стоял 1,522879 0,000436
остро 1,397940 0,000400
Чернобыль 1,397940 0,001000
Зона 1,698970 0,001216
отчуждения 1,698970 0,001216
осенью 1,522879 0,001090
выбери 1,698970 0,000486
закончится 0,958607 0,000274
мира 0,537602 0,000154
три 0,853872 0,000244
финала 1,221849 0,000350
Надежде 1,698970 0,000486
Максимовой 1,698970 0,000486
стилисты 1,698970 0,000486
коуч 1,698970 0,000486
помогут 1,096910 0,000314
обрести 1,522879 0,000436
веру 1,397940 0,000400
своему 1,522879 0,000654
предназначению 1,698970 0,000486
Братья 1,301030 0,000559
рождения 0,677781 0,000194
дарит 1,301030 0,000372
брату 1,698970 0,000486
Антону 1,698970 0,000486
антикварный 1,698970 0,000486
кинжал 1,698970 0,000486
квартире 1,221849 0,000350
погромы 1,698970 0,000486
просыпается 1,698970 0,000486
раной 1,698970 0,000486
плече 1,698970 0,000486
начинают 1,522879 0,000436
подозревать 1,698970 0,000486
пропусти 1,301030 0,000372
премьеру 1,221849 0,000350
фильма 0,795880 0,000228
Призраки 1,221849 0,000525
Московский 1,096910 0,000471
врач 1,096910 0,000471
Иванов 1,096910 0,000785
известие 1,698970 0,000729
повалил 1,698970 0,000729
памятник 1,096910 0,000471
могиле 1,698970 0,000729
Чтобы 0,795880 0,000342
восстановить 1,698970 0,000729
надгробие 1,698970 0,000729
спешно 1,698970 0,000729
отправляется 1,221849 0,000525
малую 1,698970 0,000729
родину 1,522879 0,000654
провинциальный 1,698970 0,000729
связаны 1,522879 0,000654
мрачные 1,522879 0,000654
Мимино 1,698970 0,000729
комедия 1,045757 0,000299
поднимает 1,698970 0,000486
целый 1,522879 0,000436
ряд 1,397940 0,000400
практически 1,096910 0,000314
встречаются 1,522879 0,000436
фильмах 1,522879 0,000436
Здесь 1,096910 0,000314
зафиксировано 1,522879 0,000436
спокойное 1,698970 0,000486
относительно 1,522879 0,000436
сытое 1,698970 0,000486
советское 1,522879 0,000436
общество 0,958607 0,000274
утоляло 1,698970 0,000486
жажду 1,698970 0,000486
потребления 1,522879 0,000436
видео 0,568636 0,000163
События 0,886057 0,000380
челлендже 1,698970 0,000486
ВКонтакте 0,795880 0,000342
показу 1,698970 0,000486
запустил 1,522879 0,000436
Клипах 1,698970 0,000486
челлендж 1,698970 0,000486
масками 1,698970 0,000486
выграй 1,698970 0,000486
терапевтические 1,698970 0,000486
массажеры 1,698970 0,000486
глаз 1,221849 0,000350
уникальной 1,301030 0,000372
системой 1,698970 0,000486
настройки 1,397940 0,000400
Клип 1,698970 0,000486
опубликовать 1,397940 0,000400
странице 1,045757 0,000299
объявлены 1,522879 0,000436
победители 1,522879 0,000436
конкурса 1,154902 0,000331
Читать 0,886057 0,000254
Салат 1,698970 0,000486
сельдью 1,698970 0,000486
удивит 1,522879 0,000436
Вампирский 1,522879 0,000436
киноужин 1,698970 0,000486
Мак 1,397940 0,000400
энд 1,522879 0,000436
чиз 1,698970 0,000486
голодного 1,522879 0,000436
монстра 1,397940 0,000400
Всемирный 1,698970 0,000486
твоего 1,698970 0,000486
здоровья 0,958607 0,000274
Выходные 1,397940 0,001000
компании 0,677781 0,000194
настоящих 1,698970 0,000729
Лили 1,397940 0,000400
Шерозия 1,698970 0,000486
Андрей 0,552842 0,000158
Трофимов 1,397940 0,000400
аудиоконтент 1,698970 0,000486
нуля 1,397940 0,000400
Выиграй 1,698970 0,000486
призы 1,397940 0,000400
просмотра 1,221849 0,000350
Аудистикеры 1,698970 0,000486
Одноклассниках 1,301030 0,000372
Стикеры 1,522879 0,000436
героями 1,301030 0,000372
новости 0,420216 0,000241
Гошей 1,698970 0,000729
Кармряном 1,698970 0,000486
актером 1,698970 0,000486
озвучки 1,522879 0,000436
Уикенд 1,698970 0,000486
приключенческих 1,698970 0,000486
всей 0,920819 0,000264
Второе 1,522879 0,000436
занятие 1,522879 0,000436
медиакурса 1,698970 0,000486
RUTUBE 1,698970 0,000729
Сериал 1,000000 0,000429
ОБЪЯСНЯЕМ 1,698970 0,000486
РФ 0,568636 0,000163
информационный 1,397940 0,000400
портал 0,823909 0,000236
Джеймсом 1,522879 0,000436
Бондом 1,698970 0,000486
Премьеры 1,096910 0,000314
Гая 1,698970 0,000486
Ричи 1,522879 0,000436
Врачей 1,698970 0,000486
MANIZHA 1,698970 0,000486
ELMAN 1,698970 0,000486
выпустили 1,522879 0,000436
клип 1,397940 0,000400
дораме 1,522879 0,000436
Мистические 1,698970 0,000486
Классика 1,522879 0,000436
ужасов 1,221849 0,000525
Телепремьера 1,698970 0,000729
дорамы 1,522879 0,000436
покажет 1,221849 0,000699
канун 1,397940 0,000400
Дня 1,096910 0,000314
Влюбленных 1,698970 0,000486
Горячие 1,522879 0,000436
провел 1,221849 0,000350
специальные 1,397940 0,000400
показы 1,301030 0,000372
Перевала 1,698970 0,000486
экспертами 1,301030 0,000372
МЧС 1,301030 0,000372
стартует 1,301030 0,000372
бондиана 1,698970 0,000486
другие 0,677781 0,000194
хиты 1,397940 0,000400
инклюзивного 1,698970 0,000486
ТВЕРСКАЯ 1,698970 0,000486
фонд 1,522879 0,000436
Детские 1,397940 0,000400
сердца 1,301030 0,000372
подводят 1,698970 0,000486
итоги 1,000000 0,000286
новогодней 1,698970 0,000486
акции 1,045757 0,000299
вошел 1,522879 0,000436
ТОП 0,958607 0,000274
HBO 1,522879 0,000436
LAtAm 1,698970 0,000486
Джеки 1,397940 0,000400
Чан 1,522879 0,000436
Ольга 0,769551 0,000220
Куриленко 1,698970 0,000486
шпионских 1,698970 0,000486
кинопремьерах 1,698970 0,000486
Благотворительный 1,522879 0,000436
марафон 1,397940 0,000400
Новогодние 1,397940 0,000400
чудеса 1,522879 0,000436
страшно 1,522879 0,000436
романтического 1,397940 0,000400
новогодние 1,301030 0,000372
праздники 0,886057 0,000254
Безумные 1,698970 0,000486
киноприключения 1,698970 0,000486
Любовь 0,823909 0,000236
оборотни 1,698970 0,000486
научат 1,522879 0,000436
школьников 1,221849 0,000350
создавать 1,522879 0,000436
подкасты 1,397940 0,000400
призером 1,698970 0,000486
Promax 1,698970 0,000486
Global 1,698970 0,000486
Exellence 1,698970 0,000486
Awards 1,397940 0,000400
эпических 1,698970 0,000486
кинокатастроф 1,698970 0,000486
Героев 1,698970 0,000486
Парад 1,698970 0,000486
Инсомния 1,698970 0,000486
Куценко 1,698970 0,000486
Киновыходные 1,698970 0,000486
Пирсом 1,698970 0,000486
Броснаном 1,698970 0,000486
Люком 1,698970 0,000486
Бессоном 1,698970 0,000486
Завершились 1,698970 0,000486
Чистильщик 1,698970 0,000486
Эпические 1,698970 0,000486
Неделя 1,397940 0,000400
фэнтези 1,045757 0,000299
хоррора 1,397940 0,000400
бойся 1,698970 0,000486
Хэллоуина 1,698970 0,000486
самую 1,397940 0,000400
темную 1,698970 0,000486
ночь 1,000000 0,000286
АВАНПОСТ 1,698970 0,000486
октября 1,096910 0,000314
Фантастические 1,397940 0,000400
показ 1,301030 0,000372
финалистов 1,522879 0,000436
комедийного 1,397940 0,000400
акселератора 1,698970 0,000486
Рисуем 1,698970 0,000486
сказки 1,154902 0,000331
стало 1,000000 0,000286
лауреатом 1,397940 0,000400
премии 0,853872 0,000244
ТЭФИ 1,698970 0,000486
KIDS 1,698970 0,000486
Сны 1,397940 0,000400
Алисы 1,698970 0,000486
Женевского 1,698970 0,000486
кинофестиваля 1,522879 0,000436
Страшно 1,698970 0,000486
интересный 1,397940 0,000400
киноуикенд 1,698970 0,000486
фантастические 1,522879 0,000436
кинопремьеры 1,522879 0,000436
Доброшрифт 1,698970 0,000486
Наши 0,886057 0,000254
фонды 1,397940 0,000400
Быстрые 1,698970 0,000486
ссылки 1,301030 0,000372
полуночи 1,397940 0,000400
Контакты 0,455932 0,000131
Федеральная 1,522879 0,000436
реклама 1,154902 0,000331
Реклама 0,387216 0,000111
городах 1,221849 0,000350
Спонсорство 1,698970 0,000486
спонсорские 1,698970 0,000486
Digital 1,301030 0,000372
Пресс 0,657577 0,000188
служба 1,301030 0,000372
Программные 1,698970 0,000486
права 0,431798 0,000124
Защита 1,397940 0,000400
авторских 1,045757 0,000299
прав 0,920819 0,000264
Офис 1,698970 0,000486
канала 1,000000 0,000286
ООО 0,853872 0,000244
Олимпийский 1,522879 0,000436
пр 1,522879 0,000436
info 0,886057 0,000254
Политика 0,443697 0,000127
конфиденциальности 0,744727 0,000213
волоске 1,698970 0,000486
развода 1,301030 0,000372
Смотреть 0,721246 0,000206
прямом 1,397940 0,000400
Далее 1,301030 0,000372
Ни 1,221849 0,000350
живая 1,522879 0,000436
мертвая 1,698970 0,000486
Вечером 1,698970 0,000486
Крик 1,698970 0,000486
Лишняя 1,698970 0,000486
пятерка 1,698970 0,000486
Предатель 1,698970 0,000486
стажем 1,522879 0,000436
Вся 0,886057 0,000254
телепрограмма 1,397940 0,000400
Главная 0,823909 0,000236
Правда 1,096910 0,000314
умер 1,154902 0,000331
Женек 1,698970 0,000486
финале 1,397940 0,000400
Вампиров 1,698970 0,000486
