Ну 1,045757 0,003771
ка 1,522879 0,007322
Дети 0,958607 0,003457
портал 0,823909 0,002971
для 0,119186 0,001146
полезного 1,397940 0,003360
досуга 1,698970 0,004084
детей 0,431798 0,004671
Войти 0,508638 0,001223
Избранное 1,397940 0,003360
Сказки 1,221849 0,005874
Аудиосказки 1,698970 0,008168
Рассказы 1,698970 0,006126
Аудиорассказы 1,698970 0,004084
Басни 1,397940 0,005041
Стихи 1,096910 0,017139
Песни 1,045757 0,018854
Загадки 1,698970 0,008168
Раскраски 1,698970 0,008168
Блог 1,045757 0,005028
Мультики 1,698970 0,004084
Добавить 1,154902 0,002776
и 0,075721 0,001729
их 0,455932 0,001096
родителей 0,958607 0,002304
Русские 1,221849 0,005874
народные 1,698970 0,008168
Про 1,000000 0,025240
бабу 1,522879 0,005491
ягу 1,698970 0,006126
Александр 0,468521 0,001689
Пушкин 1,221849 0,004406
Ганс 1,698970 0,006126
Христиан 1,698970 0,006126
Андерсен 1,698970 0,006126
Братья 1,301030 0,004691
Гримм 1,522879 0,005491
Николай 0,744727 0,002685
Носов 1,698970 0,006126
Владимир 0,431798 0,001557
Сутеев 1,698970 0,006126
Корней 1,522879 0,003661
Чуковский 1,522879 0,003661
Шарль 1,522879 0,003661
Перро 1,522879 0,003661
Иван 0,744727 0,002685
Крылов 1,522879 0,005491
Волшебные 1,522879 0,003661
О 0,207608 0,000499
животных 1,045757 0,003771
Короткие 1,522879 0,007322
Все 0,148742 0,001788
сказки 1,154902 0,002776
Сказка 1,301030 0,007819
о 0,136677 0,000821
царе 1,522879 0,003661
Салтане 1,522879 0,003661
рыбаке 1,522879 0,005491
рыбке 1,522879 0,005491
Морозко 1,698970 0,006126
Теремок 1,698970 0,004084
Снежная 1,397940 0,003360
королева 1,301030 0,003127
Три 0,823909 0,003961
поросенка 1,698970 0,004084
Курочка 1,698970 0,004084
Ряба 1,698970 0,004084
Волк 1,096910 0,006592
семеро 1,522879 0,005491
козлят 1,522879 0,005491
Кот 1,221849 0,004406
в 0,070581 0,000170
сапогах 1,397940 0,003360
Дюймовочка 1,698970 0,004084
Белоснежка 1,698970 0,004084
семь 1,397940 0,003360
гномов 1,698970 0,004084
Муха 1,698970 0,006126
Цокотуха 1,698970 0,006126
Василиса 1,698970 0,004084
Прекрасная 1,522879 0,003661
Царевна 1,698970 0,006126
лягушка 1,698970 0,006126
Колобок 1,698970 0,006126
Агнии 1,522879 0,003661
Барто 1,522879 0,003661
Маршака 1,522879 0,003661
Чуковского 1,522879 0,003661
Заходера 1,522879 0,003661
Берестова 1,522879 0,003661
Сергея 0,920819 0,002214
Михалкова 1,522879 0,003661
стихи 1,301030 0,004691
лет 0,366532 0,003084
Федорино 1,522879 0,003661
горе 1,397940 0,003360
Мойдодыр 1,522879 0,003661
Айболит 1,522879 0,003661
Бармалей 1,522879 0,003661
глупом 1,698970 0,004084
мышонке 1,698970 0,004084
Вот 0,958607 0,002304
какой 0,886057 0,002130
рассеянный 1,522879 0,003661
лодыри 1,698970 0,004084
Багаж 1,522879 0,003661
Телефон 1,000000 0,002404
Где 0,958607 0,002304
обедал 1,698970 0,004084
воробей 1,522879 0,003661
Виктор 0,795880 0,002870
Драгунский 1,698970 0,006126
Борис 0,769551 0,001850
Житков 1,698970 0,004084
Валентина 1,045757 0,002514
Осеева 1,698970 0,004084
Константин 0,886057 0,003195
Паустовский 1,698970 0,004084
Михаил 0,568636 0,002050
Пришвин 1,698970 0,004084
Ушинский 1,698970 0,004084
Зощенко 1,698970 0,004084
рассказы 1,397940 0,003360
Волшебное 1,522879 0,003661
слово 0,886057 0,002130
Заплатка 1,698970 0,004084
Не 0,481486 0,001157
надо 0,823909 0,001981
врать 1,522879 0,003661
Ступеньки 1,698970 0,004084
Что 0,346787 0,000834
любит 1,301030 0,003127
Мишка 1,522879 0,003661
Заколдованная 1,698970 0,004084
буква 1,698970 0,004084
Автомобиль 1,698970 0,004084
Тайное 1,698970 0,004084
становится 1,221849 0,002937
явным 1,698970 0,004084
Фантазеры 1,698970 0,004084
Мишкина 1,698970 0,004084
каша 1,698970 0,004084
Сергей 0,468521 0,001126
Михалков 1,301030 0,003127
Лев 1,000000 0,002404
Толстой 1,154902 0,002776
басни 1,522879 0,003661
Ворона 1,522879 0,003661
Лисица 1,698970 0,004084
Лебедь 1,397940 0,003360
Рак 1,698970 0,004084
Щука 1,698970 0,004084
Квартет 1,698970 0,004084
Зеркало 1,522879 0,003661
обезьяна 1,698970 0,004084
Стрекоза 1,698970 0,004084
Муравей 1,698970 0,004084
Мартышка 1,522879 0,003661
очки 1,301030 0,003127
Слон 1,698970 0,006126
Моська 1,698970 0,004084
Демьянова 1,698970 0,004084
уха 1,698970 0,004084
Ягненок 1,698970 0,004084
Свинья 1,522879 0,003661
под 0,376751 0,000906
дубом 1,522879 0,003661
на 0,075721 0,000455
псарне 1,698970 0,004084
Длинные 1,698970 0,004084
Для 0,494850 0,003569
аудиосказки 1,698970 0,004084
Красная 1,301030 0,003127
Шапочка 1,698970 0,004084
Репка 1,698970 0,004084
Золушка 1,698970 0,004084
медведя 1,397940 0,005041
Цветик 1,698970 0,004084
семицветик 1,698970 0,004084
Аленький 1,698970 0,004084
Цветочек 1,698970 0,004084
Щелкунчик 1,698970 0,004084
Мышиный 1,698970 0,004084
король 1,397940 0,003360
Золотой 1,045757 0,002514
ключик 1,698970 0,004084
или 0,301030 0,000724
приключения 1,045757 0,002514
Буратино 1,698970 0,004084
Гуси 1,698970 0,004084
Лебеди 1,698970 0,004084
Конек 1,698970 0,004084
горбунок 1,698970 0,004084
Колыбельные 1,698970 0,004084
песни 1,221849 0,008811
из 0,167491 0,000805
мультфильмов 1,522879 0,007322
Бременских 1,698970 0,004084
музыкантов 1,397940 0,003360
Новогодние 1,397940 0,003360
про 0,568636 0,002734
маму 1,154902 0,002776
папу 1,522879 0,003661
бабушку 1,397940 0,003360
малышей 1,522879 0,005491
Веселые 1,522879 0,007322
февраля 0,853872 0,002053
марта 0,769551 0,001850
ко 0,958607 0,002304
Дню 0,958607 0,002304
Победы 1,000000 0,002404
советских 1,397940 0,003360
Буренки 1,698970 0,004084
Даши 1,698970 0,004084
детский 1,522879 0,003661
сад 1,045757 0,002514
Кабы 1,698970 0,004084
не 0,142668 0,000343
было 0,585027 0,001406
зимы 1,397940 0,003360
Отпусти 1,698970 0,004084
забудь 1,522879 0,003661
Крылатые 1,397940 0,003360
качели 1,698970 0,004084
Чунга 1,698970 0,004084
Чанга 1,698970 0,004084
Лесной 1,522879 0,003661
олень 1,698970 0,004084
Спят 1,698970 0,004084
усталые 1,698970 0,004084
игрушки 1,522879 0,003661
Ничего 1,397940 0,003360
свете 1,154902 0,002776
лучше 0,958607 0,002304
нету 1,698970 0,004084
Луч 1,698970 0,004084
Солнца 1,522879 0,003661
Золотого 1,522879 0,003661
Спи 1,698970 0,004084
моя 1,096910 0,002637
радость 1,221849 0,002937
усни 1,698970 0,004084
В 0,167491 0,000403
лесу 1,154902 0,002776
родилась 1,522879 0,003661
елочка 1,698970 0,004084
Прекрасное 1,698970 0,004084
далеко 1,522879 0,003661
Баю 1,698970 0,004084
баюшки 1,698970 0,004084
баю 1,698970 0,004084
Колыбельная 1,698970 0,004084
медведицы 1,698970 0,004084
От 0,795880 0,001913
улыбки 1,698970 0,004084
станет 0,920819 0,002214
всем 0,853872 0,002053
светлей 1,698970 0,004084
коровы 1,522879 0,003661
девочек 1,221849 0,002937
мальчиков 1,397940 0,003360
Из 0,698970 0,001680
Животные 1,522879 0,003661
раскраски 1,698970 0,004084
Барби 1,698970 0,004084
Винкс 1,698970 0,004084
ПринцессыMy 1,698970 0,004084
little 1,698970 0,004084
ponyМонстр 1,698970 0,004084
Хай 1,397940 0,003360
кота 1,221849 0,002937
Щенячий 1,698970 0,004084
патруль 1,698970 0,004084
Робокар 1,698970 0,004084
Поли 1,698970 0,004084
Человек 0,958607 0,002304
паук 1,221849 0,002937
Машины 1,698970 0,004084
Танки 1,698970 0,004084
Корабли 1,698970 0,004084
зиму 1,522879 0,003661
лето 1,045757 0,002514
елку 1,522879 0,003661
осень 1,522879 0,003661
зайца 1,698970 0,004084
птиц 1,522879 0,003661
лису 1,698970 0,004084
собаку 1,397940 0,003360
цветы 1,522879 0,003661
волка 1,698970 0,004084
деревья 1,397940 0,003360
березу 1,698970 0,004084
рыб 1,698970 0,004084
ежа 1,698970 0,004084
слона 1,522879 0,003661
загадки 1,522879 0,003661
Уроки 1,301030 0,003127
рисования 1,698970 0,004084
Сова 1,698970 0,004084
Динозавр 1,698970 0,004084
Бабочка 1,522879 0,003661
Кошка 1,698970 0,004084
Попугай 1,698970 0,004084
Бегемот 1,698970 0,004084
уроки 1,301030 0,003127
зверята 1,698970 0,004084
Открытка 1,698970 0,004084
Дедушка 1,522879 0,003661
бабушка 1,301030 0,003127
Мастер 1,096910 0,003955
класс 1,301030 0,004691
Губка 1,698970 0,004084
Боб 1,522879 0,003661
Квадратные 1,698970 0,004084
Штаны 1,698970 0,004084
его 0,376751 0,000906
друзья 1,045757 0,002514
монстры 1,698970 0,004084
сладкоежки 1,698970 0,004084
Рисование 1,698970 0,004084
Пословицы 1,698970 0,004084
Мультфильмы 1,301030 0,003127
Читательский 1,698970 0,004084
дневник 1,522879 0,003661
Обратная 0,585027 0,001406
связь 0,552842 0,001329
Правообладателям 1,397940 0,003360
дети 0,853872 0,002053
