All 1,154902 0,001615
posts 1,698970 0,000950
in 1,000000 0,008112
a 0,920819 0,012879
row 1,698970 0,000950
Habr 1,698970 0,001901
How 1,397940 0,002346
to 0,886057 0,019084
become 1,698970 0,001426
an 1,154902 0,003877
author 1,522879 0,000852
streams 1,698970 0,001426
Development 1,301030 0,002184
Admin 1,698970 0,000950
Design 1,522879 0,000852
Management 1,301030 0,000728
Marketing 1,522879 0,000852
PopSci 1,698970 0,000950
Search 1,301030 0,001092
Profile 1,698970 0,000950
Pull 1,522879 0,000852
refresh 1,397940 0,001173
Articles 1,522879 0,000852
News 1,221849 0,001025
Hubs 1,698970 0,001426
Authors 1,698970 0,001426
Companies 1,522879 0,001278
Everything 1,522879 0,000852
Dropdown 1,698970 0,000950
Copy 1,698970 0,000950
RSS 0,853872 0,000478
link 1,698970 0,000950
Show 1,698970 0,000950
first 1,301030 0,001092
New 1,154902 0,000646
Top 1,301030 0,001092
Rating 1,698970 0,006178
limit 1,698970 0,000950
Apply 1,698970 0,000950
danilovmy 1,698970 0,000950
April 1,698970 0,003327
at 1,221849 0,008544
Django 1,397940 0,001955
admin 1,698970 0,001426
dynamic 1,698970 0,000950
Inline 1,698970 0,000950
positioning 1,698970 0,000950
Python 1,221849 0,000684
Translation 1,698970 0,001901
Tutorial 1,698970 0,002851
Recently 1,698970 0,000950
I 0,853872 0,005732
ve 1,522879 0,000852
received 1,698970 0,001426
interesting 1,698970 0,000950
request 1,522879 0,001278
from 1,221849 0,002392
client 1,698970 0,000950
about 1,301030 0,004731
one 1,221849 0,003418
of 0,920819 0,015454
our 1,301030 0,000728
projects 1,397940 0,000782
He 1,698970 0,000950
asked 1,698970 0,000950
if 1,221849 0,001367
it 1,221849 0,006494
would 1,698970 0,002851
be 1,301030 0,004731
possible 1,698970 0,001426
show 1,522879 0,001278
inline 1,698970 0,000950
component 1,698970 0,001426
above 1,698970 0,000950
other 1,301030 0,001820
fields 1,522879 0,000852
the 0,958607 0,019574
panel 1,698970 0,000950
At 1,522879 0,001704
beginning 1,698970 0,001901
thought 1,698970 0,001426
that 1,154902 0,004200
there 1,698970 0,004277
shouldn 1,698970 0,000950
t 1,221849 0,002051
any 1,221849 0,002051
issue 1,522879 0,001278
with 1,096910 0,007671
Though 1,698970 0,000950
was 1,522879 0,003408
no 1,522879 0,004260
easy 1,397940 0,000782
solution 1,301030 0,001456
then 1,522879 0,000852
installing 1,698970 0,000950
another 1,522879 0,001704
battery 1,698970 0,000950
project 1,522879 0,002130
My 1,397940 0,000782
gut 1,698970 0,000950
feeling 1,522879 0,000852
told 1,698970 0,000950
me 1,397940 0,001173
were 1,698970 0,000950
way 1,397940 0,001564
around 1,522879 0,001278
problem 1,522879 0,002556
Read 1,522879 0,008520
more 1,154902 0,007107
ModelAdmin 1,698970 0,000950
Inlines 1,698970 0,000950
Views 1,698970 0,009980
Add 1,397940 0,008212
bookmarks 1,698970 0,009980
Comments 1,698970 0,009980
miti 1,698970 0,001426
Working 1,522879 0,000852
digital 1,698970 0,002376
infrared 1,698970 0,001426
passive 1,522879 0,001704
motion 1,698970 0,002851
sensor 1,698970 0,001901
PYD 1,698970 0,001901
Programming 1,397940 0,001564
microcontrollers 1,698970 0,001901
In 1,397940 0,004301
this 1,096910 0,004296
article 1,698970 0,007129
is 1,096910 0,009818
work 1,221849 0,001367
Infrared 1,698970 0,000950
introduced 1,698970 0,000950
The 0,721246 0,003228
serial 1,698970 0,001426
opposed 1,698970 0,000950
format 1,698970 0,001901
two 1,522879 0,003834
element 1,698970 0,000950
detector 1,698970 0,000950
based 1,698970 0,003802
on 1,096910 0,003682
pyroceramic 1,698970 0,000950
produced 1,698970 0,000950
by 1,000000 0,002238
Excelitas 1,698970 0,000950
Technologies 1,698970 0,000950
This 1,221849 0,002734
represents 1,698970 0,000950
low 1,698970 0,001901
power 1,698970 0,001901
uA 1,698970 0,000950
V 0,958607 0,000536
source 1,301030 0,002184
voltage 1,698970 0,000950
as 1,221849 0,002392
documentation 1,698970 0,000950
said 1,698970 0,000950
sensible 1,698970 0,000950
elements 1,698970 0,001426
which 1,522879 0,004686
measure 1,698970 0,001426
thermal 1,698970 0,000950
radiation 1,698970 0,000950
stream 1,522879 0,000852
signal 1,698970 0,002376
converted 1,698970 0,000950
value 1,397940 0,001564
using 1,522879 0,001704
Sigma 1,698970 0,000950
Delta 1,698970 0,000950
and 0,958607 0,017161
DSP 1,698970 0,000950
techniques 1,522879 0,000852
A 0,886057 0,000744
configurable 1,522879 0,000852
detection 1,698970 0,001426
unit 1,698970 0,001901
implemented 1,698970 0,002376
can 1,221849 0,003076
generate 1,698970 0,000950
interrupt 1,698970 0,000950
recognized 1,698970 0,000950
external 1,698970 0,001426
microcontroller 1,698970 0,001426
MCU 1,698970 0,001426
case 1,522879 0,001278
detected 1,698970 0,000950
contributes 1,698970 0,000950
significant 1,698970 0,001426
device 1,698970 0,000950
energy 1,698970 0,000950
efficiency 1,698970 0,000950
increasing 1,698970 0,001426
via 1,698970 0,000950
putting 1,698970 0,000950
sleep 1,698970 0,000950
mode 1,698970 0,001426
periodic 1,698970 0,000950
raw 1,698970 0,000950
data 1,154902 0,001615
its 1,397940 0,001564
analyzing 1,698970 0,001901
necessity 1,698970 0,000950
Total 1,698970 0,004752
votes 1,698970 0,004752
parthiba 1,698970 0,000950
Comparison 1,698970 0,000950
between 1,698970 0,001426
SwiftUI 1,698970 0,001426
vs 1,301030 0,000728
UIKit 1,698970 0,001901
Choosing 1,698970 0,000950
right 1,522879 0,000852
framework 1,522879 0,001704
Self 1,698970 0,000950
Promo 1,522879 0,000852
There 1,522879 0,002130
has 1,522879 0,002556
been 1,522879 0,001704
lot 1,698970 0,000950
debate 1,698970 0,000950
going 1,522879 0,000852
among 1,698970 0,000950
iOS 1,000000 0,001399
developers 1,397940 0,001564
regards 1,698970 0,000950
comparison 1,698970 0,000950
Have 1,522879 0,000852
you 1,096910 0,002761
planning 1,698970 0,000950
develop 1,698970 0,001426
chat 1,698970 0,000950
app 1,301030 0,001820
for 1,045757 0,006143
are 1,154902 0,003877
confused 1,698970 0,000950
should 1,698970 0,002376
opt 1,698970 0,000950
Fret 1,698970 0,000950
not 1,154902 0,002261
We 1,221849 0,001709
have 1,221849 0,003076
got 1,522879 0,000852
your 1,154902 0,000969
back 1,698970 0,000950
we 1,397940 0,005083
shall 1,698970 0,000950
discuss 1,698970 0,001426
all 1,154902 0,000969
relevant 1,698970 0,000950
aspects 1,698970 0,000950
revolving 1,698970 0,000950
these 1,698970 0,001901
compare 1,698970 0,001426
them 1,301030 0,002184
detail 1,698970 0,001901
Stay 1,698970 0,000950
us 1,397940 0,001173
read 1,698970 0,000950
As 1,397940 0,000782
must 1,522879 0,001278
knowing 1,698970 0,000950
both 1,698970 0,001426
Swift 1,301030 0,000728
UI 1,698970 0,001426
frameworks 1,698970 0,000950
However 1,698970 0,000950
like 1,397940 0,002737
provide 1,698970 0,001426
quick 1,522879 0,000852
overview 1,522879 0,001278
understanding 1,522879 0,001278
Let 1,698970 0,000950
s 0,823909 0,001613
take 1,522879 0,001704
up 1,221849 0,002051
qqwrst 1,698970 0,000950
journey 1,698970 0,001426
scaling 1,698970 0,001426
production 1,397940 0,001173
Elasticsearch 1,698970 0,001426
cluster 1,698970 0,001426
High 1,698970 0,000950
performance 1,522879 0,000852
NoSQL 1,522879 0,000852
Database 1,698970 0,000950
Administration 1,522879 0,000852
Amazon 1,221849 0,000684
Web 1,301030 0,000728
Services 1,397940 0,001173
Distributed 1,698970 0,000950
systems 1,522879 0,000852
will 1,397940 0,004301
tell 1,698970 0,000950
few 1,397940 0,000782
years 1,698970 0,000950
environment 1,522879 0,000852
vital 1,698970 0,000950
iPrice 1,698970 0,000950
technology 1,397940 0,002737
stack 1,698970 0,000950
describe 1,698970 0,001426
challenges 1,522879 0,000852
encountered 1,698970 0,000950
how 1,301030 0,004367
approached 1,698970 0,000950
IvanSGlazunov 1,698970 0,000950
Math 1,522879 0,000852
introduction 1,698970 0,000950
Deep 1,522879 0,000852
Theory 1,698970 0,000950
SQL 1,301030 0,001092
Mathematics 1,698970 0,001426
Data 1,221849 0,000684
Engineering 1,397940 0,000782
core 1,397940 0,001173
mathematical 1,698970 0,000950
bases 1,698970 0,000950
most 1,397940 0,001564
popular 1,397940 0,000782
theories 1,698970 0,000950
associative 1,698970 0,000950
theory 1,698970 0,000950
Calculating 1,698970 0,000950
deep 1,698970 0,000950
Electron 1,522879 0,001704
web 1,301030 0,000728
camera 1,698970 0,001901
cpp 1,698970 0,000950
ffmpeg 1,698970 0,002376
C 1,000000 0,000839
MacOS 1,698970 0,000950
ReactJS 1,522879 0,000852
Recovery 1,698970 0,000950
Sandbox 1,698970 0,003327
An 1,397940 0,000782
example 1,522879 0,001704
React 1,397940 0,000782
JS 1,698970 0,000950
native 1,698970 0,000950
addon 1,698970 0,001901
access 1,698970 0,001426
webcamera 1,698970 0,000950
guide 1,698970 0,000950
may 1,698970 0,001426
helpful 1,698970 0,000950
someone 1,522879 0,000852
who 1,698970 0,000950
trying 1,522879 0,000852
find 1,397940 0,001173
they 1,522879 0,002556
need 1,301030 0,001092
use 1,154902 0,002584
c 0,920819 0,000515
library 1,397940 0,000782
or 1,154902 0,001938
code 1,221849 0,002051
looking 1,522879 0,000852
realistic 1,698970 0,000950
than 1,397940 0,000782
simple 1,397940 0,001173
hello 1,698970 0,000950
world 1,397940 0,000782
i 1,522879 0,001704
didn 1,698970 0,000950
succeed 1,698970 0,000950
Here 1,698970 0,001901
links 1,522879 0,000852
advance 1,397940 0,000782
electron 1,698970 0,001901
https 0,721246 0,001009
github 1,522879 0,001278
com 0,744727 0,001458
khomin 1,698970 0,001426
So 1,698970 0,000950
let 1,698970 0,000950
share 1,397940 0,001955
my 1,698970 0,002851
experience 1,397940 0,001173
kaze 1,698970 0,000950
saga 1,698970 0,000950
March 1,698970 0,006178
Queries 1,698970 0,001426
PostgreSQL 1,698970 0,002376
Sequential 1,698970 0,001426
Scan 1,698970 0,000950
Postgres 1,698970 0,000950
Professional 1,301030 0,000728
corporate 1,698970 0,000950
blog 1,698970 0,002376
scan 1,522879 0,001278
previous 1,698970 0,000950
articles 1,522879 0,001704
discussed 1,522879 0,000852
system 1,522879 0,001278
plans 1,522879 0,001278
query 1,698970 0,000950
execution 1,698970 0,001901
collects 1,698970 0,000950
statistics 1,698970 0,000950
select 1,698970 0,000950
best 1,301030 0,001092
plan 1,698970 0,001426
following 1,698970 0,001901
starting 1,522879 0,001278
focus 1,522879 0,000852
what 1,397940 0,001173
actually 1,698970 0,000950
consists 1,698970 0,001426
executed 1,698970 0,000950
demonstrate 1,698970 0,000950
planner 1,698970 0,001426
calculates 1,698970 0,000950
costs 1,698970 0,001426
also 1,698970 0,001901
methods 1,698970 0,000950
affect 1,698970 0,000950
sequential 1,698970 0,000950
method 1,698970 0,001901
illustration 1,698970 0,000950
Lastly 1,698970 0,000950
talk 1,698970 0,001901
parallel 1,698970 0,000950
works 1,522879 0,001704
when 1,397940 0,001173
several 1,698970 0,000950
seemingly 1,698970 0,000950
complicated 1,698970 0,001426
math 1,522879 0,000852
formulas 1,698970 0,000950
later 1,698970 0,000950
You 1,045757 0,000585
don 1,698970 0,000950
memorize 1,698970 0,000950
get 1,397940 0,001564
bottom 1,698970 0,000950
merely 1,698970 0,000950
where 1,397940 0,001173
numbers 1,522879 0,000852
Makeman 1,698970 0,000950
Riddles 1,698970 0,000950
fast 1,522879 0,000852
Fourier 1,698970 0,001426
transform 1,698970 0,000950
Algorithms 1,698970 0,000950
Sound 1,698970 0,000950
Visual 1,397940 0,000782
programming 1,397940 0,000782
phase 1,698970 0,001901
magnitude 1,698970 0,002376
interpolation 1,698970 0,000950
PMI 1,698970 0,000950
Accurate 1,698970 0,000950
frequency 1,698970 0,001426
harmonics 1,698970 0,000950
Detection 1,698970 0,000950
resonances 1,698970 0,000950
Fast 1,698970 0,000950
Transform 1,698970 0,000950
FFT 1,698970 0,000950
algorithm 1,698970 0,002851
important 1,698970 0,000950
tool 1,522879 0,000852
processing 1,698970 0,001426
signals 1,698970 0,000950
various 1,698970 0,001426
nature 1,698970 0,000950
It 1,301030 0,001820
allows 1,522879 0,000852
reconstruct 1,698970 0,000950
spectrum 1,698970 0,000950
into 1,397940 0,002346
domain 1,698970 0,001426
sample 1,698970 0,000950
time 1,154902 0,002584
while 1,522879 0,000852
computationally 1,698970 0,000950
optimized 1,522879 0,000852
modest 1,698970 0,000950
memory 1,698970 0,003802
consumption 1,698970 0,000950
Although 1,698970 0,001426
losing 1,698970 0,000950
information 1,397940 0,000782
during 1,698970 0,001426
conversion 1,698970 0,000950
process 1,522879 0,001278
calculations 1,698970 0,000950
reversible 1,698970 0,000950
rounding 1,698970 0,000950
some 1,397940 0,001955
peculiarities 1,698970 0,000950
hinder 1,698970 0,000950
high 1,698970 0,001901
precision 1,698970 0,000950
analysis 1,698970 0,001901
fine 1,698970 0,000950
results 1,397940 0,000782
further 1,698970 0,000950
presents 1,698970 0,000950
effective 1,698970 0,000950
overcome 1,698970 0,000950
such 1,698970 0,002376
inconvenient 1,698970 0,000950
features 1,301030 0,001456
Russian 1,301030 0,000728
English 1,154902 0,000646
igorHab 1,698970 0,000950
does 1,698970 0,000950
Rust 1,397940 0,001564
treat 1,698970 0,000950
Strings 1,698970 0,000950
Vectors 1,698970 0,000950
internally 1,698970 0,000950
strings 1,698970 0,000950
represented 1,698970 0,001426
ways 1,698970 0,000950
String 1,698970 0,002376
type 1,522879 0,001704
b 1,221849 0,001709
slice 1,698970 0,000950
defined 1,698970 0,000950
struct 1,698970 0,000950
structure 1,522879 0,001278
Depending 1,698970 0,000950
arch 1,698970 0,000950
x 1,221849 0,000684
bit 1,698970 0,001426
byte 1,698970 0,001426
pointer 1,698970 0,000950
address 1,397940 0,000782
string 1,698970 0,001426
characters 1,698970 0,000950
stored 1,698970 0,000950
capacity 1,698970 0,000950
length 1,522879 0,000852
MasteR 1,698970 0,000950
GeliOS 1,698970 0,000950
Enabling 1,698970 0,000950
Apache 1,698970 0,001901
Camel 1,698970 0,001426
metrics 1,698970 0,001901
Spring 1,522879 0,001278
Boot 1,698970 0,001426
Actuator 1,698970 0,001426
Prometheus 1,698970 0,001426
Website 1,522879 0,000852
development 1,221849 0,002392
Java 1,301030 0,000728
described 1,698970 0,000950
problems 1,698970 0,001426
faced 1,698970 0,000950
integration 1,522879 0,000852
collecting 1,698970 0,000950
solve 1,698970 0,000950
haven 1,698970 0,000950
found 1,522879 0,000852
over 1,698970 0,000950
internet 1,397940 0,000782
Fotei 1,698970 0,000950
Traffic 1,698970 0,000950
mirroring 1,698970 0,001901
through 1,301030 0,000728
HPE 1,698970 0,001426
Virtual 1,698970 0,001426
Connect 1,397940 0,001173
IT 0,920819 0,000515
Infrastructure 1,698970 0,000950
Network 1,522879 0,001278
technologies 1,522879 0,000852
hardware 1,698970 0,001426
d 1,301030 0,002911
different 1,522879 0,001704
traffic 1,698970 0,001426
options 1,522879 0,001278
modules 1,698970 0,000950
try 1,522879 0,000852
answer 1,522879 0,001278
questions 1,397940 0,001173
What 1,221849 0,001025
why 1,522879 0,001278
cases 1,522879 0,001278
engineerdoc 1,698970 0,000950
Creating 1,698970 0,000950
Weather 1,698970 0,001426
Predictions 1,698970 0,000950
App 1,154902 0,000646
Using 1,397940 0,000782
Flutter 1,522879 0,002130
Android 0,958607 0,000536
describes 1,698970 0,000950
real 1,698970 0,001426
weather 1,698970 0,001426
prediction 1,698970 0,001426
Tomorrow 1,698970 0,000950
io 1,522879 0,000852
API 1,301030 0,000728
single 1,522879 0,001704
screen 1,698970 0,000950
displays 1,698970 0,000950
current 1,522879 0,000852
day 1,522879 0,000852
daily 1,698970 0,000950
forecast 1,698970 0,000950
specific 1,522879 0,001704
location 1,698970 0,000950
re 1,301030 0,000728
creating 1,522879 0,000852
because 1,397940 0,000782
open 1,221849 0,000684
kit 1,698970 0,000950
means 1,698970 0,001426
integrated 1,522879 0,000852
beautifully 1,698970 0,000950
desktop 1,522879 0,000852
mobile 1,301030 0,000728
apps 1,522879 0,000852
across 1,522879 0,000852
platforms 1,698970 0,000950
making 1,698970 0,000950
scalable 1,698970 0,000950
radneck 1,698970 0,000950
Even 1,698970 0,000950
shell 1,698970 0,003327
scripts 1,522879 0,002982
require 1,698970 0,000950
tests 1,522879 0,002130
TDD 1,522879 0,000852
Once 1,397940 0,000782
upon 1,698970 0,000950
moved 1,698970 0,000950
brand 1,698970 0,000950
new 1,000000 0,001119
And 1,698970 0,001901
without 1,397940 0,001564
much 1,522879 0,000852
decided 1,698970 0,001426
DevOps 1,301030 0,000728
responsibilities 1,698970 0,000950
after 1,522879 0,001278
long 1,698970 0,000950
period 1,698970 0,000950
Frontend 1,522879 0,000852
Huge 1,698970 0,000950
mono 1,698970 0,001426
repository 1,522879 0,000852
Angular 1,522879 0,000852
Node 1,522879 0,000852
js 1,045757 0,000585
gives 1,522879 0,000852
rise 1,698970 0,000950
many 1,698970 0,002376
exception 1,698970 0,000950
very 1,522879 0,000852
CI 1,301030 0,001092
CD 1,301030 0,001092
duration 1,522879 0,000852
h 1,522879 0,000852
biggest 1,698970 0,000950
care 1,698970 0,000950
But 1,698970 0,001426
want 1,522879 0,001278
Bourne 1,698970 0,000950
again 1,698970 0,000950
cause 1,698970 0,000950
automation 1,397940 0,000782
almost 1,698970 0,000950
entirely 1,698970 0,000950
Bash 1,698970 0,001426
context 1,698970 0,000950
huge 1,698970 0,001426
repo 1,522879 0,000852
even 1,522879 0,000852
regular 1,698970 0,000950
build 1,397940 0,001173
becomes 1,698970 0,000950
piece 1,698970 0,000950
odd 1,698970 0,000950
stuff 1,698970 0,000950
That 1,397940 0,000782
amount 1,698970 0,001426
logic 1,698970 0,001901
inside 1,698970 0,000950
test 1,397940 0,001564
deploy 1,698970 0,000950
generation 1,698970 0,000950
release 1,522879 0,000852
notes 1,698970 0,000950
collection 1,522879 0,000852
logs 1,698970 0,000950
Regardless 1,698970 0,000950
lang 1,522879 0,000852
quality 1,698970 0,001426
complex 1,698970 0,000950
under 1,522879 0,001278
control 1,397940 0,001173
secret 1,522879 0,000852
key 1,522879 0,002130
aspect 1,698970 0,001426
For 1,301030 0,001456
refactor 1,698970 0,000950
safely 1,522879 0,000852
major 1,698970 0,001426
covered 1,698970 0,000950
keep 1,522879 0,000852
untouched 1,698970 0,000950
cover 1,522879 0,000852
ones 1,698970 0,000950
before 1,397940 0,001564
refactoring 1,698970 0,000950
Of 1,397940 0,000782
course 1,522879 0,000852
Jest 1,698970 0,001426
Mocha 1,698970 0,000950
bunch 1,698970 0,000950
awful 1,698970 0,000950
utils 1,698970 0,000950
approach 1,698970 0,000950
wordy 1,698970 0,000950
written 1,698970 0,000950
Also 1,698970 0,000950
idea 1,698970 0,001426
mock 1,698970 0,000950
commands 1,698970 0,000950
curl 1,698970 0,000950
ls 1,698970 0,000950
touch 1,698970 0,000950
npm 1,522879 0,000852
similar 1,698970 0,000950
K 1,301030 0,000728
UWA 1,698970 0,002376
Analysis 1,698970 0,001426
UE 1,698970 0,003327
Rendering 1,698970 0,000950
Technology 1,397940 0,000782
Nanite 1,698970 0,002376
Game 1,522879 0,004260
testing 1,698970 0,001901
design 1,522879 0,002130
AR 1,698970 0,001901
VR 1,301030 0,001456
Games 1,522879 0,001704
game 1,522879 0,001704
consoles 1,698970 0,001901
After 1,522879 0,000852
Epic 1,522879 0,000852
released 1,522879 0,000852
demo 1,522879 0,000852
discussion 1,698970 0,000950
never 1,698970 0,001426
stopped 1,698970 0,000950
Related 1,698970 0,000950
technical 1,522879 0,001278
discussions 1,698970 0,000950
mainly 1,698970 0,001426
centered 1,698970 0,000950
global 1,698970 0,000950
illumination 1,698970 0,000950
Lumen 1,698970 0,003802
extremely 1,698970 0,000950
model 1,698970 0,000950
starts 1,522879 0,000852
RenderDoc 1,698970 0,000950
combined 1,698970 0,000950
existing 1,698970 0,000950
aims 1,698970 0,000950
intuitive 1,698970 0,000950
clarify 1,698970 0,000950
principles 1,698970 0,000950
ideas 1,698970 0,000950
involving 1,698970 0,000950
too 1,522879 0,001278
level 1,397940 0,000782
Implementation 1,698970 0,001426
details 1,522879 0,000852
en 1,698970 0,001901
uwa 1,698970 0,001901
Boozlachu 1,698970 0,000950
Introducing 1,698970 0,000950
calamares 1,698970 0,000950
bootloader 1,698970 0,000950
Configuring 1,698970 0,000950
Linux 1,397940 0,001173
Open 1,301030 0,000728
nix 1,698970 0,000950
Software 1,301030 0,000728
Overview 1,698970 0,000950
Sometimes 1,698970 0,000950
make 1,522879 0,001278
graphical 1,698970 0,001426
installer 1,698970 0,001901
own 1,301030 0,000728
linux 1,698970 0,000950
distro 1,698970 0,001426
goes 1,698970 0,000950
saying 1,698970 0,000950
able 1,698970 0,000950
Anaconda 1,698970 0,000950
RedHat 1,698970 0,000950
DebianInstaller 1,698970 0,000950
debian 1,698970 0,000950
On 1,522879 0,000852
hand 1,698970 0,000950
Calamares 1,698970 0,000950
aligned 1,698970 0,000950
only 1,698970 0,001426
package 1,397940 0,000782
manager 1,522879 0,000852
universal 1,698970 0,000950
install 1,522879 0,000852
GUI 1,397940 0,000782
did 1,698970 0,000950
complete 1,301030 0,001092
hence 1,698970 0,000950
reinvented 1,698970 0,000950
wheel 1,698970 0,000950
GI 1,698970 0,001901
traditional 1,698970 0,000950
includes 1,698970 0,001901
contribution 1,522879 0,000852
indirect 1,698970 0,002851
diffuse 1,698970 0,001901
reflection 1,698970 0,001901
highlight 1,698970 0,000950
providing 1,698970 0,000950
set 1,522879 0,001278
lighting 1,698970 0,000950
supports 1,698970 0,000950
RTX 1,698970 0,000950
software 1,301030 0,001092
Trace 1,698970 0,001426
algorithms 1,698970 0,000950
point 1,698970 0,000950
uses 1,698970 0,000950
part 1,522879 0,000852
understand 1,522879 0,000852
basic 1,698970 0,001426
principle 1,698970 0,000950
operation 1,698970 0,001426
mechanism 1,698970 0,000950
macro 1,698970 0,000950
perspective 1,698970 0,000950
parts 1,698970 0,000950
Carduelis 1,698970 0,000950
URL 1,698970 0,001426
Params 1,698970 0,000950
JavaScript 1,045757 0,000585
Somehow 1,698970 0,000950
saw 1,698970 0,000950
neighboring 1,698970 0,000950
team 1,397940 0,000782
generated 1,698970 0,000950
parameters 1,698970 0,001426
subsequent 1,698970 0,000950
insertion 1,698970 0,000950
iframesrc 1,698970 0,000950
attribute 1,698970 0,000950
seem 1,698970 0,000950
superfluous 1,698970 0,000950
obvious 1,698970 0,000950
but 1,698970 0,001901
since 1,698970 0,000950
occurs 1,698970 0,000950
wildlife 1,698970 0,000950
silent 1,698970 0,000950
rather 1,698970 0,000950
practices 1,522879 0,000852
Unity 1,522879 0,000852
Performance 1,522879 0,000852
Optimization 1,698970 0,000950
Resource 1,698970 0,000950
Memory 1,522879 0,000852
Leak 1,698970 0,000950
Today 1,522879 0,001278
knowledge 1,522879 0,000852
points 1,698970 0,000950
related 1,522879 0,000852
resource 1,698970 0,001426
leak 1,698970 0,002376
common 1,522879 0,000852
continuously 1,522879 0,000852
see 1,698970 0,000950
afraid 1,698970 0,000950
reason 1,698970 0,000950
behind 1,698970 0,000950
Because 1,698970 0,000950
predict 1,698970 0,000950
extent 1,698970 0,000950
locate 1,698970 0,000950
bottleneck 1,698970 0,000950
had 1,698970 0,001426
whether 1,522879 0,000852
burst 1,698970 0,000950
out 1,221849 0,000684
certain 1,698970 0,000950
moment 1,698970 0,000950
line 1,522879 0,000852
feedback 1,698970 0,000950
their 1,397940 0,000782
players 1,698970 0,000950
playing 1,698970 0,001426
half 1,698970 0,000950
hour 1,698970 0,000950
stuck 1,522879 0,000852
hours 1,698970 0,000950
expected 1,522879 0,000852
solved 1,698970 0,000950
sharing 1,698970 0,000950
GOT 1,698970 0,000950
Online 1,301030 0,000728
Assets 1,698970 0,000950
report 1,522879 0,000852
occupancy 1,698970 0,000950
trend 1,698970 0,001426
chart 1,698970 0,000950
If 1,522879 0,000852
rising 1,698970 0,000950
below 1,698970 0,000950
pay 1,698970 0,000950
special 1,698970 0,000950
attention 1,698970 0,000950
dot 1,698970 0,001901
February 1,698970 0,001426
Alternate 1,698970 0,000950
Packed 1,698970 0,000950
Binary 1,698970 0,001426
Time 1,522879 0,001278
Format 1,698970 0,000950
Real 1,397940 0,000782
Clock 1,698970 0,000950
RTC 1,698970 0,000950
Calendar 1,698970 0,000950
Registers 1,698970 0,000950
STM 1,698970 0,000950
Code 1,221849 0,000684
Decimal 1,698970 0,000950
BCD 1,698970 0,000950
e 0,958607 0,001073
every 1,397940 0,000782
digits 1,698970 0,000950
digit 1,698970 0,001426
bits 1,698970 0,001426
least 1,522879 0,000852
bytes 1,698970 0,001426
required 1,698970 0,001426
store 1,698970 0,000950
date 1,397940 0,000782
allocation 1,698970 0,000950
stamp 1,698970 0,000950
might 1,522879 0,000852
critical 1,698970 0,001426
g 1,522879 0,000852
events 1,397940 0,001173
log 1,698970 0,000950
keeping 1,698970 0,000950
extern 1,698970 0,000950
non 1,698970 0,000950
volatile 1,698970 0,000950
IC 1,698970 0,000950
event 1,698970 0,002376
number 1,397940 0,000782
timestamp 1,698970 0,000950
CRC 1,698970 0,000950
fixed 1,522879 0,000852
compose 1,698970 0,000950
maximum 1,698970 0,000950
quantity 1,698970 0,000950
spent 1,698970 0,000950
reducing 1,698970 0,000950
reserved 1,522879 0,000852
sources 1,698970 0,000950
supercapacitors 1,698970 0,000950
electrolytic 1,698970 0,000950
capacitors 1,698970 0,000950
achieved 1,698970 0,000950
less 1,397940 0,000782
field 1,522879 0,000852
ENCRY 1,698970 0,000950
Cryptocurrency 1,698970 0,000950
Bandwagon 1,698970 0,000950
Decentralized 1,698970 0,000950
networks 1,698970 0,001426
Cryptography 1,698970 0,000950
Cryptocurrencies 1,698970 0,000950
spread 1,698970 0,000950
cryptocurrencies 1,698970 0,000950
contributed 1,698970 0,000950
solutions 1,698970 0,001426
distributed 1,698970 0,000950
ledger 1,698970 0,000950
blockchain 1,698970 0,000950
scope 1,698970 0,000950
varies 1,698970 0,000950
same 1,522879 0,000852
security 1,301030 0,000728
services 1,522879 0,000852
confidentiality 1,698970 0,000950
authenticity 1,698970 0,000950
integrity 1,698970 0,000950
These 1,522879 0,000852
granted 1,698970 0,000950
practical 1,698970 0,000950
applications 1,698970 0,001426
public 1,397940 0,001564
cryptography 1,698970 0,001426
particular 1,698970 0,000950
signature 1,698970 0,000950
DS 1,698970 0,000950
unlike 1,698970 0,000950
cryptocurrency 1,698970 0,000950
do 1,698970 0,000950
certificates 1,522879 0,000852
Back 1,522879 0,001278
blogs 1,698970 0,000950
RUVDS 1,698970 0,000950
Гельтек 1,698970 0,000950
Медика 1,698970 0,000950
Selectel 1,698970 0,000950
LampTest 1,698970 0,000950
Timeweb 1,698970 0,000950
Cloud 1,301030 0,000728
Домклик 1,698970 0,000950
Белая 1,154902 0,000646
Радуга 1,698970 0,000950
Southbridge 1,698970 0,000950
OTUS 1,698970 0,000950
VK 1,154902 0,000646
companies 1,301030 0,001092
Your 1,522879 0,000852
account 1,522879 0,000852
Log 1,397940 0,000782
Sign 1,397940 0,000782
Sections 1,698970 0,000950
Posts 1,698970 0,000950
Information 1,522879 0,000852
authors 1,698970 0,000950
Documents 1,698970 0,000950
Agreement 1,698970 0,000950
Confidential 1,698970 0,000950
Ads 1,698970 0,000950
Subscription 1,698970 0,000950
Content 1,522879 0,000852
Seminars 1,698970 0,000950
Megaprojects 1,698970 0,000950
Facebook 0,958607 0,000536
Twitter 0,853872 0,000478
Telegram 0,769551 0,000431
Language 1,397940 0,000782
settings 1,397940 0,000782
About 1,154902 0,000646
Support 1,221849 0,000684
Return 1,522879 0,000852
old 1,698970 0,000950
version 1,698970 0,000950
