Радиостанция 1,698970 0,001479
Радио 0,958607 0,006674
России 0,251812 0,001753
Cлушать 1,698970 0,002957
Прямой 0,823909 0,002151
эфир 0,795880 0,002078
и 0,075721 0,000923
записи 1,301030 0,002265
радиопрограмм 1,698970 0,002957
Аудио 1,221849 0,002127
Подкасты 0,744727 0,002593
mp 1,522879 0,002651
Программа 0,958607 0,009177
передач 1,045757 0,001820
Поиск 0,619789 0,001079
по 0,124939 0,000870
сайту 1,096910 0,001909
Вести 1,096910 0,027685
Сетка 1,698970 0,004436
вещания 1,397940 0,003650
Программы 1,096910 0,002864
Контакты 0,455932 0,001190
Соцсети 1,698970 0,002957
Консерватники 1,698970 0,002957
Общественно 1,397940 0,002433
политическая 1,397940 0,002433
программа 0,958607 0,001669
Телеграм 1,221849 0,002127
канал 0,920819 0,008014
Субъективно 1,698970 0,004436
Каждую 1,522879 0,002651
пятницу 1,096910 0,001909
с 0,102373 0,001247
до 0,244125 0,000850
утра 1,522879 0,002651
Наш 1,045757 0,002730
друг 0,795880 0,001385
Кругозор 1,698970 0,004436
Алексеем 1,397940 0,003650
Певчевым 1,698970 0,004436
построена 1,522879 0,002651
на 0,075721 0,000659
оцифрованных 1,698970 0,002957
материалах 1,397940 0,002433
журнала 1,154902 0,002010
Дорогая 1,397940 0,002433
передача 1,522879 0,002651
Ведущая 1,698970 0,002957
программы 0,823909 0,002151
Диана 1,221849 0,002127
Гурцкая 1,698970 0,002957
Детский 1,096910 0,003819
вопрос 0,698970 0,002433
Инной 1,698970 0,002957
Зотовой 1,698970 0,002957
По 0,619789 0,003236
четвергам 1,698970 0,002957
в 0,070581 0,002703
мск 1,397940 0,007300
Посоветуйте 1,522879 0,002651
доктор 1,154902 0,002010
Ольги 1,698970 0,004436
Копыловой 1,698970 0,002957
субботам 1,698970 0,002957
Шинель 1,698970 0,002957
о 0,136677 0,000833
военных 0,795880 0,003463
для 0,119186 0,000207
От 0,795880 0,001385
всей 0,920819 0,001603
души 0,958607 0,001669
С 0,455932 0,001587
Вадимом 1,698970 0,002957
Тихомировым 1,698970 0,002957
Душевный 1,698970 0,002957
разговор 1,221849 0,002127
О 0,207608 0,000723
животных 1,045757 0,001820
Иваном 1,522879 0,002651
Затевахиным 1,698970 0,002957
И 0,408935 0,001068
все 0,292430 0,000509
это 0,292430 0,000509
музыка 1,045757 0,002730
Дмитрием 1,301030 0,002265
Бертманом 1,698970 0,002957
Кавказский 1,522879 0,002651
акцент 1,698970 0,002957
Николаем 1,522879 0,002651
Мамулашвили 1,522879 0,002651
Слушаем 1,397940 0,008517
Радиоканал 1,397940 0,009733
Ежедневно 1,522879 0,002651
будням 1,397940 0,007300
Москве 0,455932 0,000794
Легкие 1,698970 0,002957
люди 0,677781 0,001180
Только 0,958607 0,001669
легкая 1,698970 0,002957
МАКСИМОВА 1,698970 0,002957
Новый 0,698970 0,001217
сезон 0,853872 0,001486
Сигналы 1,522879 0,007952
точного 1,698970 0,008872
времени 0,721246 0,003766
часов 0,958607 0,001669
Российский 0,853872 0,002973
радиоуниверситет 1,397940 0,003650
Разное 1,397940 0,003650
время 0,366532 0,003509
Информационно 1,522879 0,002651
развлекательный 1,698970 0,002957
Наше 1,154902 0,009046
Культбригада 1,698970 0,002957
слово 0,886057 0,001542
смысл 1,221849 0,002127
литература 1,000000 0,001741
Встречаемся 1,698970 0,002957
средам 1,698970 0,002957
Встреча 1,397940 0,002433
песней 1,698970 0,002957
Автор 1,301030 0,002265
ведущий 1,522879 0,002651
Виктор 0,795880 0,001385
Татарский 1,698970 0,002957
Артему 1,698970 0,002957
Данилу 1,698970 0,002957
очень 0,657577 0,001145
нужна 1,522879 0,002651
поддержка 1,045757 0,001820
приемных 1,522879 0,002651
родителей 0,958607 0,001669
Подробнее 0,698970 0,009733
Экономист 1,221849 0,002127
Алексей 0,602060 0,001572
Зубец 1,698970 0,002957
спрогнозировал 1,522879 0,002651
снижение 1,301030 0,002265
цен 0,958607 0,001669
через 0,585027 0,001018
два 0,853872 0,001486
месяца 0,920819 0,001603
благодаря 0,853872 0,001486
укреплению 1,698970 0,002957
рубля 1,045757 0,001820
ответ 1,045757 0,001820
санкциям 1,221849 0,002127
электрооборудование 1,698970 0,002957
Интерактивный 1,522879 0,010603
В 0,167491 0,000437
Риге 1,522879 0,002651
сотрудниками 1,522879 0,002651
Службы 1,698970 0,002957
Государственной 1,698970 0,002957
Безопасности 1,698970 0,002957
Латвии 1,221849 0,002127
задержан 1,522879 0,002651
правозащитник 1,698970 0,002957
Алвис 1,698970 0,002957
Пилагс 1,698970 0,002957
Более 1,000000 0,001741
сельских 1,698970 0,002957
домов 1,522879 0,002651
культуры 0,795880 0,002078
Крыму 1,301030 0,002265
капитально 1,698970 0,002957
отремонтировали 1,698970 0,002957
за 0,180456 0,000471
последние 0,769551 0,001340
три 0,853872 0,001486
года 0,356547 0,000621
Константин 0,886057 0,001542
Косачев 1,698970 0,002957
Переговоры 1,301030 0,002265
Украиной 1,045757 0,001820
важны 1,397940 0,002433
потому 0,958607 0,001669
что 0,187087 0,000326
лучше 0,958607 0,001669
идти 1,397940 0,002433
двум 1,698970 0,002957
путям 1,698970 0,002957
военному 1,698970 0,002957
переговорному 1,698970 0,002957
Цены 1,221849 0,002127
квартиры 1,154902 0,002010
аренда 1,522879 0,002651
или 0,301030 0,000786
ипотека 1,397940 0,002433
Олег 0,795880 0,001385
Пантелеев 1,698970 0,002957
запуске 1,522879 0,002651
производства 1,154902 0,002010
самолетов 1,045757 0,001820
ТУ 1,522879 0,002651
Самолеты 1,522879 0,002651
новой 0,769551 0,001340
постройки 1,698970 0,002957
можно 0,443697 0,000772
будет 0,387216 0,001011
передать 1,397940 0,002433
авиакомпаниям 1,522879 0,002651
быстрее 1,221849 0,002127
чем 0,420216 0,000731
полностью 0,795880 0,001385
импортозамещенные 1,698970 0,002957
самолеты 1,522879 0,002651
МС 1,397940 0,002433
Сервис 1,397940 0,002433
Airbnb 1,397940 0,002433
запретил 1,154902 0,002010
россиянам 1,154902 0,002010
белорусам 1,698970 0,002957
бронировать 1,698970 0,002957
жилье 1,397940 0,002433
границей 1,154902 0,002010
Владимир 0,431798 0,000752
Оленченко 1,522879 0,002651
Американцы 1,698970 0,002957
англичане 1,698970 0,002957
постоянно 1,522879 0,002651
тиражируют 1,698970 0,002957
своих 0,657577 0,001145
изданиях 1,698970 0,002957
сценарии 1,522879 0,002651
захвата 1,698970 0,002957
Калининградской 1,698970 0,002957
области 0,721246 0,001255
периодически 1,397940 0,002433
территорий 1,698970 0,002957
прибалтийских 1,698970 0,002957
государств 1,397940 0,002433
проводят 1,397940 0,002433
имитацию 1,698970 0,002957
атак 1,397940 0,002433
Персоны 1,522879 0,002651
Сергей 0,468521 0,001223
Мазаев 1,698970 0,002957
Музыкант 1,522879 0,002651
солист 1,698970 0,002957
группы 1,045757 0,002730
Моральный 1,698970 0,002957
кодекс 1,522879 0,002651
Вася 1,698970 0,002957
Ложкин 1,698970 0,002957
художник 1,096910 0,001909
блогер 1,397940 0,002433
музыкант 1,301030 0,003397
Игорь 0,823909 0,001434
Саруханов 1,698970 0,002957
Хелависа 1,698970 0,002957
Наталья 0,853872 0,001486
Шей 1,698970 0,002957
певица 1,221849 0,002127
Лукьяненко 1,301030 0,002265
Писатель 1,154902 0,002010
фантаст 1,698970 0,002957
Евгений 0,698970 0,001217
Спицын 1,698970 0,002957
историк 1,522879 0,002651
публицист 1,522879 0,002651
Мухин 1,698970 0,002957
Политолог 1,154902 0,002010
гендиректор 1,397940 0,002433
Центра 1,522879 0,002651
политической 1,096910 0,001909
информации 0,698970 0,001217
Павел 0,853872 0,001486
Шипилин 1,698970 0,002957
политолог 1,397940 0,002433
Кети 1,698970 0,002957
Топурия 1,698970 0,002957
солистка 1,397940 0,002433
A 0,886057 0,001542
Studio 1,397940 0,002433
Галерее 1,522879 0,002651
классической 1,221849 0,002127
фотографии 1,154902 0,002010
представлена 1,397940 0,002433
Внутренняя 1,698970 0,002957
Империя 1,397940 0,002433
Андрея 1,221849 0,002127
Троицкого 1,698970 0,002957
Валерий 1,000000 0,001741
Гергиев 1,522879 0,002651
привезет 1,698970 0,002957
Зарядье 1,522879 0,003976
произведения 0,823909 0,001434
выдающихся 1,522879 0,002651
русских 0,853872 0,001486
композиторов 1,698970 0,002957
Тетралогия 1,698970 0,002957
Рихарда 1,522879 0,002651
Вагнера 1,522879 0,002651
Кольцо 1,397940 0,002433
нибелунга 1,698970 0,002957
зале 1,096910 0,001909
Защита 1,397940 0,002433
делу 1,000000 0,001741
Миримской 1,698970 0,002957
откроет 1,522879 0,002651
официальную 1,522879 0,002651
пресс 0,886057 0,001542
службу 1,397940 0,002433
Стартовал 1,698970 0,002957
сбор 1,522879 0,002651
заявок 1,698970 0,002957
участие 0,958607 0,001669
фестивале 1,154902 0,002010
социального 1,522879 0,002651
кино 0,568636 0,000990
Шередарь 1,698970 0,002957
Культура 0,638272 0,001111
Все 0,148742 0,000259
права 0,431798 0,000752
любые 0,886057 0,001542
материалы 0,537602 0,000936
опубликованные 0,920819 0,001603
сайте 0,431798 0,001503
защищены 0,602060 0,001048
соответствии 0,795880 0,001385
российским 0,823909 0,001434
международным 1,045757 0,001820
законодательством 0,823909 0,001434
об 0,292430 0,000509
авторском 1,301030 0,002265
праве 1,301030 0,002265
смежных 1,301030 0,002265
правах 1,045757 0,001820
Использование 1,045757 0,001820
любых 1,096910 0,001909
аудио 1,096910 0,001909
фото 0,657577 0,001145
видеоматериалов 1,045757 0,001820
размещенных 1,397940 0,002433
допускается 1,045757 0,001820
только 0,309804 0,000539
разрешения 0,853872 0,001486
правообладателя 0,886057 0,001542
ссылкой 1,301030 0,002265
сайт 0,494850 0,000861
radiorus 1,698970 0,004436
ru 0,187087 0,000488
При 0,769551 0,001340
полной 1,301030 0,002265
частичной 1,698970 0,002957
перепечатке 1,698970 0,002957
текстовых 1,154902 0,002010
материалов 0,585027 0,001018
интернете 1,522879 0,002651
гиперссылка 1,397940 0,002433
обязательна 1,154902 0,002010
Техническое 1,698970 0,002957
сопровождение 1,698970 0,002957
Дирекция 1,522879 0,002651
информационных 0,585027 0,001018
технологий 0,568636 0,000990
ВГТРК 1,154902 0,002010
Для 0,494850 0,000861
детей 0,431798 0,000752
старше 1,000000 0,001741
лет 0,366532 0,000638
На 0,283997 0,000494
функционирует 1,397940 0,002433
система 1,221849 0,002127
коррекции 1,301030 0,002265
ошибок 1,154902 0,002010
Обнаружив 1,397940 0,002433
неточность 1,397940 0,002433
тексте 1,154902 0,002010
выделите 1,154902 0,002010
ее 0,508638 0,000885
нажмите 1,045757 0,001820
Ctrl 0,958607 0,001669
Enter 0,958607 0,001669
Начало 1,045757 0,027304
Литературные 1,397940 0,003650
чтения 1,397940 0,003650
Елена 0,769551 0,001340
Веснина 1,698970 0,002957
российская 1,154902 0,002010
теннисистка 1,698970 0,002957
Спортивное 1,698970 0,002957
поведение 1,221849 0,002127
здоровье 1,045757 0,004551
Литературный 1,301030 0,003397
сериал 1,045757 0,002730
Эфир 0,958607 0,003337
от 0,193820 0,000843
Привычка 1,698970 0,002957
быть 0,431798 0,000752
здоровым 1,522879 0,002651
НАПРОЛОМ 1,698970 0,007393
ИТОГИ 1,698970 0,002957
продовольственный 1,698970 0,002957
кризис 1,096910 0,001909
которого 0,920819 0,001603
нет 0,619789 0,001079
Напролом 1,698970 0,007393
МНЕНИЕ 1,698970 0,002957
СПОРТ 1,698970 0,002957
футбол 1,522879 0,002651
может 0,397940 0,000693
столкнуться 1,522879 0,002651
серьезными 1,698970 0,002957
финансовыми 1,397940 0,002433
потерями 1,522879 0,002651
КУЛЬТУРА 1,522879 0,002651
Польский 1,522879 0,002651
вице 1,698970 0,002957
премьер 1,045757 0,001820
потребовал 1,698970 0,002957
избавиться 1,397940 0,002433
русской 0,744727 0,001296
Молочные 1,397940 0,002433
реки 1,301030 0,002265
санкционных 1,301030 0,002265
берегах 1,301030 0,002265
Контроль 1,301030 0,002265
качества 1,154902 0,002010
корма 1,397940 0,002433
FM 1,301030 0,002265
