Автоновости 1,301030 0,000558
на 0,075721 0,000715
Autonews 1,698970 0,004375
ru 0,187087 0,001686
все 0,292430 0,000502
о 0,136677 0,000704
машинах 1,698970 0,001458
и 0,075721 0,001495
авторынке 1,522879 0,001307
Телеканал 0,769551 0,000991
Газета 1,096910 0,001412
Тренды 1,397940 0,001800
Pro 1,522879 0,001961
Инвестиции 1,301030 0,001675
Авто 0,853872 0,001466
Спорт 0,537602 0,000692
Недвижимость 1,045757 0,001346
Стиль 1,000000 0,001288
Национальные 1,397940 0,001800
проекты 0,698970 0,000900
Город 0,958607 0,001234
Дискуссионный 1,522879 0,001961
клуб 0,958607 0,001234
Крипто 1,522879 0,003268
Исследования 1,522879 0,001961
Кредитные 1,522879 0,001961
рейтинги 1,301030 0,001675
Продажа 1,397940 0,001800
бизнеса 1,000000 0,001288
Конференции 1,301030 0,002792
Спецпроекты 0,657577 0,001411
СПб 1,522879 0,003268
Проверка 1,221849 0,001573
контрагентов 1,522879 0,001961
Библиотека 1,045757 0,001346
Подкасты 0,744727 0,000959
Политика 0,443697 0,000571
Экономика 0,568636 0,000732
Общество 0,638272 0,000822
Бизнес 0,853872 0,001099
Технологии 0,958607 0,001234
медиа 1,154902 0,001487
Финансы 1,154902 0,001487
РБК 1,397940 0,005400
Компании 1,045757 0,001346
Скрыть 1,397940 0,002400
баннеры 1,522879 0,002614
Рубрики 1,397940 0,001800
Видео 0,431798 0,002224
Тест 0,886057 0,005704
драйвы 1,397940 0,007200
ГИБДД 1,221849 0,006293
Новости 0,221849 0,000857
Кроссоверы 1,522879 0,003922
LADA 1,301030 0,003350
Штрафы 1,522879 0,003922
Техосмотр 1,698970 0,004375
Что 0,346787 0,001488
делать 0,920819 0,002766
если 0,698970 0,001800
Вход 0,657577 0,000847
Регистрация 0,657577 0,000564
Читайте 1,096910 0,001412
без 0,387216 0,000332
баннеров 1,698970 0,001458
Подписка 0,853872 0,000733
отключает 1,698970 0,001458
баннерную 1,698970 0,001458
рекламу 1,096910 0,000942
сайтах 1,522879 0,001307
обеспечивает 1,698970 0,001458
его 0,376751 0,000647
корректную 1,698970 0,001458
работу 0,823909 0,000707
Всего 1,397940 0,001200
в 0,070581 0,000909
месяц 0,853872 0,001099
для 0,119186 0,000409
х 0,769551 0,000991
устройств 1,221849 0,001049
Продлевается 1,698970 0,001458
автоматически 1,397940 0,001200
каждый 0,823909 0,001061
но 0,481486 0,000827
вы 0,420216 0,000902
всегда 0,657577 0,000564
сможете 1,154902 0,000991
отписаться 1,522879 0,001307
Поиск 0,619789 0,000532
Главное 0,657577 0,000564
меню 1,045757 0,000898
Еще 0,585027 0,000502
www 0,698970 0,005400
adv 1,522879 0,011765
rbc 1,522879 0,012418
Статьи 0,886057 0,002662
Мария 0,698970 0,001800
Колесова 1,698970 0,004375
Bufori 1,698970 0,002188
Eadon 1,698970 0,002188
другие 0,677781 0,001454
таких 1,096910 0,001412
странных 1,301030 0,001675
некрасивых 1,522879 0,001961
авто 1,096910 0,002354
еще 0,408935 0,000702
не 0,142668 0,000367
видели 1,301030 0,001675
Суперкары 1,522879 0,001307
лимузины 1,698970 0,001458
внедорожники 1,522879 0,001961
которые 0,431798 0,000556
стоят 1,397940 0,001200
сотни 1,221849 0,001049
тысяч 0,744727 0,000959
долларов 1,096910 0,000942
вместо 0,744727 0,000639
зависти 1,698970 0,001458
вызывают 1,698970 0,001458
скорее 1,301030 0,001117
сочувствие 1,698970 0,001458
недели 0,769551 0,000661
Toyota 1,397940 0,002400
GR 1,698970 0,001458
Corolla 1,698970 0,001458
это 0,292430 0,001004
Гроза 1,698970 0,001458
Subaru 1,522879 0,001307
WRX 1,698970 0,001458
Мощность 1,698970 0,001458
л 1,397940 0,001200
с 0,102373 0,000791
Коробка 1,698970 0,001458
передач 1,045757 0,000898
Только 0,958607 0,000823
механическая 1,698970 0,001458
Привод 1,698970 0,001458
Полный 1,221849 0,001049
Подробнее 0,698970 0,000600
Автомобили 1,522879 0,003268
начали 0,958607 0,001646
дешеветь 1,397940 0,002400
что 0,187087 0,001285
происходит 0,920819 0,001976
вторичном 1,522879 0,001961
рынке 1,301030 0,002234
апреля 0,301030 0,004264
Снова 1,698970 0,002188
выгодно 1,698970 0,002188
как 0,251812 0,001081
купить 1,221849 0,003146
иномарку 1,698970 0,002188
за 0,180456 0,000697
границей 1,154902 0,001487
пригнать 1,698970 0,002188
ее 0,508638 0,000655
Россию 0,568636 0,000732
Топ 0,958607 0,001234
автоподстав 1,698970 0,002188
Видеопримеры 1,698970 0,002188
разбор 1,397940 0,002400
от 0,193820 0,000998
экспертов 1,096910 0,001883
Бензин 1,698970 0,001458
будет 0,387216 0,000499
ценами 1,522879 0,001307
бензин 1,301030 0,001117
водителям 1,522879 0,003268
объяснили 1,397940 0,001200
к 0,207608 0,000446
чему 0,920819 0,001186
готовиться 1,522879 0,001961
Цены 1,221849 0,001573
Ремонт 1,397940 0,001200
шины 1,301030 0,001675
другое 1,221849 0,001049
изменились 1,221849 0,001049
цены 0,823909 0,001768
Концепты 1,698970 0,001458
реальность 1,000000 0,000858
самых 0,585027 0,001004
крутых 1,522879 0,001307
примеров 1,397940 0,001200
Автомагистраль 1,698970 0,002188
чем 0,420216 0,000902
она 0,744727 0,000959
отличается 1,698970 0,002188
других 0,795880 0,001025
дорог 1,154902 0,001487
Эпоха 1,698970 0,001458
Владимира 0,721246 0,000619
Жириновского 0,657577 0,000564
На 0,283997 0,000244
ездил 1,698970 0,001458
лидер 1,096910 0,000942
ЛДПР 0,744727 0,000639
Автопроизводство 1,698970 0,001458
В 0,167491 0,000359
России 0,251812 0,001297
будут 0,638272 0,000822
выпускать 1,397940 0,001200
упрощенные 1,698970 0,001458
автомобили 1,045757 0,001795
значит 1,154902 0,000991
Вторичка 1,698970 0,002188
назвали 0,920819 0,000790
самые 0,721246 0,000929
популярные 1,000000 0,001288
пробегом 1,397940 0,001800
Таблица 1,698970 0,001458
Статистика 1,154902 0,000991
продаж 1,096910 0,000942
автомобилей 1,000000 0,002146
Продажи 1,397940 0,001200
новых 0,508638 0,000437
марте 1,045757 0,000898
упали 1,522879 0,001307
можно 0,443697 0,000952
со 0,387216 0,000332
скидкой 1,301030 0,001117
апреле 0,853872 0,000733
Лента 0,920819 0,000790
Новостей 1,698970 0,001458
Илон 1,301030 0,001117
Маск 1,301030 0,001117
рассказал 0,619789 0,000532
разнице 1,698970 0,001458
между 0,823909 0,000707
роботом 1,698970 0,001458
Tesla 1,221849 0,002098
Терминатором 1,698970 0,001458
Smart 1,301030 0,001117
представил 1,221849 0,001049
первый 0,769551 0,000991
кроссовер 1,221849 0,001049
совместной 1,698970 0,001458
разработки 1,522879 0,001961
Mercedes 1,301030 0,001675
Geely 1,397940 0,001200
Власти 1,000000 0,000858
ответили 1,397940 0,001200
частые 1,522879 0,001307
вопросы 0,744727 0,000959
гаражной 1,698970 0,001458
амнистии 1,698970 0,001458
создаст 1,397940 0,001200
полностью 0,795880 0,000683
автономное 1,698970 0,001458
такси 1,301030 0,001117
футуристичным 1,698970 0,001458
дизайном 1,698970 0,001458
Lada 1,522879 0,001961
Largus 1,397940 0,001200
Cross 1,397940 0,001200
получил 0,958607 0,001234
новый 0,552842 0,000712
мотор 1,397940 0,001200
разъяснила 1,522879 0,001307
порядок 1,154902 0,000991
покупки 1,397940 0,001200
иностранцами 1,522879 0,001307
Минпромторг 1,397940 0,001200
предупредил 1,397940 0,001200
росте 1,522879 0,001307
цен 0,958607 0,000823
Aurus 1,221849 0,001049
Лишение 1,698970 0,002188
прав 0,920819 0,001976
года 0,356547 0,000306
арест 1,301030 0,001117
напомнила 1,397940 0,001200
грубом 1,522879 0,001307
нарушении 1,301030 0,001117
ПДД 1,301030 0,001117
Новый 0,698970 0,000900
Honda 1,522879 0,001307
Civic 1,698970 0,001458
Type 1,522879 0,001307
R 1,301030 0,001117
установил 1,522879 0,001307
рекорд 1,301030 0,001117
трассы 1,522879 0,001307
Формулы 1,698970 0,001458
Кроссовер 1,522879 0,001307
Rolls 1,698970 0,001458
Royce 1,698970 0,001458
Cullinan 1,698970 0,001458
версию 1,301030 0,001117
тяжелого 1,522879 0,001307
бездорожья 1,698970 0,001458
отзовет 1,698970 0,001458
тыс 1,096910 0,000942
из 0,167491 0,000216
неисправности 1,698970 0,001458
электромоторе 1,698970 0,001458
начала 0,769551 0,000661
массовые 1,522879 0,001307
проверки 1,397940 0,002400
водителей 1,045757 0,001795
каршеринга 1,522879 0,001307
Насколько 1,221849 0,001049
подорожали 1,522879 0,001307
запчасти 1,522879 0,001961
примере 1,698970 0,001458
Hyundai 1,301030 0,001675
Solaris 1,698970 0,001458
таблица 1,397940 0,001200
Ford 1,522879 0,001307
снял 1,221849 0,001049
конвейера 1,698970 0,001458
модель 1,045757 0,000898
Mondeo 1,522879 0,001307
после 0,397940 0,000342
почти 0,853872 0,000733
лет 0,366532 0,000629
производства 1,154902 0,000991
Эксперты 1,096910 0,001412
рассказали 0,744727 0,000639
подорожало 1,698970 0,001458
автомобилистов 1,522879 0,001961
году 0,602060 0,000775
Новыe 1,698970 0,001458
видео 0,568636 0,000488
Крутые 1,397940 0,001200
машины 1,045757 0,001346
ради 1,096910 0,000942
которых 0,677781 0,000873
объединялись 1,698970 0,001458
компании 0,677781 0,000582
Иначе 1,522879 0,001307
их 0,455932 0,000391
бы 0,585027 0,000502
было 0,585027 0,000502
Круче 1,698970 0,001458
Ferrari 1,522879 0,001307
Lamborghini 1,698970 0,001458
история 0,721246 0,000619
забытой 1,522879 0,001307
марки 1,045757 0,000898
Iso 1,698970 0,001458
Новая 0,823909 0,000707
Vesta 1,522879 0,001307
NG 1,698970 0,001458
первые 1,000000 0,001288
впечатления 1,698970 0,001458
видеообзор 1,698970 0,001458
Самый 1,000000 0,000858
дерзкий 1,698970 0,001458
Saab 1,698970 0,001458
История 0,494850 0,000425
тест 0,958607 0,001234
культового 1,397940 0,001200
Viggen 1,698970 0,001458
Последние 0,853872 0,000733
концепты 1,698970 0,001458
СССР 0,795880 0,000683
Детектив 1,221849 0,001049
про 0,568636 0,000732
АЗЛК 1,698970 0,001458
НАМИ 1,698970 0,001458
Смотреть 0,721246 0,000619
Шины 1,397940 0,002400
Какие 0,721246 0,000929
покупать 0,886057 0,001141
дешевых 1,397940 0,002400
хороших 1,397940 0,001200
брендов 1,154902 0,001487
известных 1,096910 0,000942
зарубежных 1,000000 0,000858
стремительно 1,698970 0,001458
взлетели 1,698970 0,001458
цене 1,698970 0,001458
а 0,327902 0,000563
переобуваться 1,698970 0,001458
равно 1,221849 0,001049
надо 0,823909 0,001061
бюджетные 1,698970 0,001458
альтернативы 1,522879 0,001307
стоит 0,677781 0,001164
рассмотреть 1,522879 0,001307
Рынок 1,221849 0,001573
Алина 1,698970 0,002188
Распопова 1,698970 0,002188
Maybach 1,698970 0,002188
останется 1,522879 0,001307
дилеры 1,522879 0,001307
предупредили 1,096910 0,000942
дефиците 1,522879 0,001307
роскошных 1,301030 0,001675
машин 1,096910 0,002354
Дилеры 1,522879 0,001307
предсказали 1,397940 0,001200
жесткий 1,698970 0,001458
дефицит 1,221849 0,001049
фоне 1,154902 0,000991
санкций 0,677781 0,000582
Со 1,698970 0,001458
складов 1,522879 0,001307
продают 1,698970 0,001458
последние 0,769551 0,000661
экземпляры 1,698970 0,001458
выросли 1,301030 0,001117
минимум 1,301030 0,001117
два 0,853872 0,000733
раза 1,301030 0,001117
прогнозируют 1,698970 0,001458
интерес 1,301030 0,001117
покупке 1,154902 0,000991
премиума 1,698970 0,001458
россиянами 1,522879 0,001307
СНГ 1,522879 0,001307
Дмитрий 0,602060 0,001550
Александров 1,698970 0,004375
Сплошные 1,698970 0,001458
Как 0,301030 0,000904
себя 0,552842 0,000475
вести 1,045757 0,000898
отвечать 1,522879 0,001307
Для 0,494850 0,000425
чего 0,795880 0,001366
нужные 1,397940 0,001200
сплошные 1,698970 0,001458
они 0,657577 0,000564
проводятся 1,522879 0,001307
случае 0,920819 0,000790
встречи 1,045757 0,000898
сотрудниками 1,522879 0,001307
также 0,494850 0,000425
марта 0,769551 0,003963
От 0,795880 0,000683
млн 0,886057 0,000761
рублей 0,585027 0,000502
обзор 1,301030 0,001117
Конспекты 1,698970 0,002188
Все 0,148742 0,000255
об 0,292430 0,000377
ОСАГО 1,522879 0,003268
правила 0,958607 0,000823
нюансы 1,698970 0,002188
лайфхаки 1,698970 0,001458
подводные 1,698970 0,001458
камни 1,698970 0,001458
компаний 1,045757 0,001346
Почему 0,522879 0,000449
сейчас 0,657577 0,000847
автомобиль 1,221849 0,002098
выгоднее 1,698970 0,001458
рассрочку 1,698970 0,001458
февраля 0,853872 0,001832
уверенности 1,698970 0,001458
задает 1,698970 0,001458
новые 0,508638 0,000437
стандарты 1,698970 0,001458
поддержки 0,823909 0,000707
клиентов 1,397940 0,001200
пройдут 1,221849 0,001049
совершенно 0,886057 0,000761
нового 0,769551 0,000661
Lexus 1,397940 0,001800
NX 1,522879 0,001307
января 0,958607 0,001234
Нассер 1,698970 0,001458
Аль 1,397940 0,001200
Аттия 1,698970 0,001458
рулем 1,397940 0,001200
Hilux 1,698970 0,001458
стал 0,585027 0,000502
победителем 1,698970 0,001458
Дакара 1,698970 0,001458
DAF 1,698970 0,001458
продолжает 1,045757 0,000898
развивать 1,698970 0,001458
дилерскую 1,698970 0,001458
сеть 1,154902 0,000991
декабря 0,886057 0,002282
Ауди 1,698970 0,001458
Центре 1,698970 0,001458
Север 1,698970 0,001458
завершилась 1,301030 0,001117
реконструкция 1,698970 0,001458
Dunlop 1,698970 0,001458
представила 1,301030 0,001117
результаты 1,154902 0,000991
экологической 1,698970 0,001458
деятельности 1,000000 0,000858
Игнаси 1,698970 0,001458
Монреаль 1,698970 0,001458
создал 1,397940 0,001200
иллюстрации 1,522879 0,001307
честь 1,096910 0,000942
столетия 1,522879 0,001307
завести 1,522879 0,001307
машину 1,000000 0,001717
совет 1,096910 0,001412
производителя 1,522879 0,001307
шоу 0,657577 0,000564
рум 1,698970 0,001458
Cadillac 1,397940 0,002400
Chevrolet 1,522879 0,001307
открылся 1,397940 0,001200
Екатеринбурге 1,522879 0,001307
ноября 1,221849 0,005768
Дешевое 1,698970 0,001458
каско 1,698970 0,001458
сэкономить 1,522879 0,001307
дорогой 1,522879 0,001307
секреты 1,096910 0,000942
тонкости 1,397940 0,001200
Продлевает 1,698970 0,001458
жизнь 0,537602 0,000461
двигателю 1,698970 0,001458
особенного 1,698970 0,001458
масле 1,522879 0,001307
Magnum 1,698970 0,001458
Роснефти 1,698970 0,001458
объявил 1,221849 0,001049
победителей 1,154902 0,000991
ежегодного 1,698970 0,001458
конкурса 1,154902 0,000991
дизайнеров 1,397940 0,001200
способов 1,221849 0,002098
сберечь 1,698970 0,001458
двигатель 1,522879 0,001307
вашего 1,154902 0,000991
автомобиля 1,000000 0,000858
Заправляемся 1,698970 0,001458
правильно 1,154902 0,000991
нюансов 1,698970 0,001458
должен 0,886057 0,000761
знать 1,000000 0,000858
водитель 1,397940 0,001200
вопросов 1,397940 0,001200
производителю 1,698970 0,001458
топлива 1,397940 0,001200
стеснялись 1,698970 0,001458
спросить 1,397940 0,001200
Продолжим 1,698970 0,001458
ездить 1,301030 0,001117
бензине 1,698970 0,001458
электрокарами 1,698970 0,001458
General 1,522879 0,001307
Motors 1,522879 0,001307
обозначил 1,522879 0,001307
планы 1,221849 0,001049
ближайшее 1,397940 0,001200
десятилетие 1,522879 0,001307
GM 1,698970 0,001458
запустил 1,522879 0,001307
сервис 0,958607 0,000823
позволяющий 1,522879 0,001307
онлайн 0,508638 0,000437
Редакция 0,769551 0,000661
Ковбой 1,698970 0,001458
костюме 1,522879 0,001307
Три 0,823909 0,000707
мнения 1,221849 0,001049
XT 1,522879 0,001961
Просторная 1,698970 0,001458
галерка 1,698970 0,001458
солидный 1,698970 0,001458
внешний 1,698970 0,001458
вид 1,154902 0,000991
умная 1,698970 0,001458
муфта 1,698970 0,001458
жестоковатый 1,698970 0,001458
ход 1,045757 0,000898
редакторы 1,698970 0,001458
рассуждают 1,698970 0,001458
Михаил 0,568636 0,000732
Конончук 1,698970 0,002188
Имиджевые 1,698970 0,001458
пертурбации 1,698970 0,001458
драйв 1,221849 0,002622
Porsche 1,522879 0,001307
Macan 1,522879 0,001307
Давид 1,397940 0,001800
Акопян 1,698970 0,002188
сразу 0,795880 0,000683
Range 1,397940 0,001200
Rover 1,522879 0,001307
Velar 1,698970 0,001458
Вдруг 1,698970 0,001458
откуда 1,397940 0,001200
ни 0,744727 0,000639
возьмись 1,698970 0,001458
Isuzu 1,698970 0,001458
Mu 1,698970 0,001458
X 1,045757 0,000898
Возвращаемый 1,698970 0,001458
модуль 1,698970 0,001458
Staria 1,397940 0,001200
Сергей 0,468521 0,000402
Смолин 1,698970 0,001458
VIN 1,698970 0,002188
код 1,096910 0,001412
где 0,537602 0,000461
он 0,568636 0,000732
находится 1,301030 0,001117
помощью 0,769551 0,000991
проверить 1,045757 0,000898
Отвечаем 1,522879 0,001307
нужен 0,958607 0,000823
найти 0,698970 0,000600
сделать 0,920819 0,000790
этим 1,000000 0,000858
кодом 1,397940 0,001200
Новинки 0,853872 0,000733
выглядеть 1,221849 0,001049
Renault 1,397940 0,001800
Logan 1,698970 0,001458
изображения 1,221849 0,001049
Агрессивный 1,698970 0,001458
дизайн 1,154902 0,000991
высокий 1,522879 0,001307
клиренс 1,698970 0,001458
комфортный 1,698970 0,001458
салон 1,522879 0,001307
широкая 1,698970 0,001458
моторная 1,698970 0,001458
гамма 1,698970 0,001458
подробности 1,154902 0,000991
самой 1,000000 0,000858
бюджетной 1,698970 0,001458
модели 1,221849 0,001049
полис 1,698970 0,002188
произошли 1,698970 0,001458
важные 1,096910 0,001412
изменения 1,397940 0,001200
С 0,455932 0,000391
цену 1,522879 0,001307
полисов 1,698970 0,001458
начнут 1,522879 0,001307
считать 1,397940 0,001200
по 0,124939 0,000214
обновленному 1,698970 0,001458
коэффициенту 1,698970 0,001458
КБМ 1,698970 0,001458
Аварийным 1,698970 0,001458
автомобилистам 1,522879 0,001307
придется 1,045757 0,000898
платить 1,096910 0,000942
больше 0,638272 0,000548
дороже 1,397940 0,001200
всего 0,744727 0,000639
обойдется 1,397940 0,001200
таксистам 1,698970 0,001458
Скидки 1,301030 0,001117
тоже 1,000000 0,000858
работает 0,657577 0,000564
Криминал 1,301030 0,001117
спасти 1,221849 0,001573
колеса 1,301030 0,001675
кражи 1,522879 0,001961
важных 1,397940 0,001200
советов 1,522879 0,001307
Стоянка 1,698970 0,001458
под 0,376751 0,000323
камерами 1,698970 0,001458
болты 1,698970 0,001458
секретки 1,698970 0,001458
защита 1,522879 0,001307
ниппели 1,698970 0,001458
пара 1,397940 0,001200
доступных 1,397940 0,001200
защитить 1,221849 0,001049
водительских 1,522879 0,001307
За 0,568636 0,000488
лишают 1,522879 0,001307
весной 1,154902 0,000991
опасных 1,522879 0,001307
ситуаций 1,698970 0,001458
Проблемы 1,522879 0,001307
разметкой 1,698970 0,001458
грязные 1,522879 0,001307
номера 1,522879 0,001307
опасные 1,221849 0,001049
лекарства 1,221849 0,001049
необходимо 0,920819 0,000790
помнить 1,397940 0,001200
наступлением 1,698970 0,001458
теплой 1,698970 0,001458
погоды 1,522879 0,001307
Автоподставы 1,698970 0,001458
Мыло 1,698970 0,001458
антиквариат 1,698970 0,001458
зимняя 1,698970 0,001458
одежда 1,698970 0,001458
главные 0,823909 0,000707
способы 1,301030 0,001117
развода 1,301030 0,001117
Зачем 1,096910 0,000942
мошенники 1,522879 0,001307
возят 1,698970 0,001458
собой 0,823909 0,000707
предметы 1,522879 0,001307
антиквариата 1,397940 0,001200
преступники 1,698970 0,001458
выбирают 1,522879 0,001307
свою 0,638272 0,000548
жертву 1,522879 0,001307
опасаться 1,698970 0,001458
водителю 1,698970 0,001458
парковке 1,522879 0,001307
торгового 1,522879 0,001307
центра 1,301030 0,001117
зачем 0,853872 0,001099
мошенникам 1,698970 0,001458
нужны 0,920819 0,000790
премиальные 1,698970 0,001458
Когда 0,602060 0,000775
переобувать 1,698970 0,001458
дали 1,221849 0,001049
важный 1,698970 0,001458
оптимальный 1,698970 0,001458
момент 0,920819 0,000790
переобувки 1,698970 0,001458
резины 1,698970 0,001458
летнюю 1,522879 0,001307
может 0,397940 0,000342
ли 0,397940 0,000512
грозить 1,522879 0,001307
штраф 1,397940 0,001200
несвоевременную 1,698970 0,001458
смену 1,397940 0,001200
шин 1,522879 0,001307
Техобслуживание 1,698970 0,001458
Сколько 1,154902 0,000991
ТО 1,698970 0,002188
Реальные 1,522879 0,001307
Незаводские 1,698970 0,001458
альтернативные 1,397940 0,001200
каналы 1,522879 0,001307
поставок 1,397940 0,001200
масло 1,221849 0,001049
руб 1,154902 0,000991
литр 1,522879 0,001307
плановым 1,698970 0,001458
популярных 1,096910 0,000942
российском 1,000000 0,000858
Угоны 1,522879 0,001307
угона 1,397940 0,001800
Советы 1,397940 0,001200
обезопасить 1,698970 0,001458
обычного 1,698970 0,001458
светодиода 1,698970 0,001458
эффективны 1,698970 0,001458
механические 1,698970 0,001458
блокираторы 1,698970 0,001458
каких 1,000000 0,000858
методах 1,522879 0,001307
защиты 1,154902 0,000991
вспомнить 1,397940 0,001200
оставлять 1,698970 0,001458
салоне 1,698970 0,001458
полицейскую 1,698970 0,001458
фуражку 1,698970 0,001458
Больше 0,886057 0,000761
материалов 0,585027 0,000502
Содержание 1,522879 0,001307
Социальные 1,301030 0,001117
сети 0,823909 0,000707
Vkontakte 1,397940 0,001200
YouTube 0,823909 0,000707
Юридическая 1,221849 0,001049
Информация 0,886057 0,001141
ограничениях 1,522879 0,001307
Правовая 0,920819 0,000790
информация 0,638272 0,000548
О 0,207608 0,000178
соблюдении 1,397940 0,001200
авторских 1,045757 0,000898
АО 0,795880 0,000683
РОСБИЗНЕСКОНСАЛТИНГ 1,522879 0,001307
Сообщения 1,221849 0,001049
материалы 0,537602 0,000461
сетевого 1,096910 0,000942
издания 0,886057 0,000761
зарегистрировано 0,823909 0,000707
Федеральной 0,619789 0,000532
службой 0,744727 0,000639
надзору 0,619789 0,000532
сфере 0,552842 0,000475
связи 0,455932 0,000391
информационных 0,585027 0,000502
технологий 0,568636 0,000488
массовых 0,568636 0,000488
коммуникаций 0,585027 0,000502
Роскомнадзор 0,823909 0,000707
номером 1,522879 0,001307
ЭЛ 0,823909 0,000707
ФС 0,522879 0,000449
сопровождаются 1,522879 0,001307
пометкой 1,397940 0,001200
Отдельные 1,397940 0,001200
публикации 0,823909 0,000707
могут 0,522879 0,000449
содержать 1,154902 0,000991
информацию 0,721246 0,000619
предназначенную 1,397940 0,001200
пользователей 0,853872 0,000733
до 0,244125 0,000210
letters 1,522879 0,001307
Котировки 1,301030 0,001117
мировых 1,522879 0,001307
финансовых 1,397940 0,001200
инструментов 1,301030 0,001117
предоставлены 1,397940 0,001200
Reuters 1,397940 0,001200
Материалы 1,045757 0,000898
отметкой 1,698970 0,001458
публикуются 1,698970 0,001458
правах 1,045757 0,000898
рекламы 0,823909 0,000707
Чтобы 0,795880 0,000683
отправить 1,221849 0,001049
редакции 0,481486 0,000413
сообщение 1,045757 0,000898
выделите 1,154902 0,000991
часть 0,795880 0,000683
текста 1,045757 0,000898
статье 1,397940 0,001200
нажмите 1,045757 0,000898
Ctrl 0,958607 0,000823
Enter 0,958607 0,000823
Главная 0,823909 0,000707
