Интернет 0,823909 0,002641
библиотека 1,096910 0,008789
Алексея 1,154902 0,005552
Комарова 1,522879 0,012203
Авторы 0,958607 0,003072
Совет 1,301030 0,004170
Чтобы 0,795880 0,002551
найти 0,698970 0,002240
произведение 1,221849 0,003916
воспользуйтесь 1,397940 0,004481
поиском 1,698970 0,005445
или 0,301030 0,001447
авторским 1,522879 0,004881
указателем 1,698970 0,005445
в 0,070581 0,000452
верхней 1,522879 0,004881
части 0,920819 0,002951
страниц 1,154902 0,003702
Самое 1,000000 0,003205
актуальное 1,522879 0,004881
сегодня 0,677781 0,002172
Война 0,920819 0,004427
и 0,075721 0,001335
мир 0,552842 0,002658
Л 1,096910 0,010547
Н 0,823909 0,007922
Толстой 1,154902 0,012956
Преступление 1,522879 0,007322
наказание 1,301030 0,006255
Ф 1,154902 0,009254
М 0,744727 0,004774
Достоевский 1,522879 0,014643
Человек 0,958607 0,003072
футляре 1,698970 0,005445
А 0,376751 0,004830
П 1,221849 0,015665
Чехов 1,698970 0,021782
Крыжовник 1,698970 0,005445
Ионыч 1,698970 0,005445
О 0,207608 0,000665
любви 0,677781 0,002172
Мертвые 1,397940 0,006721
души 0,958607 0,004609
В 0,167491 0,001879
Гоголь 1,397940 0,008961
Вишневый 1,522879 0,004881
сад 1,045757 0,003352
Дама 1,522879 0,004881
с 0,102373 0,000492
собачкой 1,698970 0,005445
Детство 1,522879 0,004881
Избранные 1,698970 0,008168
авторы 1,000000 0,003205
Лермонтов 1,301030 0,006255
Пушкин 1,221849 0,005874
Последние 0,853872 0,002737
поступления 1,522879 0,004881
Д 1,096910 0,003516
Мамин 1,698970 0,005445
Сибиряк 1,698970 0,005445
Богач 1,698970 0,005445
Еремка 1,698970 0,005445
Старый 1,397940 0,004481
воробей 1,522879 0,004881
Вертел 1,698970 0,005445
глуши 1,698970 0,005445
Ак 1,522879 0,004881
Бозат 1,698970 0,005445
Серая 1,522879 0,004881
шейка 1,698970 0,005445
Приемыш 1,698970 0,005445
Постойко 1,698970 0,005445
Зимовье 1,698970 0,005445
на 0,075721 0,000485
Студеной 1,698970 0,005445
Емеля 1,698970 0,005445
охотник 1,301030 0,004170
И 0,408935 0,003932
Никитин 1,397940 0,004481
Пахарь 1,698970 0,005445
Солнце 1,522879 0,004881
за 0,180456 0,001157
день 0,585027 0,001875
нагулялося 1,698970 0,005445
День 0,795880 0,002551
ночь 1,000000 0,003205
тобой 1,522879 0,004881
жду 1,698970 0,005445
встречи 1,045757 0,003352
Чуть 1,397940 0,004481
сошлись 1,301030 0,004170
мы 0,468521 0,001502
друг 0,795880 0,002551
друга 0,886057 0,002840
узнали 1,301030 0,004170
альбом 1,522879 0,007322
Жюно 1,698970 0,005445
дик 1,698970 0,005445
невесел 1,698970 0,005445
наш 1,045757 0,003352
север 1,522879 0,004881
холодный 1,522879 0,004881
Плотниковой 1,698970 0,005445
Прохладно 1,698970 0,005445
Все 0,148742 0,000477
окна 1,522879 0,004881
открыты 1,397940 0,004481
Помню 1,698970 0,005445
я 0,522879 0,003352
бывало 1,698970 0,005445
няня 1,698970 0,005445
У 0,431798 0,001384
кого 0,853872 0,002737
нет 0,619789 0,001987
думы 1,698970 0,005445
Рассказ 1,301030 0,004170
моего 1,397940 0,004481
знакомого 1,522879 0,004881
Позвольте 1,698970 0,005445
ко 0,958607 0,003072
Сысой 1,698970 0,008168
Николаю 1,698970 0,005445
Ивановичу 1,698970 0,005445
Второву 1,698970 0,005445
Как 0,301030 0,000965
другу 1,045757 0,005028
милому 1,698970 0,005445
единственному 1,698970 0,005445
Новая 0,823909 0,002641
утрата 1,698970 0,005445
Давно 1,522879 0,007322
ль 1,698970 0,005445
повеселел 1,698970 0,005445
мой 1,221849 0,007832
уголок 1,522879 0,004881
печальный 1,698970 0,005445
Песня 1,154902 0,003702
Ковыль 1,698970 0,005445
моя 1,096910 0,003516
травушка 1,698970 0,005445
ковыль 1,522879 0,004881
бесприютная 1,698970 0,005445
На 0,283997 0,000910
взятие 1,698970 0,005445
Карса 1,698970 0,005445
Во 0,886057 0,002840
храмы 1,522879 0,004881
братьи 1,698970 0,005445
колени 1,522879 0,004881
Затеплились 1,698970 0,005445
звезды 1,301030 0,004170
одна 1,096910 0,005274
другою 1,698970 0,005445
Музыка 0,795880 0,002551
леса 1,221849 0,003916
Без 0,920819 0,002951
конца 0,886057 0,002840
поля 1,301030 0,004170
Последнее 1,000000 0,003205
свиданье 1,698970 0,005445
Зачем 1,096910 0,003516
это 0,292430 0,001406
ты 0,886057 0,002840
матушка 1,698970 0,005445
Выезд 1,522879 0,004881
троечника 1,698970 0,005445
Ну 1,045757 0,003352
кажись 1,698970 0,005445
готов 1,221849 0,003916
Не 0,481486 0,002315
смейся 1,698970 0,005445
родимый 1,522879 0,004881
кормилец 1,698970 0,005445
Над 1,301030 0,004170
полями 1,698970 0,005445
вечерняя 1,698970 0,005445
зорька 1,698970 0,005445
горит 1,522879 0,004881
Дележ 1,698970 0,005445
Да 0,823909 0,002641
сударь 1,698970 0,005445
нередко 1,522879 0,004881
вот 0,795880 0,002551
бывает 1,221849 0,003916
октября 1,096910 0,003516
Что 0,346787 0,001111
утро 1,301030 0,004170
Серебряный 1,301030 0,004170
иней 1,698970 0,005445
Отвяжися 1,698970 0,005445
тоска 1,698970 0,005445
лесу 1,154902 0,003702
Привет 1,397940 0,004481
тебе 1,096910 0,003516
знакомец 1,698970 0,005445
кудрявый 1,698970 0,005445
Савостьянову 1,698970 0,005445
спится 1,698970 0,005445
мне 0,853872 0,004105
Окно 1,698970 0,005445
отворено 1,698970 0,005445
Слепой 1,522879 0,004881
гусляр 1,698970 0,005445
уж 1,301030 0,004170
не 0,142668 0,000457
вижу 1,698970 0,005445
солнца 1,522879 0,004881
неба 1,522879 0,004881
Друг 1,397940 0,004481
Пусть 1,522879 0,004881
снова 0,769551 0,002467
дни 1,000000 0,003205
мои 1,522879 0,004881
горе 1,397940 0,004481
принесут 1,698970 0,005445
Библиотека 1,045757 0,003352
просто 0,657577 0,002108
из 0,167491 0,000537
старейших 1,698970 0,005445
известнейших 1,698970 0,005445
электронных 1,096910 0,003516
библиотек 1,522879 0,004881
Российского 1,096910 0,003516
интернета 1,397940 0,004481
основана 1,522879 0,004881
году 0,602060 0,001930
Сегодня 0,677781 0,002172
позволяет 1,301030 0,004170
читать 0,823909 0,002641
онлайн 0,508638 0,001630
наиболее 1,096910 0,003516
значимые 1,698970 0,005445
произведения 0,823909 0,002641
русской 0,744727 0,002387
литературы 0,920819 0,002951
Подробнее 0,698970 0,002240
тексты 1,221849 0,003916
Евгений 0,698970 0,002240
Онегин 1,397940 0,004481
Герой 1,154902 0,003702
нашего 0,958607 0,003072
времени 0,721246 0,002312
Тургенев 1,301030 0,004170
Отцы 1,301030 0,004170
дети 0,853872 0,002737
Анна 0,568636 0,001823
Каренина 1,522879 0,004881
Идиот 1,698970 0,005445
Воскресение 1,698970 0,005445
Братья 1,301030 0,004170
Карамазовы 1,698970 0,005445
Email 1,221849 0,003916
otklik 1,698970 0,005445
ilibrary 1,698970 0,005445
ruО 1,698970 0,005445
библиотеке 1,397940 0,004481
Реклама 0,387216 0,001241
сайте 0,431798 0,001384
Алексей 0,602060 0,001930
Комаров 1,698970 0,005445
Подборка 1,301030 0,004170
произведений 0,853872 0,002737
оформление 1,397940 0,004481
программирование 1,522879 0,004881
