Музеи 1,301030 0,009957
Казани 1,045757 0,020453
Полный 1,221849 0,003117
список 0,823909 0,002102
казанских 1,522879 0,003885
музеев 1,096910 0,002798
Поиск 0,619789 0,001054
по 0,124939 0,000319
Куда 1,154902 0,012767
Казань 0,823909 0,008407
Разместить 1,397940 0,002377
анонс 1,301030 0,002213
мероприятия 1,397940 0,003566
кафе 1,397940 0,003566
ресторан 1,522879 0,002590
заведение 1,397940 0,002377
площадку 1,698970 0,002889
свою 0,638272 0,001085
рекламу 1,096910 0,001865
Что 0,346787 0,000590
ищем 1,698970 0,002889
Найти 0,853872 0,001452
сходить 1,397940 0,010699
в 0,070581 0,001140
Афиша 0,795880 0,002707
Москвы 0,744727 0,001267
Санкт 0,795880 0,001354
Петербурга 1,154902 0,001964
Нижнего 1,221849 0,002078
Новгорода 1,397940 0,002377
Сочи 0,920819 0,001566
Тюмени 1,522879 0,002590
Уфы 1,698970 0,002889
Помощник 1,698970 0,002889
и 0,075721 0,001095
путеводитель 1,522879 0,002590
интересным 1,397940 0,002377
местам 1,522879 0,002590
лучшим 1,301030 0,002213
событиям 1,397940 0,002377
Января 1,698970 0,002889
Февраля 1,698970 0,002889
Марта 1,522879 0,002590
Апреля 1,397940 0,002377
Мая 1,522879 0,002590
Июня 1,698970 0,002889
Июля 1,698970 0,002889
Августа 1,698970 0,002889
Сентября 1,698970 0,002889
Октября 1,698970 0,002889
Ноября 1,698970 0,002889
Декабря 1,698970 0,002889
пойти 1,221849 0,002078
сегодня 0,677781 0,001153
завтра 1,154902 0,001964
выходные 1,301030 0,003319
этом 0,585027 0,000995
месяце 1,698970 0,002889
Выставки 1,045757 0,014228
Фестивали 1,301030 0,002213
С 0,455932 0,001163
детьми 1,096910 0,003731
Активный 1,522879 0,002590
отдых 1,301030 0,003319
Музыка 0,795880 0,001354
Шоу 0,744727 0,001900
Праздники 1,522879 0,002590
Образование 0,886057 0,003014
Кино 0,677781 0,001153
Парки 1,698970 0,002889
Погулять 1,698970 0,002889
Туристу 1,698970 0,002889
Театры 1,154902 0,001964
Пространства 1,698970 0,002889
Клубы 1,397940 0,002377
Прочее 1,698970 0,002889
Рестораны 1,698970 0,002889
куда 1,000000 0,006803
Интересные 1,301030 0,002213
места 1,045757 0,007114
Советуем 1,698970 0,007224
события 0,795880 0,004061
Национальный 1,221849 0,003117
музей 1,000000 0,011054
Республики 1,522879 0,006475
Татарстан 1,221849 0,005195
событие 1,397940 0,014265
Музей 1,154902 0,036336
исламской 1,522879 0,003885
культуры 0,795880 0,002030
естественной 1,698970 0,004334
истории 0,657577 0,005592
Татарстана 1,301030 0,004425
Пушечного 1,698970 0,004334
двора 1,522879 0,003885
Алфавитный 1,698970 0,002889
указатель 1,698970 0,002889
мест 1,045757 0,003557
Анатомический 1,698970 0,002889
театр 1,221849 0,002078
Ботанический 1,698970 0,002889
Выставочный 1,698970 0,002889
зал 1,301030 0,002213
Манеж 1,522879 0,002590
Галерея 1,221849 0,003117
современного 1,221849 0,003117
искусства 0,886057 0,002260
Геологический 1,698970 0,002889
им 0,602060 0,002048
А 0,376751 0,002563
Штукенберга 1,698970 0,002889
Государственный 1,221849 0,002078
изобразительных 1,522879 0,002590
искусств 1,096910 0,001865
Дом 0,698970 0,004161
Верблюда 1,698970 0,002889
академиков 1,698970 0,002889
Арбузовых 1,698970 0,002889
Василия 1,397940 0,002377
Аксенова 1,698970 0,002889
Владимира 0,721246 0,001227
Ильича 1,397940 0,002377
Ленина 1,301030 0,002213
Зоологический 1,698970 0,002889
Э 1,301030 0,002213
Эверсмана 1,698970 0,002889
Казанский 1,522879 0,002590
Кремль 1,154902 0,001964
Картинная 1,698970 0,002889
галерея 1,221849 0,003117
Славы 1,522879 0,002590
Зайцева 1,397940 0,002377
Культурно 1,397940 0,002377
выставочный 1,698970 0,002889
центр 0,638272 0,001085
русского 0,769551 0,001309
музея 1,221849 0,002078
Литературно 1,698970 0,002889
мемориальный 1,698970 0,002889
М 0,744727 0,001900
Горького 1,397940 0,003566
Литературный 1,301030 0,002213
Габдуллы 1,698970 0,002889
Тукая 1,522879 0,002590
Международный 1,397940 0,002377
институт 1,154902 0,001964
антиквариата 1,397940 0,002377
татарского 1,397940 0,002377
быта 1,522879 0,003885
ремесла 1,522879 0,002590
Мишкин 1,698970 0,002889
Татар 1,397940 0,002377
Бистэсе 1,698970 0,002889
Ф 1,154902 0,001964
И 0,408935 0,000695
Шаляпина 1,698970 0,002889
Амира 1,698970 0,002889
Мазитова 1,698970 0,002889
Баки 1,698970 0,002889
Урманче 1,698970 0,002889
восковых 1,698970 0,002889
фигур 1,698970 0,002889
Е 1,096910 0,001865
Боратынского 1,698970 0,002889
иллюзий 1,221849 0,002078
Н 0,823909 0,001401
Туполева 1,698970 0,002889
Благовещенского 1,698970 0,002889
собора 1,397940 0,002377
велосипеда 1,698970 0,002889
Веломания 1,698970 0,002889
государственности 1,698970 0,002889
Казанского 1,522879 0,002590
университета 1,301030 0,002213
связи 0,455932 0,000775
татарской 1,698970 0,004334
литературы 0,920819 0,002349
с 0,102373 0,001132
мемориальной 1,698970 0,004334
квартирой 1,698970 0,004334
Шарифа 1,698970 0,004334
Камала 1,698970 0,004334
Каюма 1,698970 0,002889
Насыри 1,698970 0,002889
Константина 1,221849 0,002078
Васильева 1,522879 0,002590
Льва 1,301030 0,002213
Николаевича 1,698970 0,002889
Толстого 1,397940 0,002377
оружия 1,397940 0,002377
Дух 1,221849 0,002078
Воина 1,522879 0,002590
пожарной 1,698970 0,002889
охраны 1,397940 0,002377
самовара 1,698970 0,002889
социалистического 1,698970 0,002889
спорта 0,958607 0,001630
РТ 1,522879 0,002590
имени 0,721246 0,001227
Ш 1,397940 0,002377
Х 1,397940 0,002377
Галеева 1,698970 0,002889
тысячелетия 1,698970 0,002889
чак 1,698970 0,002889
чака 1,698970 0,002889
квартира 1,397940 0,003566
композитора 1,522879 0,002590
Назиба 1,698970 0,002889
Жиганова 1,698970 0,002889
Мусы 1,698970 0,002889
Джалиля 1,522879 0,002590
мемориал 1,522879 0,002590
Великой 1,045757 0,001778
Отечественной 1,154902 0,001964
Войны 1,522879 0,002590
Национальная 1,397940 0,002377
художественная 1,522879 0,002590
Хазинэ 1,698970 0,002889
Храм 1,522879 0,002590
всех 0,552842 0,000940
религий 1,698970 0,002889
На 0,283997 0,000724
нашем 1,000000 0,001701
сайте 0,431798 0,001836
вы 0,420216 0,001787
найдете 1,045757 0,002668
всю 0,823909 0,001401
информацию 0,721246 0,001840
про 0,568636 0,000967
интересные 1,154902 0,003928
достопримечательности 1,522879 0,005180
это 0,292430 0,000746
интерактивный 1,698970 0,002889
каталог 1,154902 0,001964
лучших 1,096910 0,001865
заведений 1,522879 0,002590
о 0,136677 0,000814
том 0,568636 0,000967
стоит 0,677781 0,001729
туристу 1,698970 0,002889
или 0,301030 0,001024
жителю 1,522879 0,002590
Мы 0,537602 0,002286
выбираем 1,698970 0,002889
только 0,309804 0,000790
лучшие 0,886057 0,003014
для 0,119186 0,000608
туризма 1,698970 0,002889
прогулок 1,698970 0,002889
свиданий 1,698970 0,002889
отдыха 1,397940 0,005944
знает 1,000000 0,001701
музеях 1,397940 0,002377
которые 0,431798 0,001102
открыты 1,397940 0,002377
Если 0,769551 0,001309
знаете 1,301030 0,004425
месте 0,886057 0,001507
которого 0,920819 0,001566
нет 0,619789 0,001054
на 0,075721 0,000644
сообщите 1,522879 0,002590
нам 0,657577 0,001677
Сейчас 0,823909 0,001401
обсуждают 1,154902 0,001964
Последние 0,853872 0,001452
добавленные 1,698970 0,002889
Авиатренажер 1,698970 0,002889
Dream 1,698970 0,002889
Aero 1,698970 0,002889
БИЗОN 1,698970 0,002889
Stand 1,522879 0,002590
Up 1,301030 0,002213
club 1,698970 0,002889
Kazan 1,522879 0,002590
событий 0,853872 0,002178
фильма 0,795880 0,001354
Подпишетесь 1,698970 0,002889
почтовую 1,698970 0,002889
рассылку 1,000000 0,001701
Подписаться 0,795880 0,001354
Дважды 1,698970 0,002889
неделю 0,920819 0,001566
мы 0,468521 0,000797
будем 1,221849 0,002078
писать 1,045757 0,001778
предстоящих 1,698970 0,002889
событиях 1,045757 0,003557
Вы 0,619789 0,001054
подписались 1,698970 0,002889
обновления 1,301030 0,002213
Теперь 0,958607 0,001630
ваш 0,853872 0,001452
E 0,920819 0,001566
mail 0,721246 0,001227
будет 0,387216 0,000659
приходить 1,698970 0,002889
информация 0,638272 0,001628
o 1,522879 0,002590
галлереи 1,698970 0,002889
исторические 1,397940 0,002377
культурные 1,522879 0,002590
экспозиции 1,221849 0,002078
Не 0,481486 0,001228
что 0,187087 0,000318
посетить 1,045757 0,002668
Ищете 1,397940 0,003566
где 0,537602 0,000914
погулять 1,698970 0,002889
ребенком 1,221849 0,003117
парнем 1,522879 0,003885
девушкой 1,522879 0,003885
Выбираете 1,698970 0,002889
место 0,795880 0,001354
свидания 1,221849 0,002078
развлечения 1,522879 0,002590
Интересуетесь 1,698970 0,002889
активным 1,397940 0,002377
отдыхом 1,698970 0,002889
Посещаете 1,698970 0,002889
выставки 1,096910 0,003731
корпоратив 1,698970 0,002889
поможет 0,886057 0,001507
лучший 1,045757 0,001778
сайт 0,494850 0,000842
самых 0,585027 0,000995
интересных 1,096910 0,001865
знаем 1,397940 0,002377
большой 1,154902 0,001964
компанией 1,397940 0,002377
У 0,431798 0,000734
нас 0,508638 0,000865
музеи 1,301030 0,002213
События 0,886057 0,001507
детей 0,431798 0,000734
их 0,455932 0,000775
родителей 0,958607 0,001630
обязательно 1,301030 0,002213
советуем 1,698970 0,002889
любые 0,886057 0,001507
варианты 1,522879 0,002590
концерты 1,522879 0,002590
парках 1,698970 0,002889
экскурсий 1,698970 0,002889
можно 0,443697 0,000755
театры 1,698970 0,002889
шоу 0,657577 0,001118
спортивные 1,522879 0,002590
активного 1,522879 0,002590
семьей 1,154902 0,001964
многое 1,221849 0,002078
другое 1,221849 0,002078
социальных 0,769551 0,001309
сетях 0,769551 0,001309
Вконтакте 1,045757 0,001778
однокласниках 1,698970 0,002889
телеграме 1,698970 0,002889
Свидетельство 0,721246 0,001227
регистрации 0,638272 0,001085
СМИ 0,481486 0,000819
Эл 0,721246 0,001227
ФС 0,522879 0,000889
кудаказань 1,698970 0,002889
ру 0,886057 0,001507
kuda 1,698970 0,005779
kazan 1,698970 0,005779
ru 0,187087 0,000636
Контакты 0,455932 0,000775
Сообщить 1,221849 0,002078
об 0,292430 0,000497
ошибке 1,221849 0,002078
Наша 1,154902 0,001964
электронная 1,397940 0,002377
почта 1,397940 0,002377
mailbox 1,698970 0,004334
Пресс 0,657577 0,001118
релиз 1,698970 0,002889
Редакционная 1,397940 0,002377
политика 0,920819 0,001566
Правовая 0,920819 0,001566
Формат 1,522879 0,002590
ресурса 1,698970 0,002889
Сотрудничество 1,301030 0,002213
Размещение 0,958607 0,001630
Требования 1,522879 0,002590
к 0,207608 0,000530
материалам 1,698970 0,002889
Музеям 1,522879 0,002590
выставкам 1,698970 0,002889
Ресторанам 1,698970 0,002889
Партнерам 1,397940 0,002377
Реклама 0,387216 0,000659
Коммерческое 1,698970 0,002889
предложение 1,301030 0,002213
Медиа 0,958607 0,001630
кит 1,522879 0,002590
Логотипы 1,698970 0,002889
векторе 1,698970 0,002889
Отправьте 1,698970 0,002889
письмо 1,045757 0,001778
темой 1,698970 0,002889
Ошибка 1,221849 0,003117
либо 1,000000 0,001701
воспользуйтесь 1,397940 0,002377
формой 1,522879 0,002590
ниже 0,920819 0,001566
Адрес 0,721246 0,001840
страницы 1,221849 0,003117
электронной 0,886057 0,001507
почты 0,886057 0,001507
Описание 1,522879 0,002590
ошибки 1,221849 0,002078
Введите 1,221849 0,002078
число 1,301030 0,002213
картинки 1,301030 0,002213
Прокрутить 1,698970 0,002889
началу 1,698970 0,002889
партнер 1,698970 0,002889
Рамблера 1,397940 0,002377
Используя 1,221849 0,002078
соглашаетесь 1,154902 0,001964
пользовательским 1,698970 0,002889
соглашением 1,397940 0,002377
политикой 1,221849 0,002078
конфиденциальности 0,744727 0,001267
