Книги 0,795880 0,001281
читать 0,823909 0,001989
онлайн 0,508638 0,001228
бесплатно 1,045757 0,001683
без 0,387216 0,000623
регистрации 0,638272 0,000771
FB 1,698970 0,001367
и 0,075721 0,000914
EPUB 1,698970 0,001367
электронная 1,397940 0,001688
библиотека 1,096910 0,002648
Открыть 1,301030 0,001047
меню 1,045757 0,001262
Что 0,346787 0,000419
почитать 1,154902 0,000929
Новинки 0,853872 0,000687
Скидки 1,301030 0,001047
Рекомендуемое 1,522879 0,001226
Подборки 0,795880 0,000961
Все 0,148742 0,000120
книги 0,744727 0,003596
Жанры 1,221849 0,000983
полный 1,154902 0,000929
список 0,823909 0,000995
Боевик 1,397940 0,001688
Детектив 1,221849 0,000983
Историческая 1,154902 0,000929
проза 1,221849 0,001967
Лит 1,221849 0,001475
РПГ 1,698970 0,002051
Любовные 1,522879 0,001838
романы 1,221849 0,001475
Мистика 1,301030 0,001571
Подростковая 1,698970 0,001367
Попаданцы 1,698970 0,002051
Поэзия 1,301030 0,001047
Приключения 1,221849 0,000983
Современная 1,221849 0,000983
Триллер 1,221849 0,000983
Ужасы 1,221849 0,001475
Фантастика 1,096910 0,001324
Фанфик 1,522879 0,001838
Фэнтези 1,221849 0,001475
Юмор 1,301030 0,001047
Обсуждения 1,698970 0,001367
Сообщество 1,522879 0,001226
Конкурсы 1,045757 0,000842
Иллюстрации 1,698970 0,001367
ТОП 0,958607 0,000772
Авторов 1,698970 0,001367
Пользователей 1,698970 0,001367
Моя 1,096910 0,000883
Мобильная 1,000000 0,001207
версия 0,769551 0,001239
Войти 0,508638 0,000614
Искать 1,698970 0,001367
Популярное 0,853872 0,000687
показать 1,397940 0,002813
все 0,292430 0,000941
Самые 0,920819 0,001112
популярные 1,000000 0,001207
за 0,180456 0,000799
сегодня 0,677781 0,000545
Список 1,221849 0,000983
обновляется 1,397940 0,001125
каждый 0,823909 0,000663
час 1,000000 0,000805
Меня 1,221849 0,001475
зовут 1,301030 0,001571
Виктор 0,795880 0,000961
Крид 1,698970 0,002051
Михаил 0,568636 0,001602
Француз 1,698970 0,002051
Время 1,045757 0,000842
решает 1,221849 0,000983
Поляков 1,698970 0,001367
Эксклюзив 1,045757 0,018516
Травник 1,698970 0,002735
Студент 1,522879 0,001838
бизнесмен 1,221849 0,001475
Назимов 1,698970 0,002735
Константин 0,886057 0,001426
Почти 1,522879 0,002451
Целитель 1,698970 0,002735
Часть 1,221849 0,001967
третья 1,397940 0,002813
Коткин 1,698970 0,002735
Андрей 0,552842 0,002447
Мания 1,698970 0,002735
крафта 1,698970 0,002735
Том 1,096910 0,007063
Нефилим 1,698970 0,002735
Леонид 0,958607 0,001929
Демиров 1,698970 0,002735
Идеальный 1,301030 0,001047
мир 0,552842 0,000890
для 0,119186 0,000288
Социопата 1,698970 0,001367
Олег 0,795880 0,000641
Сапфир 1,698970 0,001367
Злые 1,698970 0,001367
игры 1,000000 0,000805
Васильев 1,096910 0,001324
Бьерн 1,698970 0,001367
Василий 1,301030 0,001047
Деревянный 1,698970 0,002051
венец 1,522879 0,001838
Темный 1,522879 0,003677
маг 1,698970 0,002051
Валерия 1,221849 0,001475
Веденеева 1,522879 0,001838
Внук 1,698970 0,002051
Петра 1,000000 0,001207
Великого 1,397940 0,001688
shellina 1,698970 0,002051
По 0,619789 0,000499
выбранному 1,698970 0,001367
пути 0,886057 0,000713
Тимофей 1,522879 0,001226
Иванов 1,096910 0,000883
Дом 0,698970 0,000844
Среди 1,221849 0,001475
Звезд 1,522879 0,001838
Книга 1,154902 0,004647
Четвертая 1,698970 0,002051
Сергей 0,468521 0,001697
Горбонос 1,698970 0,002051
Toter 1,698970 0,002051
Венецианский 1,698970 0,002051
купец 1,698970 0,002051
Кровь 1,301030 0,001571
золото 1,698970 0,002051
Дмитрий 0,602060 0,002907
Распопов 1,698970 0,002051
Другая 1,698970 0,001367
Сторона 1,698970 0,001367
Возвращение 1,096910 0,000883
Родион 1,522879 0,001226
Кораблев 1,698970 0,001367
Level 1,522879 0,001838
Up 1,301030 0,001571
Рестарт 1,698970 0,002051
Данияр 1,698970 0,002051
Сугралинов 1,698970 0,002051
Ученик 1,698970 0,002051
книга 0,958607 0,001543
Первухин 1,698970 0,002735
Евгеньевич 1,698970 0,002735
БЕСсильный 1,698970 0,001367
чемпион 1,698970 0,001367
Григорий 1,221849 0,001475
Володин 1,301030 0,001047
ратник 1,698970 0,001367
Факультет 1,522879 0,001226
А 0,376751 0,000606
Райро 1,698970 0,001367
Горячие 1,522879 0,001226
новинки 0,886057 0,001070
Популярные 0,853872 0,000687
последние 0,769551 0,000619
две 0,795880 0,000641
недели 0,769551 0,000619
Настоящий 1,397940 0,002250
американец 1,698970 0,002735
Базилио 1,698970 0,002735
Аристарх 1,698970 0,002735
Риддер 1,698970 0,002735
Командор 1,698970 0,001367
Советского 1,522879 0,001226
Союза 1,522879 0,001226
Земляной 1,522879 0,001226
Ловец 1,698970 0,001367
знаний 1,522879 0,001226
Экспансия 1,698970 0,001367
Роман 0,795880 0,000641
Романович 1,698970 0,001367
Отправляйся 1,698970 0,002051
в 0,070581 0,000653
ад 1,522879 0,001838
Эгида 1,698970 0,002051
Серж 1,698970 0,002051
Винтеркей 1,698970 0,002051
Тафгай 1,698970 0,001367
Влад 1,522879 0,001838
Порошин 1,698970 0,001367
Рыцарь 1,522879 0,001226
старшей 1,522879 0,001226
школе 1,221849 0,000983
том 0,568636 0,000458
Ш 1,397940 0,001125
Он 0,721246 0,000871
вам 0,677781 0,000818
не 0,142668 0,000574
демон 1,301030 0,001047
Александр 0,468521 0,000943
Вехор 1,698970 0,001367
Путь 1,301030 0,001047
Кочегара 1,698970 0,001367
Павел 0,853872 0,001031
Матисов 1,698970 0,001367
Отверженный 1,698970 0,001367
IV 1,522879 0,001226
Эскалация 1,698970 0,001367
Алексис 1,698970 0,001367
Опсокополос 1,698970 0,001367
Янтарный 1,698970 0,001367
свет 1,154902 0,000929
Имеет 1,698970 0,001367
Вишневский 1,397940 0,001125
Архимаг 1,698970 0,001367
против 0,387216 0,000312
гопников 1,698970 0,001367
Эмм 1,698970 0,001367
призыватель 1,698970 0,002051
Ткачев 1,698970 0,002051
Гнев 1,698970 0,001367
Пламенных 1,698970 0,001367
Ольга 0,769551 0,000619
Дмитриева 1,397940 0,001125
Вик 1,698970 0,002051
Разрушитель 1,522879 0,001838
Валерий 1,000000 0,001207
Гуминский 1,698970 0,002051
Телохранитель 1,698970 0,001367
Цесаревны 1,698970 0,001367
Бакалавр 1,698970 0,001367
Зот 1,698970 0,001367
Война 0,920819 0,001853
демонолога 1,698970 0,001367
Владимир 0,431798 0,001043
Кощеев 1,698970 0,001367
Академия 1,154902 0,001394
Vector 1,698970 0,001367
Зомбятник 1,698970 0,001367
Макс 1,154902 0,002324
Крынов 1,698970 0,001367
Эротика 1,397940 0,001125
Постапокалипсис 1,698970 0,001367
Полный 1,221849 0,000983
жанров 1,397940 0,001125
Последние 0,853872 0,000687
обновления 1,301030 0,001571
Новые 0,552842 0,000890
главы 1,045757 0,000842
фрагменты 1,397940 0,001125
книг 0,958607 0,001543
Авторы 0,958607 0,000772
выкладывают 1,698970 0,001367
продолжение 1,301030 0,001047
по 0,124939 0,000352
мере 1,301030 0,001047
написания 1,397940 0,001125
Я 0,508638 0,000819
они 0,657577 0,000529
тьма 1,397940 0,001125
Анна 0,568636 0,000686
Зимина 1,698970 0,001367
четвертая 1,522879 0,001226
Угрюмый 1,698970 0,001367
герой 0,958607 0,000772
Мамбурин 1,698970 0,001367
Харитон 1,698970 0,001367
Байконурович 1,698970 0,001367
Боевой 1,522879 0,001226
торгаш 1,698970 0,001367
Поставщик 1,698970 0,001367
проблем 1,154902 0,000929
Ковтунов 1,698970 0,001367
Алексей 0,602060 0,000485
Нагинубатор 1,698970 0,001367
Липарк 1,698970 0,001367
Смерть 1,000000 0,002012
это 0,292430 0,000588
afterparty 1,698970 0,001367
Вера 1,221849 0,000983
Эпингер 1,698970 0,001367
Полет 1,698970 0,001367
соловья 1,698970 0,001367
сквозь 1,522879 0,001226
призрачный 1,698970 0,001367
Павлов 1,698970 0,001367
Ангел 1,221849 0,000983
Ромашка 1,698970 0,001367
Лидия 1,301030 0,001047
Бова 1,698970 0,001367
пойти 1,221849 0,000983
ли 0,397940 0,000480
лесом 1,698970 0,001367
господин 1,698970 0,001367
Инквизитор 1,698970 0,001367
Ксения 1,221849 0,000983
Васева 1,698970 0,001367
Хозяин 1,698970 0,001367
Древа 1,698970 0,001367
сего 1,698970 0,001367
Виноградов 1,221849 0,001967
Меч 1,522879 0,001226
некроманта 1,698970 0,001367
Кудрявцев 1,522879 0,001226
Викторович 1,698970 0,001367
Гордость 1,522879 0,001226
Злодеев 1,698970 0,001367
Зозо 1,698970 0,001367
Кат 1,698970 0,001367
Племя 1,522879 0,001226
изгоев 1,698970 0,001367
Ник 1,397940 0,001125
Фабер 1,698970 0,001367
Пиковая 1,698970 0,001367
Дама 1,522879 0,001226
Совунья 1,698970 0,001367
Усмешка 1,698970 0,001367
дьявола 1,522879 0,001226
Анастасия 1,154902 0,000929
Квапель 1,698970 0,001367
Ирина 0,886057 0,000713
Илиади 1,698970 0,001367
Знающий 1,698970 0,001367
Лев 1,000000 0,001207
Пучков 1,522879 0,001226
С 0,455932 0,001101
честью 1,698970 0,001367
пирата 1,698970 0,001367
Йо 1,698970 0,001367
хо 1,698970 0,002051
боцман 1,698970 0,001367
Астрадени 1,698970 0,001367
Джейн 1,221849 0,000983
Мир 0,698970 0,000844
огне 1,698970 0,001367
Ярослав 1,698970 0,001367
Шагнув 1,698970 0,001367
радугу 1,698970 0,001367
Снежана 1,698970 0,001367
Масалыкина 1,698970 0,001367
Бестселлеры 1,221849 0,000983
подписке 1,397940 0,001125
Легионер 1,698970 0,001367
Евгений 0,698970 0,000563
Лебедев 1,397940 0,001125
Лучший 1,154902 0,001859
из 0,167491 0,000607
худших 1,698970 0,002735
Дашко 1,698970 0,002735
двенадцатая 1,698970 0,001367
Убивая 1,522879 0,001226
маску 1,522879 0,001226
Николай 0,744727 0,001199
Метельский 1,698970 0,001367
может 0,397940 0,000961
танцевать 1,698970 0,002735
Вальтер 1,698970 0,002735
Мимик 1,698970 0,001367
нового 0,769551 0,000619
Мира 1,522879 0,001226
Северный 1,522879 0,001226
Лис 1,522879 0,001226
В 0,167491 0,000270
интересах 1,522879 0,001226
государства 1,221849 0,000983
Дакия 1,698970 0,001367
Алекс 1,154902 0,000929
Хай 1,397940 0,001125
Боец 1,397940 0,001125
с 0,102373 0,000247
планеты 1,096910 0,000883
Земля 1,522879 0,001226
Тимофеев 1,698970 0,001367
чем 0,420216 0,000507
вы 0,420216 0,001184
смешиваете 1,698970 0,001367
свои 0,698970 0,000844
краски 1,698970 0,001367
Dmitriy 1,698970 0,001367
Nightingale 1,698970 0,001367
Соловей 1,522879 0,001226
Конец 1,522879 0,001226
х 0,769551 0,000619
годов 1,045757 0,000842
СССР 0,795880 0,000641
тело 1,045757 0,000842
ребенка 0,823909 0,000663
попадает 1,397940 0,001125
сознание 1,397940 0,001125
взрослого 1,698970 0,001367
мужчины 0,920819 0,000741
нашего 0,958607 0,001543
времени 0,721246 0,000580
со 0,387216 0,000312
всеми 1,397940 0,001125
знаниями 1,522879 0,001226
умениями 1,698970 0,001367
Семья 1,000000 0,000805
мальчика 1,096910 0,000883
оказалась 1,154902 0,000929
простых 1,301030 0,001047
сын 0,958607 0,000772
советского 1,397940 0,001125
дипломата 1,698970 0,001367
Это 0,537602 0,000433
определенные 1,522879 0,001226
минусы 1,522879 0,001226
но 0,481486 0,000775
плюсы 1,397940 0,001125
То 1,698970 0,001367
что 0,187087 0,000376
КГБ 1,301030 0,001047
присматривает 1,522879 0,001226
работниками 1,698970 0,001367
МИДа 1,698970 0,001367
их 0,455932 0,000367
семьями 1,698970 0,001367
можно 0,443697 0,001071
ведь 1,154902 0,000929
себе 0,619789 0,000499
на 0,075721 0,000518
пользу 1,301030 0,001047
повернуть 1,698970 0,001367
Да 0,823909 0,000663
так 0,522879 0,000421
Читать 0,886057 0,002852
Рекриптум 1,698970 0,001367
Звезда 1,221849 0,000983
Паразита 1,698970 0,001367
Лумрас 1,698970 0,001367
всегда 0,657577 0,000794
хотел 1,221849 0,001475
побывать 1,522879 0,001226
каком 1,301030 0,001047
то 0,537602 0,001298
другом 1,301030 0,001047
мире 0,468521 0,000566
отличным 1,698970 0,001367
от 0,193820 0,000156
Только 0,958607 0,001157
фей 1,698970 0,001367
эльфов 1,397940 0,001125
магии 1,522879 0,001226
будущего 0,823909 0,000663
высокотехнологичный 1,698970 0,001367
прогрессирующий 1,698970 0,001367
вот 0,795880 0,000641
куда 1,000000 0,000805
я 0,522879 0,000842
попасть 1,301030 0,001047
Такой 1,522879 0,001226
существовал 1,698970 0,001367
стоил 1,522879 0,001226
он 0,568636 0,000915
недешево 1,698970 0,001367
долго 1,000000 0,000805
копил 1,698970 0,001367
собственную 1,301030 0,001047
машину 1,000000 0,000805
к 0,207608 0,000501
чему 0,920819 0,000741
она 0,744727 0,000599
мне 0,853872 0,000687
если 0,698970 0,000563
равно 1,221849 0,000983
успею 1,698970 0,001367
ней 0,823909 0,000663
покататься 1,698970 0,001367
Вот 0,958607 0,001157
решился 1,698970 0,001367
Цивилизация 1,698970 0,001367
страуса 1,698970 0,001367
Мусаниф 1,698970 0,001367
О 0,207608 0,000418
нелегкой 1,698970 0,001367
жизни 0,443697 0,000357
современника 1,698970 0,001367
волею 1,522879 0,001226
судьбы 1,154902 0,000929
криозаморозки 1,698970 0,001367
оказавшегося 1,698970 0,001367
столь 1,221849 0,000983
уж 1,301030 0,001047
далеком 1,698970 0,001367
будущем 1,045757 0,000842
Сато 1,698970 0,001367
Рагим 1,698970 0,001367
Джафаров 1,698970 0,001367
Если 0,769551 0,000929
завтра 1,154902 0,000929
ваш 0,853872 0,001031
ребенок 1,154902 0,001394
скажет 1,522879 0,001226
вовсе 1,301030 0,001047
сначала 1,154902 0,000929
будете 1,397940 0,001125
смеяться 1,698970 0,001367
потом 0,920819 0,001112
станет 0,920819 0,000741
вас 0,823909 0,000663
раздражать 1,698970 0,001367
а 0,327902 0,000792
начнете 1,698970 0,001367
медленно 1,698970 0,001367
сходить 1,397940 0,001125
ума 1,154902 0,000929
вслед 1,397940 0,001125
ним 1,154902 0,001394
Но 0,619789 0,000748
сумасшедший 1,698970 0,001367
Элирм 1,698970 0,001367
Посмыгаев 1,698970 0,001367
мы 0,468521 0,000566
доигрались 1,698970 0,001367
тот 0,853872 0,000687
момент 0,920819 0,000741
когда 0,585027 0,000471
был 0,481486 0,000388
создан 1,301030 0,001047
первый 0,769551 0,000619
ИИ 1,522879 0,001226
вселенная 1,698970 0,001367
замерцала 1,698970 0,001367
сообщением 1,522879 0,001226
Статус 1,522879 0,001226
Предупреждение 1,522879 0,001226
получено 1,698970 0,001367
Контакт 1,301030 0,001047
запрет 1,154902 0,000929
вмешательство 1,522879 0,001226
отозван 1,698970 0,001367
Вердикт 1,698970 0,001367
цивилизацию 1,522879 0,001226
нулевого 1,698970 0,001367
типа 1,698970 0,001367
человечество 1,397940 0,001125
признать 1,698970 0,001367
опасной 1,522879 0,001226
Категория 1,522879 0,001226
опасности 1,397940 0,001125
ААА 1,698970 0,001367
максимальная 1,698970 0,001367
Подтверждено 1,698970 0,001367
Вы 0,619789 0,000499
интересовались 1,698970 0,001367
которые 0,431798 0,000695
недавно 1,301030 0,001047
просматривали 1,698970 0,001367
поступления 1,522879 0,001226
опубликованные 0,920819 0,000741
произведения 0,823909 0,001326
Мама 1,096910 0,001324
года 0,356547 0,000287
или 0,301030 0,000848
Замуж 1,698970 0,001367
гада 1,698970 0,001367
Тони 1,522879 0,001226
Марс 1,397940 0,001125
Тени 1,698970 0,001367
этого 0,619789 0,000748
мира 0,537602 0,000433
Тая 1,698970 0,001367
Лаваль 1,698970 0,001367
Серая 1,522879 0,001226
мышка 1,698970 0,001367
Альфы 1,698970 0,001367
Аса 1,698970 0,001367
Чертанова 1,698970 0,001367
Гости 1,522879 0,001226
Белаш 1,698970 0,002051
Людмила 0,920819 0,000741
Осколки 1,698970 0,001367
Елена 0,769551 0,000619
Малоземова 1,522879 0,001226
Докричаться 1,698970 0,001367
до 0,244125 0,000491
небес 1,301030 0,001047
Бонус 1,698970 0,001367
Лана 1,397940 0,001125
Муар 1,698970 0,001367
Капкан 1,698970 0,001367
Jain 1,698970 0,001367
Solvaty 1,698970 0,001367
Месть 1,522879 0,001838
Зотиков 1,698970 0,002051
Метка 1,698970 0,001367
Богорад 1,698970 0,001367
От 0,795880 0,000641
Александра 0,638272 0,000514
Гусарова 1,698970 0,001367
Обзоры 1,397940 0,001125
видеоигр 1,301030 0,001047
Рудазов 1,698970 0,001367
Н 0,823909 0,000995
И 0,408935 0,000494
Анис 1,698970 0,003418
Готов 1,698970 0,001367
пять 1,301030 0,001047
Катерина 1,221849 0,001475
Ши 1,522879 0,001838
Любовь 0,823909 0,000995
отлично 1,522879 0,001226
Весомый 1,698970 0,002051
гонорар 1,522879 0,001838
Владимирович 1,522879 0,001838
Система 1,522879 0,001226
эволюции 1,698970 0,001367
Алексеев 1,397940 0,001125
апреля 0,301030 0,000242
Вячеслав 1,221849 0,000983
Неклюдов 1,698970 0,001367
Люди 1,000000 0,001207
чучела 1,698970 0,001367
Юрий 0,795880 0,001281
Постников 1,698970 0,001367
сейчас 0,657577 0,000529
читают 1,301030 0,001047
были 0,769551 0,000619
добавлены 1,698970 0,001367
библиотеку 1,397940 0,001125
Рацидор 1,698970 0,001367
Чужие 1,698970 0,001367
враги 1,221849 0,000983
Романов 1,301030 0,001047
Двойной 1,522879 0,001226
кошмар 1,522879 0,001226
Натан 1,301030 0,001047
Темень 1,698970 0,001367
Некромант 1,698970 0,002735
Возрождение 1,301030 0,001571
Вадим 1,045757 0,001683
Г 1,045757 0,001683
Наследие 1,221849 0,000983
Древних 1,698970 0,001367
Найденов 1,698970 0,001367
Пятая 1,522879 0,001226
содержанка 1,698970 0,001367
Рассэла 1,698970 0,001367
Бэдфорда 1,698970 0,001367
Диана 1,221849 0,000983
Соул 1,698970 0,001367
Убийца 1,522879 0,001226
садовник 1,698970 0,001367
Алена 1,397940 0,001125
Волгина 1,698970 0,001367
Ненужные 1,698970 0,001367
отказников 1,698970 0,001367
Дант 1,698970 0,001367
Сокрытый 1,698970 0,001367
Легион 1,698970 0,001367
Усачев 1,522879 0,001226
Герой 1,154902 0,000929
героев 1,045757 0,000842
Человечный 1,698970 0,001367
Амальгама 1,698970 0,001367
Жатва 1,698970 0,001367
Василенко 1,698970 0,001367
Ел 1,698970 0,001367
ваших 1,397940 0,001125
демонов 1,301030 0,001047
завтрак 1,522879 0,001226
Антон 0,958607 0,000772
Кун 1,698970 0,001367
II 1,221849 0,001475
Читателям 1,397940 0,001125
нравится 1,221849 0,000983
Произведения 1,221849 0,000983
которым 1,045757 0,000842
поставили 1,698970 0,001367
Лекарь 1,698970 0,001367
вторая 1,522879 0,001226
Королева 1,301030 0,001047
Снежная 1,397940 0,001125
Светлана 1,045757 0,000842
Титова 1,698970 0,001367
Вечная 1,522879 0,002451
Обратная 0,585027 0,000471
сторона 1,301030 0,001047
Истории 0,853872 0,000687
Карелин 1,698970 0,001367
Обложки 1,698970 0,001367
Бродяга 1,698970 0,001367
Рунный 1,698970 0,001367
меч 1,698970 0,001367
Час 1,522879 0,001226
Пророка 1,698970 0,001367
Батаев 1,698970 0,001367
Винокуров 1,698970 0,002051
Real 1,397940 0,001125
Rpg 1,698970 0,001367
Город 0,958607 0,000772
гоблинов 1,698970 0,001367
Жгулев 1,698970 0,001367
Петр 1,000000 0,000805
I 0,853872 0,000687
Грешник 1,698970 0,001367
Злобин 1,698970 0,001367
Ворг 1,698970 0,001367
Успеть 1,698970 0,001367
полуночи 1,397940 0,001125
Марго 1,698970 0,001367
Генер 1,698970 0,001367
Меж 1,698970 0,001367
молотом 1,698970 0,001367
наковальней 1,698970 0,001367
Rain 1,698970 0,001367
Славия 1,698970 0,001367
Освящение 1,698970 0,001367
Иван 0,744727 0,000599
Шаман 1,698970 0,001367
чтению 1,698970 0,001367
сопровождает 1,698970 0,001367
человека 0,568636 0,000458
раннего 1,522879 0,001226
возраста 1,522879 0,001226
глубокой 1,522879 0,001226
старости 1,221849 0,000983
Кому 1,301030 0,001047
нраву 1,522879 0,001226
наслаждаться 1,698970 0,002051
изящными 1,698970 0,001367
словесными 1,698970 0,001367
оборотами 1,698970 0,001367
авторов 0,920819 0,001112
классики 1,301030 0,001047
мировой 0,958607 0,000772
литературы 0,920819 0,000741
кто 0,494850 0,000398
находит 1,301030 0,001047
ответы 1,045757 0,000842
волнующие 1,698970 0,001367
вопросы 0,744727 0,000599
книгах 1,397940 0,001125
нон 1,397940 0,001125
фикшн 1,698970 0,001367
кого 0,853872 0,000687
чтение 1,301030 0,001047
возможность 0,769551 0,002168
развлечься 1,698970 0,001367
лихо 1,698970 0,001367
закрученными 1,698970 0,001367
сюжетами 1,698970 0,001367
хороших 1,397940 0,001125
детективов 1,522879 0,001226
любовных 1,698970 0,001367
романов 1,301030 0,001047
фантастических 1,522879 0,001226
произведений 0,853872 0,001718
Современные 1,397940 0,001125
технологии 1,000000 0,000805
подарили 1,698970 0,001367
нам 0,657577 0,000794
прекрасную 1,698970 0,001367
чтением 1,698970 0,001367
практически 1,096910 0,000883
любой 0,853872 0,000687
обстановке 1,522879 0,001226
Для 0,494850 0,000398
нужно 0,721246 0,000871
лишь 1,096910 0,001324
иметь 1,221849 0,001475
под 0,376751 0,000606
рукой 1,522879 0,001838
планшет 1,698970 0,001367
ноутбук 1,522879 0,001226
обычный 1,397940 0,001125
смартфон 1,698970 0,001367
скачать 1,301030 0,002094
любом 1,154902 0,000929
месте 0,886057 0,000713
удобное 1,698970 0,001367
время 0,366532 0,000295
Электронные 1,397940 0,001125
обладают 1,301030 0,001047
множеством 1,698970 0,001367
достоинств 1,698970 0,001367
целая 1,397940 0,001125
выбрать 1,096910 0,001766
книгу 1,045757 0,000842
настроение 1,221849 0,000983
аудиоверсии 1,698970 0,001367
слушать 1,045757 0,000842
даже 0,619789 0,000499
рулем 1,397940 0,001125
пробежке 1,698970 0,001367
занимаясь 1,698970 0,001367
ежедневной 1,698970 0,001367
рутиной 1,698970 0,001367
появляются 1,522879 0,001226
гораздо 1,522879 0,001226
быстрее 1,221849 0,000983
бумажном 1,698970 0,001367
варианте 1,698970 0,001367
тому 1,096910 0,000883
же 0,721246 0,001451
ними 1,154902 0,000929
надо 0,823909 0,000663
ехать 1,522879 0,001226
магазин 1,154902 0,000929
ждать 1,154902 0,000929
доставки 1,698970 0,001367
чтобы 0,481486 0,000775
стало 1,000000 0,000805
возможным 1,698970 0,001367
важно 1,301030 0,001047
найти 0,698970 0,000563
качественный 1,698970 0,002051
ресурс 1,522879 0,001226
большой 1,154902 0,000929
коллекцией 1,522879 0,001226
самых 0,585027 0,000942
популярных 1,096910 0,000883
форматах 1,522879 0,001226
Бесплатная 1,522879 0,001226
Author 1,522879 0,001838
today 1,301030 0,001571
праву 1,522879 0,001226
считаться 1,698970 0,001367
именно 0,920819 0,000741
таким 1,045757 0,000842
ресурсом 1,698970 0,001367
Наши 0,886057 0,000713
читатели 1,698970 0,001367
любят 1,096910 0,000883
нас 0,508638 0,000614
удобный 1,301030 0,001047
интерфейс 1,301030 0,001047
интуитивно 1,698970 0,001367
понятный 1,698970 0,001367
поиск 0,920819 0,000741
синхронизации 1,698970 0,001367
мобильных 1,522879 0,001226
устройств 1,221849 0,000983
сервис 0,958607 0,000772
рекомендаций 1,698970 0,001367
формируемых 1,698970 0,001367
основе 0,958607 0,000772
личных 1,221849 0,000983
предпочтений 1,698970 0,001367
конечно 1,301030 0,001047
контент 1,522879 0,001226
прямо 1,000000 0,001207
сайте 0,431798 0,000348
полные 1,522879 0,001226
версии 1,000000 0,000805
понравившихся 1,698970 0,001367
формате 1,154902 0,000929
fb 1,522879 0,001226
вернуться 0,958607 0,000772
отсутствие 1,154902 0,000929
доступа 1,522879 0,001226
интернету 1,698970 0,001367
например 1,522879 0,001226
самолете 1,698970 0,001367
Наша 1,154902 0,000929
бесплатная 1,397940 0,001125
электронных 1,096910 0,000883
предлагает 1,045757 0,000842
огромный 1,301030 0,001047
выбор 1,000000 0,000805
русских 0,853872 0,000687
зарубежных 1,000000 0,000805
написанных 1,522879 0,001226
разнообразных 1,698970 0,001367
жанрах 1,397940 0,001125
У 0,431798 0,000348
наших 0,823909 0,000663
посетителей 1,221849 0,000983
также 0,494850 0,000597
есть 0,568636 0,000458
уникальная 1,397940 0,001125
процессе 1,301030 0,001047
создания 1,221849 0,000983
тем 1,000000 0,000805
самым 0,920819 0,000741
следить 1,698970 0,001367
развитием 1,698970 0,001367
начинающего 1,698970 0,001367
автора 0,886057 0,000713
первых 0,853872 0,000687
его 0,376751 0,000303
шагов 1,522879 0,001226
писательской 1,698970 0,001367
стезе 1,698970 0,001367
Чтобы 0,795880 0,000641
быть 0,431798 0,000348
курсе 1,096910 0,000883
новостей 0,619789 0,000499
первыми 1,301030 0,001047
получать 0,886057 0,000713
информацию 0,721246 0,000580
о 0,136677 0,000165
новинках 1,522879 0,001226
полюбившихся 1,698970 0,001367
серий 1,397940 0,001125
подписывайтесь 1,522879 0,001226
наши 1,045757 0,000842
было 0,585027 0,000471
еще 0,408935 0,000329
удобнее 1,397940 0,001125
предусмотрели 1,698970 0,001367
персональных 0,769551 0,000619
настроек 1,522879 0,001226
позволяющих 1,698970 0,001367
размер 1,522879 0,001226
гарнитуру 1,698970 0,001367
текста 1,045757 0,000842
цветовое 1,698970 0,001367
оформление 1,397940 0,001125
хотите 1,045757 0,000842
своем 0,823909 0,000663
устройстве 1,698970 0,001367
соответствующий 1,698970 0,001367
пункт 1,397940 0,001125
тут 0,886057 0,000713
получите 1,301030 0,001047
текст 1,045757 0,000842
полностью 0,795880 0,000641
Тут 1,397940 0,001125
будут 0,638272 0,000514
вашей 1,301030 0,001047
библиотеки 1,397940 0,001125
Разделы 1,522879 0,001226
Новости 0,221849 0,000179
Поиск 0,619789 0,000499
сайту 1,096910 0,000883
Игры 0,886057 0,000713
Инфо 1,698970 0,001367
проекте 0,657577 0,000529
Справочная 1,301030 0,001047
информация 0,638272 0,000514
Помощь 1,045757 0,000842
Правила 0,853872 0,000687
сайта 0,522879 0,000421
Соглашение 1,698970 0,001367
конфиденциальности 0,744727 0,000599
Пользовательское 0,677781 0,000545
соглашение 0,619789 0,000499
Публичная 1,522879 0,001226
оферта 1,397940 0,001125
Написать 1,096910 0,000883
Предложения 1,522879 0,001226
идеи 1,154902 0,000929
Поддержка 1,154902 0,000929
support 1,301030 0,001047
author 1,522879 0,001226
Создатель 1,522879 0,001226
проекта 0,886057 0,000713
Шапин 1,698970 0,001367
Подписаться 0,795880 0,000641
Сайт 1,301030 0,001047
содержать 1,154902 0,000929
материалы 0,537602 0,000433
предназначенные 1,698970 0,001367
просмотра 1,221849 0,000983
лицами 1,301030 0,001047
достигшими 1,698970 0,001367
лет 0,366532 0,000295
Today 1,522879 0,001226
Наверх 1,522879 0,001226
Вниз 1,698970 0,001367
Вход 0,657577 0,000529
сайт 0,494850 0,000398
Вконтакте 1,045757 0,000842
Google 0,744727 0,000599
Yandex 1,698970 0,001367
Запомнить 1,397940 0,001125
меня 0,721246 0,000580
Забыли 1,221849 0,000983
пароль 0,920819 0,000741
Нет 0,886057 0,000713
аккаунта 1,397940 0,001125
Зарегистрироваться 1,221849 0,000983
