Новости 0,221849 0,000997
наше 1,221849 0,002746
призвание 1,522879 0,003422
РЕН 1,522879 0,006844
ТВ 0,657577 0,003694
window 1,301030 0,027775
yaContextCb 1,698970 0,005727
Прямой 0,823909 0,002777
эфир 0,795880 0,002683
Все 0,148742 0,000334
новости 0,420216 0,001416
В 0,167491 0,000753
России 0,251812 0,001415
мире 0,468521 0,001053
Политика 0,443697 0,000997
Экономика 0,568636 0,001278
Спорт 0,537602 0,001208
Криминал 1,301030 0,002924
Шоу 0,744727 0,001674
бизнес 0,657577 0,001478
Здоровье 0,853872 0,001919
Lifestyle 1,698970 0,003818
Статьи 0,886057 0,001991
Спецоперация 1,096910 0,002465
по 0,124939 0,000562
защите 1,397940 0,003141
Донбасса 0,886057 0,001991
Мнения 1,000000 0,002247
Проекты 1,096910 0,003697
Телеканал 0,769551 0,002594
программа 0,958607 0,002154
Лица 1,221849 0,002746
канала 1,000000 0,002247
О 0,207608 0,000467
канале 1,045757 0,002350
Адрес 0,721246 0,002431
редакции 0,481486 0,001623
Обратная 0,585027 0,001972
связь 0,552842 0,001864
Правовая 0,920819 0,003104
информация 0,638272 0,002151
Помощь 1,045757 0,002350
детям 1,096910 0,002465
MORE 1,698970 0,003818
TV 1,221849 0,002746
Найти 0,853872 0,001919
Главные 0,769551 0,001729
Песков 0,744727 0,006694
за 0,180456 0,000406
исключение 1,397940 0,003141
РФ 0,568636 0,001278
из 0,167491 0,000753
СПЧ 0,920819 0,003104
ООН 0,823909 0,001851
голосуют 1,698970 0,003818
принужденные 1,698970 0,003818
к 0,207608 0,000467
русофобии 1,397940 0,003141
Развернуть 1,522879 0,034222
Банк 1,045757 0,002350
решил 1,000000 0,002247
понизить 1,698970 0,003818
ключевую 0,677781 0,001523
ставку 0,657577 0,001478
до 0,244125 0,000549
годовых 0,886057 0,001991
hcwp 1,698970 0,093539
push 1,301030 0,024851
widget 1,698970 0,062996
Bloggerstream 1,698970 0,032452
id 1,154902 0,022060
selector 1,698970 0,032452
mat 1,698970 0,032452
label 1,698970 0,032452
COUNT 1,698970 0,032452
Эксклюзив 1,045757 0,002350
Боец 1,397940 0,003141
ДНР 0,823909 0,001851
с 0,102373 0,000575
позывным 1,698970 0,003818
Индус 1,698970 0,003818
рассказал 0,619789 0,001393
о 0,136677 0,000921
тактике 1,522879 0,003422
ВСУ 0,744727 0,001674
и 0,075721 0,000510
кочующих 1,698970 0,003818
танках 1,698970 0,003818
Жириновский 0,677781 0,001523
многое 1,221849 0,002746
предвидел 1,522879 0,003422
на 0,075721 0,000510
международной 1,154902 0,002595
арене 1,397940 0,003141
Евросоюз 1,000000 0,002247
принял 1,000000 0,002247
пятый 0,920819 0,002069
пакет 0,853872 0,001919
антироссийских 1,096910 0,002465
санкций 0,677781 0,001523
Около 1,301030 0,002924
человек 0,494850 0,001112
погибли 1,096910 0,002465
при 0,468521 0,001053
ударе 0,853872 0,001919
Точкой 0,958607 0,002154
У 0,431798 0,000970
вокзалу 0,853872 0,001919
в 0,070581 0,000952
Краматорске 0,823909 0,001851
МИД 0,920819 0,002069
вызвал 1,301030 0,002924
посла 1,522879 0,003422
Польши 1,096910 0,002465
Москве 0,455932 0,001025
Задержан 1,301030 0,002924
подозреваемый 1,522879 0,003422
нападении 1,096910 0,002465
главреда 1,096910 0,002465
Новой 1,045757 0,002350
газеты 0,958607 0,002154
Муратова 1,154902 0,002595
Две 1,045757 0,002350
женщины 0,958607 0,002154
ребенок 1,154902 0,002595
госпитализированы 1,301030 0,002924
после 0,397940 0,000894
падения 1,221849 0,002746
лифта 1,522879 0,003422
Махачкале 1,698970 0,003818
Легкомоторный 1,698970 0,003818
самолет 1,301030 0,002924
упал 1,154902 0,003893
возле 1,522879 0,003422
озера 1,698970 0,003818
Ленобласти 1,522879 0,003422
Евро 1,301030 0,002924
ниже 0,920819 0,002069
рублей 0,585027 0,001315
впервые 0,744727 0,001674
июля 0,958607 0,002154
года 0,356547 0,000801
Кремле 1,045757 0,002350
подтвердили 1,698970 0,003818
скорую 1,698970 0,003818
встречу 1,522879 0,003422
Путина 0,886057 0,001991
Лукашенко 1,397940 0,003141
заявил 0,744727 0,002510
завершении 1,698970 0,003818
спецоперации 0,744727 0,001674
Украине 0,537602 0,001812
обозримом 1,522879 0,003422
будущем 1,045757 0,002350
Бизнесмен 1,698970 0,003818
Борис 0,769551 0,001729
Шпигель 1,301030 0,002924
госпитализирован 1,301030 0,002924
Матросской 1,698970 0,003818
тишины 1,698970 0,003818
решение 0,853872 0,001919
сделать 0,920819 0,002069
мая 0,823909 0,001851
Днем 1,301030 0,002924
жертв 1,154902 0,002595
агрессии 1,522879 0,003422
постыдное 1,698970 0,003818
призвал 1,301030 0,002924
не 0,142668 0,000321
верить 1,397940 0,003141
слухам 1,522879 0,003422
транспортной 1,698970 0,003818
блокаде 1,522879 0,003422
Калининграда 1,301030 0,002924
Россия 0,455932 0,001025
убеждена 1,522879 0,003422
агрессивном 1,301030 0,002924
характере 1,301030 0,002924
НАТО 0,769551 0,001729
что 0,187087 0,000420
отчет 1,221849 0,002746
кабмина 1,698970 0,003818
Госдуме 1,045757 0,002350
был 0,481486 0,001082
блестящим 1,397940 0,003141
Мнение 1,221849 0,002746
За 0,568636 0,001278
выход 1,096910 0,002465
западный 1,698970 0,003818
мир 0,552842 0,001242
может 0,397940 0,000894
расплатиться 1,522879 0,003422
долларом 1,522879 0,003422
Продолжая 1,522879 0,003422
работу 0,823909 0,001851
сайтом 1,301030 0,002924
ren 1,698970 0,003818
tv 1,096910 0,002465
вы 0,420216 0,000944
подтверждаете 1,698970 0,003818
использование 0,795880 0,001788
cookies 1,301030 0,002924
вашего 1,154902 0,002595
браузера 1,301030 0,002924
целью 1,301030 0,002924
улучшить 1,301030 0,002924
сервис 0,958607 0,002154
Подробнее 0,698970 0,001571
политике 1,221849 0,002746
обработки 0,958607 0,002154
персональных 0,769551 0,001729
данных 0,657577 0,001478
Понятно 1,698970 0,003818
Отправить 1,045757 0,002350
новость 1,301030 0,002924
Размещение 0,958607 0,002154
рекламы 0,823909 0,001851
Охрана 1,698970 0,003818
труда 1,397940 0,003141
RSS 0,853872 0,001919
социальных 0,769551 0,002594
сетях 0,769551 0,002594
Экстремистские 1,698970 0,003818
террористические 1,698970 0,003818
организации 1,096910 0,002465
запрещенные 1,397940 0,003141
Российской 0,769551 0,001729
Федерации 0,795880 0,001788
Правый 1,522879 0,003422
сектор 1,397940 0,003141
Украинская 1,397940 0,003141
повстанческая 1,698970 0,003818
армия 1,096910 0,002465
УПА 1,522879 0,003422
ИГИЛ 1,522879 0,003422
Джабхат 1,698970 0,005727
Фатх 1,698970 0,003818
аш 1,698970 0,003818
Шам 1,698970 0,003818
бывшая 1,698970 0,003818
ан 1,522879 0,005133
Нусра 1,522879 0,005133
Джебхат 1,698970 0,003818
Национал 1,522879 0,003422
Большевистская 1,698970 0,003818
партия 1,301030 0,002924
НБП 1,698970 0,003818
Аль 1,397940 0,003141
Каида 1,522879 0,003422
УНА 1,522879 0,003422
УНСО 1,522879 0,003422
Талибан 1,522879 0,003422
Меджлис 1,522879 0,003422
крымско 1,698970 0,003818
татарского 1,397940 0,003141
народа 1,221849 0,002746
Свидетели 1,522879 0,003422
Иеговы 1,522879 0,003422
Мизантропик 1,522879 0,003422
Дивижн 1,698970 0,003818
Братство 1,522879 0,003422
Корчинского 1,698970 0,003818
Артподготовка 1,522879 0,003422
Тризуб 1,522879 0,003422
им 0,602060 0,001353
Степана 1,397940 0,003141
Бандеры 1,522879 0,003422
НСО 1,698970 0,003818
Славянский 1,698970 0,003818
союз 1,301030 0,002924
Формат 1,522879 0,003422
Хизб 1,698970 0,003818
ут 1,698970 0,003818
Тахрир 1,698970 0,003818
Арестантское 1,698970 0,003818
уголовное 1,698970 0,003818
единство 1,397940 0,003141
АУЕ 1,522879 0,003422
Зарегистрировано 1,397940 0,003141
Федеральной 0,619789 0,001393
службой 0,744727 0,001674
надзору 0,619789 0,001393
сфере 0,552842 0,001242
связи 0,455932 0,001025
информационных 0,585027 0,001315
технологий 0,568636 0,001278
массовых 0,568636 0,001278
коммуникаций 0,585027 0,001315
Свидетельство 0,721246 0,001621
регистрации 0,638272 0,001434
ЭЛ 0,823909 0,001851
ФС 0,522879 0,001175
от 0,193820 0,000436
При 0,769551 0,001729
использовании 1,221849 0,002746
материалов 0,585027 0,001315
сайта 0,522879 0,001175
просьба 1,522879 0,003422
ссылаться 1,698970 0,003818
телеканал 1,154902 0,002595
используя 1,397940 0,003141
гиперссылку 1,698970 0,003818
