Lenta 1,397940 0,000500
ru 0,187087 0,000134
Новости 0,221849 0,000159
России 0,251812 0,002252
и 0,075721 0,001057
мира 0,537602 0,000577
сегодня 0,677781 0,000485
Главное 0,657577 0,000471
Россия 0,455932 0,001142
Мир 0,698970 0,000500
Бывший 1,301030 0,000931
СССР 0,795880 0,001424
Экономика 0,568636 0,000407
Силовые 1,698970 0,001216
структуры 1,522879 0,001090
Наука 0,638272 0,000457
техника 1,301030 0,000931
Культура 0,638272 0,000457
Спорт 0,537602 0,000385
Интернет 0,823909 0,000590
СМИ 0,481486 0,000345
Ценности 1,698970 0,001216
Путешествия 1,154902 0,000826
Из 0,698970 0,000500
жизни 0,443697 0,000476
Среда 1,397940 0,001000
обитания 1,397940 0,001000
Забота 1,522879 0,001090
о 0,136677 0,001027
себе 0,619789 0,000443
Войти 0,508638 0,000546
Статьи 0,886057 0,000634
Галереи 1,397940 0,001000
Видео 0,431798 0,000618
Спецпроекты 0,657577 0,000706
Мотор 1,698970 0,001216
Лента 0,920819 0,001318
добра 1,522879 0,001635
Хочешь 1,522879 0,001090
видеть 1,221849 0,000874
только 0,309804 0,000222
хорошие 1,397940 0,001000
новости 0,420216 0,000601
Жми 1,698970 0,001216
Вернуться 1,522879 0,001090
в 0,070581 0,001540
обычную 1,698970 0,001216
ленту 1,698970 0,001216
Песков 0,744727 0,000533
объяснил 0,769551 0,000551
слова 1,096910 0,001177
потерях 1,096910 0,000785
ходе 1,000000 0,000716
спецоперации 0,744727 0,001066
В 0,167491 0,000959
российском 1,000000 0,001073
регионе 1,397940 0,001000
разбился 1,698970 0,001216
легкомоторный 1,698970 0,001216
самолет 1,301030 0,001396
Илон 1,301030 0,000931
Маск 1,301030 0,000931
назвал 0,795880 0,001139
сроки 1,522879 0,001090
выхода 1,000000 0,000716
Tesla 1,221849 0,000874
Cybertruck 1,522879 0,001090
Словакия 1,522879 0,001090
передала 1,698970 0,001216
Украине 0,537602 0,001346
ЗРК 1,698970 0,001216
С 0,455932 0,000326
Финляндия 1,154902 0,000826
разрешила 1,698970 0,001216
вернуть 1,000000 0,000716
задержанные 1,397940 0,001000
на 0,075721 0,000759
границей 1,154902 0,000826
с 0,102373 0,000549
Россией 0,795880 0,000570
картины 1,096910 0,000785
Модель 1,522879 0,001090
обвинила 1,522879 0,001090
российскую 1,096910 0,001177
художницу 1,698970 0,001216
наживе 1,698970 0,001216
пошлом 1,698970 0,001216
рисунке 1,698970 0,001216
ее 0,508638 0,000546
лицом 1,301030 0,000931
Грузовой 1,698970 0,001216
сломался 1,698970 0,001216
пополам 1,698970 0,001216
Коста 1,397940 0,001000
Рике 1,397940 0,001000
Москве 0,455932 0,000326
задержали 1,154902 0,001240
вора 1,698970 0,001216
законе 1,522879 0,001090
Эмзара 1,698970 0,001216
Руставского 1,698970 0,001216
Эстонские 1,698970 0,001216
власти 1,045757 0,001122
отпустили 1,522879 0,001090
одного 0,795880 0,000570
из 0,167491 0,001199
руководителей 1,522879 0,001090
Sputnik 1,301030 0,000931
Meedia 1,397940 0,001000
Литве 1,698970 0,001216
осквернили 1,397940 0,001000
мемориал 1,522879 0,001090
советским 1,301030 0,000931
воинам 1,397940 0,001000
Пилот 1,522879 0,001090
оценил 1,154902 0,001240
опасность 1,397940 0,001000
сближения 1,698970 0,001216
истребителя 1,301030 0,000931
летевшим 1,698970 0,001216
Москву 0,886057 0,000634
самолетом 1,301030 0,000931
Арестович 1,698970 0,001216
встал 1,698970 0,001216
рядом 1,045757 0,001122
Дартом 1,698970 0,001216
Вейдером 1,698970 0,001216
заявил 0,744727 0,001066
близкой 1,698970 0,001216
победе 1,698970 0,001216
Украины 0,721246 0,000516
Набиуллина 1,698970 0,001216
впервые 0,744727 0,000533
попала 1,221849 0,001311
под 0,376751 0,000404
санкции 0,744727 0,001066
Все 0,148742 0,000106
Там 1,096910 0,000785
царили 1,698970 0,001216
тюремные 1,698970 0,001216
законы 1,522879 0,001090
лет 0,366532 0,000918
назад 0,721246 0,001032
алкоголиков 1,698970 0,001216
начали 0,958607 0,001715
лечить 1,522879 0,001090
трудовых 1,698970 0,001216
лагерях 1,698970 0,001216
Как 0,301030 0,001723
это 0,292430 0,000419
было 0,585027 0,000419
Денацпроект 1,698970 0,001216
Запад 1,000000 0,000716
устроили 1,301030 0,000931
денацификацию 1,698970 0,001216
Германии 1,000000 0,001073
после 0,397940 0,000570
Второй 1,045757 0,001122
мировой 0,958607 0,001029
войны 0,744727 0,000799
Российский 0,853872 0,001222
школьник 1,698970 0,001216
умер 1,154902 0,001240
во 0,494850 0,000354
время 0,366532 0,000262
подготовки 1,000000 0,000716
к 0,207608 0,000446
контрольной 1,698970 0,001216
у 0,387216 0,000693
одноклассницы 1,698970 0,001216
Освободившегося 1,698970 0,001216
колонии 1,397940 0,001000
россиянина 1,522879 0,001635
заподозрили 1,522879 0,001090
развращении 1,698970 0,001216
детей 0,431798 0,000309
Политолог 1,154902 0,000826
предрек 1,698970 0,001216
США 0,508638 0,001092
потерю 1,698970 0,001216
репутации 1,522879 0,001090
международной 1,154902 0,000826
арене 1,397940 0,001000
Стерлинг 1,154902 0,000826
заподозрил 1,397940 0,001000
Яна 1,000000 0,000716
применении 1,522879 0,001090
допинга 1,397940 0,001000
Кремль 1,154902 0,003719
прокомментировал 1,154902 0,001240
отчет 1,221849 0,000874
правительства 1,221849 0,000874
Госдуме 1,045757 0,000748
Стало 1,301030 0,000931
известно 1,000000 0,000716
нападении 1,096910 0,000785
русскоговорящую 1,698970 0,001216
жительницу 1,698970 0,001216
Испании 1,522879 0,001090
На 0,283997 0,000508
пол 1,301030 0,000931
одиннадцатого 1,698970 0,001216
Режиссер 1,154902 0,000826
Помутнения 1,698970 0,001216
снял 1,221849 0,000874
рисованный 1,698970 0,001216
фильм 0,823909 0,000590
покорении 1,698970 0,001216
космоса 1,154902 0,000826
Почему 0,522879 0,001122
невероятно 1,522879 0,001090
красиво 1,397940 0,001000
Главные 0,769551 0,000551
Центральный 1,397940 0,001000
банк 1,397940 0,001000
резко 1,096910 0,000785
снизил 0,698970 0,000500
ключевую 0,677781 0,000485
ставку 0,657577 0,000471
Евросоюз 1,000000 0,001431
принял 1,000000 0,000716
пятый 0,920819 0,000659
пакет 0,853872 0,001222
санкций 0,677781 0,000970
против 0,387216 0,000970
ДНР 0,823909 0,001474
обвинили 1,522879 0,001090
ВСУ 0,744727 0,001332
нанесении 1,301030 0,000931
ракетного 1,397940 0,001000
удара 0,823909 0,000590
по 0,124939 0,000492
Краматорску 0,744727 0,000799
Задержан 1,301030 0,000931
один 0,721246 0,000774
напавших 1,522879 0,001090
главреда 1,096910 0,001177
Новой 1,045757 0,001122
газеты 0,958607 0,001029
сообщили 0,958607 0,001029
невозможности 1,522879 0,001090
замены 1,397940 0,001000
западных 1,301030 0,000931
брендов 1,154902 0,000826
отечественными 1,698970 0,001216
марками 1,698970 0,001216
Россиянам 1,698970 0,001824
назвали 0,920819 0,000988
условие 1,522879 0,001090
продления 1,522879 0,001090
майских 1,301030 0,000931
праздников 1,397940 0,001000
Минфин 1,096910 0,000785
расширил 1,522879 0,001635
Вучич 1,301030 0,000931
шантаже 1,698970 0,001216
Сербии 1,221849 0,000874
при 0,468521 0,000503
голосовании 1,522879 0,001090
за 0,180456 0,000646
выход 1,096910 0,000785
СПЧ 0,920819 0,001647
ООН 0,823909 0,001179
понадеялся 1,698970 0,001824
скорое 1,698970 0,001216
завершение 1,698970 0,001824
Популярное 0,853872 0,000916
Самые 0,920819 0,000988
страшные 1,522879 0,001635
чудовища 1,698970 0,001824
всегда 0,657577 0,000706
выглядят 1,397940 0,001500
прилично 1,698970 0,001824
Ветеран 1,522879 0,001635
МУРа 1,698970 0,001824
том 0,568636 0,000610
как 0,251812 0,000270
выслеживают 1,698970 0,001824
ловят 1,698970 0,001824
маньяков 1,522879 0,001635
апреля 0,301030 0,005170
Ни 1,221849 0,000874
пива 1,698970 0,001216
ни 0,744727 0,000799
кофе 1,522879 0,001090
секса 1,698970 0,001216
Один 0,853872 0,000611
штатов 1,698970 0,001216
облюбовали 1,698970 0,001216
религиозные 1,698970 0,001216
фанатики 1,698970 0,001216
Чем 0,920819 0,001318
они 0,657577 0,000941
удивляют 1,698970 0,001216
туристов 1,221849 0,000874
Раздражение 1,698970 0,001216
ехидные 1,698970 0,001216
усмешки 1,698970 0,001216
Ельцин 1,698970 0,001216
решил 1,000000 0,001073
пересадить 1,698970 0,001216
чиновников 1,522879 0,001090
российские 0,958607 0,001029
авто 1,096910 0,000785
Что 0,346787 0,001117
этого 0,619789 0,000665
вышло 1,522879 0,001090
Anonymous 1,698970 0,001216
иди 1,522879 0,001090
учи 1,522879 0,001090
уроки 1,301030 0,000931
самых 0,585027 0,000837
могущественных 1,698970 0,001216
хакеров 1,698970 0,001216
объявивших 1,698970 0,001216
войну 1,301030 0,000931
перестали 1,698970 0,001216
воспринимать 1,698970 0,001216
всерьез 1,397940 0,001000
Я 0,508638 0,000910
себя 0,552842 0,000593
предателем 1,698970 0,001824
не 0,142668 0,000459
считаю 1,698970 0,001824
Фигуристы 1,698970 0,001824
русскими 1,301030 0,001396
корнями 1,698970 0,001824
становятся 1,221849 0,001311
звездами 1,698970 0,001824
сборной 1,301030 0,001396
думают 1,397940 0,001500
Украина 0,698970 0,000750
обстреляла 1,698970 0,001216
территорию 1,221849 0,000874
реактивными 1,698970 0,001216
снарядами 1,698970 0,001216
Вертолеты 1,522879 0,001090
атаковали 1,301030 0,000931
нефтебазу 1,698970 0,001216
Белгороде 1,397940 0,001000
Москва 0,508638 0,000364
хотела 1,221849 0,000874
вступить 1,698970 0,001216
альянс 1,397940 0,001000
Советский 1,301030 0,000931
Союз 1,154902 0,000826
стать 0,795880 0,000570
частью 1,096910 0,000785
НАТО 0,769551 0,001377
чему 0,920819 0,000659
привело 1,522879 0,001090
марта 0,769551 0,001101
Твердый 1,698970 0,001216
ответ 1,045757 0,000748
Зачем 1,096910 0,000785
ставит 1,397940 0,001000
ультиматум 1,698970 0,001216
Европе 0,886057 0,000634
требует 1,096910 0,001177
оплату 1,522879 0,001090
газ 1,154902 0,001240
рублях 1,301030 0,001396
изменится 1,397940 0,001000
россиян 0,744727 0,001865
Призыв 1,698970 0,001216
армию 1,301030 0,000931
пенсии 1,397940 0,001000
ипотека 1,397940 0,001000
что 0,187087 0,000268
нужно 0,721246 0,000516
знать 1,000000 0,000716
переменах 1,698970 0,001216
стране 0,853872 0,000611
Неосновной 1,698970 0,001824
инстинкт 1,698970 0,001824
стресс 1,301030 0,001396
меняет 1,397940 0,001500
отношение 1,045757 0,001122
сексу 1,698970 0,001824
почему 0,494850 0,000708
он 0,568636 0,000814
действует 1,698970 0,001824
всех 0,552842 0,000791
разному 1,522879 0,001635
Батальон 1,698970 0,001216
сутки 0,795880 0,000570
превратился 1,397940 0,001000
кашу 1,698970 0,001216
Истории 0,853872 0,000916
солдат 1,096910 0,000785
украинской 1,154902 0,000826
армии 1,045757 0,000748
попавших 1,698970 0,001216
плен 1,221849 0,000874
Донбассе 0,958607 0,000686
Российская 1,096910 0,000785
авиакомпания 1,522879 0,001090
запустит 1,698970 0,001216
рейсы 1,522879 0,001090
Израиль 1,397940 0,001000
опроверг 1,698970 0,001216
использование 0,795880 0,000570
Точек 1,522879 0,001090
У 0,431798 0,000309
российскими 1,154902 0,001240
военными 1,301030 0,000931
об 0,292430 0,000523
агрессивном 1,301030 0,000931
характере 1,301030 0,000931
Pink 1,397940 0,001000
Floyd 1,397940 0,001000
выпустили 1,522879 0,001090
первую 0,958607 0,000686
песню 1,397940 0,001000
Яндекс 0,638272 0,000457
начал 1,000000 0,000716
маркировать 1,301030 0,000931
Google 0,744727 0,000533
нарушителем 1,698970 0,001216
законодательства 1,000000 0,000716
высказался 1,154902 0,000826
поддержке 1,096910 0,000785
стран 1,045757 0,000748
исключения 1,397940 0,001000
Появится 1,698970 0,001216
ли 0,397940 0,000285
новый 0,552842 0,000593
прикольный 1,698970 0,001216
дядька 1,698970 0,001216
ждет 0,853872 0,000611
ЛДПР 0,744727 0,000533
политику 1,301030 0,000931
смерти 0,744727 0,000533
Жириновского 0,657577 0,000706
Отвечают 1,522879 0,001090
политологи 1,698970 0,001216
сотрудника 1,397940 0,001000
ОБСЕ 1,397940 0,001000
Сорняк 1,698970 0,001216
стратегического 1,698970 0,001216
назначения 1,698970 0,001216
Дефицит 1,522879 0,001090
бумаги 1,096910 0,000785
предложили 1,301030 0,001396
побороть 1,698970 0,001216
счет 1,000000 0,000716
борщевика 1,698970 0,001216
Насколько 1,221849 0,000874
реалистична 1,698970 0,001216
эта 1,096910 0,001177
идея 1,221849 0,000874
исключение 1,397940 0,001000
обозримом 1,522879 0,001090
будущем 1,045757 0,000748
видео 0,568636 0,000814
Популярные 0,853872 0,000611
Цены 1,221849 0,000874
еду 1,522879 0,001090
мире 0,468521 0,000503
выросли 1,301030 0,001396
до 0,244125 0,000349
исторического 1,522879 0,001090
рекорда 1,301030 0,000931
Ретро 1,522879 0,001090
вирус 1,522879 0,001090
Дэвид 1,397940 0,001000
Духовны 1,698970 0,001216
динозавры 1,698970 0,001216
безумие 1,522879 0,001090
какой 0,886057 0,000634
получилась 1,397940 0,001000
новая 1,000000 0,001073
комедия 1,045757 0,000748
автора 0,886057 0,000634
Сорокалетнего 1,698970 0,001216
девственника 1,698970 0,001216
Названы 1,301030 0,000931
аналоги 1,522879 0,001090
иностранных 0,886057 0,000634
соцсетей 1,397940 0,001000
Психолог 1,397940 0,001000
способ 1,045757 0,000748
выжить 1,397940 0,001000
условиях 0,886057 0,000634
нестабильности 1,698970 0,001216
Либерал 1,698970 0,001216
Демократ 1,698970 0,001216
Плейбой 1,698970 0,001216
Владимир 0,431798 0,000463
Жириновский 0,677781 0,000727
от 0,193820 0,000347
коронавируса 0,886057 0,000951
За 0,568636 0,000407
его 0,376751 0,000270
любила 1,698970 0,001216
ненавидела 1,698970 0,001216
вся 1,221849 0,000874
Сапоги 1,698970 0,001216
выше 1,397940 0,001000
колена 1,698970 0,001216
вновь 0,823909 0,000884
вернулись 1,397940 0,001000
моду 1,698970 0,001216
Турчак 1,397940 0,001000
посоветовал 1,221849 0,000874
комментирующим 1,698970 0,001216
спецоперацию 1,096910 0,000785
чиновникам 1,397940 0,001000
посетить 1,045757 0,000748
Донбасс 0,886057 0,000634
приостановку 1,397940 0,001000
членства 1,221849 0,000874
необходимостью 1,698970 0,001216
черный 1,397940 0,001000
список 0,823909 0,000590
граждан 1,045757 0,000748
Белоруссии 1,154902 0,000826
человека 0,568636 0,000407
Германия 0,958607 0,000686
приготовилась 1,698970 0,001216
запастись 1,698970 0,001216
российским 0,823909 0,000590
газом 1,698970 0,001216
мечтаю 1,698970 0,001216
сто 1,522879 0,001090
дней 0,744727 0,000533
быть 0,431798 0,000463
никем 1,698970 0,001216
Умер 1,096910 0,000785
Какие 0,721246 0,000516
скандального 1,522879 0,001090
политика 0,920819 0,000659
навсегда 1,000000 0,000716
войдут 1,698970 0,001216
историю 0,795880 0,000570
Отстранение 1,698970 0,001216
российских 0,468521 0,000838
саночников 1,397940 0,001000
опротестовали 1,698970 0,001216
Друзья 1,301030 0,000931
партнеры 1,221849 0,000874
Американцев 1,698970 0,001216
оставили 1,698970 0,001216
без 0,387216 0,000277
УАЗов 1,698970 0,001216
Загадочная 1,522879 0,001090
история 0,721246 0,000516
покорения 1,698970 0,001216
Америки 1,221849 0,000874
Ульяновска 1,698970 0,001824
Когда 0,602060 0,000646
исчез 1,698970 0,001216
череп 1,698970 0,001216
Гоголя 1,698970 0,001216
неизвестно 1,522879 0,001090
легенды 1,000000 0,000716
Новодевичьего 1,698970 0,001216
кладбища 1,698970 0,001216
Уходящая 1,698970 0,001216
натура 1,698970 0,001216
крутые 1,698970 0,001216
машины 1,045757 0,000748
которых 0,677781 0,000485
больше 0,638272 0,000457
будет 0,387216 0,000693
Модели 1,698970 0,001216
культовых 1,397940 0,001000
марок 1,522879 0,001090
оставившие 1,698970 0,001216
наследников 1,522879 0,001090
Лазали 1,698970 0,001216
бомбоубежищам 1,698970 0,001216
играли 1,698970 0,001216
железной 1,397940 0,001000
дороги 1,096910 0,000785
живется 1,698970 0,001216
одном 0,958607 0,000686
известных 1,096910 0,000785
районов 1,397940 0,001000
столицы 1,301030 0,000931
Они 0,886057 0,000634
бы 0,585027 0,000419
нам 0,657577 0,000471
пригодились 1,698970 0,001216
компактные 1,698970 0,001216
кроссоверы 1,522879 0,001635
Индии 1,397940 0,001000
Safari 1,522879 0,001090
Nexon 1,698970 0,001216
XUV 1,698970 0,001216
другие 0,677781 0,000485
малоизвестные 1,698970 0,001216
модели 1,221849 0,001311
тест 0,958607 0,000686
Infiniti 1,397940 0,001000
QX 1,522879 0,001090
стильного 1,397940 0,001000
купе 1,522879 0,001090
кроссовера 1,221849 0,000874
Японии 0,958607 0,000686
Коротко 1,522879 0,001090
рассказываем 1,522879 0,001090
самой 1,000000 0,000716
интересной 1,522879 0,001090
марки 1,045757 0,000748
Жить 1,301030 0,000931
яйце 1,522879 0,001090
очень 0,657577 0,000471
удобно 1,221849 0,000874
знаменитый 1,301030 0,000931
московский 1,397940 0,001000
дом 0,823909 0,000590
стоит 0,677781 0,000727
пустым 1,698970 0,001216
уже 0,602060 0,000431
Нашли 1,221849 0,001311
спонсора 1,698970 0,001216
Северная 1,522879 0,001090
Корея 1,522879 0,001090
живет 1,045757 0,000748
мощными 1,522879 0,001090
западными 1,698970 0,001216
санкциями 1,096910 0,000785
Иж 1,698970 0,001216
Комби 1,698970 0,001216
недооцененных 1,698970 0,001216
автомобилей 1,000000 0,000716
самый 0,958607 0,000686
удобный 1,301030 0,000931
автомобиль 1,221849 0,000874
х 0,769551 0,000551
стал 0,585027 0,000419
народным 1,698970 0,001216
Это 0,537602 0,000385
все 0,292430 0,000314
просто 0,657577 0,000471
троллинг 1,698970 0,001216
сети 0,823909 0,000590
продавать 1,397940 0,001000
замороженные 1,698970 0,001216
бургеры 1,698970 0,001216
десятки 1,397940 0,001000
тысяч 0,744727 0,000799
рублей 0,585027 0,000419
Перевести 1,698970 0,001216
нельзя 0,853872 0,000916
вывезти 1,301030 0,000931
новые 0,508638 0,000364
правила 0,958607 0,000686
для 0,119186 0,000171
валютных 1,698970 0,001216
резидентов 1,698970 0,001216
касаются 1,698970 0,001216
Русак 1,698970 0,001216
вездеход 1,698970 0,001216
Жигулей 1,698970 0,001216
или 0,301030 0,000323
крыло 1,698970 0,001216
чайки 1,698970 0,001216
русски 1,397940 0,001000
суперкар 1,698970 0,001216
должен 0,886057 0,000634
иметь 1,221849 0,000874
гусеницы 1,698970 0,001216
плавать 1,698970 0,001216
Переписать 1,698970 0,001216
обернется 1,522879 0,001090
госзаказчиков 1,698970 0,001216
запрет 1,154902 0,000826
покупать 0,886057 0,000634
зарубежный 1,698970 0,001216
софт 1,522879 0,001090
Ничего 1,397940 0,001000
святого 1,397940 0,001000
безумные 1,698970 0,001216
автомобили 1,045757 0,000748
Mansory 1,698970 0,001216
Суперкары 1,522879 0,001090
седаны 1,698970 0,001216
доработанные 1,698970 0,001216
самым 0,920819 0,000659
эпатажным 1,698970 0,001216
тюнинг 1,698970 0,001216
ателье 1,698970 0,001216
потратил 1,698970 0,001216
кроссовки 1,698970 0,001216
сотню 1,698970 0,001216
долларов 1,096910 0,000785
История 0,494850 0,000354
самого 1,045757 0,000748
оригинального 1,522879 0,001090
российского 0,823909 0,001474
сникерхеда 1,698970 0,001216
Неправда 1,698970 0,001216
есть 0,568636 0,000610
времена 1,221849 0,000874
когда 0,585027 0,000628
честным 1,698970 0,001216
О 0,207608 0,000149
чем 0,420216 0,000451
говорил 1,397940 0,001000
свой 0,721246 0,000516
последний 1,096910 0,000785
приезд 1,698970 0,001216
Россию 0,568636 0,000814
Евгений 0,698970 0,000500
Евтушенко 1,522879 0,001090
Эксклюзив 1,045757 0,000748
УАЗе 1,522879 0,001090
готова 1,221849 0,000874
замена 1,522879 0,001090
Буханки 1,698970 0,001216
Изучаем 1,698970 0,001216
шпионские 1,698970 0,001216
фото 0,657577 0,000471
нового 0,769551 0,000826
семейства 1,397940 0,001000
грузовичков 1,698970 0,001216
Биполярка 1,698970 0,001216
Audi 1,397940 0,002001
RS 1,522879 0,002179
лифтбэк 1,698970 0,001216
универсал 1,522879 0,001090
пожалеть 1,698970 0,001216
своем 0,823909 0,000590
выборе 1,301030 0,000931
между 0,823909 0,000590
Где 0,958607 0,000686
правда 0,958607 0,000686
где 0,537602 0,000385
ложь 1,698970 0,001216
непонятно 1,698970 0,001216
над 0,823909 0,000590
смеялись 1,522879 0,001090
прихода 1,698970 0,001216
советской 1,221849 0,000874
Китайские 1,698970 0,001216
копии 1,522879 0,001090
знаменитых 1,397940 0,001000
внедорожников 1,698970 0,001216
Недорогие 1,522879 0,001090
клоны 1,698970 0,001216
G 1,221849 0,000874
Класса 1,698970 0,001216
Ленд 1,698970 0,001216
Крузера 1,698970 0,001216
даже 0,619789 0,000443
Хаммера 1,698970 0,001216
Поднебесной 1,698970 0,001216
торговом 1,397940 0,001000
центре 0,920819 0,000659
сорвался 1,698970 0,001216
лифт 1,522879 0,001090
пассажирами 1,522879 0,001090
Арестованный 1,522879 0,001090
делу 1,000000 0,000716
взятках 1,522879 0,001090
Борис 0,769551 0,000551
Шпигель 1,301030 0,000931
госпитализирован 1,301030 0,000931
СИЗО 1,397940 0,001000
Последнее 1,000000 0,000716
китайское 1,522879 0,001090
предупреждение 1,522879 0,001090
события 0,795880 0,000570
повлияют 1,698970 0,001216
возможные 1,522879 0,001090
военные 0,920819 0,000659
конфликты 1,522879 0,001090
всему 1,301030 0,000931
миру 1,154902 0,000826
Внутри 1,522879 0,001090
раковых 1,698970 0,001216
опухолей 1,698970 0,001216
нашли 1,045757 0,001122
опасные 1,221849 0,000874
бактерии 1,698970 0,001216
Немецкая 1,522879 0,001090
полиция 1,301030 0,000931
отключила 1,698970 0,001216
Гидру 1,698970 0,001216
дальше 0,886057 0,000634
крупнейшим 1,522879 0,001090
магазином 1,698970 0,001216
наркотиков 1,698970 0,001216
Политики 1,221849 0,000874
простились 1,397940 0,001000
Жириновским 0,585027 0,000419
Колонном 1,154902 0,000826
зале 1,096910 0,000785
Дома 1,045757 0,000748
Союзов 1,045757 0,000748
Испачканная 1,698970 0,001216
мазутом 1,698970 0,001216
птица 1,397940 0,001000
пляже 1,522879 0,001090
курорта 1,698970 0,001216
экс 1,221849 0,000874
министр 1,221849 0,000874
высмеял 1,698970 0,001216
идею 1,698970 0,001216
памятника 1,522879 0,001090
Жириновскому 1,522879 0,001090
Заблокированных 1,698970 0,001216
кузбасской 1,698970 0,001216
шахте 1,045757 0,000748
горняков 1,522879 0,001090
вывели 1,301030 0,000931
поверхность 1,301030 0,000931
замену 1,397940 0,001000
сахару 1,698970 0,001216
Огнеметчики 1,698970 0,001216
помогали 1,522879 0,001090
продвигаться 1,698970 0,001216
вперед 1,698970 0,001216
Красная 1,301030 0,000931
армия 1,096910 0,000785
разбила 1,698970 0,001216
укрепление 1,301030 0,000931
нацистской 1,522879 0,001090
взяла 1,522879 0,001090
Кенигсберг 1,698970 0,001216
Посла 1,522879 0,001090
Польши 1,096910 0,000785
вызвали 1,397940 0,001000
МИД 0,920819 0,000659
Многие 1,301030 0,000931
хотели 1,397940 0,001000
отхватить 1,698970 0,001216
кусок 1,698970 0,001216
объявила 1,301030 0,001396
Черноморский 1,698970 0,001216
флот 1,522879 0,001090
своим 1,045757 0,000748
ответила 1,522879 0,001090
Минобороны 0,698970 0,000500
отвергли 1,397940 0,001000
обвинения 1,301030 0,000931
адрес 0,920819 0,000659
ударе 0,853872 0,000611
число 1,301030 0,001396
погибших 1,301030 0,000931
результате 1,096910 0,000785
провокации 1,096910 0,000785
Краматорске 0,823909 0,000590
конвейере 1,698970 0,001216
УАЗа 1,698970 0,001216
заметили 1,301030 0,001396
кроссовер 1,221849 0,000874
Chery 1,221849 0,001311
Sukhoi 1,698970 0,001216
Superjet 1,522879 0,001090
двигателями 1,698970 0,001216
полетит 1,522879 0,001090
году 0,602060 0,000431
Европа 0,853872 0,001527
назвала 1,301030 0,001396
срок 1,154902 0,000826
отказа 1,301030 0,000931
угля 1,000000 0,000716
НПЗ 1,397940 0,001000
остановил 1,522879 0,001090
работу 0,823909 0,000590
переполнения 1,698970 0,001216
хранилищ 1,698970 0,001216
Лучшая 1,301030 0,000931
музыка 1,045757 0,000748
свадьба 1,154902 0,000826
панельке 1,698970 0,001216
отчаянные 1,522879 0,001090
домохозяйки 1,698970 0,001216
возвращение 1,397940 0,001000
Pet 1,698970 0,001216
Shop 1,397940 0,001000
Boys 1,698970 0,001216
показала 1,221849 0,000874
изображения 1,221849 0,000874
флагманского 1,698970 0,001216
седана 1,698970 0,001216
Дело 1,096910 0,000785
трубе 1,522879 0,001090
Запада 1,000000 0,000716
платить 1,096910 0,000785
если 0,698970 0,000500
откажется 1,397940 0,001000
Власти 1,000000 0,000716
граничащего 1,698970 0,001216
Украиной 1,045757 0,000748
региона 1,221849 0,000874
взрывах 1,522879 0,001090
рассказали 0,744727 0,000799
попытке 1,522879 0,001090
взять 1,301030 0,001396
клещи 1,698970 0,001216
группировку 1,698970 0,001216
Япония 0,823909 0,000590
введет 1,522879 0,001090
организаций 1,397940 0,001000
Разведчики 1,698970 0,001216
лузеры 1,698970 0,001216
женские 1,698970 0,001216
тюрьмы 1,397940 0,001000
продажные 1,698970 0,001216
адвокаты 1,698970 0,001216
главных 0,853872 0,000611
сериалов 1,045757 0,000748
месяца 0,920819 0,000659
Любимова 1,698970 0,001216
дату 1,301030 0,000931
возвращения 1,397940 0,001000
музейных 1,397940 0,001000
экспонатов 1,522879 0,001090
Раскрыта 1,698970 0,001216
оптимальная 1,698970 0,001216
стоимость 1,301030 0,000931
проживания 1,698970 0,001216
отелях 1,397940 0,001000
Крыма 1,698970 0,001216
летом 1,522879 0,001090
Неужели 1,522879 0,001090
ради 1,096910 0,000785
я 0,522879 0,000374
учила 1,698970 0,001216
столько 1,221849 0,000874
слов 1,096910 0,000785
Россиянка 1,698970 0,001216
уехала 1,698970 0,001216
Японию 1,522879 0,001090
изучать 1,698970 0,001216
литературу 1,397940 0,001000
страна 1,096910 0,000785
изменила 1,522879 0,001090
заморозке 1,522879 0,001090
активов 1,397940 0,001000
ключевых 1,522879 0,001090
банков 1,301030 0,000931
Стали 1,522879 0,001090
известны 1,397940 0,001000
последствия 1,096910 0,000785
нападения 1,221849 0,000874
запретила 1,522879 0,001090
импорт 1,096910 0,000785
удобрений 1,698970 0,001216
древесины 1,397940 0,001000
Великобритания 1,301030 0,000931
ввела 1,301030 0,000931
дополнительные 1,096910 0,000785
учениях 1,522879 0,001090
советские 1,096910 0,000785
комплексы 1,397940 0,001000
Куб 1,522879 0,001090
Американские 1,301030 0,000931
ученые 1,221849 0,000874
изготовили 1,698970 0,001216
D 1,096910 0,000785
принтере 1,698970 0,001216
уникальный 1,522879 0,001090
протез 1,698970 0,001216
людям 1,221849 0,000874
начнут 1,522879 0,001090
массово 1,698970 0,001216
печатать 1,698970 0,001216
органы 1,397940 0,001000
части 0,920819 0,000659
тела 1,301030 0,000931
Макгрегору 1,397940 0,001000
предъявили 1,154902 0,000826
шесть 1,045757 0,000748
обвинений 1,301030 0,000931
рассказал 0,619789 0,000665
отношениях 0,886057 0,000634
Путина 0,886057 0,000634
особняке 1,698970 0,001216
Чубайса 1,522879 0,001090
комнат 1,698970 0,001216
бассейн 1,522879 0,001090
домашний 1,522879 0,001090
кинотеатр 1,397940 0,001000
огромный 1,301030 0,000931
гараж 1,698970 0,001216
ЕС 0,920819 0,000659
попали 1,397940 0,001000
причастные 1,698970 0,001216
операции 0,920819 0,000988
Сосудистый 1,698970 0,001216
хирург 1,397940 0,001000
перечислил 1,522879 0,001090
три 0,853872 0,000611
признака 1,522879 0,001090
образования 1,221849 0,000874
тромба 1,397940 0,001000
Торговавшего 1,698970 0,001216
спайсом 1,698970 0,001216
отправили 1,522879 0,001090
колонию 1,522879 0,001090
Боеприпасы 1,698970 0,001216
времен 1,096910 0,000785
взорвались 1,698970 0,001216
стройке 1,522879 0,001090
Чехии 1,397940 0,001000
раскрыла 1,522879 0,001090
темпы 1,698970 0,001216
производства 1,154902 0,000826
самолета 1,397940 0,001000
XXI 1,154902 0,000826
века 0,721246 0,000516
Роспотребнадзор 1,522879 0,001090
вероятность 1,301030 0,000931
новой 0,769551 0,000551
волны 1,397940 0,001000
пандемии 1,397940 0,001000
XE 1,221849 0,000874
Страна 1,397940 0,001000
души 0,958607 0,000686
самостоятельно 1,154902 0,000826
спланировать 1,698970 0,001216
путешествие 1,096910 0,000785
Абхазии 1,698970 0,001216
попасться 1,522879 0,001090
уловки 1,698970 0,001216
местных 1,397940 0,001000
жителей 0,853872 0,000611
Научный 1,397940 0,001000
институт 1,154902 0,000826
Росатома 1,397940 0,001000
проекте 0,657577 0,000471
сфере 0,552842 0,000396
термоядерных 1,698970 0,001216
технологий 0,568636 0,000407
И 0,408935 0,000293
тут 0,886057 0,000634
мы 0,468521 0,000335
поняли 1,522879 0,001090
какое 1,096910 0,000785
сокровище 1,522879 0,001090
нас 0,508638 0,000364
резные 1,698970 0,001216
наличники 1,698970 0,001216
дали 1,221849 0,000874
новую 0,769551 0,000551
жизнь 0,537602 0,000385
депрессивному 1,698970 0,001216
российскому 1,698970 0,001216
городу 1,522879 0,001090
Хирург 1,397940 0,001000
раскрыл 1,221849 0,000874
россиянам 1,154902 0,000826
самые 0,721246 0,000516
популярные 1,000000 0,000716
мужчин 1,096910 0,000785
пластические 1,698970 0,001216
Почта 1,154902 0,000826
Финляндии 1,397940 0,002001
приостановит 1,698970 0,001216
движение 1,301030 0,000931
отправлений 1,698970 0,001216
Белоруссию 1,698970 0,001216
Кибермошенники 1,698970 0,001216
обманывать 1,698970 0,001216
имени 0,721246 0,000516
Илона 1,522879 0,001090
Маска 1,221849 0,000874
призывать 1,698970 0,001216
выпускников 1,698970 0,001216
военных 0,795880 0,000570
кафедр 1,698970 0,001216
выступили 1,397940 0,001000
переизбрания 1,397940 0,001000
Вяльбе 1,301030 0,000931
совет 1,096910 0,000785
FIS 1,301030 0,000931
Оценены 1,698970 0,001216
риски 1,301030 0,000931
продаже 1,221849 0,000874
недвижимости 1,301030 0,000931
кризис 1,096910 0,000785
ответе 1,522879 0,001090
возможное 1,522879 0,001090
вступление 1,698970 0,001216
ставки 1,154902 0,000826
ипотеке 1,301030 0,000931
рынком 1,522879 0,001090
жилья 1,522879 0,001090
кто 0,494850 0,000354
еще 0,408935 0,000293
может 0,397940 0,000285
льготную 1,698970 0,001216
ипотеку 1,698970 0,001216
Россиян 1,397940 0,001000
предупредили 1,096910 0,000785
интернет 0,657577 0,000471
мошенничестве 1,522879 0,001090
офисной 1,301030 0,000931
бумагой 1,522879 0,001090
Подсчитано 1,698970 0,001216
открывших 1,698970 0,001216
счета 1,397940 0,001000
Казахстане 1,301030 0,000931
Редакция 0,769551 0,000551
Реклама 0,387216 0,000277
Пресс 0,657577 0,000471
релизы 1,154902 0,000826
Техподдержка 1,221849 0,000874
ВакансииRSS 1,698970 0,001216
Озвучка 1,698970 0,001216
материалов 0,585027 0,000419
ООО 0,853872 0,000611
Ру 1,397940 0,001000
опечатку 1,301030 0,000931
Нажмите 1,522879 0,001090
Ctrl 0,958607 0,000686
Enter 0,958607 0,000686
деактивирована 1,698970 0,001216
Добро 1,301030 0,000931
пожаловать 1,301030 0,000931
реальный 1,698970 0,001216
мир 0,552842 0,000396
