Новости 0,221849 0,001478
сегодня 0,677781 0,001290
самые 0,721246 0,001372
свежие 1,096910 0,002087
и 0,075721 0,001225
последние 0,769551 0,001464
новости 0,420216 0,001999
России 0,251812 0,002396
мира 0,537602 0,001535
Рамблер 1,698970 0,006466
img 0,795880 0,002272
src 0,795880 0,002272
https 0,721246 0,001372
mc 1,000000 0,001903
yandex 1,000000 0,001903
ru 0,187087 0,000534
watch 1,000000 0,001903
style 0,823909 0,001568
position 0,853872 0,001625
absolute 0,958607 0,001824
left 0,958607 0,001824
px 0,920819 0,001752
alt 0,886057 0,001686
counter 1,397940 0,002660
rambler 1,698970 0,003233
top 1,154902 0,002198
cnt 1,698970 0,003233
pid 1,698970 0,003233
Весь 0,920819 0,001752
В 0,167491 0,002550
мире 0,468521 0,005349
Москвы 0,744727 0,003543
Политика 0,443697 0,005910
Общество 0,638272 0,003036
Происшествия 0,823909 0,004704
Наука 0,638272 0,004858
техника 1,301030 0,008665
Шоу 0,744727 0,005669
бизнес 0,657577 0,005005
Армия 1,000000 0,011418
Игры 0,886057 0,004215
Еще 0,585027 0,007236
в 0,070581 0,000672
Казани 1,045757 0,001990
Пробки 1,397940 0,002660
балла 1,698970 0,003233
USD 1,397940 0,002660
EUR 1,397940 0,002660
Войти 0,508638 0,000968
почту 1,221849 0,002325
Кремль 1,154902 0,003297
высказался 1,154902 0,003297
о 0,136677 0,000780
сроках 1,397940 0,003990
завершения 1,397940 0,003990
спецоперации 0,744727 0,001417
на 0,075721 0,000937
Украине 0,537602 0,002046
минут 0,920819 0,004381
назад 0,721246 0,020587
Минобороны 0,698970 0,001995
РФ 0,568636 0,001082
ответили 1,397940 0,003990
заявления 1,045757 0,001990
Киева 1,045757 0,001990
нанесении 1,301030 0,002476
удара 0,823909 0,001568
по 0,124939 0,000357
Краматорску 0,744727 0,001417
На 0,283997 0,001621
учениях 1,522879 0,002898
НАТО 0,769551 0,002929
заметили 1,301030 0,002476
советские 1,096910 0,002087
комплексы 1,397940 0,002660
Куб 1,522879 0,002898
Обзор 1,221849 0,002325
ино 1,698970 0,003233
СМИ 0,481486 0,000916
идеальные 1,397940 0,002660
мигранты 1,698970 0,003233
украинцы 1,397940 0,002660
собравшийся 1,698970 0,003233
воевать 1,522879 0,002898
Байден 1,522879 0,002898
час 1,000000 0,004757
рассказал 0,619789 0,001179
об 0,292430 0,001113
отношениях 0,886057 0,001686
Путина 0,886057 0,001686
Жириновского 0,657577 0,003128
показало 1,522879 0,002898
удары 1,221849 0,002325
ракетами 1,301030 0,002476
Оникс 1,397940 0,002660
объектам 1,522879 0,002898
ВСУ 0,744727 0,001417
часа 1,154902 0,018681
Россия 0,455932 0,000868
ответит 1,221849 0,002325
высылку 1,698970 0,003233
своих 0,657577 0,001251
дипломатов 0,958607 0,001824
из 0,167491 0,000637
Японии 0,958607 0,001824
США 0,508638 0,001452
предсказали 1,397940 0,002660
серьезные 1,301030 0,002476
проблемы 1,000000 0,001903
после 0,397940 0,001136
ухода 1,221849 0,002325
с 0,102373 0,000390
МКС 1,698970 0,003233
Кадыров 0,958607 0,002736
сообщил 0,823909 0,002352
освобождении 1,301030 0,002476
Мариуполя 0,853872 0,001625
Пока 1,301030 0,002476
вы 0,420216 0,000800
спали 1,522879 0,002898
требования 1,522879 0,002898
Сербии 1,221849 0,002325
к 0,207608 0,000593
кризис 1,096910 0,002087
отношений 1,045757 0,001990
Германии 1,000000 0,001903
Моргенштерна 1,698970 0,003233
заподозрили 1,522879 0,002898
получении 1,522879 0,002898
еще 0,408935 0,000778
одного 0,795880 0,001515
гражданства 1,522879 0,002898
решили 1,154902 0,002198
национализировать 1,522879 0,002898
все 0,292430 0,000556
имущество 1,301030 0,002476
стране 0,853872 0,001625
ЛДПР 0,744727 0,001417
без 0,387216 0,000737
партии 1,397940 0,002660
вопрос 0,698970 0,001330
дальнейшей 1,397940 0,002660
работе 1,154902 0,002198
Российская 1,096910 0,002087
армия 1,096910 0,002087
уничтожила 1,522879 0,002898
Центр 0,920819 0,001752
подготовки 1,000000 0,001903
иностранных 0,886057 0,001686
наемников 0,958607 0,001824
у 0,387216 0,000737
Одессы 1,698970 0,003233
похоронах 1,522879 0,004347
исполнили 1,698970 0,003233
его 0,376751 0,000717
мечту 1,397940 0,002660
Госдуме 1,045757 0,001990
раскрыли 1,522879 0,004347
будущее 0,795880 0,001515
освобожденных 1,397940 0,002660
регионов 1,221849 0,002325
Украины 0,721246 0,001372
От 0,795880 0,001515
тюрьмы 1,397940 0,002660
до 0,244125 0,000465
победы 1,522879 0,002898
выборах 1,301030 0,002476
кем 1,221849 0,002325
был 0,481486 0,000916
Жириновский 0,677781 0,001290
для 0,119186 0,000227
Турции 1,154902 0,002198
пообещал 1,397940 0,002660
боевикам 1,522879 0,002898
Азова 1,397940 0,002660
голливудский 1,698970 0,003233
конец 1,301030 0,002476
часов 0,958607 0,005473
Крыму 1,301030 0,002476
обратились 1,522879 0,002898
Киеву 1,397940 0,002660
призывом 1,698970 0,003233
Западе 1,522879 0,002898
новую 0,769551 0,001464
стратегию 1,698970 0,003233
войны 0,744727 0,001417
против 0,387216 0,000737
национализируют 1,698970 0,003233
корабли 1,698970 0,003233
под 0,376751 0,000717
флагом 1,397940 0,002660
Глава 0,698970 0,001330
Еврокомиссии 1,301030 0,002476
отправилась 1,397940 0,002660
Киев 0,920819 0,001752
поезде 1,154902 0,002198
Польши 1,096910 0,002087
По 0,619789 0,001179
коже 1,698970 0,003233
побежали 1,698970 0,003233
мурашки 1,698970 0,003233
Макрон 1,397940 0,002660
украинского 1,096910 0,003131
кризиса 1,154902 0,003297
Литвинова 1,522879 0,002898
письме 1,698970 0,003233
объяснила 1,522879 0,002898
свой 0,721246 0,001372
отъезд 1,698970 0,003233
Стала 1,522879 0,002898
известна 1,397940 0,002660
марка 1,522879 0,002898
ритуального 1,698970 0,003233
автомобиля 1,000000 0,001903
КНР 1,522879 0,002898
назвали 0,920819 0,001752
первопричину 1,522879 0,002898
Рудковская 1,522879 0,002898
встала 1,698970 0,003233
защиту 1,522879 0,002898
Chanel 1,154902 0,002198
новостей 0,619789 0,001179
скандале 1,522879 0,002898
россиянами 1,522879 0,002898
Вучич 1,301030 0,002476
угрозе 1,522879 0,002898
истребителя 1,301030 0,002476
следовавшему 1,698970 0,003233
Москву 0,886057 0,001686
самолету 1,698970 0,003233
Все 0,148742 0,000283
Статьи 0,886057 0,004215
Видео 0,431798 0,002876
Тесты 0,920819 0,006133
Фото 0,886057 0,005901
Подкасты 0,744727 0,002126
Подарки 1,698970 0,003233
Праздники 1,522879 0,002898
Техника 1,301030 0,002476
Главное 0,657577 0,001251
Финансы 1,154902 0,002198
Сравнение 1,522879 0,002898
кредитов 1,522879 0,002898
Экономика 0,568636 0,001082
Компании 1,045757 0,001990
Рынки 1,522879 0,002898
Личный 1,301030 0,003714
счет 1,000000 0,001903
Недвижимость 1,045757 0,001990
Курсы 1,221849 0,002325
валют 1,397940 0,005320
Конвертер 1,698970 0,003233
Курс 0,886057 0,002529
доллара 1,045757 0,001990
евро 0,823909 0,001568
Прогноз 1,522879 0,002898
курса 1,522879 0,002898
Выгодный 1,698970 0,003233
курс 0,920819 0,002628
обмена 1,698970 0,003233
Кросс 1,301030 0,002476
Женский 1,301030 0,002476
Звезды 0,823909 0,001568
Психология 1,000000 0,002854
Еда 1,301030 0,002476
Любовь 0,823909 0,001568
Здоровье 0,853872 0,001625
Красота 0,920819 0,001752
Гороскопы 1,301030 0,003714
Мода 1,154902 0,002198
Форум 1,000000 0,001903
Счет 1,698970 0,003233
Дети 0,958607 0,001824
Проверено 1,698970 0,003233
себе 0,619789 0,001179
Дом 0,698970 0,001330
сад 1,045757 0,001990
Своими 1,698970 0,003233
руками 1,397940 0,002660
Карантин 1,522879 0,002898
Кино 0,677781 0,001290
Фильмы 0,744727 0,001417
ТВСериалы 1,698970 0,003233
Актеры 1,522879 0,002898
Спорт 0,537602 0,001023
Премьер 1,154902 0,002198
лига 1,522879 0,002898
Футбол 1,154902 0,002198
Хоккей 1,154902 0,002198
БоксMMAАвтоспорт 1,698970 0,003233
Теннис 1,397940 0,002660
Баскетбол 1,397940 0,002660
Легкая 1,522879 0,002898
атлетика 1,522879 0,002898
Биатлон 1,301030 0,002476
Фигурное 1,397940 0,002660
катание 1,397940 0,002660
Лыжный 1,698970 0,003233
спорт 1,154902 0,002198
Шахматы 1,522879 0,002898
Летние 1,397940 0,002660
виды 1,221849 0,003488
спорта 0,958607 0,003648
Зимние 1,397940 0,002660
Волейбол 1,397940 0,002660
Гандбол 1,698970 0,003233
Около 1,301030 0,002476
Олимпиада 1,397940 0,003990
Евро 1,301030 0,002476
Aвто 1,698970 0,003233
Автоновости 1,301030 0,002476
ДТПТест 1,698970 0,003233
драйвы 1,397940 0,002660
Автоэксперт 1,698970 0,003233
Промокоды 1,221849 0,002325
Wildberries 1,698970 0,003233
RUOzonБеруApteka 1,698970 0,003233
ruAliexpress 1,698970 0,003233
Субботний 1,698970 0,003233
Истории 0,853872 0,001625
Люди 1,000000 0,001903
Вещи 1,698970 0,003233
Безумный 1,522879 0,002898
мир 0,552842 0,001052
Места 1,698970 0,003233
Доктор 0,853872 0,001625
Коронавирус 0,958607 0,001824
Болезни 1,698970 0,003233
лекарства 1,221849 0,002325
Народная 1,522879 0,002898
медицина 1,096910 0,002087
ЗОЖВидео 1,698970 0,003233
Сонник 1,698970 0,004850
Имена 1,522879 0,004347
Гадания 1,698970 0,004850
Лунный 1,301030 0,003714
гороскоп 1,301030 0,004952
Китайский 1,522879 0,002898
Приметы 1,698970 0,004850
новый 0,552842 0,001578
год 0,568636 0,003246
Заговоры 1,698970 0,003233
Чихалка 1,698970 0,003233
Народные 1,397940 0,002660
приметы 1,522879 0,002898
Предсказания 1,522879 0,002898
Астрошкола 1,698970 0,003233
Ванга 1,698970 0,003233
Ретроградный 1,698970 0,003233
Меркурий 1,698970 0,003233
Календарь 1,045757 0,001990
Майя 1,522879 0,002898
Дизайн 1,301030 0,002476
человека 0,568636 0,001082
календарь 1,397940 0,002660
Восточный 1,397940 0,002660
Нумерология 1,698970 0,003233
Зодиак 1,698970 0,003233
Путешествия 1,154902 0,002198
путешествий 1,397940 0,002660
Отдых 1,522879 0,002898
опыт 1,154902 0,002198
Заграница 1,698970 0,003233
Лайфхаки 1,397940 0,002660
Путеводители 1,397940 0,002660
главные 0,823909 0,001568
гороскопы 1,522879 0,002898
почта 1,397940 0,002660
поиск 0,920819 0,001752
другие 0,677781 0,001290
полезные 1,397940 0,002660
сервисы 1,154902 0,002198
Мобильная 1,000000 0,001903
версия 0,769551 0,001464
О 0,207608 0,000395
проекте 0,657577 0,001251
Редакционная 1,397940 0,002660
политика 0,920819 0,001752
Реклама 0,387216 0,000737
Помощь 1,045757 0,001990
Вакансии 0,657577 0,001251
Пользовательское 0,677781 0,001290
соглашение 0,619789 0,001179
vkontakteodnoklassniki 1,698970 0,003233
telegramrss 1,698970 0,003233
