Интерфакс 1,522879 0,004990
новости 0,420216 0,002066
Мобильная 1,000000 0,001092
версия 0,769551 0,000841
Об 0,698970 0,001145
Интерфаксе 1,698970 0,003712
Interfax 1,698970 0,003712
com 0,744727 0,000813
Россия 0,455932 0,000498
Финмаркет 1,698970 0,001856
Еще 0,585027 0,000639
Туризм 1,221849 0,001335
Недвижимость 1,045757 0,001142
События 0,886057 0,001452
Образование 0,886057 0,000968
Религия 1,301030 0,001421
USD 1,397940 0,001527
EUR 1,397940 0,001527
Вход 0,657577 0,000718
для 0,119186 0,000781
подписчиков 1,221849 0,001335
Главное 0,657577 0,000718
В 0,167491 0,001464
России 0,251812 0,001100
мире 0,468521 0,001024
Экономика 0,568636 0,000932
Спорт 0,537602 0,000587
Культура 0,638272 0,000697
Москва 0,508638 0,000556
Digital 1,301030 0,001421
Новости 0,221849 0,000606
Все 0,148742 0,000325
Сюжеты 1,522879 0,001663
Фото 0,886057 0,000968
Поиск 0,619789 0,000677
Хроника 1,522879 0,001663
Военная 1,301030 0,002842
операция 1,000000 0,002185
на 0,075721 0,001323
Украине 0,537602 0,001468
Обновлено 1,698970 0,001856
в 0,070581 0,001503
Главные 0,769551 0,000841
ЦБ 0,795880 0,001739
РФ 0,568636 0,005901
снизил 0,698970 0,000763
ключевую 0,677781 0,001111
ставку 0,657577 0,001077
до 0,244125 0,000533
годовыхважно 1,698970 0,001856
ЕС 0,920819 0,003017
опубликовал 1,522879 0,002495
пятый 0,920819 0,002012
пакет 0,853872 0,001865
санкций 0,677781 0,003332
против 0,387216 0,001480
Яндекс 0,638272 0,001046
начал 1,000000 0,001638
маркировать 1,301030 0,002132
ресурсы 1,154902 0,001892
Google 0,744727 0,001220
как 0,251812 0,000550
нарушителей 1,301030 0,002132
законодательства 1,000000 0,001638
Военные 1,301030 0,002132
опровергли 1,301030 0,002132
причастность 1,301030 0,002132
к 0,207608 0,001134
удару 1,301030 0,002842
по 0,124939 0,000751
вокзалу 0,853872 0,001865
Краматорске 0,823909 0,001800
Подозреваемый 1,698970 0,001856
нападении 1,096910 0,001797
главреда 1,096910 0,001198
Новой 1,045757 0,001142
газеты 0,958607 0,001047
задержан 1,522879 0,001663
Прощание 0,958607 0,001571
с 0,102373 0,001006
Владимиром 0,677781 0,001111
Жириновским 0,585027 0,000959
ФОТО 1,698970 0,001856
Последние 0,853872 0,000933
Swedbank 1,698970 0,001856
прекратит 1,397940 0,001527
финансовые 1,522879 0,001663
операции 0,920819 0,001509
Россией 0,795880 0,000869
и 0,075721 0,000993
Белоруссией 1,698970 0,001856
Дипломатическое 1,698970 0,002784
противостояние 1,522879 0,002495
Премьер 1,154902 0,001261
Болгарии 1,301030 0,001421
объяснил 0,769551 0,000841
почему 0,494850 0,000541
российского 0,823909 0,000900
посла 1,522879 0,001663
не 0,142668 0,000623
высылают 1,522879 0,001663
из 0,167491 0,000823
Софии 1,522879 0,001663
Британский 1,698970 0,001856
институт 1,154902 0,001261
международных 1,045757 0,001142
отношений 1,045757 0,001142
признан 1,154902 0,001261
нежелательным 1,698970 0,001856
Черногория 1,698970 0,001856
присоединилась 1,698970 0,001856
санкциям 1,221849 0,001335
ДНР 0,823909 0,001350
решили 1,154902 0,001261
прекратить 1,522879 0,001663
работу 0,823909 0,000900
миссии 1,397940 0,001527
ОБСЕ 1,397940 0,001527
Сбербанк 1,397940 0,001527
прогнозирует 1,698970 0,001856
снижение 1,301030 0,001421
ключевой 1,397940 0,002290
ставки 1,154902 0,002523
концу 1,698970 0,001856
года 0,356547 0,001168
Песков 0,744727 0,001627
рассказал 0,619789 0,001692
об 0,292430 0,000319
отношениях 0,886057 0,000968
со 0,387216 0,000423
странами 1,522879 0,001663
голосовавшими 1,698970 0,001856
за 0,180456 0,001281
приостановку 1,397940 0,001527
членства 1,221849 0,001335
СПЧ 0,920819 0,001006
Москве 0,455932 0,000747
ожидаются 1,698970 0,001856
сильный 1,397940 0,001527
ветер 1,301030 0,001421
дождь 1,522879 0,001663
после 0,397940 0,000435
эмбарго 1,301030 0,001421
планирует 1,154902 0,001892
экспорт 1,522879 0,001663
угля 1,000000 0,001092
альтернативные 1,397940 0,001527
Европе 0,886057 0,000968
рынки 1,698970 0,002784
Мираторг 1,096910 0,001198
увидел 1,522879 0,001663
веских 1,698970 0,001856
причин 1,154902 0,001261
проверки 1,397940 0,001527
ФАС 1,045757 0,001142
Суд 1,154902 0,001261
международной 1,154902 0,001892
федерации 1,522879 0,001663
снял 1,221849 0,001335
санкции 0,744727 0,001220
российских 0,468521 0,000768
саночников 1,397940 0,001527
пояснил 1,522879 0,001663
свое 0,721246 0,000788
заявление 1,301030 0,001421
о 0,136677 0,001344
сроках 1,397940 0,001527
спецоперации 0,744727 0,000813
Экспортная 1,698970 0,001856
пошлина 1,698970 0,001856
пшеницу 1,522879 0,001663
апреля 0,301030 0,000658
впервые 0,744727 0,001220
превысит 1,698970 0,001856
заявил 0,744727 0,000813
непричастности 1,698970 0,001856
военных 0,795880 0,000869
Краматорску 0,744727 0,000813
фото 0,657577 0,001796
Гендиректор 1,698970 0,001856
ОАК 1,221849 0,001335
анонсировал 1,522879 0,001663
выпуск 1,000000 0,001092
еще 0,408935 0,000893
минимум 1,301030 0,001421
Superjet 1,522879 0,001663
Украинcкие 1,698970 0,001856
шахматистки 1,154902 0,001261
Музычук 1,221849 0,001335
отстранены 1,698970 0,001856
отказ 1,096910 0,001198
выступить 1,522879 0,001663
россиян 0,744727 0,000813
Volvo 1,301030 0,001421
Group 1,522879 0,002495
оценила 1,698970 0,001856
млн 0,886057 0,000968
убытки 1,522879 0,001663
геополитики 1,698970 0,001856
ЕК 1,698970 0,001856
рассчитывает 1,522879 0,001663
что 0,187087 0,000307
глубже 1,522879 0,001663
поразит 1,522879 0,001663
экономику 1,698970 0,001856
Росстройконтроль 1,698970 0,001856
ждет 0,853872 0,000933
ухудшения 1,698970 0,001856
качества 1,154902 0,001261
домов 1,522879 0,001663
отказа 1,301030 0,001421
от 0,193820 0,000318
импортных 1,698970 0,001856
материалов 0,585027 0,000639
Арестованный 1,522879 0,001663
бизнесмен 1,221849 0,001335
Шпигель 1,301030 0,001421
госпитализирован 1,301030 0,001421
подозрением 1,698970 0,001856
четвертый 1,397940 0,001527
инфаркт 1,698970 0,001856
Нефтяникам 1,698970 0,001856
дали 1,221849 0,001335
полгода 1,698970 0,001856
поиск 0,920819 0,001006
замены 1,397940 0,001527
импорту 1,698970 0,001856
арктическом 1,698970 0,001856
топливе 1,698970 0,001856
Двух 1,698970 0,001856
заблокированных 1,522879 0,001663
шахте 1,045757 0,001142
СУЭК 1,698970 0,001856
рабочих 1,221849 0,001335
вывели 1,301030 0,001421
поверхность 1,301030 0,001421
ВТБ 1,301030 0,002132
готовится 1,522879 0,002495
снизить 1,301030 0,002132
ипотеке 1,301030 0,001421
вслед 1,397940 0,001527
решением 1,522879 0,001663
торговом 1,397940 0,001527
центре 0,920819 0,001006
Махачкалы 1,522879 0,001663
упал 1,154902 0,001261
лифт 1,522879 0,001663
пассажирами 1,522879 0,001663
Rutube 1,301030 0,001421
рассказали 0,744727 0,001220
возросшем 1,698970 0,001856
объеме 1,698970 0,001856
кибератак 1,522879 0,001663
сервис 0,958607 0,001047
Посол 1,522879 0,001663
Польши 1,096910 0,001198
вызван 1,698970 0,001856
российский 0,886057 0,001452
МИД 0,920819 0,001006
ракетному 1,397940 0,001527
Австралия 1,522879 0,001663
пошла 1,301030 0,001421
дальше 0,886057 0,000968
всех 0,552842 0,000604
пути 0,886057 0,000968
персональных 0,769551 0,000841
включив 1,698970 0,001856
список 0,823909 0,000900
Набиуллину 1,698970 0,001856
Кипр 1,698970 0,001856
смягчил 1,698970 0,001856
правила 0,958607 0,001047
въезда 1,698970 0,001856
страну 1,301030 0,001421
Эмбарго 1,698970 0,001856
уголь 1,522879 0,001663
вступит 1,698970 0,001856
силу 1,301030 0,001421
августа 1,000000 0,001092
Объем 1,522879 0,001663
покупок 1,522879 0,001663
продаж 1,096910 0,001198
ФНБ 1,698970 0,001856
будет 0,387216 0,000846
определять 1,522879 0,001663
Минфин 1,096910 0,001198
Власти 1,000000 0,001638
Японии 0,958607 0,001571
объявили 1,522879 0,001663
расширении 1,698970 0,001856
Мировые 1,154902 0,001261
цены 0,823909 0,000900
продовольствие 1,154902 0,001261
достигли 1,154902 0,001261
рекордных 1,522879 0,001663
уровней 1,522879 0,001663
всю 0,823909 0,000900
историю 0,795880 0,000869
Источник 1,522879 0,001663
сообщил 0,823909 0,001350
задержании 1,397940 0,001527
подозреваемого 1,397940 0,001527
Муратова 1,154902 0,001261
Франция 1,096910 0,001198
отключению 1,698970 0,001856
газа 1,221849 0,002002
предприятиям 1,698970 0,001856
при 0,468521 0,000512
прекращении 1,397940 0,001527
снабжения 1,698970 0,001856
РСПП 1,698970 0,001856
назвал 0,795880 0,000869
риски 1,301030 0,001421
законе 1,522879 0,001663
наказании 1,397940 0,001527
исполнение 1,397940 0,002290
Рубль 1,522879 0,001663
опустился 1,301030 0,001421
доллару 1,522879 0,001663
евро 0,823909 0,000900
внеплановом 1,698970 0,001856
снижении 1,301030 0,001421
Муратов 1,698970 0,001856
получил 0,958607 0,001047
ожог 1,698970 0,001856
глаз 1,221849 0,001335
результате 1,096910 0,001198
нападения 1,221849 0,001335
поезде 1,154902 0,001261
Банк 1,045757 0,001142
решил 1,000000 0,001092
годовых 0,886057 0,000968
Эксперт 1,045757 0,001713
счел 1,397940 0,001527
вариант 1,397940 0,001527
коронавируса 0,886057 0,001452
XE 1,221849 0,001335
вызовет 1,698970 0,001856
новую 0,769551 0,000841
волну 1,397940 0,001527
заболеваемости 1,301030 0,001421
сообщили 0,958607 0,001047
ракетном 1,397940 0,001527
ударе 0,853872 0,000933
Крыму 1,301030 0,001421
завели 1,698970 0,001856
дело 0,886057 0,000968
ялтинца 1,698970 0,001856
подозрению 1,522879 0,001663
кибератаках 1,698970 0,001856
заданию 1,698970 0,001856
Украины 0,721246 0,000788
Портрет 1,397940 0,001527
любовницы 1,698970 0,001856
Пикассо 1,397940 0,001527
выставлен 1,698970 0,001856
аукционе 1,698970 0,001856
СИБУР 1,698970 0,001856
Sinopec 1,698970 0,001856
примут 1,522879 0,001663
решения 0,958607 0,001571
пересмотре 1,698970 0,001856
стратегии 1,522879 0,001663
проекта 0,886057 0,000968
Амурского 1,698970 0,001856
ГХК 1,698970 0,001856
Пашиняну 1,698970 0,001856
отменили 1,522879 0,001663
приговор 1,522879 0,001663
тилетней 1,698970 0,001856
давности 1,698970 0,001856
делу 1,000000 0,001092
массовых 0,568636 0,000621
беспорядках 1,698970 0,001856
Пандемия 1,301030 0,001421
сутки 0,795880 0,000869
коронавирусом 1,154902 0,001261
госпитализированы 1,301030 0,001421
более 0,585027 0,000639
тыс 1,096910 0,001198
человек 0,494850 0,000541
вышлют 1,698970 0,001856
страны 0,638272 0,000697
восемь 1,397940 0,001527
дипломатов 0,958607 0,001047
Загрузить 1,397940 0,001527
Дата 1,301030 0,001421
Выбрать 1,096910 0,001198
дату 1,301030 0,001421
Подписаться 0,795880 0,001304
Самое 1,000000 0,001092
читаемое 1,154902 0,001261
Кремле 1,045757 0,001142
отвергли 1,397940 0,001527
обвинения 1,301030 0,001421
причастности 1,522879 0,001663
убийствам 1,698970 0,001856
украинской 1,154902 0,001261
Буче 0,958607 0,001047
CNN 1,698970 0,001856
тайном 1,522879 0,001663
испытании 1,698970 0,001856
гиперзвуковой 1,698970 0,001856
ракеты 1,221849 0,001335
США 0,508638 0,000556
марте 1,045757 0,001142
новых 0,508638 0,000556
санкциях 1,301030 0,001421
запрет 1,154902 0,001261
тремя 1,522879 0,001663
российскими 1,154902 0,001261
банками 1,698970 0,001856
Думу 1,698970 0,001856
внесли 1,698970 0,001856
законопроект 1,154902 0,001261
годах 1,698970 0,001856
колонии 1,397940 0,001527
антироссийских 1,096910 0,001198
Фотогалереи 1,397940 0,001527
Фотохроника 1,698970 0,001856
Победители 1,397940 0,001527
World 1,397940 0,002290
Press 1,154902 0,001261
Photo 1,522879 0,001663
Протесты 1,397940 0,001527
Перу 1,397940 0,001527
Выбор 0,886057 0,000968
редакции 0,481486 0,000526
Что 0,346787 0,000379
произошло 1,045757 0,001142
науки 1,045757 0,001142
Вечерний 1,522879 0,001663
дайджест 1,397940 0,001527
Повесть 1,221849 0,001335
дружбе 1,522879 0,001663
недружбе 1,698970 0,001856
редакция 1,154902 0,001261
судебная 1,698970 0,001856
Обзор 1,221849 0,001335
Путин 0,721246 0,000788
распорядился 1,698970 0,001856
перевести 1,522879 0,001663
оплату 1,522879 0,001663
экспорта 1,397940 0,001527
рубли 1,301030 0,001421
Обобщение 1,698970 0,001856
Интервью 0,638272 0,000697
Вице 1,698970 0,001856
спикер 1,698970 0,001856
Госдумы 1,301030 0,001421
сейчас 0,657577 0,000718
нужны 0,920819 0,001006
оперативные 1,698970 0,001856
порой 1,397940 0,001527
жесткие 1,522879 0,001663
стабильности 1,522879 0,001663
продрынков 1,698970 0,001856
Алексей 0,602060 0,000658
Гордеев 1,698970 0,001856
санкционном 1,698970 0,001856
давлении 1,698970 0,001856
сельское 1,698970 0,001856
хозяйство 1,301030 0,001421
импортозамещении 1,698970 0,001856
Глава 0,698970 0,000763
ООО 0,853872 0,000933
Цифра 1,522879 0,001663
иллюзий 1,221849 0,001335
быть 0,431798 0,000472
должно 1,301030 0,002132
иностранные 1,522879 0,001663
вендоры 1,698970 0,001856
будут 0,638272 0,000697
работать 1,045757 0,001142
компаниями 1,522879 0,001663
под 0,376751 0,000412
санкциями 1,096910 0,001198
Игорь 0,823909 0,000900
Богачев 1,698970 0,001856
влиянии 1,698970 0,001856
IT 0,920819 0,001006
рынок 1,096910 0,001198
Ирану 1,698970 0,001856
одинаковые 1,698970 0,001856
условия 0,958607 0,001047
разные 1,096910 0,001198
Адлан 1,698970 0,001856
Маргоев 1,698970 0,001856
Центра 1,522879 0,001663
ближневосточных 1,698970 0,001856
исследований 1,301030 0,001421
ИМИ 1,698970 0,001856
МГИМО 1,397940 0,001527
прокомментировал 1,154902 0,001261
давление 1,154902 0,001261
оказываемое 1,698970 0,001856
Москву 0,886057 0,000968
Тегеран 1,698970 0,001856
Замглавы 1,698970 0,001856
МВД 1,154902 0,001261
следствие 1,301030 0,001421
получить 0,769551 0,000841
доступ 1,045757 0,001142
базам 1,698970 0,001856
данных 0,657577 0,000718
банков 1,301030 0,001421
операторов 1,698970 0,001856
связи 0,455932 0,000747
Сергей 0,468521 0,000768
Лебедев 1,397940 0,001527
результатах 1,522879 0,001663
работы 0,638272 0,000697
органов 1,522879 0,001663
предварительного 1,301030 0,001421
следствия 1,397940 0,001527
год 0,568636 0,000621
Пресс 0,657577 0,001437
центр 0,638272 0,001046
января 0,958607 0,001047
Евразийская 1,698970 0,001856
ассоциация 1,522879 0,001663
конного 1,698970 0,001856
спорта 0,958607 0,001047
намерена 1,096910 0,001198
провести 1,096910 0,001198
все 0,292430 0,000319
соревнования 1,522879 0,001663
запланированные 1,698970 0,001856
годEEA 1,698970 0,001856
стать 0,795880 0,000869
партнером 1,698970 0,001856
профильных 1,698970 0,001856
федераций 1,522879 0,001663
Таиланда 1,522879 0,001663
Китая 1,045757 0,001142
участия 1,045757 0,001142
Кубке 1,522879 0,001663
Наций 1,522879 0,001663
этом 0,585027 0,000639
году 0,602060 0,000658
приглашена 1,698970 0,001856
Польша 1,221849 0,001335
декабря 0,886057 0,001452
Росводоканал 1,698970 0,002784
внедряет 1,698970 0,002784
регионах 1,154902 0,001892
технологии 1,000000 0,001638
утилизации 1,698970 0,002784
осадков 1,698970 0,002784
сточных 1,698970 0,002784
вод 1,522879 0,002495
Группа 1,397940 0,001527
компаний 1,045757 0,001142
позволяющие 1,698970 0,001856
сократить 1,522879 0,001663
уровень 1,301030 0,001421
загрязнения 1,522879 0,001663
почв 1,698970 0,001856
минимизировать 1,522879 0,001663
негативные 1,698970 0,001856
последствия 1,096910 0,001198
окружающей 1,522879 0,001663
среды 1,522879 0,001663
ликвидировать 1,698970 0,001856
неприятные 1,698970 0,001856
запахи 1,698970 0,001856
иловых 1,698970 0,001856
полей 1,397940 0,001527
которые 0,431798 0,000472
жалуются 1,698970 0,001856
жителей 0,853872 0,000933
О 0,207608 0,000227
применяемых 1,698970 0,001856
методах 1,522879 0,001663
их 0,455932 0,000498
эффективности 1,698970 0,001856
представители 1,301030 0,001421
предприятия 1,397940 0,002290
пресс 0,886057 0,000968
конференции 1,154902 0,001261
пятницу 1,096910 0,001198
Эксперты 1,096910 0,001198
обсудили 1,522879 0,001663
прекращение 1,698970 0,001856
существования 1,698970 0,001856
СССР 0,795880 0,000869
его 0,376751 0,000412
влияние 1,522879 0,001663
Россию 0,568636 0,000621
мир 0,552842 0,000604
летием 1,698970 0,001856
подписания 1,698970 0,001856
Беловежских 1,698970 0,001856
соглашений 1,522879 0,001663
Свое 1,522879 0,001663
мнение 1,045757 0,001142
высказали 1,698970 0,001856
Александр 0,468521 0,000768
Шохин 1,698970 0,001856
Томас 1,397940 0,001527
Грэм 1,397940 0,001527
Дынкин 1,698970 0,001856
Шахрай 1,522879 0,001663
Андрей 0,552842 0,000604
Кортунов 1,698970 0,001856
Глеб 1,522879 0,001663
Кузнецов 1,221849 0,001335
релизы 1,154902 0,001261
Business 1,397940 0,003817
Wire 1,698970 0,001856
Адриан 1,698970 0,001856
Гренье 1,698970 0,001856
назначен 1,522879 0,001663
главным 1,301030 0,001421
представителем 1,522879 0,001663
интересов 1,397940 0,001527
Земли 1,154902 0,001261
View 1,397940 0,001527
ПСБ 1,397940 0,002290
обсудил 1,096910 0,001198
профессиональным 1,301030 0,001421
сообществом 1,522879 0,001663
инициативы 1,522879 0,001663
развития 0,721246 0,000788
импортозамещения 1,154902 0,001261
диверсификации 1,522879 0,001663
WireA 1,698970 0,001856
W 1,698970 0,001856
Pharma 1,698970 0,001856
Ltd 1,698970 0,001856
сообщает 1,301030 0,001421
запуске 1,522879 0,001663
нового 0,769551 0,000841
фармацевтического 1,698970 0,001856
Мальте 1,698970 0,001856
предложил 1,045757 0,001142
дополнительные 1,096910 0,001198
меры 1,000000 0,001092
поддержки 0,823909 0,000900
участников 1,000000 0,001092
госзакупок 1,397940 0,001527
WireCoStar 1,698970 0,001856
приобретает 1,698970 0,001856
Immo 1,698970 0,001856
ведущую 1,698970 0,001856
информационную 1,698970 0,001856
службу 1,397940 0,001527
коммерческой 1,522879 0,001663
недвижимости 1,301030 0,001421
во 0,494850 0,000541
Франции 1,000000 0,001092
Контакты 0,455932 0,000498
Вакансии 0,657577 0,000718
Реклама 0,387216 0,000423
сайте 0,431798 0,000943
Copyright 1,154902 0,001261
права 0,431798 0,000472
защищены 0,602060 0,000658
Вся 0,886057 0,000968
информация 0,638272 0,000697
размещенная 1,698970 0,001856
данном 1,397940 0,001527
веб 1,397940 0,001527
предназначена 1,698970 0,001856
только 0,309804 0,000338
персонального 1,698970 0,001856
пользования 1,522879 0,001663
подлежит 1,698970 0,001856
дальнейшему 1,698970 0,001856
воспроизведению 1,698970 0,001856
или 0,301030 0,000329
распространению 1,698970 0,001856
какой 0,886057 0,000968
либо 1,000000 0,001092
форме 1,221849 0,001335
иначе 1,301030 0,001421
письменного 1,000000 0,001092
разрешения 0,853872 0,000933
Интерфакса 1,698970 0,002784
Продукты 1,301030 0,001421
информационной 1,397940 0,001527
группы 1,045757 0,001142
Информация 0,886057 0,000968
компаниях 1,522879 0,002495
товарах 1,698970 0,001856
людях 1,221849 0,001335
СПАРК 1,698970 0,001856
X 1,045757 0,001142
Compliance 1,522879 0,001663
СКАУТ 1,698970 0,001856
Маркер 1,698970 0,001856
АСТРА 1,698970 0,001856
Dun 1,698970 0,001856
Bradstreet 1,698970 0,001856
СКАН 1,698970 0,001856
RU 0,886057 0,000968
Data 1,221849 0,001335
Центр 0,920819 0,001006
раскрытия 1,522879 0,001663
корпоративной 1,698970 0,001856
информации 0,698970 0,001145
Обнаружили 1,698970 0,001856
ошибку 1,154902 0,001261
Выделите 1,397940 0,001527
фрагмент 1,301030 0,001421
текста 1,045757 0,001142
ошибкой 1,522879 0,001663
нажмите 1,045757 0,001142
Ctrl 0,958607 0,001047
Enter 0,958607 0,001047
Условия 1,154902 0,001261
использования 0,920819 0,001509
Дизайн 1,301030 0,001421
Motka 1,698970 0,001856
ru 0,187087 0,000204
Подписка 0,853872 0,000933
Хочу 0,920819 0,001006
получать 0,886057 0,000968
день 0,585027 0,000639
ночь 1,000000 0,001092
важные 1,096910 0,001198
срочные 1,522879 0,001663
Введите 1,221849 0,001335
код 1,096910 0,001198
картинки 1,301030 0,001421
Подпишитесь 1,154902 0,001261
бизнеса 1,000000 0,001092
создает 1,221849 0,001335
профессионального 1,397940 0,001527
СМИ 0,481486 0,000526
банках 1,397940 0,001527
Попробовать 1,522879 0,001663
