Codewars 1,698970 0,006324
Achieve 1,698970 0,006324
mastery 1,698970 0,008432
through 1,301030 0,006457
coding 1,698970 0,016863
practice 1,698970 0,006324
and 0,958607 0,014272
developer 1,397940 0,005203
mentorship 1,698970 0,004216
For 1,301030 0,004843
Companies 1,522879 0,003779
Educators 1,522879 0,003779
Log 1,397940 0,003469
In 1,397940 0,003469
Sign 1,397940 0,003469
Up 1,301030 0,004843
challenge 1,698970 0,004216
Improve 1,698970 0,004216
your 1,154902 0,030090
development 1,221849 0,004548
skills 1,698970 0,012647
by 1,000000 0,008685
training 1,397940 0,005203
with 1,096910 0,013609
peers 1,698970 0,004216
using 1,522879 0,003779
challengesSign 1,698970 0,004216
To 1,522879 0,005668
join 1,522879 0,003779
you 1,096910 0,023136
must 1,522879 0,005668
first 1,301030 0,003228
prove 1,698970 0,004216
Choose 1,698970 0,004216
language 1,397940 0,005203
to 0,886057 0,014291
begin 1,698970 0,004216
Clojure 1,698970 0,004216
CoffeeScript 1,698970 0,004216
C 1,000000 0,004963
Coq 1,698970 0,004216
Crystal 1,698970 0,004216
Dart 1,698970 0,004216
Elixir 1,698970 0,004216
F 1,154902 0,002866
Go 1,522879 0,003779
Groovy 1,698970 0,004216
Haskell 1,522879 0,003779
Java 1,301030 0,003228
JavaScript 1,045757 0,002595
Kotlin 1,522879 0,003779
Lean 1,698970 0,004216
Lua 1,522879 0,003779
NASM 1,698970 0,004216
PHP 1,522879 0,003779
Python 1,221849 0,003032
Racket 1,698970 0,004216
Ruby 1,522879 0,003779
Rust 1,397940 0,003469
Scala 1,522879 0,003779
Shell 1,522879 0,003779
SQL 1,301030 0,003228
Swift 1,301030 0,003228
TypeScript 1,522879 0,003779
Additional 1,522879 0,003779
Languages 1,698970 0,004216
These 1,522879 0,003779
languages 1,522879 0,003779
are 1,154902 0,007164
currently 1,698970 0,004216
in 1,000000 0,003722
beta 1,698970 0,004216
Once 1,397940 0,003469
enlist 1,698970 0,004216
will 1,397940 0,005203
have 1,221849 0,007580
an 1,154902 0,004299
opportunity 1,698970 0,004216
train 1,698970 0,008432
them 1,301030 0,003228
Sharpen 1,698970 0,004216
Challenge 1,698970 0,006324
yourself 1,522879 0,003779
on 1,096910 0,006805
kata 1,698970 0,027403
which 1,522879 0,003779
small 1,698970 0,004216
exercises 1,698970 0,004216
Each 1,698970 0,004216
is 1,096910 0,008166
crafted 1,698970 0,004216
the 0,958607 0,021408
community 1,301030 0,006457
help 1,301030 0,003228
strengthen 1,698970 0,004216
different 1,522879 0,003779
Master 1,522879 0,003779
current 1,522879 0,003779
of 0,920819 0,007997
choice 1,522879 0,003779
or 1,154902 0,002866
expand 1,522879 0,003779
understanding 1,522879 0,007558
a 0,920819 0,007997
new 1,000000 0,007444
one 1,221849 0,003032
Get 1,221849 0,006064
Instant 1,698970 0,004216
Feedback 1,698970 0,004216
Solve 1,698970 0,004216
style 0,823909 0,002044
right 1,522879 0,003779
browser 1,522879 0,003779
use 1,154902 0,002866
test 1,397940 0,003469
cases 1,522879 0,003779
TDD 1,522879 0,003779
check 1,522879 0,003779
it 1,221849 0,003032
as 1,221849 0,006064
progress 1,698970 0,006324
Retrain 1,698970 0,004216
creative 1,698970 0,004216
optimized 1,522879 0,003779
approaches 1,698970 0,004216
most 1,397940 0,005203
out 1,221849 0,003032
programming 1,397940 0,003469
Earn 1,522879 0,003779
ranks 1,522879 0,005668
honor 1,698970 0,008432
Kata 1,698970 0,004216
ranked 1,698970 0,006324
all 1,154902 0,002866
way 1,397940 0,005203
from 1,221849 0,004548
beginner 1,698970 0,004216
code 1,221849 0,004548
challenges 1,522879 0,005668
expert 1,522879 0,003779
level 1,397940 0,003469
As 1,397940 0,003469
complete 1,301030 0,003228
higher 1,698970 0,004216
pushing 1,698970 0,004216
software 1,301030 0,003228
highest 1,698970 0,004216
potential 1,698970 0,004216
Tap 1,698970 0,004216
into 1,397940 0,003469
collective 1,698970 0,004216
wisdom 1,698970 0,004216
Compare 1,397940 0,003469
solution 1,301030 0,003228
others 1,522879 0,009447
after 1,522879 0,003779
each 1,698970 0,004216
for 1,045757 0,005190
greater 1,698970 0,004216
Discuss 1,698970 0,004216
best 1,301030 0,003228
practices 1,522879 0,003779
innovative 1,698970 0,004216
techniques 1,522879 0,003779
Have 1,522879 0,003779
mind 1,698970 0,004216
blown 1,698970 0,004216
how 1,301030 0,003228
differently 1,698970 0,004216
tackle 1,698970 0,004216
same 1,522879 0,003779
problem 1,522879 0,003779
Create 1,397940 0,006938
own 1,301030 0,004843
Author 1,522879 0,003779
that 1,154902 0,007164
focus 1,522879 0,003779
interests 1,698970 0,004216
specific 1,522879 0,003779
skill 1,698970 0,004216
sets 1,698970 0,004216
insight 1,698970 0,004216
everything 1,397940 0,003469
common 1,522879 0,003779
interview 1,698970 0,004216
questions 1,397940 0,003469
push 1,301030 0,003228
limits 1,522879 0,003779
creativity 1,698970 0,004216
Gain 1,698970 0,004216
sensei 1,698970 0,004216
within 1,397940 0,005203
dojo 1,698970 0,004216
Community 1,221849 0,003032
love 1,522879 0,003779
I 0,853872 0,004238
swear 1,698970 0,004216
codewars 1,698970 0,008432
better 1,522879 0,003779
than 1,397940 0,003469
college 1,698970 0,004216
Martin 1,698970 0,004216
Genev 1,698970 0,004216
cyberseer 1,698970 0,004216
Perfect 1,698970 0,004216
Execution 1,698970 0,004216
Kevin 1,698970 0,006324
Granger 1,698970 0,006324
forgot 1,698970 0,004216
eat 1,698970 0,004216
dinner 1,698970 0,004216
because 1,397940 0,003469
was 1,522879 0,003779
This 1,221849 0,003032
addictive 1,698970 0,004216
Raf 1,698970 0,004216
Szalansky 1,698970 0,004216
szalansky 1,698970 0,004216
Extremely 1,698970 0,004216
well 1,698970 0,004216
done 1,698970 0,004216
excellent 1,698970 0,004216
example 1,522879 0,003779
learning 1,522879 0,003779
Ahmed 1,698970 0,004216
Omran 1,698970 0,004216
this 1,096910 0,004083
ahmedJoin 1,698970 0,004216
Us 1,698970 0,004216
Brought 1,698970 0,004216
Accelerate 1,698970 0,004216
technical 1,522879 0,003779
hiring 1,698970 0,004216
upskilling 1,698970 0,004216
certifications 1,698970 0,004216
advanced 1,522879 0,003779
assessment 1,698970 0,004216
platform 1,397940 0,003469
Learn 1,221849 0,003032
More 1,397940 0,003469
About 1,154902 0,002866
API 1,301030 0,003228
Announcements 1,698970 0,004216
Privacy 1,154902 0,002866
Terms 1,221849 0,003032
Contact 1,221849 0,003032
Confirm 1,698970 0,006324
Cancel 1,698970 0,004216
Collect 1,698970 0,004216
Loading 1,522879 0,003779
collection 1,522879 0,013226
data 1,154902 0,002866
Add 1,397940 0,006938
My 1,397940 0,003469
Collections 1,522879 0,005668
View 1,397940 0,003469
Remove 1,698970 0,004216
You 1,045757 0,003892
not 1,154902 0,002866
created 1,698970 0,004216
any 1,221849 0,003032
collections 1,698970 0,006324
yet 1,698970 0,004216
organize 1,698970 0,004216
so 1,522879 0,005668
can 1,221849 0,006064
create 1,522879 0,007558
routines 1,698970 0,004216
Every 1,522879 0,003779
public 1,397940 0,003469
automatically 1,522879 0,003779
sharable 1,698970 0,004216
other 1,301030 0,003228
warriors 1,698970 0,004216
After 1,522879 0,003779
added 1,522879 0,003779
few 1,397940 0,003469
contained 1,698970 0,004216
started 1,301030 0,003228
now 1,301030 0,003228
creating 1,522879 0,003779
wait 1,698970 0,004216
until 1,698970 0,004216
earned 1,698970 0,004216
at 1,221849 0,003032
least 1,522879 0,003779
before 1,397940 0,003469
Set 1,698970 0,004216
name 1,301030 0,003228
Remember 1,698970 0,004216
going 1,522879 0,003779
be 1,301030 0,003228
visible 1,698970 0,004216
everyone 1,522879 0,003779
think 1,698970 0,004216
something 1,698970 0,004216
understand 1,522879 0,003779
New 1,154902 0,002866
Collection 1,698970 0,004216
