ТВ 0,657577 0,002597
Центр 0,920819 0,004364
Официальный 1,221849 0,001930
сайт 0,494850 0,000782
телекомпании 1,698970 0,002684
ТВЦ 1,522879 0,003609
open 1,221849 0,002895
menu 1,698970 0,004026
ГЛАВНАЯ 1,698970 0,005368
НОВОСТИ 1,397940 0,004417
ТЕЛЕПРОГРАММА 1,522879 0,004812
ПРЯМОЙ 1,698970 0,005368
ЭФИР 1,397940 0,004417
ВИДЕОТЕКА 1,698970 0,005368
О 0,207608 0,000656
КОМПАНИИ 1,522879 0,004812
поиск 0,920819 0,002909
по 0,124939 0,000592
дате 1,522879 0,002406
новостям 1,698970 0,002684
телеканалу 1,698970 0,002684
NASTROENIE 1,698970 0,004026
TV 1,221849 0,002895
Общество 0,638272 0,002017
В 0,167491 0,000529
Москве 0,455932 0,000720
прощаются 1,301030 0,002055
с 0,102373 0,000485
Владимиром 0,677781 0,001071
Жириновским 0,585027 0,001386
Церемонию 1,522879 0,002406
посетил 1,522879 0,002406
Владимир 0,431798 0,000682
Путин 0,721246 0,002279
Фильмы 0,744727 0,002353
о 0,136677 0,000648
звездах 1,301030 0,004111
Короли 1,698970 0,002684
эпизода 1,301030 0,002055
Борислав 1,698970 0,004026
Брондуков 1,698970 0,004026
Под 1,096910 0,002599
конец 1,301030 0,002055
жизни 0,443697 0,001752
был 0,481486 0,001521
прикован 1,698970 0,002684
к 0,207608 0,000492
постели 1,698970 0,002684
Три 0,823909 0,001302
инсульта 1,698970 0,002684
лишили 1,698970 0,002684
артиста 1,397940 0,002208
профессии 1,045757 0,001652
Зрители 1,301030 0,003083
всегда 0,657577 0,001039
смеялись 1,522879 0,002406
когда 0,585027 0,001386
видели 1,301030 0,002055
на 0,075721 0,000538
экране 1,397940 0,004417
его 0,376751 0,002678
чудаковатых 1,698970 0,002684
героев 1,045757 0,002478
Но 0,619789 0,001958
самом 0,886057 0,001400
деле 0,886057 0,001400
он 0,568636 0,002695
играл 1,221849 0,002895
трагедии 1,221849 0,001930
маленьких 1,397940 0,002208
людей 0,698970 0,001104
брошенных 1,522879 0,002406
дно 1,522879 0,002406
общества 1,096910 0,001733
Играл 1,698970 0,002684
так 0,522879 0,001239
что 0,187087 0,001330
порой 1,397940 0,002208
реплики 1,698970 0,002684
запоминали 1,698970 0,002684
чаще 1,154902 0,001824
чем 0,420216 0,000996
монологи 1,522879 0,002406
главных 0,853872 0,001349
Экономика 0,568636 0,001347
Банк 1,045757 0,001652
России 0,251812 0,000796
снизил 0,698970 0,001104
ключевую 0,677781 0,001071
ставку 0,657577 0,001039
до 0,244125 0,000771
Худ 1,698970 0,004026
фильмы 0,886057 0,004899
Женщина 1,221849 0,001930
наводит 1,698970 0,002684
порядок 1,154902 0,001824
Украина 0,698970 0,001656
огнем 1,698970 0,002684
спасал 1,698970 0,002684
сослуживцев 1,522879 0,002406
новые 0,508638 0,000804
подвиги 1,154902 0,001824
российских 0,468521 0,000740
военных 0,795880 0,001257
Украине 0,537602 0,001274
Российские 0,920819 0,001455
военнослужащие 1,698970 0,002684
проявляют 1,698970 0,002684
отвагу 1,698970 0,002684
Док 1,397940 0,005521
Знаменитые 1,522879 0,003609
соблазнители 1,698970 0,004026
Шон 1,522879 0,003609
Коннери 1,698970 0,005368
признан 1,154902 0,001824
самым 0,920819 0,001455
сексуальным 1,522879 0,002406
мужчиной 1,522879 0,002406
ХХ 1,397940 0,002208
века 0,721246 0,001139
На 0,283997 0,001122
это 0,292430 0,000693
безупречный 1,698970 0,002684
британский 1,698970 0,002684
джентльмен 1,698970 0,002684
мало 1,154902 0,001824
кто 0,494850 0,000782
знает 1,000000 0,001580
сам 1,000000 0,001580
простолюдин 1,698970 0,002684
рождению 1,698970 0,002684
не 0,142668 0,001014
любил 1,096910 0,002599
англичан 1,698970 0,002684
и 0,075721 0,000897
жизнь 0,537602 0,000849
посвятил 1,698970 0,002684
борьбе 1,096910 0,001733
за 0,180456 0,000713
независимость 1,698970 0,002684
родной 1,301030 0,002055
Шотландии 1,698970 0,002684
Европа 0,853872 0,001349
под 0,376751 0,000595
давлением 1,698970 0,002684
США 0,508638 0,000804
вынуждена 1,221849 0,001930
действовать 1,301030 0,002055
себе 0,619789 0,000979
в 0,070581 0,001171
ущерб 1,522879 0,002406
Накануне 1,301030 0,002055
страны 0,638272 0,001512
ЕС 0,920819 0,001455
согласовали 1,698970 0,002684
очередной 1,301030 0,002055
пакет 0,853872 0,001349
мер 1,522879 0,002406
против 0,387216 0,000612
Москвы 0,744727 0,001765
Михаил 0,568636 0,001797
Круг 1,698970 0,002684
Я 0,508638 0,000804
а 0,327902 0,001036
меня 0,721246 0,001139
предавали 1,698970 0,002684
Будущий 1,698970 0,002684
король 1,397940 0,003313
шансона 1,698970 0,004026
отвратительно 1,698970 0,002684
учился 1,698970 0,002684
школе 1,221849 0,001930
первое 0,886057 0,001400
стихотворение 1,698970 0,002684
написал 1,154902 0,001824
чтобы 0,481486 0,000761
проучить 1,698970 0,002684
отличницу 1,698970 0,002684
сестру 1,301030 0,002055
Как 0,301030 0,001189
двоечник 1,698970 0,002684
Миша 1,301030 0,002055
Воробьев 1,397940 0,002208
превратился 1,397940 0,002208
короля 1,397940 0,002208
Михаила 1,154902 0,002737
Круга 1,698970 0,004026
Какое 1,397940 0,002208
отношение 1,045757 0,001652
псевдониму 1,698970 0,002684
имеет 1,301030 0,002055
чекушечка 1,698970 0,002684
водки 1,221849 0,001930
Правда 1,096910 0,001733
ли 0,397940 0,001257
тираном 1,698970 0,002684
личной 1,522879 0,002406
А 0,376751 0,000893
может 0,397940 0,000629
мстил 1,698970 0,002684
женщинам 1,698970 0,002684
поруганную 1,698970 0,002684
первую 0,958607 0,001514
любовь 0,698970 0,001104
Официально 1,522879 0,002406
дело 0,886057 0,001400
об 0,292430 0,000462
убийстве 1,397940 0,002208
раскрыто 1,698970 0,002684
но 0,481486 0,000761
почему 0,494850 0,000782
близкие 1,397940 0,002208
сих 1,096910 0,001733
пор 1,045757 0,001652
верят 1,522879 0,002406
результаты 1,154902 0,001824
следствия 1,397940 0,002208
приехал 1,301030 0,002055
проститься 1,698970 0,002684
Лидер 1,397940 0,002208
ЛДПР 0,744727 0,001177
скончался 1,301030 0,002055
апреля 0,301030 0,000476
Обложка 1,522879 0,002406
Принц 1,522879 0,002406
Тьмы 1,698970 0,002684
Модель 1,522879 0,002406
советской 1,221849 0,001930
сборки 1,698970 0,002684
Блеск 1,301030 0,002055
нищета 1,397940 0,002208
первых 0,853872 0,001349
красавиц 1,522879 0,002406
Советского 1,522879 0,002406
Союза 1,522879 0,002406
Чем 0,920819 0,001455
платили 1,698970 0,002684
советские 1,096910 0,001733
манекенщицы 1,698970 0,004026
право 1,045757 0,001652
появиться 1,397940 0,002208
обложке 1,522879 0,002406
спецслужбы 1,698970 0,002684
разрушили 1,698970 0,002684
личное 1,522879 0,002406
счастье 1,096910 0,002599
знаменитой 1,522879 0,002406
Леки 1,698970 0,002684
Мироновой 1,698970 0,002684
Галину 1,698970 0,002684
Миловскую 1,698970 0,002684
позором 1,698970 0,002684
выгнали 1,698970 0,002684
из 0,167491 0,000265
Кто 0,638272 0,001008
убил 1,397940 0,002208
советскую 1,698970 0,002684
Марлен 1,698970 0,002684
Дитрих 1,698970 0,002684
Валентину 1,698970 0,002684
Яшину 1,698970 0,002684
Почему 0,522879 0,001239
красота 1,301030 0,002055
стала 0,823909 0,001302
для 0,119186 0,000188
манекенщиц 1,698970 0,002684
проклятьем 1,522879 0,002406
мире 0,468521 0,000740
Появилось 1,522879 0,002406
видео 0,568636 0,000898
крушения 1,698970 0,002684
Boeing 1,698970 0,002684
Коста 1,397940 0,002208
Рике 1,397940 0,002208
Никто 1,397940 0,003313
пострадал 1,698970 0,002684
Благотворительность 1,522879 0,002406
собирают 1,698970 0,002684
средства 1,154902 0,001824
лечение 1,698970 0,002684
Димы 1,698970 0,002684
Боронина 1,698970 0,002684
Передачи 1,221849 0,002895
Мой 0,853872 0,002023
герой 0,958607 0,002272
Александра 0,638272 0,001512
Яковлева 1,397940 0,002208
Памяти 1,221849 0,001930
артистки 1,698970 0,002684
сложилась 1,698970 0,002684
актерская 1,522879 0,002406
судьба 0,958607 0,001514
у 0,387216 0,000612
Александры 1,522879 0,002406
Яковлевой 1,221849 0,001930
она 0,744727 0,001177
свое 0,721246 0,001139
время 0,366532 0,000579
решила 1,154902 0,001824
резко 1,096910 0,001733
все 0,292430 0,000693
изменить 1,154902 0,001824
ушла 1,221849 0,001930
сначала 1,154902 0,001824
бизнес 0,657577 0,001039
потом 0,920819 0,001455
политику 1,301030 0,002055
Довольна 1,698970 0,002684
была 0,744727 0,001177
этим 1,000000 0,001580
выбором 1,522879 0,002406
Об 0,698970 0,001104
этом 0,585027 0,001386
только 0,309804 0,000489
смотрите 1,301030 0,002055
очередном 1,698970 0,004026
выпуске 1,221849 0,002895
ток 1,221849 0,001930
шоу 0,657577 0,001039
Татьяной 1,698970 0,002684
Устиновой 1,698970 0,002684
проходит 1,000000 0,001580
обслуживание 1,522879 0,002406
ремонт 1,522879 0,002406
бронетехники 1,698970 0,002684
российскими 1,154902 0,001824
военными 1,301030 0,002055
Комплексное 1,698970 0,002684
восстановление 1,698970 0,002684
проводят 1,397940 0,002208
полевых 1,698970 0,002684
условиях 0,886057 0,001400
Анатомия 1,397940 0,002208
убийства 1,221849 0,001930
Убийственная 1,698970 0,002684
справедливость 1,522879 0,002406
я 0,522879 0,000826
серия 1,000000 0,001580
Доктор 0,853872 0,002023
И 0,408935 0,000969
П 1,221849 0,002895
медицина 1,096910 0,002599
будущего 0,823909 0,001302
Каждый 1,154902 0,001824
человек 0,494850 0,001173
мечтает 1,397940 0,002208
жить 0,958607 0,001514
долго 1,000000 0,001580
оставаясь 1,522879 0,002406
при 0,468521 0,001110
здоровым 1,522879 0,002406
активным 1,397940 0,002208
сильным 1,698970 0,002684
глубокой 1,522879 0,002406
старости 1,221849 0,001930
Реально 1,698970 0,002684
Современная 1,221849 0,001930
предлагает 1,045757 0,001652
идеальную 1,397940 0,002208
модель 1,045757 0,001652
управления 1,221849 0,001930
своим 1,045757 0,001652
здоровьем 1,397940 0,002208
которая 0,823909 0,001302
называется 1,397940 0,002208
заключаются 1,698970 0,002684
ее 0,508638 0,001205
основные 1,397940 0,002208
принципы 1,397940 0,002208
программы 0,823909 0,001302
рассказывает 0,958607 0,001514
врач 1,096910 0,001733
гериатр 1,698970 0,002684
доктор 1,154902 0,001824
медицинских 1,522879 0,002406
наук 1,301030 0,002055
Антон 0,958607 0,001514
Наумов 1,522879 0,002406
Коронавирус 0,958607 0,001514
COVID 1,096910 0,001733
С 0,455932 0,000720
коронавирусом 1,154902 0,001824
госпитализированы 1,301030 0,002055
Выявлено 1,698970 0,002684
новых 0,508638 0,000804
случаев 1,045757 0,001652
Ульянов 1,522879 0,003609
Горькая 1,698970 0,002684
исповедь 1,698970 0,002684
лет 0,366532 0,000579
одном 0,958607 0,001514
театре 1,045757 0,001652
около 1,000000 0,001580
ролей 1,522879 0,002406
кино 0,568636 0,000898
умевший 1,698970 0,002684
актерствовать 1,698970 0,002684
верили 1,698970 0,002684
каждому 1,522879 0,002406
слову 1,698970 0,002684
Перемерив 1,698970 0,002684
совершенно 0,886057 0,001400
разные 1,096910 0,001733
маски 1,698970 0,002684
остался 1,301030 0,002055
индивидуальностью 1,698970 0,002684
Рассекречены 1,698970 0,002684
архивные 1,522879 0,002406
документы 1,221849 0,001930
зверствах 1,221849 0,001930
украинских 0,795880 0,001257
националистов 0,958607 0,001514
Информацию 1,698970 0,002684
предоставило 1,698970 0,002684
Минобороны 0,698970 0,001104
Политика 0,443697 0,000701
обсудил 1,096910 0,001733
Совбезом 1,698970 0,002684
спецоперацию 1,096910 0,001733
Патрик 1,301030 0,003083
Суэйзи 1,698970 0,004026
представал 1,698970 0,002684
баловнем 1,698970 0,002684
судьбы 1,154902 0,001824
Казалось 1,397940 0,002208
добивался 1,698970 0,002684
всего 0,744727 0,001177
легко 1,045757 0,001652
непринужденно 1,698970 0,002684
успеха 1,096910 0,001733
денег 1,096910 0,001733
женщин 0,920819 0,001455
никто 1,096910 0,001733
знал 1,154902 0,001824
подлинной 1,698970 0,002684
подозревал 1,698970 0,002684
через 0,585027 0,000924
ему 0,853872 0,001349
пришлось 1,221849 0,001930
пройти 1,154902 0,001824
Сколько 1,154902 0,001824
боли 1,397940 0,002208
несчастий 1,698970 0,002684
выпало 1,698970 0,002684
долю 1,698970 0,002684
догадывался 1,698970 0,002684
подстерегало 1,698970 0,002684
тот 0,853872 0,001349
момент 0,920819 0,001455
казалось 1,301030 0,002055
обрел 1,397940 0,002208
трудности 1,301030 0,002055
остались 1,301030 0,002055
позади 1,522879 0,002406
Copyright 1,154902 0,001824
АО 0,795880 0,001886
сайте 0,431798 0,001023
работает 0,657577 0,001039
система 1,221849 0,001930
коррекции 1,301030 0,002055
ошибок 1,154902 0,001824
Обнаружив 1,397940 0,002208
неточность 1,397940 0,002208
тексте 1,154902 0,001824
выделите 1,154902 0,001824
нажмите 1,045757 0,001652
Ctrl 0,958607 0,001514
Enter 0,958607 0,001514
Реклама 0,387216 0,000612
эфире 0,823909 0,001302
телеканала 0,958607 0,001514
reklama 1,522879 0,002406
tvc 1,698970 0,002684
ru 0,187087 0,000296
Форма 1,221849 0,001930
обратной 1,301030 0,002055
связи 0,455932 0,001080
Партнеры 1,221849 0,001930
сайта 0,522879 0,000826
проект 0,744727 0,001765
Активный 1,522879 0,002406
гражданин 1,522879 0,002406
Георгиевская 1,397940 0,002208
лента 1,045757 0,001652
онлайн 0,508638 0,000804
Сетевое 0,795880 0,001886
издание 0,657577 0,001558
Москва 0,508638 0,001205
Учредитель 0,698970 0,001104
Свидетельство 0,721246 0,001139
регистрации 0,638272 0,001008
СМИ 0,481486 0,000761
Эл 0,721246 0,001139
ФС 0,522879 0,000826
от 0,193820 0,000306
декабря 0,886057 0,001400
года 0,356547 0,000563
выдано 1,301030 0,002055
Федеральной 0,619789 0,000979
службой 0,744727 0,001177
надзору 0,619789 0,000979
сфере 0,552842 0,000873
информационных 0,585027 0,000924
технологий 0,568636 0,000898
массовых 0,568636 0,000898
коммуникаций 0,585027 0,000924
Главный 0,585027 0,000924
редактор 0,585027 0,000924
Быстрицкая 1,698970 0,002684
Ю 1,397940 0,002208
выпускается 1,698970 0,002684
финансовой 1,154902 0,001824
поддержке 1,096910 0,001733
Департамента 1,522879 0,002406
средств 1,301030 0,002055
массовой 1,000000 0,001580
информации 0,698970 0,001104
рекламы 0,823909 0,001302
города 0,698970 0,001104
могут 0,522879 0,000826
демонстрироваться 1,698970 0,002684
табачные 1,698970 0,002684
изделия 1,698970 0,002684
Потребление 1,698970 0,002684
табака 1,698970 0,002684
вредит 1,698970 0,002684
вашему 1,522879 0,002406
здоровью 1,698970 0,002684
