Кинопортал 1,698970 0,000168
Фильм 1,154902 0,000916
ру 0,886057 0,000176
все 0,292430 0,000464
о 0,136677 0,000420
кино 0,568636 0,004793
рецензии 1,221849 0,000485
обзоры 1,301030 0,000387
новости 0,420216 0,000167
премьеры 1,301030 0,000387
фильмов 0,795880 0,000474
Новости 0,221849 0,000220
Конкурсы 1,045757 0,000207
Трейлеры 1,221849 0,000364
Постеры 1,522879 0,000302
Кадры 1,301030 0,000258
Фоторепортажи 1,397940 0,000277
Бокс 1,397940 0,000277
офис 1,397940 0,000277
Содержанки 1,698970 0,000505
и 0,075721 0,001262
Контейнер 1,698970 0,000505
возглавили 1,698970 0,000505
список 0,823909 0,000245
популярных 1,096910 0,000435
сериалов 1,045757 0,001244
на 0,075721 0,000661
российском 1,000000 0,000298
стриминге 1,698970 0,000505
Netflix 1,221849 0,000485
готовит 1,154902 0,000458
приквел 1,522879 0,000453
Короны 1,698970 0,000505
Слабо 1,698970 0,000505
пошутил 1,397940 0,000416
Рики 1,698970 0,000505
Джервэйс 1,698970 0,000505
своеобразно 1,698970 0,000505
вступился 1,698970 0,000505
за 0,180456 0,000519
Криса 1,698970 0,000505
Рока 1,522879 0,000453
Смотреть 0,721246 0,000143
онлайн 0,508638 0,000252
Афиша 0,795880 0,000158
График 1,221849 0,000606
премьер 1,045757 0,000311
выхода 1,000000 0,000595
Найти 0,853872 0,005758
с 0,102373 0,001269
кем 1,221849 0,008361
пойти 1,221849 0,008239
в 0,070581 0,001519
Главные 0,769551 0,000229
новинки 0,886057 0,000176
недели 0,769551 0,000305
Салют 1,221849 0,000606
Все 0,148742 0,000207
везде 1,221849 0,000485
сразу 0,795880 0,000395
Вне 1,301030 0,000516
закона 1,045757 0,000519
Чудеса 1,397940 0,000555
Красавица 1,154902 0,000458
Дракон 1,522879 0,000604
Подельники 1,301030 0,000516
Что 0,346787 0,000103
посмотреть 1,000000 0,000198
Лучшие 0,823909 0,000490
фильмы 0,886057 0,000615
сериалы 0,920819 0,000457
Наши 0,886057 0,000264
надежды 1,221849 0,000242
Невыносимая 1,522879 0,000604
тяжесть 1,522879 0,000604
огромного 1,301030 0,000516
таланта 1,301030 0,000516
Аббатство 1,698970 0,000337
Даунтон 1,522879 0,000302
Топ 0,958607 0,000285
Ган 1,397940 0,000416
Мэверик 1,397940 0,000416
Человек 0,958607 0,000190
паук 1,221849 0,000242
Через 1,522879 0,000302
вселенные 1,698970 0,000505
Бордерлендс 1,522879 0,000302
Черный 1,154902 0,000229
телефон 0,853872 0,000169
Коллекции 1,154902 0,000229
любимки 1,698970 0,000337
главные 0,823909 0,000163
актеры 1,397940 0,000277
Фильмы 0,744727 0,000222
которые 0,431798 0,000642
помогут 1,096910 0,000218
снова 0,769551 0,000458
высоко 1,522879 0,000302
отмеченные 1,698970 0,000337
критиками 1,698970 0,000337
Ужастики 1,698970 0,000337
страшно 1,522879 0,000302
смотреть 0,769551 0,000229
анимационные 1,698970 0,000337
Комедии 1,698970 0,000337
для 0,119186 0,000130
просмотра 1,221849 0,000242
кругу 1,522879 0,000302
друзей 1,045757 0,000622
Новые 0,552842 0,000110
русские 1,045757 0,000311
Вселенная 1,397940 0,000277
Звездных 1,522879 0,000453
войн 1,397940 0,000416
каком 1,301030 0,000258
порядке 1,397940 0,000277
американские 1,301030 0,000258
комедийные 1,698970 0,000337
лучших 1,096910 0,000653
британских 1,698970 0,000337
Главное 0,657577 0,000130
Рецензии 0,920819 0,000274
Обзоры 1,397940 0,000277
Подборки 0,795880 0,000158
Лучшее 1,154902 0,000229
лет 0,366532 0,000727
Наше 1,154902 0,000229
Интервью 0,638272 0,000127
статьи 0,958607 0,000190
Популярные 0,853872 0,000339
материалы 0,537602 0,000160
причин 1,154902 0,000458
почему 0,494850 0,000245
Острые 1,397940 0,000416
козырьки 1,397940 0,000416
один 0,721246 0,000286
из 0,167491 0,000565
нашего 0,958607 0,000285
времени 0,721246 0,000429
Победители 1,397940 0,000416
премии 0,853872 0,000254
Оскар 1,000000 0,000694
Пощечина 1,698970 0,000505
общественному 1,698970 0,000505
вкусу 1,397940 0,000416
продолжает 1,045757 0,000311
падение 1,698970 0,000505
дно 1,522879 0,000453
Знакомства 1,397940 0,000277
Установить 1,397940 0,000277
приложение 0,920819 0,000274
Мария 0,698970 0,000208
П 1,221849 0,000242
хочет 1,000000 0,000893
Ника 1,397940 0,000277
И 0,408935 0,000284
О 0,207608 0,000062
себе 0,619789 0,000184
см 1,698970 0,000337
анастасия 1,698970 0,000337
ю 1,522879 0,000302
Юлия 0,823909 0,000245
Дит 1,698970 0,000337
Раиса 1,522879 0,000302
Снимите 1,698970 0,000337
это 0,292430 0,000203
немедленно 1,522879 0,000302
российских 0,468521 0,000093
романов 1,301030 0,000258
нужно 0,721246 0,000286
срочно 1,522879 0,000302
экранизировать 1,698970 0,000337
Иван 0,744727 0,000148
Шульц 1,698970 0,000337
Самый 1,000000 0,000198
влюбленный 1,522879 0,000302
жанр 1,397940 0,000416
свете 1,154902 0,000344
Как 0,301030 0,000119
изменились 1,221849 0,000242
романтические 1,397940 0,000277
комедии 1,301030 0,000258
Гульназ 1,698970 0,000674
Давлетшина 1,698970 0,000674
Амнезия 1,698970 0,000505
мать 0,958607 0,000475
рецензия 1,698970 0,000842
австралийский 1,698970 0,000505
сериал 1,045757 0,001348
Турист 1,698970 0,000505
Егор 1,221849 0,000364
Козкин 1,698970 0,000505
чуть 1,096910 0,000218
не 0,142668 0,000495
убили 1,698970 0,000337
Джеки 1,397940 0,000277
Чана 1,698970 0,000337
Ефим 1,698970 0,000842
Гугнин 1,698970 0,000842
Рецензия 1,522879 0,001359
фильм 0,823909 0,000817
Гарри 1,045757 0,000726
Хафт 1,221849 0,000606
Последний 0,920819 0,000548
бой 1,096910 0,000544
реальную 1,698970 0,000505
историю 0,795880 0,000316
боксера 1,522879 0,000453
выжившего 1,397940 0,000416
Освенциме 1,397940 0,000416
Супруги 1,698970 0,000505
заунывную 1,698970 0,000505
драму 1,522879 0,000453
биполярном 1,698970 0,000505
расстройстве 1,698970 0,000505
Каннского 1,698970 0,000505
фестиваля 1,397940 0,000555
Максим 0,958607 0,000380
Ершов 1,522879 0,000604
Последняя 1,301030 0,000516
дуэль 1,522879 0,000302
драма 1,045757 0,007259
США 0,508638 0,004287
Прошлой 1,698970 0,000337
ночью 1,397940 0,000277
Сохо 1,698970 0,000337
детектив 1,096910 0,002393
Великобритания 1,301030 0,002064
Отряд 1,698970 0,000337
самоубийц 1,698970 0,000337
Миссия 1,522879 0,000302
навылет 1,698970 0,000337
боевик 1,522879 0,006041
Легенда 1,301030 0,000258
Зеленом 1,698970 0,000337
рыцаре 1,698970 0,000337
Не 0,481486 0,000095
время 0,366532 0,000473
умирать 1,522879 0,000302
Красотка 1,698970 0,000337
взводе 1,698970 0,000337
Главный 0,585027 0,000174
герой 0,958607 0,000475
Титан 1,698970 0,000337
Франция 1,096910 0,001197
Поттер 1,698970 0,000337
спустя 1,154902 0,000458
Возвращение 1,096910 0,000653
Хогвартс 1,522879 0,000302
документальный 1,522879 0,000302
Герда 1,698970 0,000337
Россия 0,455932 0,002577
Вышел 1,397940 0,000277
трейлер 1,221849 0,001333
продолжения 1,221849 0,000242
эротического 1,698970 0,000337
хита 1,698970 0,000337
дней 0,744727 0,000369
Алисия 1,522879 0,000302
Викандер 1,522879 0,000302
рассказала 0,958607 0,000190
дискомфорте 1,698970 0,000337
во 0,494850 0,000393
съемок 1,301030 0,000258
постельных 1,698970 0,000337
сцен 1,698970 0,000337
Сегодня 0,677781 0,000134
родились 1,397940 0,000277
Антон 0,958607 0,000190
Васильев 1,096910 0,000218
Anton 1,698970 0,000337
Vasilev 1,698970 0,000337
Аллу 1,698970 0,000337
Арджун 1,698970 0,000337
Allu 1,698970 0,000337
Arjun 1,698970 0,000337
Робин 1,221849 0,000242
Райт 1,301030 0,000258
Robin 1,698970 0,000337
Wright 1,698970 0,000337
Тейлор 1,397940 0,000277
Китч 1,698970 0,000337
год 0,568636 0,000451
Taylor 1,698970 0,000337
Kitsch 1,698970 0,000337
Патриша 1,698970 0,000337
Аркетт 1,522879 0,000302
года 0,356547 0,000283
Patricia 1,698970 0,000337
Arquette 1,698970 0,000337
главных 0,853872 0,000339
апреля 0,301030 0,000119
Трейлер 1,301030 0,010322
дня 0,494850 0,000098
Элита 1,698970 0,000337
Сезон 0,958607 0,002852
англ 1,522879 0,004229
суб 1,522879 0,000604
Озарк 1,698970 0,000337
часть 0,795880 0,000158
Финальный 1,522879 0,000453
Базз 1,522879 0,000302
Лайтер 1,522879 0,000302
ТВ 0,657577 0,000130
спот 1,698970 0,000337
трейлеры 1,221849 0,000242
Мой 0,853872 0,000169
друг 0,795880 0,000237
Откуда 1,154902 0,000229
Властелине 1,698970 0,000337
колец 1,522879 0,000453
темнокожие 1,698970 0,000337
эльфы 1,522879 0,000302
странно 1,522879 0,000604
возмущаться 1,698970 0,000337
этому 1,096910 0,000218
году 0,602060 0,000478
Локдаун 1,698970 0,000337
по 0,124939 0,000322
голливудски 1,698970 0,000337
новую 0,769551 0,000458
комедию 1,698970 0,000337
Джадда 1,522879 0,000302
Апатоу 1,522879 0,000302
Пузырь 1,397940 0,000277
Оля 1,397940 0,000277
Смолина 1,698970 0,000337
Бабушка 1,154902 0,000458
испанский 1,397940 0,000277
хоррор 1,301030 0,000258
неотвратимой 1,698970 0,000337
старости 1,221849 0,000242
ведьмах 1,698970 0,000337
Я 0,508638 0,000202
крыса 1,522879 0,000453
ты 0,886057 0,000176
Морбиус 1,397940 0,000277
Дмитрий 0,602060 0,000179
Елагин 1,698970 0,000337
Чудо 1,301030 0,000258
перьях 1,698970 0,000337
ужасов 1,221849 0,000242
Скрежет 1,154902 0,000458
Настасья 1,522879 0,000302
Горбачевская 1,698970 0,000337
Премьеры 1,096910 0,000326
кинотеатрах 1,397940 0,000277
Чупакабра 1,698970 0,000505
Сядь 1,397940 0,000555
руль 1,301030 0,000516
моей 1,000000 0,000397
машины 1,045757 0,000519
Япония 0,823909 0,000572
Прятки 1,522879 0,000453
Роман 0,795880 0,000237
служанки 1,698970 0,000505
Последнее 1,000000 0,000298
пришествие 1,698970 0,000505
дьявола 1,522879 0,000453
Мексика 1,698970 0,000842
Осада 1,698970 0,000505
Канада 1,301030 0,000903
Бабки 1,698970 0,000505
комедия 1,045757 0,002178
Потеряшки 1,698970 0,000505
тайна 1,522879 0,000604
волшебной 1,698970 0,000674
пирамиды 1,397940 0,000555
мультфильмы 1,522879 0,002265
Италия 1,301030 0,001161
Мегрэ 1,397940 0,000555
таинственная 1,397940 0,000416
девушка 1,221849 0,000364
триллер 1,221849 0,001818
Тарас 1,154902 0,000344
Бульба 1,154902 0,000458
Балканский 1,397940 0,000416
рубеж 1,221849 0,000364
ужасы 1,522879 0,001359
Испания 1,301030 0,000387
биографический 1,698970 0,002527
Финляндия 1,154902 0,000573
Мальчик 1,301030 0,000516
дельфин 1,301030 0,000387
Призрак 1,301030 0,000387
монахини 1,522879 0,000604
Борли 1,522879 0,000604
Бодибилдер 1,522879 0,000453
спорт 1,154902 0,000344
Жена 1,154902 0,000458
художника 1,045757 0,000415
Дьяволик 1,522879 0,000453
Закат 1,397940 0,000416
Стражи 1,397940 0,000416
терракоты 1,698970 0,000505
Китай 1,096910 0,000326
Близнец 1,522879 0,000453
жизней 1,522879 0,000604
Обратимая 1,522879 0,000453
реальность 1,000000 0,000298
Альпийские 1,522879 0,000453
приключения 1,045757 0,000415
Швейцария 1,698970 0,000674
Добро 1,301030 0,000387
пожаловать 1,301030 0,000387
семью 1,154902 0,000573
Беларусь 1,154902 0,000344
Родители 1,301030 0,000516
строгого 1,522879 0,000453
режима 1,397940 0,000416
Пласт 1,522879 0,000604
иду 1,522879 0,000453
искать 1,301030 0,000516
Королевская 1,301030 0,000516
битва 1,301030 0,000516
Бумер 1,522879 0,000755
второй 0,920819 0,000274
До 0,958607 0,000285
встречи 1,045757 0,000311
Грейс 1,397940 0,000416
Оторви 1,397940 0,000555
выбрось 1,397940 0,000555
Казнь 1,397940 0,000416
Проклятие 1,301030 0,000387
плачущей 1,522879 0,000453
Безвременье 1,522879 0,000453
Варяг 1,522879 0,000453
Этот 1,000000 0,000298
новый 0,552842 0,000384
мир 0,552842 0,000493
Слэпфейс 1,522879 0,000453
Первый 0,853872 0,000254
война 1,221849 0,000848
Тед 1,522879 0,000453
К 0,638272 0,000190
Унабомбер 1,522879 0,000604
Братцы 1,522879 0,000453
Кролики 1,522879 0,000453
Пасхальный 1,522879 0,000453
переполох 1,397940 0,000416
Германия 0,958607 0,000475
Стикер 1,397940 0,000416
Волк 1,096910 0,000326
Уолл 1,522879 0,000453
Стрит 1,397940 0,000416
Белль 1,698970 0,000674
Себастьян 1,698970 0,000674
Семь 1,096910 0,000326
пар 1,522879 0,000453
нечистых 1,698970 0,000505
Бука 1,397940 0,000416
Мое 1,301030 0,000387
любимое 1,301030 0,000387
чудище 1,397940 0,000416
Отчаянные 1,397940 0,000832
дольщики 1,397940 0,000555
мстители 1,522879 0,000453
Операция 1,221849 0,000364
Мясной 1,397940 0,000416
фарш 1,397940 0,000416
Призраки 1,221849 0,000364
квартиры 1,154902 0,000344
Флешбэк 1,522879 0,000453
Крылья 1,221849 0,000364
над 0,823909 0,000245
Берлином 1,397940 0,000416
Злость 1,522879 0,000453
Пост 1,397940 0,000416
Мортем 1,522879 0,000453
Венгрия 1,221849 0,000485
Артек 1,522879 0,000453
Большое 1,522879 0,000453
путешествие 1,096910 0,000326
семейный 1,397940 0,000416
Крио 1,522879 0,000453
Лето 1,221849 0,000364
Казахстан 1,154902 0,000344
Девятилетний 1,698970 0,000337
Андрей 0,552842 0,000219
живет 1,045757 0,000415
берегу 1,522879 0,000604
Белого 1,522879 0,000302
моря 1,301030 0,000387
никак 1,397940 0,000277
находит 1,301030 0,000645
общий 1,221849 0,000242
язык 0,823909 0,000163
матерью 1,698970 0,000337
окружающими 1,698970 0,000337
Однажды 1,045757 0,000415
шторм 1,698970 0,000337
мальчик 1,154902 0,000344
мертвую 1,698970 0,000337
собаку 1,397940 0,000277
принимает 1,522879 0,000302
ее 0,508638 0,000807
мифическое 1,698970 0,000337
животное 1,698970 0,000337
Чупакабру 1,698970 0,000337
решает 1,221849 0,000606
что 0,187087 0,000408
она 0,744727 0,001477
обладает 1,522879 0,000453
силой 1,698970 0,000674
которая 0,823909 0,000899
спасет 1,301030 0,000258
его 0,376751 0,001233
рус 1,698970 0,011625
Drive 1,698970 0,000337
My 1,397940 0,000277
Car 1,698970 0,000337
развернутая 1,698970 0,000337
экранизация 1,522879 0,000302
небольшого 1,698970 0,000505
рассказа 1,522879 0,000302
Харуки 1,397940 0,000277
Мураками 1,301030 0,000258
Театральный 1,698970 0,000337
режиссер 1,397940 0,000416
актер 1,000000 0,000198
Юсукэ 1,698970 0,000337
Хидэтоси 1,698970 0,000337
Нисидзима 1,698970 0,000337
теряет 1,522879 0,000453
жену 1,221849 0,000242
Чтобы 0,795880 0,000395
справиться 1,301030 0,000387
горем 1,698970 0,000337
он 0,568636 0,001128
соглашается 1,522879 0,000453
постановку 1,698970 0,000337
спектакля 1,221849 0,000242
Дядя 1,522879 0,000302
Ваня 1,698970 0,000337
рамках 1,154902 0,000229
театрального 1,522879 0,000302
Hide 1,698970 0,000337
and 0,958607 0,000285
Seek 1,698970 0,000337
Когда 0,602060 0,000358
успешный 1,522879 0,000302
бизнесмен 1,221849 0,000242
отправляется 1,221849 0,000485
поиски 1,221849 0,000364
пропавшего 1,397940 0,000277
брата 1,397940 0,000277
обнаруживает 1,698970 0,000505
нечто 1,397940 0,000277
ужасное 1,698970 0,000337
Mothering 1,698970 0,000337
Sunday 1,698970 0,000337
Середина 1,698970 0,000505
х 0,769551 0,000153
годов 1,045757 0,000207
прошлого 1,154902 0,000344
века 0,721246 0,000286
Британия 1,301030 0,000258
как 0,251812 0,000574
есть 0,568636 0,000169
отглаженным 1,698970 0,000337
манжетами 1,698970 0,000337
фартуками 1,698970 0,000337
чепчиками 1,698970 0,000337
прислуги 1,522879 0,000302
чулками 1,698970 0,000337
нарядными 1,698970 0,000337
велосипедами 1,698970 0,000337
корзинками 1,698970 0,000337
Джейн 1,221849 0,000242
очень 0,657577 0,000587
трогательная 1,698970 0,000337
Одесса 1,522879 0,000302
Янг 1,698970 0,000337
работает 0,657577 0,000261
доме 1,000000 0,000496
благопристойных 1,698970 0,000337
мистера 1,522879 0,000302
Ферт 1,522879 0,000302
миссис 1,522879 0,000302
Нивен 1,698970 0,000337
Колман 1,698970 0,000337
влюбляется 1,221849 0,000242
сына 1,000000 0,000397
The 0,721246 0,001073
Exorcism 1,698970 0,000337
of 0,920819 0,001004
God 1,698970 0,000337
Венесуэла 1,698970 0,000337
В 0,167491 0,000532
американского 1,301030 0,000516
экзорциста 1,698970 0,000337
Питера 1,698970 0,000337
Уильямса 1,522879 0,000302
обряда 1,698970 0,000337
вселяется 1,698970 0,000337
демон 1,301030 0,000258
совершает 1,698970 0,000337
непростительное 1,698970 0,000337
богохвльство 1,698970 0,000337
Проходит 1,397940 0,000277
последствия 1,096910 0,000218
поступка 1,698970 0,000337
настигают 1,698970 0,000337
вновь 0,823909 0,000245
American 1,698970 0,000337
Siege 1,698970 0,000337
Бывший 1,301030 0,000258
нью 1,522879 0,000302
йоркской 1,698970 0,000337
полиции 1,221849 0,000606
шерифом 1,698970 0,000337
городка 1,698970 0,000337
Орегоне 1,698970 0,000337
Тихую 1,698970 0,000337
спокойную 1,698970 0,000505
жизнь 0,537602 0,000640
захолустья 1,698970 0,000337
нарушает 1,397940 0,000277
опасная 1,522879 0,000302
банда 1,698970 0,000337
взявшая 1,698970 0,000337
заложники 1,698970 0,000337
богатого 1,698970 0,000337
доктора 1,522879 0,000302
Евгения 0,853872 0,000169
Васильевна 1,522879 0,000302
одинока 1,698970 0,000337
ненавидит 1,698970 0,000337
весь 1,000000 0,000298
Но 0,619789 0,000799
однажды 1,154902 0,000458
карма 1,698970 0,000337
настигает 1,698970 0,000337
когда 0,585027 0,001044
грабитель 1,698970 0,000337
забирает 1,698970 0,000337
всю 0,823909 0,000409
пенсию 1,522879 0,000302
безумная 1,522879 0,000302
навязывается 1,698970 0,000337
подруги 1,522879 0,000302
ОМОНовцы 1,698970 0,000337
совершают 1,698970 0,000337
рейд 1,522879 0,000302
бордель 1,698970 0,000337
подъезде 1,522879 0,000302
а 0,327902 0,000585
девушки 1,096910 0,000218
оттуда 1,522879 0,000302
просят 1,301030 0,000258
у 0,387216 0,000461
нее 1,045757 0,000311
убежища 1,698970 0,000337
Тут 1,397940 0,000277
еще 0,408935 0,000203
заявляются 1,698970 0,000337
авторитеты 1,698970 0,000337
управляют 1,698970 0,000337
Trash 1,698970 0,000337
Малыш 1,698970 0,000337
Спарк 1,698970 0,000337
попадает 1,397940 0,000555
свалку 1,698970 0,000337
представляет 1,301030 0,000258
собой 0,823909 0,000327
потерянных 1,698970 0,000337
ненужных 1,698970 0,000337
вещей 1,221849 0,000242
ему 0,853872 0,000423
грозит 1,154902 0,000229
одиночество 1,698970 0,000337
так 0,522879 0,000311
несчастью 1,522879 0,000302
ними 1,154902 0,000344
Волшебной 1,698970 0,000337
где 0,537602 0,000533
спутники 1,698970 0,000337
могут 0,522879 0,000104
стать 0,795880 0,000552
нужными 1,522879 0,000302
Maigret 1,698970 0,000337
Тело 1,397940 0,000277
юной 1,698970 0,000505
Луизы 1,698970 0,000337
обнаружили 1,301030 0,000258
центре 0,920819 0,000913
Парижа 1,397940 0,000277
утром 1,397940 0,000277
На 0,283997 0,000113
ней 0,823909 0,000409
было 0,585027 0,000348
красивое 1,698970 0,000337
вечернее 1,698970 0,000337
платье 1,301030 0,000258
немного 1,397940 0,000416
поношенные 1,698970 0,000337
туфли 1,698970 0,000337
высоком 1,698970 0,000337
каблуке 1,698970 0,000337
но 0,481486 0,000668
никаких 1,522879 0,000302
документов 1,154902 0,000229
даже 0,619789 0,000369
сумочки 1,522879 0,000302
У 0,431798 0,000128
следователей 1,698970 0,000337
нет 0,619789 0,000246
ни 0,744727 0,000295
единой 1,698970 0,000337
зацепки 1,698970 0,000505
кто 0,494850 0,000196
убийца 1,154902 0,000458
тут 0,886057 0,000176
дело 0,886057 0,000351
берется 1,522879 0,000302
легендарный 1,301030 0,000258
комиссар 1,698970 0,000337
Украина 0,698970 0,000139
Польша 1,221849 0,000242
кадре 1,698970 0,000337
XVI 1,698970 0,000337
Речь 1,522879 0,000302
Посполитая 1,698970 0,000337
захватывает 1,698970 0,000337
земли 1,154902 0,000229
насаждая 1,698970 0,000337
рабство 1,522879 0,000302
католицизм 1,698970 0,000337
Старый 1,397940 0,000277
казак 1,698970 0,000337
вступает 1,698970 0,000337
ряды 1,698970 0,000337
народного 1,698970 0,000337
ополчения 1,698970 0,000337
чтобы 0,481486 0,000668
отомстить 1,522879 0,000604
панам 1,698970 0,000337
двух 0,886057 0,000264
сыновей 1,698970 0,000337
младшего 1,522879 0,000302
Андрия 1,698970 0,000337
старшего 1,698970 0,000337
Остапа 1,698970 0,000337
Один 0,853872 0,000169
отрекся 1,698970 0,000337
от 0,193820 0,000327
родины 1,397940 0,000277
ради 1,096910 0,000326
польской 1,698970 0,000337
принцессы 1,522879 0,000302
другой 1,000000 0,000198
был 0,481486 0,000239
схвачен 1,698970 0,000337
Советская 1,522879 0,000302
космическая 1,698970 0,000337
станция 1,522879 0,000302
находящаяся 1,698970 0,000337
орбите 1,522879 0,000302
беспилотном 1,698970 0,000337
режиме 1,301030 0,000258
неожиданно 1,397940 0,000555
перестает 1,698970 0,000337
отвечать 1,522879 0,000302
сигналы 1,522879 0,000302
посылаемые 1,698970 0,000337
центра 1,301030 0,000258
управления 1,221849 0,000242
полетом 1,698970 0,000337
Падение 1,397940 0,000277
станции 1,221849 0,000242
являющейся 1,698970 0,000337
гордостью 1,698970 0,000337
советской 1,221849 0,000242
науки 1,045757 0,000311
космонавтики 1,397940 0,000277
может 0,397940 0,000197
обернуться 1,698970 0,000337
только 0,309804 0,000246
потерей 1,698970 0,000337
Сербия 1,397940 0,000277
Сюжет 1,221849 0,000364
картины 1,096910 0,000435
основан 1,698970 0,000842
реальных 1,397940 0,000416
событиях 1,045757 0,000415
произошедших 1,698970 0,000505
Косово 1,698970 0,000337
вооруженного 1,698970 0,000337
конфликта 1,522879 0,000302
между 0,823909 0,000327
албанцами 1,698970 0,000337
Югославией 1,698970 0,000337
фильме 1,096910 0,000326
впервые 0,744727 0,000222
будут 0,638272 0,000190
показаны 1,522879 0,000302
события 0,795880 0,000316
операции 0,920819 0,000274
были 0,769551 0,000229
строго 1,397940 0,000277
засекречены 1,698970 0,000337
герои 1,045757 0,000415
российские 0,958607 0,000190
десантники 1,698970 0,000337
получают 1,397940 0,000277
приказ 1,698970 0,000337
взять 1,301030 0,000387
под 0,376751 0,000448
контроль 1,221849 0,000242
Основной 1,698970 0,000505
La 1,522879 0,000453
abuela 1,698970 0,000337
Бельгия 1,522879 0,000453
Сюзанна 1,698970 0,000337
моделью 1,522879 0,000302
Париже 1,522879 0,000302
вынуждена 1,221849 0,000485
вернуться 0,958607 0,000190
Мадри 1,698970 0,000337
позаботиться 1,522879 0,000302
бабушке 1,522879 0,000302
которой 0,886057 0,000439
случился 1,698970 0,000337
сердечный 1,698970 0,000337
приступ 1,698970 0,000337
Однако 0,958607 0,000475
эти 0,920819 0,000457
несколько 0,795880 0,000237
становятся 1,221849 0,000364
сущим 1,698970 0,000337
кошмаром 1,698970 0,000337
Survivor 1,698970 0,000337
Лента 0,920819 0,000183
поведает 1,698970 0,000674
истории 0,657577 0,000261
польского 1,522879 0,000302
еврея 1,698970 0,000337
Хафта 1,522879 0,000302
который 0,508638 0,000757
выжил 1,698970 0,000674
концлагере 1,698970 0,000337
Освенцим 1,698970 0,000337
Аушвиц 1,698970 0,000337
благодаря 0,853872 0,000169
участию 1,698970 0,000337
боксерских 1,698970 0,000337
боях 1,698970 0,000337
насмерть 1,522879 0,000302
любимых 1,045757 0,000207
нацистскими 1,698970 0,000337
охранниками 1,698970 0,000337
Hatching 1,698970 0,000337
Швеция 1,397940 0,000693
Главная 0,823909 0,000163
героиня 1,221849 0,000485
стремится 1,397940 0,000277
угодить 1,698970 0,000337
требовательной 1,698970 0,000337
матери 1,301030 0,000516
странное 1,698970 0,000337
яйцо 1,522879 0,000604
прячет 1,522879 0,000302
тепле 1,698970 0,000337
то 0,537602 0,000480
него 0,795880 0,000395
вылупляется 1,698970 0,000337
шокирует 1,698970 0,000337
Everything 1,522879 0,000302
Everywhere 1,698970 0,000337
All 1,154902 0,000229
at 1,221849 0,000242
Once 1,397940 0,000277
Вы 0,619789 0,000123
задумывались 1,698970 0,000337
существуют 1,522879 0,000302
альтернативные 1,397940 0,000277
вы 0,420216 0,000125
живете 1,522879 0,000302
совершенно 0,886057 0,000176
иную 1,522879 0,000302
Эвелин 1,698970 0,000337
убеждается 1,698970 0,000337
этом 0,585027 0,000348
своем 0,823909 0,000163
собственном 1,698970 0,000505
опыте 1,698970 0,000337
получив 1,522879 0,000302
доступ 1,045757 0,000207
к 0,207608 0,000226
внутреннему 1,698970 0,000337
миру 1,154902 0,000229
других 0,795880 0,000237
версий 1,397940 0,000277
себя 0,552842 0,000329
Теперь 0,958607 0,000475
имеет 1,301030 0,000387
возможность 0,769551 0,000153
прожить 1,698970 0,000337
тысячи 1,221849 0,000364
угодно 1,301030 0,000258
известной 1,301030 0,000258
Дельфиненок 1,698970 0,000337
Снежок 1,698970 0,000337
спасает 1,698970 0,000505
мальчика 1,096910 0,000435
авиакатастрофе 1,698970 0,000337
после 0,397940 0,000513
чего 0,795880 0,000316
они 0,657577 0,000848
верными 1,698970 0,000337
друзьями 1,301030 0,000387
Они 0,886057 0,000615
весело 1,698970 0,000505
проводят 1,397940 0,000416
свои 0,698970 0,000208
будни 1,698970 0,000337
пока 1,000000 0,000595
им 0,602060 0,000358
начинает 1,397940 0,001525
угрожать 1,522879 0,000302
злобный 1,698970 0,000337
Осьминог 1,698970 0,000337
Он 0,721246 0,000429
изгоняет 1,698970 0,000337
берег 1,698970 0,000337
приходится 1,397940 0,000555
учиться 1,301030 0,000258
жить 0,958607 0,000475
новым 1,000000 0,000198
правилам 1,698970 0,000337
Ghosts 1,698970 0,000337
Borley 1,698970 0,000337
Rectory 1,698970 0,000337
Приходской 1,698970 0,000337
священник 1,698970 0,000337
супруга 1,698970 0,000505
прибывают 1,698970 0,000337
деревеньку 1,698970 0,000337
служения 1,698970 0,000337
местной 1,301030 0,000258
церкви 1,698970 0,000505
надеются 1,698970 0,000337
размеренную 1,698970 0,000337
однако 1,221849 0,000242
дом 0,823909 0,000163
котором 1,045757 0,000311
размещают 1,698970 0,000337
супругов 1,698970 0,000337
оказывается 1,221849 0,000727
полон 1,698970 0,000337
пугающих 1,698970 0,000337
тайн 1,522879 0,000302
Загадочные 1,698970 0,000337
звуки 1,698970 0,000337
видения 1,698970 0,000337
призрак 1,698970 0,000337
твердит 1,698970 0,000337
Макс 1,154902 0,000229
знаменитый 1,301030 0,000516
бодибилдер 1,698970 0,000337
мечтающий 1,698970 0,000337
чемпионом 1,522879 0,000302
планеты 1,096910 0,000218
состоянию 1,522879 0,000302
здоровья 0,958607 0,000190
вынужден 1,397940 0,000416
уйти 1,221849 0,000242
спорта 0,958607 0,000190
Его 0,958607 0,000380
катится 1,698970 0,000337
откос 1,698970 0,000337
Случайно 1,522879 0,000302
знакомится 1,522879 0,000604
врачом 1,698970 0,000337
скорой 1,522879 0,000453
помощи 1,045757 0,000311
Виктором 1,221849 0,000242
заказу 1,522879 0,000302
Минобороны 0,698970 0,000139
разработал 1,698970 0,000337
уникальное 1,698970 0,000337
лекарство 1,397940 0,000277
позволяющее 1,698970 0,000337
Down 1,698970 0,000337
by 1,000000 0,000198
Law 1,698970 0,000337
Диск 1,522879 0,000302
жокей 1,698970 0,000337
Нового 1,397940 0,000277
Орлеана 1,698970 0,000337
Зэк 1,698970 0,000505
Уэйтс 1,698970 0,000337
переживающий 1,698970 0,000337
полосу 1,698970 0,000337
неудач 1,698970 0,000337
перегнать 1,698970 0,000337
ворованный 1,698970 0,000337
автомобиль 1,221849 0,000242
быстро 1,221849 0,000242
заработать 1,522879 0,000302
денег 1,096910 0,000218
пошло 1,397940 0,000277
кувырком 1,698970 0,000337
останавливает 1,698970 0,000337
полиция 1,301030 0,000258
багажнике 1,698970 0,000337
находят 1,522879 0,000453
труп 1,522879 0,000302
тюрьму 1,698970 0,000505
Сутенер 1,698970 0,000337
Джек 1,301030 0,000258
Лури 1,698970 0,000337
подставленный 1,698970 0,000337
св 1,698970 0,000337
Le 1,698970 0,000337
meraviglie 1,698970 0,000337
сeвeрe 1,698970 0,000337
Италии 1,154902 0,000229
живeт 1,698970 0,000337
бoльшая 1,698970 0,000337
сeмья 1,698970 0,000337
кoтoрoй 1,698970 0,000337
eдва 1,698970 0,000337
ли 0,397940 0,000118
сущeствуeт 1,698970 0,000337
прeдeлами 1,698970 0,000337
их 0,455932 0,000723
пасeки 1,698970 0,000337
Глава 0,698970 0,000139
сeмeйства 1,698970 0,000337
Вoльфганг 1,698970 0,000337
Сэм 1,522879 0,000302
Лoвик 1,698970 0,000337
кoнсeрватoр 1,698970 0,000337
нe 1,698970 0,000505
чувствуeт 1,698970 0,000337
грани 1,221849 0,000242
мeжду 1,698970 0,000337
крeпкими 1,698970 0,000337
сeмeйными 1,698970 0,000337
узами 1,698970 0,000337
тираниeй 1,698970 0,000337
eгo 1,698970 0,000337
иллюзoрнoм 1,698970 0,000337
мирe 1,698970 0,000337
дoчeри 1,698970 0,000337
знают 1,301030 0,000387
каким 1,154902 0,000229
жeстoким 1,698970 0,000337
мoжeт 1,698970 0,000337
быть 0,431798 0,000128
вoкруг 1,698970 0,000337
Artist 1,698970 0,000337
s 0,823909 0,000163
Wife 1,698970 0,000337
Заботливая 1,698970 0,000337
жена 1,000000 0,000198
посвятившая 1,698970 0,000337
свою 0,638272 0,000506
талантливому 1,698970 0,000337
художнику 1,522879 0,000302
простому 1,522879 0,000302
плане 1,698970 0,000337
характера 1,301030 0,000258
мужу 1,698970 0,000337
замечать 1,698970 0,000337
спутник 1,698970 0,000337
жизни 0,443697 0,000396
меняется 1,698970 0,000842
глазах 1,522879 0,000302
забывать 1,698970 0,000337
имена 1,301030 0,000387
часто 1,301030 0,000258
настроение 1,221849 0,000242
портится 1,698970 0,000337
без 0,387216 0,000192
причины 1,301030 0,000258
переживает 1,522879 0,000302
ищет 1,096910 0,000218
объяснения 1,698970 0,000337
Belle 1,698970 0,000505
летняя 1,301030 0,000258
старшеклассница 1,698970 0,000337
Судзу 1,698970 0,000337
маму 1,154902 0,000229
воспитывает 1,698970 0,000337
отец 1,301030 0,000387
мама 1,397940 0,000277
была 0,744727 0,000295
жива 1,397940 0,000277
любили 1,698970 0,000337
петь 1,397940 0,000277
сейчас 0,657577 0,000130
забросила 1,698970 0,000337
начав 1,522879 0,000302
писать 1,045757 0,000207
тексты 1,221849 0,000242
песен 1,221849 0,000242
Так 1,045757 0,000415
создает 1,221849 0,000242
виртуальную 1,698970 0,000337
личность 1,397940 0,000277
ником 1,698970 0,000337
крупнейшей 1,522879 0,000302
платформе 1,096910 0,000218
Diabolik 1,698970 0,000337
Перед 1,096910 0,000218
вами 1,301030 0,000258
ремейк 1,522879 0,000302
культового 1,397940 0,000277
черного 1,698970 0,000337
боевика 1,397940 0,000277
Марио 1,522879 0,000302
Бавы 1,698970 0,000337
неуловимом 1,698970 0,000337
преступнике 1,698970 0,000337
снятого 1,698970 0,000337
сюжету 1,698970 0,000674
популярного 1,397940 0,000277
итальянского 1,698970 0,000337
комикса 1,522879 0,000302
Анджелы 1,698970 0,000337
Лючианы 1,698970 0,000337
Джуссани 1,698970 0,000337
Полиция 1,397940 0,000277
города 0,698970 0,000208
Клервилль 1,698970 0,000337
уже 0,602060 0,000537
запуталась 1,698970 0,000337
расследовании 1,698970 0,000337
поймать 1,522879 0,000302
загадочного 1,698970 0,000337
жестокого 1,397940 0,000277
преступника 1,397940 0,000416
Sundown 1,698970 0,000337
Наследник 1,698970 0,000337
богатой 1,522879 0,000302
фамилии 1,698970 0,000337
неизвестной 1,698970 0,000337
причине 1,698970 0,000337
прерывать 1,698970 0,000337
отпуск 1,221849 0,000242
Мексике 1,522879 0,000302
узнает 1,221849 0,000606
смерти 0,744727 0,000295
Пока 1,301030 0,000387
сестра 1,301030 0,000258
племянники 1,698970 0,000337
отправляются 1,522879 0,000302
Лондон 1,301030 0,000258
похороны 1,301030 0,000258
переезжает 1,698970 0,000337
дешевый 1,698970 0,000337
отель 1,522879 0,000302
общаться 1,397940 0,000277
местными 1,698970 0,000337
жителями 1,301030 0,000258
маленькой 1,522879 0,000302
деревне 1,698970 0,000674
Пермском 1,522879 0,000302
крае 1,397940 0,000277
происходит 0,920819 0,000457
убийство 1,301030 0,000387
местный 1,698970 0,000505
авторитет 1,698970 0,000337
Витя 1,522879 0,000302
Людоед 1,698970 0,000337
Павел 0,853872 0,000169
Деревянко 1,522879 0,000302
закалывает 1,698970 0,000337
пьянке 1,698970 0,000337
Сашу 1,522879 0,000302
Константин 0,886057 0,000176
Балакирев 1,698970 0,000337
самородка 1,698970 0,000337
Виновный 1,698970 0,000337
наказан 1,698970 0,000337
правда 0,958607 0,000285
будет 0,387216 0,000346
вместо 0,744727 0,000222
сядет 1,698970 0,000337
брат 1,698970 0,000337
придурью 1,698970 0,000337
Realm 1,698970 0,000337
Terracotta 1,698970 0,000337
Юная 1,397940 0,000277
Джейд 1,698970 0,000337
терракотовый 1,698970 0,000337
воин 1,698970 0,000337
Магнус 1,698970 0,000337
объединятся 1,698970 0,000505
борьбе 1,096910 0,000326
существами 1,698970 0,000505
зовутся 1,698970 0,000505
ониксами 1,698970 0,000337
Отражая 1,698970 0,000337
атаку 1,522879 0,000302
подземный 1,698970 0,000337
город 1,096910 0,000435
династии 1,698970 0,000337
Кин 1,698970 0,000337
двое 1,397940 0,000416
влюбляются 1,698970 0,000337
друга 0,886057 0,000176
вскоре 1,301030 0,000258
раскрывается 1,698970 0,000505
секрет 1,301030 0,000258
вторжения 1,698970 0,000337
монстров 1,397940 0,000277
начинается 1,301030 0,000387
ужасная 1,522879 0,000302
Twin 1,698970 0,000337
Молодая 1,522879 0,000302
семья 1,045757 0,000311
едет 1,522879 0,000453
новое 1,096910 0,000326
место 0,795880 0,000474
жительства 1,698970 0,000337
со 0,387216 0,000384
случившейся 1,698970 0,000337
трагедией 1,698970 0,000337
там 0,958607 0,000380
спокойствие 1,698970 0,000337
сталкиваются 1,397940 0,000416
настоящим 1,301030 0,000258
ужасом 1,698970 0,000337
сын 0,958607 0,000380
Элиот 1,698970 0,000337
вести 1,045757 0,000311
По 0,619789 0,000492
словам 1,397940 0,000277
ночам 1,522879 0,000302
нему 1,301030 0,000258
приходит 1,221849 0,000364
мистическое 1,698970 0,000337
существо 1,698970 0,000337
теперь 0,677781 0,000403
кону 1,698970 0,000337
стоит 0,677781 0,000134
Nine 1,698970 0,000337
Bullets 1,698970 0,000337
рассказывает 0,958607 0,000570
танцовщице 1,698970 0,000337
бурлеска 1,698970 0,000337
опасную 1,698970 0,000337
поездку 1,522879 0,000302
штатам 1,698970 0,000337
спасти 1,221849 0,000364
соседки 1,698970 0,000337
бывшего 1,154902 0,000229
любовника 1,522879 0,000302
Свести 1,698970 0,000337
счеты 1,522879 0,000302
ненавистным 1,698970 0,000337
боссом 1,698970 0,000337
побывать 1,522879 0,000302
самом 0,886057 0,000439
романтичном 1,698970 0,000337
свидании 1,698970 0,000337
пощекотать 1,698970 0,000337
нервы 1,522879 0,000302
экстримом 1,698970 0,000337
возможно 0,920819 0,000183
причем 1,522879 0,000302
последствий 1,522879 0,000302
виртуальных 1,698970 0,000337
приключениях 1,522879 0,000302
компании 0,677781 0,000134
Новая 0,823909 0,000245
яркие 1,397940 0,000277
пользователей 0,853872 0,000169
начинают 1,522879 0,000604
Schellen 1,698970 0,000337
Ursli 1,698970 0,000337
Урсли 1,698970 0,000505
семьей 1,154902 0,000573
небольшой 1,397940 0,000416
ферме 1,698970 0,000337
Швейцарских 1,698970 0,000337
Альпах 1,698970 0,000337
особый 1,522879 0,000453
дар 1,301030 0,000387
понимать 1,522879 0,000302
животных 1,045757 0,000207
После 0,795880 0,000316
того 0,853872 0,000508
родители 1,698970 0,000505
смогли 1,397940 0,000277
расплатиться 1,522879 0,000302
кредиту 1,698970 0,000337
вынуждены 1,397940 0,000277
продать 1,397940 0,000277
маленького 1,698970 0,000505
козлика 1,698970 0,000337
которым 1,045757 0,000415
подружился 1,698970 0,000337
своего 0,920819 0,000639
любимого 1,301030 0,000258
Леонид 0,958607 0,000190
Иванович 1,698970 0,000337
Крестный 1,698970 0,000337
мире 0,468521 0,000139
любит 1,301030 0,000258
лишь 1,096910 0,000326
две 0,795880 0,000237
вещи 1,221849 0,000485
Крестным 1,698970 0,000337
отцом 1,301030 0,000258
дочь 1,096910 0,000218
Миру 1,698970 0,000505
разгневать 1,698970 0,000337
босса 1,698970 0,000505
обходят 1,698970 0,000337
стороной 1,301030 0,000258
Кроме 1,397940 0,000277
Саши 1,221849 0,000242
ничего 1,045757 0,000311
знал 1,154902 0,000229
про 0,568636 0,000226
просто 0,657577 0,000130
влюбился 1,397940 0,000277
первого 1,000000 0,000198
взгляда 1,698970 0,000337
непростая 1,698970 0,000337
задача 1,397940 0,000416
Семейная 1,397940 0,000277
пара 1,397940 0,000277
обращается 1,522879 0,000302
психологу 1,698970 0,000337
проблем 1,154902 0,000229
ребенком 1,221849 0,000364
Борис 0,769551 0,000153
хамит 1,698970 0,000337
врет 1,698970 0,000337
ворует 1,698970 0,000505
Пообщавшись 1,698970 0,000337
специалистом 1,698970 0,000337
переходят 1,522879 0,000302
решительным 1,698970 0,000337
действиям 1,698970 0,000337
сажают 1,522879 0,000302
домашний 1,522879 0,000302
арест 1,301030 0,000258
Правда 1,096910 0,000218
мальчику 1,522879 0,000302
тридцать 1,522879 0,000302
семь 1,397940 0,000277
является 0,853872 0,000254
мэром 1,698970 0,000337
Большой 1,045757 0,000207
Босс 1,698970 0,000337
Евгений 0,698970 0,000139
Сергеевич 1,522879 0,000302
поручает 1,698970 0,000337
Славе 1,698970 0,000337
Жене 1,698970 0,000337
реализовать 1,522879 0,000302
партию 1,698970 0,000337
контрабандного 1,698970 0,000337
солнечного 1,698970 0,000337
камня 1,522879 0,000302
Слава 1,698970 0,000337
Женя 1,698970 0,000337
друзья 1,045757 0,000207
промышляют 1,698970 0,000337
янтарем 1,698970 0,000337
детства 1,154902 0,000229
е 1,096910 0,000218
них 0,769551 0,000305
шанс 1,301030 0,000387
подняться 1,522879 0,000302
обеспеченными 1,698970 0,000337
людьми 1,154902 0,000344
одно 1,045757 0,000415
обстоятельство 1,522879 0,000302
произошедшее 1,698970 0,000337
вине 1,522879 0,000302
Славы 1,522879 0,000302
навсегда 1,000000 0,000496
Елена 0,769551 0,000153
врач 1,096910 0,000218
бригада 1,698970 0,000337
приезжает 1,698970 0,000337
стрельбы 1,522879 0,000302
порту 1,522879 0,000302
среди 0,958607 0,000190
погибших 1,301030 0,000258
Елены 1,397940 0,000277
Отчаявшаяся 1,698970 0,000337
женщина 1,000000 0,000198
собственное 1,221849 0,000364
расследование 1,397940 0,000416
Виновник 1,698970 0,000337
трагедии 1,221849 0,000364
окажется 1,397940 0,000416
совсем 1,221849 0,000242
рядом 1,045757 0,000207
причина 1,698970 0,000337
чужие 1,397940 0,000277
тайны 1,154902 0,000229
Batoru 1,698970 0,000337
rowaiaru 1,698970 0,000337
Такого 1,698970 0,000337
Очень 1,045757 0,000207
скоро 0,958607 0,000190
считает 1,000000 0,000198
нестареющий 1,698970 0,000337
классик 1,522879 0,000302
Японского 1,698970 0,000337
Кинджи 1,698970 0,000337
Фукасаку 1,698970 0,000337
кумир 1,698970 0,000337
Тарантино 1,522879 0,000302
Джона 1,522879 0,000604
Ву 1,522879 0,000302
лишатся 1,698970 0,000337
работы 0,638272 0,000127
дети 0,853872 0,000254
выйдя 1,698970 0,000337
контроля 1,522879 0,000302
учинят 1,698970 0,000337
террор 1,698970 0,000337
массовый 1,522879 0,000302
бойкот 1,698970 0,000337
взрослым 1,698970 0,000337
Ответная 1,698970 0,000337
мера 1,522879 0,000302
санкционированная 1,698970 0,000337
пра 1,698970 0,000337
ночным 1,698970 0,000337
улицам 1,698970 0,000337
Москвы 0,744727 0,000222
мчится 1,698970 0,000337
черный 1,397940 0,000416
BMW 1,397940 0,000277
уходящий 1,698970 0,000337
погони 1,522879 0,000302
Цепь 1,698970 0,000337
роковых 1,698970 0,000337
событий 0,853872 0,000508
разборками 1,698970 0,000337
стрельбой 1,522879 0,000302
поставила 1,397940 0,000277
четырех 1,301030 0,000516
героев 1,045757 0,000519
вне 1,301030 0,000258
правил 0,958607 0,000190
пути 0,886057 0,000351
назад 0,721246 0,000286
бумер 1,698970 0,000337
мощный 1,522879 0,000302
надежный 1,522879 0,000302
уносит 1,698970 0,000337
дальше 0,886057 0,000176
шальную 1,698970 0,000337
безжалостную 1,698970 0,000337
оказалось 1,522879 0,000302
Костян 1,698970 0,000337
Кот 1,221849 0,000242
спасли 1,397940 0,000277
тяжелого 1,522879 0,000302
ранения 1,397940 0,000277
начать 1,045757 0,000415
забыть 1,301030 0,000387
свое 0,721246 0,000286
прошлое 1,522879 0,000302
найти 0,698970 0,000208
любовь 0,698970 0,000347
свой 0,721246 0,000572
рай 1,522879 0,000302
земле 1,698970 0,000337
прежде 1,096910 0,000218
надо 0,823909 0,000163
выполнить 1,397940 0,000277
обещание 1,698970 0,000337
данное 1,698970 0,000337
другу 1,045757 0,000207
Для 0,494850 0,000196
этого 0,619789 0,000184
отправится 1,522879 0,000302
путь 1,000000 0,000694
затянет 1,698970 0,000337
круговорот 1,698970 0,000337
которых 0,677781 0,000269
Getting 1,397940 0,000277
Grace 1,698970 0,000337
Девочка 1,301030 0,000258
подросток 1,698970 0,000505
Грэйс 1,522879 0,000302
умирающая 1,698970 0,000337
рака 1,397940 0,000277
прорывается 1,698970 0,000337
похоронное 1,698970 0,000337
бюро 1,698970 0,000337
узнать 1,154902 0,000229
умрет 1,522879 0,000302
Встретив 1,698970 0,000337
неуклюжего 1,698970 0,000337
Билла 1,698970 0,000337
вдвоем 1,698970 0,000337
ним 1,154902 0,000229
история 0,721246 0,000143
трех 1,221849 0,000242
женщин 0,920819 0,000274
разных 0,920819 0,000183
поколений 1,397940 0,000416
одной 0,958607 0,000380
семьи 0,853872 0,000254
ладят 1,698970 0,000337
Следователь 1,698970 0,000337
особо 1,698970 0,000337
важным 1,522879 0,000453
делам 1,397940 0,000277
Исса 1,698970 0,000337
Давыдов 1,698970 0,000337
Нико 1,522879 0,000302
Тавадзе 1,698970 0,000337
отмечает 1,397940 0,000277
повышение 1,522879 0,000302
службе 0,920819 0,000183
поймал 1,698970 0,000337
маньяка 1,522879 0,000302
терроризировавшего 1,698970 0,000337
область 1,045757 0,000207
течение 1,096910 0,000435
одного 0,795880 0,000395
убивали 1,522879 0,000302
братья 1,397940 0,000277
близнецы 1,698970 0,000337
Торжество 1,698970 0,000337
прерывает 1,698970 0,000337
звонок 1,522879 0,000302
деле 0,886057 0,000264
появилась 1,397940 0,000277
выжившая 1,522879 0,000453
Тизер 1,698970 0,002527
Unbearable 1,698970 0,000337
Weight 1,522879 0,000302
Massive 1,698970 0,000337
Talent 1,698970 0,000337
Трагикомедия 1,522879 0,000302
об 0,292430 0,000145
актере 1,698970 0,000337
Николасе 1,698970 0,000337
Кейдже 1,698970 0,000337
главную 1,397940 0,000277
роль 1,000000 0,000198
сыграет 1,522879 0,000302
сам 1,000000 0,000298
Николас 1,522879 0,000302
Кейдж 1,698970 0,000337
Nameless 1,698970 0,000337
Days 1,698970 0,000337
Раз 1,522879 0,000302
границе 1,301030 0,000387
Мексики 1,698970 0,000337
наступают 1,698970 0,000337
дни 1,000000 0,000198
безвременьем 1,698970 0,000337
легенде 1,522879 0,000302
Боги 1,698970 0,000337
спускаются 1,698970 0,000337
Землю 1,522879 0,000302
унести 1,698970 0,000337
человеческие 1,522879 0,000302
души 0,958607 0,000190
группа 1,154902 0,000229
молодых 1,154902 0,000229
людей 0,698970 0,000139
этой 0,744727 0,000222
кровопролитной 1,698970 0,000337
охоты 1,301030 0,000258
участием 1,397940 0,000277
загадочных 1,397940 0,000277
существ 1,522879 0,000302
Northman 1,698970 0,000337
работа 0,920819 0,000183
Роберта 1,301030 0,000258
Эггерса 1,522879 0,000302
большого 1,522879 0,000302
любителя 1,698970 0,000337
атмосферных 1,698970 0,000337
исторических 1,698970 0,000337
антуражей 1,698970 0,000337
тревожного 1,698970 0,000337
психологического 1,698970 0,000337
хоррора 1,397940 0,000277
Ведьме 1,698970 0,000337
Маяке 1,698970 0,000337
показал 1,045757 0,000207
добиться 1,397940 0,000277
скромным 1,698970 0,000337
бюджетом 1,698970 0,000337
небольшим 1,698970 0,000337
актерским 1,698970 0,000337
составом 1,698970 0,000337
же 0,721246 0,000429
поглядим 1,698970 0,000337
получится 1,301030 0,000258
croisade 1,698970 0,000337
Продолжение 1,301030 0,000258
Честный 1,698970 0,000337
человек 0,494850 0,000098
любовный 1,397940 0,000277
треугольник 1,522879 0,000302
пал 1,698970 0,000337
оставшейся 1,698970 0,000337
паре 1,522879 0,000302
предстоит 1,301030 0,000258
разобраться 1,522879 0,000453
тот 0,853872 0,000339
начал 1,000000 0,000198
таскать 1,698970 0,000337
дорогие 1,397940 0,000277
дома 0,744727 0,000222
Slapface 1,698970 0,000337
Лукаса 1,698970 0,000505
умирают 1,698970 0,000337
остается 1,154902 0,000344
старшим 1,698970 0,000337
братом 1,698970 0,000337
Монстром 1,698970 0,000337
соседнего 1,698970 0,000337
леса 1,221849 0,000242
Остановить 1,698970 0,000337
Монстра 1,698970 0,000337
должен 0,886057 0,000264
шериф 1,698970 0,000337
расскажет 1,301030 0,000516
съемках 1,301030 0,000258
документального 1,397940 0,000277
проекта 0,886057 0,000176
Разгром 1,698970 0,000337
немецких 1,522879 0,000302
войск 1,154902 0,000229
Москвой 1,522879 0,000302
получил 0,958607 0,000190
первую 0,958607 0,000190
СССР 0,795880 0,000237
премию 1,397940 0,000277
Американской 1,698970 0,000337
Киноакадемии 1,698970 0,000337
Ted 1,698970 0,000337
K 1,301030 0,000258
Биография 1,397940 0,000277
талантливого 1,698970 0,000337
философа 1,397940 0,000277
математика 1,698970 0,000337
Теда 1,698970 0,000337
Качинского 1,698970 0,000337
наводил 1,698970 0,000337
ужас 1,698970 0,000337
ученых 1,397940 0,000416
поддерживающих 1,698970 0,000337
научный 1,397940 0,000277
прогресс 1,522879 0,000302
стал 0,585027 0,000116
террористом 1,698970 0,000337
имени 0,721246 0,000143
Качинский 1,698970 0,000337
отправлял 1,698970 0,000337
бомбы 1,698970 0,000337
своим 1,045757 0,000726
врагам 1,698970 0,000337
таким 1,045757 0,000207
образом 1,045757 0,000207
противостоя 1,698970 0,000337
развитию 1,522879 0,000302
считая 1,698970 0,000337
корнем 1,698970 0,000337
всего 0,744727 0,000369
зла 1,698970 0,000505
Die 1,698970 0,000337
H 1,522879 0,000302
schenschule 1,698970 0,000337
Der 1,698970 0,000337
gro 1,698970 0,000337
e 0,958607 0,000190
Eierklau 1,698970 0,000337
Каждый 1,154902 0,000344
заячьей 1,698970 0,000337
школе 1,221849 0,000242
предвкушают 1,698970 0,000337
Пасху 1,698970 0,000337
золотое 1,698970 0,000337
выбирает 1,221849 0,000242
пасхального 1,698970 0,000337
кролика 1,698970 0,000337
этот 0,795880 0,000237
раз 0,698970 0,000208
честь 1,096910 0,000218
оказана 1,698970 0,000337
Максу 1,698970 0,000337
становится 1,221849 0,000727
черным 1,698970 0,000337
Их 1,154902 0,000229
первая 1,154902 0,000229
ночь 1,000000 0,000198
цепь 1,698970 0,000337
случайных 1,698970 0,000337
совпадений 1,698970 0,000337
некоторое 1,698970 0,000337
появляется 1,397940 0,000277
офисе 1,698970 0,000337
другим 1,397940 0,000277
именем 1,522879 0,000302
подозрительно 1,698970 0,000337
чистой 1,698970 0,000337
биографией 1,698970 0,000337
кажется 1,045757 0,000311
неслучайно 1,698970 0,000337
Wolf 1,698970 0,000337
Wall 1,698970 0,000337
Street 1,698970 0,000505
Джордан 1,698970 0,000505
Белфорт 1,698970 0,000337
брокером 1,698970 0,000337
успешном 1,698970 0,000337
инвестиционном 1,698970 0,000337
банке 1,522879 0,000302
Вскоре 1,397940 0,000555
банк 1,397940 0,000277
закрывается 1,698970 0,000337
внезапного 1,698970 0,000337
обвала 1,522879 0,000302
индекса 1,698970 0,000337
Доу 1,698970 0,000337
Джонса 1,698970 0,000337
совету 1,698970 0,000337
жены 1,045757 0,000311
Терезы 1,698970 0,000337
устраивается 1,522879 0,000302
небольшое 1,698970 0,000337
заведение 1,397940 0,000277
занимающееся 1,698970 0,000337
мелкими 1,698970 0,000337
акциями 1,698970 0,000337
настойчивый 1,698970 0,000337
стиль 1,301030 0,000258
общения 1,154902 0,000229
клиентами 1,522879 0,000302
врожденная 1,698970 0,000337
Sebastian 1,698970 0,000337
Шестилетний 1,698970 0,000337
остался 1,301030 0,000258
родителей 0,958607 0,000190
двоюродным 1,698970 0,000337
дедом 1,522879 0,000302
французской 1,301030 0,000258
деревушкой 1,698970 0,000337
подножия 1,698970 0,000337
Альп 1,698970 0,000337
Жизнь 0,823909 0,000245
идет 0,958607 0,000285
чередом 1,522879 0,000302
хотя 1,301030 0,000258
горизонте 1,698970 0,000505
видны 1,698970 0,000337
признаки 1,397940 0,000277
наступающей 1,698970 0,000337
Второй 1,045757 0,000311
мировой 0,958607 0,000190
войны 0,744727 0,000369
звучат 1,522879 0,000302
выстрелы 1,698970 0,000337
пистолетов 1,698970 0,000337
насобытиях 1,698970 0,000337
начале 1,096910 0,000326
Великой 1,045757 0,000311
Отечественной 1,154902 0,000344
июня 0,920819 0,000183
молодой 1,221849 0,000242
выпускник 1,522879 0,000302
Военно 1,698970 0,000337
Морской 1,698970 0,000337
академии 1,522879 0,000302
лейтенант 1,397940 0,000277
Сбоев 1,698970 0,000337
Юрий 0,795880 0,000158
Борисов 1,522879 0,000302
получает 1,045757 0,000311
первое 0,886057 0,000176
задание 1,698970 0,000337
Западную 1,698970 0,000337
Лицу 1,698970 0,000337
плывет 1,522879 0,000302
судне 1,698970 0,000337
трюме 1,698970 0,000337
которого 0,920819 0,000639
перевозят 1,698970 0,000337
сюжета 1,301030 0,000903
строптивая 1,698970 0,000337
Принцесса 1,698970 0,000337
Варвара 1,698970 0,000337
сбегает 1,522879 0,000302
дворца 1,397940 0,000277
больше 0,638272 0,000190
терпеть 1,698970 0,000337
наставления 1,698970 0,000337
отца 1,000000 0,000298
Царя 1,698970 0,000337
Елисея 1,698970 0,000337
Тогда 1,397940 0,000416
плен 1,221849 0,000364
лесному 1,698970 0,000337
разбойнику 1,698970 0,000337
Буке 1,698970 0,000337
вместе 0,769551 0,000305
тем 1,000000 0,000198
превращает 1,522879 0,000302
кошмар 1,522879 0,000302
пытается 1,154902 0,000458
навести 1,522879 0,000302
лесу 1,154902 0,000229
оказываются 1,522879 0,000302
семейные 1,301030 0,000258
пары 1,698970 0,000337
вложившиеся 1,698970 0,000337
стройку 1,698970 0,000337
жилого 1,698970 0,000337
получившие 1,698970 0,000337
котлован 1,698970 0,000337
вступают 1,522879 0,000302
противостояние 1,522879 0,000302
застройщиком 1,698970 0,000337
случайно 1,397940 0,000277
захвачивая 1,698970 0,000337
Freaks 1,698970 0,000337
Out 1,522879 0,000302
Каждому 1,698970 0,000337
артистов 1,301030 0,000258
бродячего 1,698970 0,000337
цирка 1,522879 0,000302
достался 1,698970 0,000337
природы 1,522879 0,000302
суперспособность 1,698970 0,000337
проклятьем 1,522879 0,000302
одновременно 1,221849 0,000242
врывается 1,698970 0,000337
четверке 1,698970 0,000337
выступлений 1,698970 0,000337
кое 1,522879 0,000302
Operation 1,698970 0,000337
Mincemeat 1,698970 0,000337
британским 1,698970 0,000337
спецслужбам 1,698970 0,000337
необходимо 0,920819 0,000183
дезинформировать 1,698970 0,000337
руководство 1,397940 0,000277
Германии 1,000000 0,000198
предстоящем 1,698970 0,000337
вторжении 1,698970 0,000337
антигитлеровской 1,698970 0,000337
коалиции 1,522879 0,000302
территорию 1,221849 0,000364
Грецию 1,698970 0,000337
Сардинии 1,698970 0,000337
настоящей 1,522879 0,000302
целью 1,301030 0,000258
Сицилия 1,698970 0,000337
нанимают 1,698970 0,000337
давно 0,823909 0,000245
умершего 1,698970 0,000337
Room 1,522879 0,000302
Студентка 1,698970 0,000337
Кэм 1,698970 0,000674
подруга 1,522879 0,000453
Иззи 1,698970 0,000337
арендуют 1,698970 0,000337
квартиру 1,301030 0,000258
номер 0,920819 0,000183
старинном 1,698970 0,000337
Она 0,958607 0,000285
полна 1,522879 0,000302
антиквариата 1,397940 0,000277
гостиной 1,698970 0,000337
окон 1,698970 0,000337
установлен 1,698970 0,000337
большой 1,154902 0,000229
красочный 1,698970 0,000337
витраж 1,698970 0,000337
понимает 1,221849 0,000364
обладают 1,301030 0,000258
мистической 1,522879 0,000302
более 0,585027 0,000116
придется 1,045757 0,000207
Memory 1,522879 0,000302
Алекс 1,154902 0,000344
Льюис 1,301030 0,000258
профессиональный 1,397940 0,000277
киллер 1,522879 0,000302
репутацией 1,698970 0,000337
какой 0,886057 0,000264
момент 0,920819 0,000183
пошел 1,522879 0,000302
против 0,387216 0,000115
ветра 1,698970 0,000337
отбиваться 1,698970 0,000337
ФБР 1,522879 0,000453
криминального 1,698970 0,000337
потому 0,958607 0,000190
отказался 1,397940 0,000277
нарушить 1,698970 0,000337
внутренний 1,522879 0,000302
кодекс 1,522879 0,000302
подвига 1,698970 0,000337
летчиков 1,698970 0,000337
го 1,397940 0,000277
минно 1,698970 0,000337
торпедного 1,698970 0,000337
авиационного 1,698970 0,000337
полка 1,301030 0,000387
ВВС 1,698970 0,000337
Балтийского 1,698970 0,000337
флота 1,522879 0,000302
возглавил 1,397940 0,000277
полковник 1,522879 0,000302
Преображенский 1,698970 0,000337
Именно 1,301030 0,000258
перед 0,920819 0,000365
стояла 1,522879 0,000302
сложнейшая 1,698970 0,000337
боевая 1,522879 0,000302
нанести 1,698970 0,000337
первые 1,000000 0,000198
удары 1,221849 0,000242
бомбами 1,698970 0,000337
Берлину 1,698970 0,000337
Adverse 1,698970 0,000337
некогда 1,522879 0,000302
сложный 1,397940 0,000277
выходец 1,522879 0,000302
неблагополучной 1,698970 0,000337
Итан 1,522879 0,000302
бурную 1,522879 0,000302
молодость 1,221849 0,000242
заботу 1,698970 0,000337
сводной 1,698970 0,000337
сестре 1,522879 0,000302
Мие 1,522879 0,000302
девушке 1,397940 0,000277
шестнадцать 1,522879 0,000453
повторяет 1,698970 0,000337
те 1,221849 0,000242
ошибки 1,221849 0,000364
совершил 1,698970 0,000337
через 0,585027 0,000116
парня 1,221849 0,000364
Post 1,698970 0,000337
Mortem 1,698970 0,000337
конце 1,397940 0,000416
XIX 1,096910 0,000218
XX 0,958607 0,000190
широкое 1,698970 0,000337
распространение 1,397940 0,000277
получило 1,522879 0,000302
понятие 1,698970 0,000337
пост 1,045757 0,000207
мортем 1,698970 0,000337
посмертные 1,698970 0,000337
снимки 1,698970 0,000337
память 1,045757 0,000207
умерших 1,397940 0,000277
близких 1,397940 0,000277
Фотографа 1,698970 0,000337
Томаса 1,522879 0,000302
приглашают 1,397940 0,000277
опустошенную 1,698970 0,000337
эпидемией 1,698970 0,000337
испанки 1,698970 0,000337
деревню 1,301030 0,000258
проклято 1,698970 0,000337
Четыре 1,154902 0,000229
подростка 1,522879 0,000302
складываются 1,698970 0,000337
отношения 1,045757 0,000311
родителями 1,397940 0,000693
прилетают 1,698970 0,000337
отдыхать 1,397940 0,000277
лагерь 1,301030 0,000258
Волшебное 1,522879 0,000302
Дерево 1,698970 0,000337
желаний 1,522879 0,000302
переносит 1,698970 0,000337
встречаются 1,522879 0,000453
своими 1,301030 0,000258
тогда 1,154902 0,000687
тоже 1,000000 0,000298
отдыхали 1,522879 0,000302
Артеке 1,698970 0,000337
Им 1,698970 0,000337
Cryo 1,698970 0,000337
Пятеро 1,698970 0,000337
пробуждаются 1,698970 0,000337
криогенного 1,698970 0,000337
сна 1,698970 0,000337
подземном 1,698970 0,000337
помещении 1,698970 0,000337
понимают 1,698970 0,000337
оказались 1,154902 0,000229
долго 1,000000 0,000198
спали 1,522879 0,000302
точно 1,154902 0,000229
ясно 1,698970 0,000337
собрал 1,698970 0,000337
здесь 0,744727 0,000148
Начало 1,045757 0,000207
Лейтенант 1,698970 0,000337
Ади 1,698970 0,000337
Шарипов 1,698970 0,000337
взводом 1,698970 0,000337
прикрывают 1,698970 0,000337
отход 1,522879 0,000302
штаба 1,522879 0,000302
остаются 1,397940 0,000277
окружении 1,522879 0,000302
тылу 1,698970 0,000337
врага 1,698970 0,000337
Враг 1,522879 0,000302
загоняет 1,698970 0,000337
отряд 1,698970 0,000337
болото 1,698970 0,000337
Страх 1,522879 0,000302
неизвестностью 1,698970 0,000337
уныние 1,698970 0,000337
сомнения 1,698970 0,000337
преследуют 1,698970 0,000337
бойцов 1,698970 0,000337
осознают 1,698970 0,000337
ожидание 1,698970 0,000337
бездействие 1,698970 0,000337
Кассовые 1,522879 0,000302
сборы 1,301030 0,000516
руб 1,154902 0,000344
Круиз 1,698970 0,000505
джунглям 1,698970 0,000505
Jungle 1,698970 0,000505
Cruise 1,698970 0,000505
главная 1,522879 0,000302
Линн 1,397940 0,000277
Хоултон 1,698970 0,000337
Эмили 1,301030 0,000258
Блант 1,698970 0,000337
намерена 1,096910 0,000218
отправиться 1,698970 0,000337
верховья 1,698970 0,000337
Амазонки 1,698970 0,000337
легендарное 1,698970 0,000337
дерево 1,522879 0,000302
которое 1,096910 0,000326
согласно 1,301030 0,000258
преданиям 1,698970 0,000337
южноамериканских 1,698970 0,000337
индейских 1,698970 0,000337
племен 1,698970 0,000337
магическими 1,698970 0,000337
целебными 1,698970 0,000337
свойствами 1,698970 0,000337
Сопровождать 1,698970 0,000337
Лили 1,397940 0,000277
Время 1,045757 0,000311
Old 1,698970 0,000505
М 0,744727 0,000148
Найт 1,698970 0,000337
Шьямалан 1,698970 0,000337
закончивший 1,698970 0,000337
супергеройскую 1,698970 0,000337
трилогию 1,698970 0,000337
шибко 1,698970 0,000337
удачным 1,698970 0,000337
Стеклом 1,698970 0,000337
проект 0,744727 0,000222
основанный 1,698970 0,000505
графическом 1,698970 0,000337
романе 1,154902 0,000458
Замок 1,698970 0,000337
песка 1,522879 0,000302
Старое 1,698970 0,000337
многие 1,096910 0,000218
автора 0,886057 0,000176
собрано 1,522879 0,000302
первый 0,769551 0,000229
взгляд 1,154902 0,000229
обыкновенных 1,698970 0,000337
жанровых 1,698970 0,000337
шаблонов 1,698970 0,000337
Космический 1,698970 0,000505
джем 1,698970 0,000505
Новое 0,958607 0,000285
поколение 1,154902 0,000344
Space 1,522879 0,000453
Jam 1,698970 0,000505
A 0,886057 0,000264
New 1,154902 0,000458
Legacy 1,522879 0,000453
Картина 1,301030 0,000258
Ле 1,522879 0,000453
Броне 1,698970 0,000337
Джеймсе 1,698970 0,000337
взаимодействует 1,698970 0,000337
героями 1,301030 0,000258
различных 1,397940 0,000277
франшиз 1,698970 0,000337
Warner 1,522879 0,000302
Bros 1,522879 0,000302
остановить 1,698970 0,000337
искусственный 1,522879 0,000302
интеллект 1,301030 0,000258
подписчиков 1,221849 0,000242
Instagram 1,221849 0,000242
Также 1,301030 0,000258
центральное 1,698970 0,000337
уделено 1,698970 0,000337
сыну 1,522879 0,000302
Брона 1,698970 0,000337
Оригинальная 1,698970 0,000337
картина 1,301030 0,000258
вышла 1,045757 0,000207
Черная 1,522879 0,000453
Вдова 1,522879 0,000453
Black 1,522879 0,000453
Widow 1,698970 0,000505
Действие 1,522879 0,000906
фильма 0,795880 0,000158
развернется 1,698970 0,000674
аэропорту 1,698970 0,000337
Лейпциг 1,522879 0,000302
Галле 1,698970 0,000337
Наташа 1,301030 0,000258
Романофф 1,698970 0,000337
столкнуться 1,522879 0,000302
прошлым 1,698970 0,000337
вспоминает 1,698970 0,000337
Красной 1,397940 0,000277
комнате 1,522879 0,000302
готовили 1,698970 0,000337
таких 1,096910 0,000326
профессиональных 1,698970 0,000337
убийц 1,221849 0,000242
повлиявшими 1,698970 0,000337
Лука 1,698970 0,000505
Luca 1,698970 0,000505
окажутся 1,698970 0,000505
итальянской 1,522879 0,000302
Ривьере 1,698970 0,000337
бы 0,585027 0,000174
являются 1,045757 0,000207
морскими 1,698970 0,000337
превращаются 1,698970 0,000337
воздействием 1,522879 0,000302
воды 1,154902 0,000229
пытаются 1,301030 0,000258
сохранить 1,000000 0,000198
тайну 1,698970 0,000674
окружающих 1,522879 0,000302
G 1,221849 0,000485
I 0,853872 0,000423
Joe 1,698970 0,000674
Бросок 1,698970 0,000505
кобры 1,698970 0,000505
Снейк 1,698970 0,000674
Айз 1,698970 0,000674
Snake 1,698970 0,000505
Eyes 1,698970 0,000505
главной 1,045757 0,000207
роли 0,958607 0,000285
предстанет 1,698970 0,000337
Генри 1,397940 0,000416
Голдинг 1,698970 0,000337
Безумно 1,698970 0,000337
богатые 1,698970 0,000337
азиаты 1,698970 0,000337
Рождество 1,698970 0,000337
двоих 1,221849 0,000242
будущем 1,045757 0,000207
член 1,522879 0,000302
спецотряда 1,698970 0,000337
наследника 1,698970 0,000337
японского 1,397940 0,000416
клана 1,522879 0,000302
Арашикаге 1,698970 0,000337
приглашение 1,397940 0,000277
Хард 1,698970 0,000337
Мастера 1,221849 0,000242
Тот 1,698970 0,000337
подготовку 1,522879 0,000302
нового 0,769551 0,000153
Пассажиры 1,397940 0,000416
Земле 1,397940 0,000555
я 0,522879 0,000156
улица 1,301030 0,000387
Елизавета 1,221849 0,000727
Семья 1,000000 0,000298
Полгода 1,698970 0,000505
решеткой 1,698970 0,000674
Почему 0,522879 0,000207
Эванс 1,522879 0,000604
Ледниковый 1,698970 0,000505
период 1,221849 0,000364
Истории 0,853872 0,000254
Скрата 1,698970 0,000505
ударе 0,853872 0,000254
Анатомия 1,397940 0,000416
скандала 1,397940 0,000416
Дальний 1,397940 0,000416
простор 1,698970 0,000505
Пронзительно 1,698970 0,000505
громко 1,698970 0,000505
Первая 1,096910 0,000326
леди 1,301030 0,000645
Нереалити 1,698970 0,000842
Чернобыль 1,397940 0,000416
Украденное 1,698970 0,000505
сердце 0,920819 0,000365
Колумбия 1,698970 0,000505
Меня 1,221849 0,000364
зовут 1,301030 0,000387
Мэджик 1,698970 0,000505
Джонсон 1,698970 0,000505
Билли 1,301030 0,000516
Кид 1,698970 0,000505
мелодрама 1,301030 0,000387
Газовый 1,698970 0,000505
свет 1,154902 0,000458
Мы 0,537602 0,000160
владеем 1,698970 0,000505
этим 1,000000 0,000298
городом 1,698970 0,000505
Два 0,853872 0,000339
холма 1,698970 0,000674
Десять 1,397940 0,000416
процентов 1,154902 0,000344
Под 1,096910 0,000326
знаменем 1,522879 0,000453
небес 1,301030 0,000387
Предложение 1,522879 0,000453
Сияющие 1,522879 0,000453
Звездный 1,522879 0,000906
Странные 1,397940 0,000693
новые 0,508638 0,000303
миры 1,522879 0,000906
Кларк 1,698970 0,000505
Звуки 1,698970 0,000674
волшебства 1,698970 0,000674
Республика 1,522879 0,000453
Корея 1,522879 0,000453
Сейчас 0,823909 0,000327
Оби 1,698970 0,000674
Ван 1,096910 0,000326
Кеноби 1,698970 0,000674
Мисс 1,154902 0,000344
Марвел 1,397940 0,000416
Список 1,221849 0,000364
смертников 1,698970 0,000505
Дом 0,698970 0,000277
дракона 1,397940 0,000555
Властелин 1,522879 0,000453
Колец 1,698970 0,000505
Кольца 1,522879 0,000453
власти 1,045757 0,000519
Даже 1,221849 0,000242
смерть 1,154902 0,000344
разлучит 1,698970 0,000337
Кирилл 1,301030 0,000387
Сергей 0,468521 0,000093
Гилев 1,698970 0,000337
водитель 1,397940 0,000277
необычного 1,698970 0,000337
такси 1,301030 0,000258
клиентом 1,698970 0,000337
непросто 1,698970 0,000337
ведь 1,154902 0,000344
сначала 1,154902 0,000229
умереть 1,698970 0,000337
Герой 1,154902 0,000229
научиться 1,522879 0,000302
чуткости 1,698970 0,000337
эмпатии 1,698970 0,000337
помочь 1,045757 0,000207
душам 1,698970 0,000337
застрявшим 1,698970 0,000337
добраться 1,301030 0,000258
до 0,244125 0,000218
точки 1,221849 0,000242
перехода 1,522879 0,000302
понять 1,000000 0,000198
удерживает 1,698970 0,000337
Помогать 1,698970 0,000337
перевозке 1,698970 0,000337
душ 1,397940 0,000277
Кириллу 1,698970 0,000337
пассажирка 1,698970 0,000337
Мэри 1,154902 0,000229
Анна 0,568636 0,000113
Чиповская 1,698970 0,000337
застряла 1,698970 0,000337
двумя 1,096910 0,000218
мирами 1,698970 0,000337
Есть 0,886057 0,000176
исправить 1,522879 0,000302
куда 1,000000 0,000198
приведут 1,698970 0,000337
st 1,698970 0,000337
История 0,494850 0,000098
Мозеса 1,698970 0,000337
Джонсона 1,698970 0,000505
Тосин 1,698970 0,000337
Коул 1,522879 0,000302
многообещающего 1,698970 0,000337
спортсмена 1,698970 0,000337
средней 1,301030 0,000258
школы 0,853872 0,000254
втягивают 1,698970 0,000337
печально 1,698970 0,000337
известную 1,698970 0,000337
коррумпированную 1,698970 0,000337
систему 1,522879 0,000302
уголовного 1,698970 0,000337
правосудия 1,522879 0,000302
Чикаго 1,698970 0,000337
Трон 1,698970 0,000337
или 0,301030 0,000119
судьба 0,958607 0,000190
Елизаветы 1,301030 0,000258
Хлынина 1,522879 0,000302
дочери 1,301030 0,000258
Петра 1,000000 0,000198
Александр 0,468521 0,000093
Балуев 1,698970 0,000337
превращение 1,698970 0,000337
веселой 1,698970 0,000337
беззаботной 1,698970 0,000337
цесаревны 1,698970 0,000337
императрицу 1,698970 0,000337
Ей 1,522879 0,000302
Петр 1,000000 0,000198
решил 1,000000 0,000198
оставить 1,221849 0,000242
созданную 1,698970 0,000337
огромную 1,397940 0,000277
империю 1,698970 0,000337
полюбившая 1,698970 0,000337
оказалась 1,154902 0,000229
готова 1,221849 0,000242
пожертвовать 1,522879 0,000302
чувством 1,522879 0,000302
Завещание 1,301030 0,000258
воспринимает 1,698970 0,000337
проклятие 1,698970 0,000337
обретает 1,522879 0,000302
врагов 1,698970 0,000337
лице 1,522879 0,000453
самых 0,585027 0,000174
влиятельных 1,698970 0,000337
придворных 1,698970 0,000337
Остермана 1,698970 0,000337
Алексей 0,602060 0,000119
Агранович 1,522879 0,000302
Меншикова 1,698970 0,000337
Виктор 0,795880 0,000158
Раков 1,522879 0,000302
родная 1,698970 0,000337
Екатерина 0,920819 0,000183
Агриппина 1,522879 0,000302
Стеклова 1,522879 0,000302
видит 1,221849 0,000242
соперницу 1,698970 0,000337
трон 1,698970 0,000337
юная 1,522879 0,000302
воли 1,522879 0,000302
втянутой 1,698970 0,000337
водоворот 1,698970 0,000337
дворцовых 1,698970 0,000337
интриг 1,698970 0,000337
места 1,045757 0,000207
родственным 1,698970 0,000337
чувствам 1,698970 0,000337
простой 1,522879 0,000302
человеческой 1,522879 0,000302
привязанности 1,698970 0,000337
Сериал 1,000000 0,000496
альманах 1,698970 0,000337
семье 1,154902 0,000344
которую 1,000000 0,000298
хочется 1,221849 0,000242
равняться 1,698970 0,000337
внимания 1,301030 0,000258
обычная 1,522879 0,000302
Героями 1,698970 0,000337
стали 0,853872 0,000169
бабушки 1,522879 0,000302
дедушки 1,698970 0,000337
внуки 1,698970 0,000337
Кто 0,638272 0,000127
счастлив 1,698970 0,000337
браке 1,698970 0,000337
занимается 1,397940 0,000277
воспитанием 1,698970 0,000337
другие 0,677781 0,000134
готовятся 1,301030 0,000258
некоторые 1,096910 0,000218
сих 1,096910 0,000218
пор 1,045757 0,000207
живут 1,045757 0,000207
отчем 1,698970 0,000337
Hard 1,698970 0,000337
Cell 1,698970 0,000337
Лора 1,397940 0,000277
Уиллис 1,397940 0,000277
Кэтрин 1,397940 0,000277
Тейт 1,698970 0,000337
устроительница 1,698970 0,000337
мероприятий 1,096910 0,000218
ставшая 1,397940 0,000277
управляющей 1,698970 0,000337
женской 1,522879 0,000302
тюрьмой 1,698970 0,000337
описывает 1,698970 0,000337
взлеты 1,698970 0,000337
падения 1,221849 0,000242
уморительном 1,698970 0,000337
комедийном 1,522879 0,000302
сериале 1,096910 0,000218
Why 1,522879 0,000302
Didn 1,698970 0,000337
t 1,221849 0,000242
They 1,698970 0,000505
Ask 1,522879 0,000302
Evans 1,698970 0,000337
Основанный 1,698970 0,000337
культовом 1,698970 0,000337
Агаты 1,522879 0,000302
Кристи 1,522879 0,000302
сыне 1,397940 0,000277
местного 1,698970 0,000337
священника 1,522879 0,000302
Бобби 1,698970 0,000505
Джонсе 1,698970 0,000337
Уилл 1,154902 0,000229
Поултер 1,698970 0,000337
интеллигентной 1,698970 0,000337
подруге 1,397940 0,000277
светской 1,522879 0,000453
львице 1,698970 0,000337
Фрэнсис 1,301030 0,000258
Фрэнки 1,698970 0,000337
Дервент 1,698970 0,000337
Люси 1,698970 0,000337
Бойнтон 1,698970 0,000337
Пара 1,698970 0,000337
раскрыть 1,522879 0,000302
преступление 1,154902 0,000229
тело 1,045757 0,000207
умирающего 1,698970 0,000337
человека 0,568636 0,000226
последнем 1,522879 0,000302
издыхании 1,698970 0,000337
выдает 1,397940 0,000277
загадочный 1,397940 0,000277
вопрос 0,698970 0,000208
Ice 1,698970 0,000337
Age 1,698970 0,000337
Scrat 1,698970 0,000337
Tales 1,698970 0,000337
Killing 1,698970 0,000337
It 1,301030 0,000258
Комедия 1,096910 0,000218
классе 1,522879 0,000302
капитализме 1,698970 0,000337
стремлении 1,698970 0,000337
Крэйг 1,698970 0,000337
Робинсон 1,698970 0,000337
осуществить 1,522879 0,000302
американскую 1,698970 0,000337
мечту 1,397940 0,000277
А 0,376751 0,000112
также 0,494850 0,000294
охоте 1,522879 0,000302
действительно 1,221849 0,000242
больших 1,397940 0,000277
змей 1,698970 0,000337
Anatomy 1,698970 0,000337
a 0,920819 0,000183
Scandal 1,698970 0,000337
Софи 1,698970 0,000337
Сиенна 1,698970 0,000337
Миллер 1,221849 0,000242
замужем 1,698970 0,000337
Джеймсом 1,522879 0,000302
Руперт 1,522879 0,000302
Френд 1,698970 0,000337
влиятельным 1,698970 0,000337
политиком 1,698970 0,000337
комфортной 1,522879 0,000302
конец 1,301030 0,000258
скандальная 1,698970 0,000337
мужа 1,221849 0,000242
обвиняют 1,397940 0,000277
шокирующем 1,698970 0,000337
преступлении 1,522879 0,000302
Outer 1,698970 0,000337
Range 1,397940 0,000277
Паранормальный 1,698970 0,000337
вестерн 1,522879 0,000302
фермере 1,698970 0,000337
Вайоминга 1,698970 0,000337
земля 1,522879 0,000302
скрывает 1,301030 0,000258
некую 1,698970 0,000337
появляются 1,522879 0,000453
люди 0,677781 0,000202
желающие 1,698970 0,000337
использовать 1,154902 0,000229
эту 1,000000 0,000198
своих 0,657577 0,000130
интересах 1,522879 0,000302
Roar 1,698970 0,000337
Антология 1,301030 0,000258
восьми 1,397940 0,000277
женщинах 1,698970 0,000337
нетривиальными 1,698970 0,000337
проблемами 1,522879 0,000302
непременно 1,698970 0,000337
отыскивают 1,698970 0,000337
решения 0,958607 0,000190
мотивам 1,397940 0,000277
сборника 1,397940 0,000277
рассказов 1,522879 0,000302
Сесилии 1,698970 0,000337
Ахерн 1,698970 0,000337
Женщина 1,221849 0,000242
расправила 1,698970 0,000337
крылья 1,698970 0,000337
First 1,522879 0,000302
Lady 1,698970 0,000337
антология 1,522879 0,000302
судьбах 1,698970 0,000337
первых 0,853872 0,000339
Рита 1,397940 0,000277
десять 1,397940 0,000416
провела 1,522879 0,000302
реалити 1,698970 0,000337
шоу 0,657577 0,000391
участниками 1,397940 0,000277
следила 1,698970 0,000337
вся 1,221849 0,000242
возвращается 1,397940 0,000277
родной 1,301030 0,000258
принимают 1,522879 0,000302
плохо 1,301030 0,000258
бывшие 1,698970 0,000337
приятели 1,698970 0,000337
знакомые 1,698970 0,000337
да 1,045757 0,000207
обычные 1,522879 0,000302
улиц 1,698970 0,000505
видели 1,301030 0,000258
подноготную 1,698970 0,000337
экранной 1,698970 0,000337
воспринимают 1,522879 0,000302
живого 1,522879 0,000302
описанию 1,698970 0,000337
похоже 1,698970 0,000337
возможный 1,698970 0,000337
зрительский 1,698970 0,000337
хит 1,522879 0,000302
свежий 1,522879 0,000302
яркий 1,698970 0,000337
концепт 1,522879 0,000302
драмеди 1,698970 0,000337
смешное 1,698970 0,000337
соседствует 1,698970 0,000337
грустным 1,698970 0,000337
концов 1,698970 0,000337
создателей 1,522879 0,000302
разворачивается 1,522879 0,000302
декабрь 1,522879 0,000302
Украинскому 1,698970 0,000337
отделу 1,698970 0,000337
КГБ 1,301030 0,000258
известно 1,000000 0,000198
интересе 1,698970 0,000337
проявляемом 1,698970 0,000337
иностранными 1,522879 0,000302
спецслужбами 1,698970 0,000337
Чернобыльской 1,698970 0,000337
атомной 1,522879 0,000302
электростанции 1,698970 0,000337
установления 1,522879 0,000302
местонахождения 1,698970 0,000337
территории 1,096910 0,000218
Припяти 1,698970 0,000337
опытного 1,522879 0,000302
сотрудника 1,397940 0,000277
ЦРУ 1,698970 0,000337
Альберта 1,698970 0,000337
Ленца 1,698970 0,000337
Ульянов 1,522879 0,000302
подозревают 1,522879 0,000302
шпионаже 1,522879 0,000302
прибывает 1,397940 0,000277
подполковник 1,698970 0,000337
военной 1,221849 0,000242
контрразведки 1,698970 0,000337
Николаев 1,397940 0,000277
Игорь 0,823909 0,000163
Петренко 1,397940 0,000277
P 1,522879 0,000302
lpito 1,698970 0,000337
Аргентина 1,698970 0,000337
Мужчина 1,154902 0,000229
одержимый 1,698970 0,000337
желанием 1,698970 0,000337
организации 1,096910 0,000218
торговле 1,698970 0,000337
органами 1,698970 0,000337
женщиной 1,221849 0,000242
пересадили 1,698970 0,000337
Call 1,522879 0,000302
Me 1,522879 0,000302
Magic 1,698970 0,000337
Документальный 1,522879 0,000302
карьере 1,221849 0,000242
Эрвина 1,698970 0,000337
Мэджика 1,698970 0,000337
Billy 1,698970 0,000337
the 0,958607 0,000475
Kid 1,698970 0,000337
Эпический 1,698970 0,000337
приключенческий 1,698970 0,000337
известного 1,397940 0,000416
Кида 1,698970 0,000337
Уильям 1,397940 0,000277
Х 1,397940 0,000277
Бонни 1,698970 0,000337
Том 1,096910 0,000326
Блит 1,698970 0,000337
скромных 1,698970 0,000337
ирландских 1,698970 0,000337
корней 1,698970 0,000337
качестве 1,096910 0,000218
ковбоя 1,698970 0,000337
стрелка 1,698970 0,000337
американской 1,301030 0,000258
ключевой 1,397940 0,000277
войне 1,096910 0,000218
округа 1,522879 0,000302
Линкольн 1,698970 0,000337
Gaslit 1,698970 0,000337
помощников 1,698970 0,000337
президента 0,958607 0,000190
Ричарда 1,698970 0,000505
Никсона 1,698970 0,001011
противников 1,698970 0,000337
информаторов 1,698970 0,000337
Уотергейтский 1,698970 0,000337
скандал 1,301030 0,000258
произошел 1,397940 0,000277
июне 1,397940 0,000277
закончился 1,522879 0,000302
отставкой 1,698970 0,000337
разгар 1,397940 0,000277
президентской 1,397940 0,000277
кампании 1,698970 0,000337
команда 1,096910 0,000218
установила 1,698970 0,000337
подслушивающие 1,698970 0,000337
устройства 1,301030 0,000258
штабе 1,698970 0,000337
Демократической 1,698970 0,000337
партии 1,397940 0,000277
Робертс 1,698970 0,000337
Пенн 1,698970 0,000337
перевоплотились 1,698970 0,000337
Марту 1,698970 0,000337
Митчеллов 1,698970 0,000337
генеральным 1,698970 0,000337
прокурором 1,698970 0,000337
Митчелл 1,698970 0,000337
приспешником 1,698970 0,000337
будучи 1,522879 0,000302
львицей 1,698970 0,000337
обратила 1,698970 0,000337
внимание 0,853872 0,000169
вмешательство 1,522879 0,000302
предвыборную 1,698970 0,000337
гонку 1,522879 0,000302
We 1,221849 0,000242
Own 1,698970 0,000337
This 1,221849 0,000242
City 1,522879 0,000302
Криминальная 1,522879 0,000302
основанная 1,522879 0,000302
одноименной 1,698970 0,000505
книге 1,301030 0,000258
репортера 1,698970 0,000337
Baltimore 1,698970 0,000337
Sun 1,397940 0,000277
Джастина 1,522879 0,000302
Фентона 1,698970 0,000337
сериала 0,920819 0,000274
Балтиморе 1,698970 0,000337
городе 0,958607 0,000190
вспыхивают 1,522879 0,000302
беспорядки 1,522879 0,000302
граждане 1,522879 0,000302
требуют 1,397940 0,000277
справедливости 1,397940 0,000277
отношении 0,853872 0,000169
Фредди 1,522879 0,000604
Грея 1,698970 0,000337
летнего 1,301030 0,000258
темнокожего 1,698970 0,000337
умер 1,154902 0,000229
при 0,468521 0,000186
подозрительных 1,698970 0,000505
обстоятельствах 1,522879 0,000453
находясь 1,698970 0,000337
стражей 1,698970 0,000337
Командиры 1,698970 0,000337
Балтимора 1,522879 0,000302
обращаются 1,698970 0,000337
сержанту 1,698970 0,000337
Уэйну 1,698970 0,000337
Дженкинсу 1,698970 0,000337
элитному 1,698970 0,000337
подразделению 1,698970 0,000337
помощью 0,769551 0,000153
убрать 1,397940 0,000277
оружие 1,154902 0,000229
наркотики 1,522879 0,000302
если 0,698970 0,000208
результате 1,096910 0,000218
биологической 1,698970 0,000337
почти 0,853872 0,000169
мужское 1,698970 0,000337
население 1,522879 0,000302
вымрет 1,698970 0,000337
Женщины 1,301030 0,000258
погорюют 1,698970 0,000337
недолго 1,522879 0,000302
потом 0,920819 0,000183
создадут 1,698970 0,000337
лучший 1,045757 0,000207
экогородками 1,698970 0,000337
возобновляемой 1,698970 0,000337
энергией 1,698970 0,000337
возможностями 1,698970 0,000337
заниматься 1,301030 0,000258
чем 0,420216 0,000083
захочется 1,698970 0,000337
хоть 1,397940 0,000416
наукой 1,698970 0,000337
биохакингом 1,698970 0,000337
йогой 1,698970 0,000337
саморазвитием 1,698970 0,000337
Размножение 1,698970 0,000337
путем 1,397940 0,000277
искусственного 1,698970 0,000337
оплодотворения 1,698970 0,000337
рождаются 1,522879 0,000302
новом 0,853872 0,000169
девочки 1,397940 0,000277
всем 0,853872 0,000169
нраву 1,522879 0,000302
такое 0,638272 0,000127
мироустройство 1,698970 0,000337
Часть 1,221849 0,000242
оставшихся 1,698970 0,000337
живых 1,301030 0,000258
мужчин 1,096910 0,000218
верных 1,522879 0,000302
уходят 1,397940 0,000277
заброшенные 1,698970 0,000337
мегаполисы 1,698970 0,000337
воровать 1,698970 0,000337
электричество 1,698970 0,000337
наслаждаясь 1,698970 0,000337
свободой 1,301030 0,000258
традиционным 1,698970 0,000337
сексом 1,698970 0,000337
Спокойствие 1,698970 0,000337
идеально 1,397940 0,000277
устроенного 1,698970 0,000337
женского 1,698970 0,000337
мира 0,537602 0,000107
угрозой 1,698970 0,000337
учительница 1,698970 0,000337
Рада 1,698970 0,000337
экогорода 1,698970 0,000337
встречает 1,221849 0,000242
пределами 1,397940 0,000277
молодого 1,522879 0,000302
примата 1,698970 0,000337
Геру 1,698970 0,000337
Ten 1,698970 0,000337
Percent 1,698970 0,000337
Сотрудники 1,522879 0,000302
лондонского 1,698970 0,000337
кастинг 1,522879 0,000302
агентства 1,397940 0,000277
изо 1,698970 0,000337
всех 0,552842 0,000110
сил 1,096910 0,000218
стараются 1,522879 0,000302
звездные 1,698970 0,000337
клиенты 1,522879 0,000302
оставались 1,698970 0,000337
довольны 1,698970 0,000337
бизнес 0,657577 0,000196
обанкротился 1,698970 0,000337
внезапной 1,522879 0,000302
основателя 1,522879 0,000302
фирмы 1,698970 0,000337
Under 1,698970 0,000337
Banner 1,522879 0,000302
Heaven 1,698970 0,000337
книги 0,744727 0,000148
подвергает 1,698970 0,000337
сомнениям 1,698970 0,000337
веру 1,397940 0,000277
расследует 1,698970 0,000337
жестокое 1,698970 0,000337
ведут 1,221849 0,000242
уважаемой 1,698970 0,000337
Юты 1,698970 0,000337
придерживается 1,698970 0,000337
мормонского 1,698970 0,000337
фундаментализма 1,698970 0,000337
Гарфилд 1,698970 0,000337
исполнит 1,698970 0,000337
проекте 0,657577 0,000196
старосту 1,698970 0,000337
мормонской 1,698970 0,000337
ходе 1,000000 0,000298
расследования 1,397940 0,000416
появляться 1,522879 0,000302
вопросы 0,744727 0,000148
общине 1,698970 0,000337
контакта 1,522879 0,000302
подозреваемым 1,522879 0,000302
Offer 1,522879 0,000302
Shining 1,698970 0,000337
Girls 1,522879 0,000302
Чикагская 1,698970 0,000337
журналистка 1,698970 0,000337
нападения 1,221849 0,000242
серийного 1,522879 0,000302
убийцы 1,301030 0,000258
преступнику 1,698970 0,000337
маняьк 1,698970 0,000337
обнаружил 1,397940 0,000277
портал 0,823909 0,000163
путешествий 1,397940 0,000277
подобных 1,522879 0,000302
перемещений 1,698970 0,000337
убивать 1,522879 0,000302
талантливых 1,698970 0,000337
сияющих 1,698970 0,000337
девушек 1,301030 0,000258
Star 1,522879 0,000302
Trek 1,698970 0,000337
Strange 1,698970 0,000337
Worlds 1,698970 0,000337
Фантастический 1,397940 0,000277
станет 0,920819 0,000274
частью 1,096910 0,000218
официальной 1,522879 0,000302
франшизы 1,698970 0,000337
Стартрека 1,698970 0,000337
разработкой 1,522879 0,000302
занимался 1,397940 0,000277
непосредственно 1,522879 0,000302
Куртцман 1,698970 0,000337
автор 1,045757 0,000207
телепроектов 1,698970 0,000337
Пикар 1,698970 0,000337
Дискавери 1,698970 0,000337
Энсон 1,698970 0,000337
Маунт 1,698970 0,000337
Ребекка 1,698970 0,000337
Ромейн 1,698970 0,000337
Итак 1,522879 0,000302
Пек 1,698970 0,000337
исполнители 1,698970 0,000337
ролей 1,522879 0,000302
Кристофера 1,522879 0,000302
Пайка 1,698970 0,000337
Уны 1,698970 0,000337
Спока 1,698970 0,000337
соответственно 1,698970 0,000337
вернутся 1,522879 0,000302
персонажам 1,698970 0,000337
сюжет 1,096910 0,000218
вокруг 1,221849 0,000242
экипажа 1,522879 0,000302
космического 1,698970 0,000337
судна 1,698970 0,000337
USS 1,698970 0,000337
Энтерпрайз 1,698970 0,000337
Известно 1,698970 0,000337
действие 1,397940 0,000277
Странных 1,698970 0,000337
новых 0,508638 0,000151
миров 1,397940 0,000277
происходить 1,522879 0,000302
оригинального 1,522879 0,000302
Звездного 1,698970 0,000337
Clark 1,698970 0,000337
TV 1,221849 0,000242
Series 1,698970 0,000337
Annarasumanara 1,698970 0,000337
предстоящего 1,698970 0,000337
драматического 1,698970 0,000337
Original 1,698970 0,000337
брошенная 1,522879 0,000302
долгов 1,522879 0,000302
Юн 1,698970 0,000337
содержать 1,154902 0,000229
младшую 1,522879 0,000302
сестру 1,301030 0,000258
Несмотря 1,221849 0,000242
занята 1,698970 0,000337
подработкой 1,698970 0,000337
учебой 1,698970 0,000337
учениц 1,522879 0,000302
Случайная 1,522879 0,000302
встреча 1,096910 0,000218
волшебником 1,698970 0,000337
Ли 1,221849 0,000242
Ылем 1,698970 0,000337
изменит 1,522879 0,000302
Помимо 1,698970 0,000337
доброго 1,698970 0,000337
дорамы 1,522879 0,000302
мощнейшее 1,698970 0,000337
подкрепление 1,698970 0,000337
Хвана 1,698970 0,000337
Ин 1,698970 0,000337
Епа 1,698970 0,000337
Из 0,698970 0,000208
персонажа 1,698970 0,000337
дораме 1,522879 0,000302
Истинная 1,698970 0,000337
красота 1,301030 0,000258
мы 0,468521 0,000186
слетели 1,698970 0,000337
катушек 1,522879 0,000302
Надеемся 1,698970 0,000337
погубит 1,698970 0,000337
нас 0,508638 0,000101
окончательно 1,397940 0,000277
Now 1,522879 0,000302
Then 1,698970 0,000337
группы 1,045757 0,000207
колледжу 1,698970 0,000337
праздничный 1,698970 0,000337
уик 1,698970 0,000337
энд 1,522879 0,000302
заканчивается 1,397940 0,000277
смертью 1,522879 0,000302
двадцать 1,397940 0,000277
оставшиеся 1,698970 0,000337
пятеро 1,698970 0,000337
неохотно 1,698970 0,000337
воссоединяются 1,522879 0,000302
угрозы 1,397940 0,000277
разрушить 1,698970 0,000337
казалось 1,301030 0,000258
идеальные 1,397940 0,000277
Obi 1,698970 0,000337
Wan 1,698970 0,000337
Kenobi 1,698970 0,000337
Мини 1,698970 0,000337
вселенной 1,221849 0,000242
сконцентрируется 1,698970 0,000337
персонаже 1,698970 0,000337
Вана 1,698970 0,000337
непобедимого 1,698970 0,000337
джедая 1,698970 0,000337
наставника 1,698970 0,000337
Энакина 1,698970 0,000337
Скайуокера 1,698970 0,000337
Ms 1,698970 0,000337
Marvel 1,301030 0,000258
Terminal 1,698970 0,000337
List 1,522879 0,000302
Спецназовец 1,698970 0,000337
Джеймс 1,096910 0,000326
Крис 1,397940 0,000277
Пратт 1,698970 0,000337
свидетелем 1,698970 0,000337
уничтожения 1,397940 0,000277
взвода 1,698970 0,000337
опасной 1,522879 0,000302
секретной 1,698970 0,000337
Вернувшись 1,522879 0,000302
домой 0,958607 0,000190
вспомнить 1,397940 0,000277
подробности 1,154902 0,000229
произошедшего 1,397940 0,000277
доказательства 1,698970 0,000337
операция 1,000000 0,000198
затеяна 1,698970 0,000337
высшими 1,698970 0,000337
эшелонами 1,698970 0,000337
House 1,397940 0,000277
Dragon 1,522879 0,000302
первым 1,154902 0,000229
спин 1,698970 0,000337
оффом 1,698970 0,000337
Игры 0,886057 0,000264
престолов 1,397940 0,000416
Джорджа 1,397940 0,000277
Р 1,301030 0,000645
Мартина 1,522879 0,000302
Пламя 1,698970 0,000337
кровь 1,522879 0,000604
начала 0,769551 0,000153
нем 0,958607 0,000190
речь 1,301030 0,000258
Таргариенов 1,698970 0,000337
покинувших 1,397940 0,000277
Валирию 1,698970 0,000337
отправившихся 1,698970 0,000337
решили 1,154902 0,000229
завоевать 1,397940 0,000277
Lord 1,698970 0,000337
Rings 1,698970 0,000505
Power 1,698970 0,000337
Грядущий 1,698970 0,000337
Amazon 1,221849 0,000242
Studios 1,698970 0,000337
легендах 1,698970 0,000337
эпохи 1,154902 0,000229
Средиземья 1,698970 0,000337
экране 1,397940 0,000277
эпичной 1,522879 0,000302
драмы 1,522879 0,000302
Хоббита 1,698970 0,000337
Властелина 1,698970 0,000337
Толкина 1,698970 0,000505
унесет 1,698970 0,000337
зрителей 1,221849 0,000242
эру 1,698970 0,000337
формировались 1,698970 0,000337
великие 1,397940 0,000277
силы 0,958607 0,000190
королевства 1,698970 0,000674
расцветали 1,698970 0,000337
превращались 1,698970 0,000337
руины 1,698970 0,000337
подвергались 1,698970 0,000337
испытаниям 1,698970 0,000337
надежда 1,698970 0,000337
висела 1,698970 0,000337
тонких 1,698970 0,000337
нитях 1,698970 0,000337
величайший 1,698970 0,000337
злодей 1,698970 0,000337
либо 1,000000 0,000298
вышедший 1,522879 0,000302
пера 1,698970 0,000337
грозил 1,698970 0,000337
повергнуть 1,698970 0,000337
тьму 1,698970 0,000337
Начиная 1,698970 0,000337
относительно 1,522879 0,000302
мирного 1,397940 0,000277
группе 1,397940 0,000277
персонажей 1,221849 0,000242
знакомых 1,397940 0,000277
противостоят 1,698970 0,000337
долгому 1,698970 0,000337
возрождению 1,698970 0,000337
Средиземье 1,698970 0,000337
темнейших 1,698970 0,000337
глубин 1,698970 0,000337
Туманных 1,698970 0,000337
гор 1,698970 0,000337
величественных 1,698970 0,000337
лесов 1,522879 0,000302
столицы 1,301030 0,000258
эльфов 1,397940 0,000277
Линдон 1,698970 0,000337
захватывающего 1,698970 0,000337
дух 1,397940 0,000277
островного 1,698970 0,000337
Нуменор 1,698970 0,000337
дальних 1,698970 0,000337
уголков 1,522879 0,000302
карте 1,301030 0,000258
сохранят 1,698970 0,000337
наследие 1,397940 0,000277
долгое 1,522879 0,000302
сезон 0,853872 0,000254
серия 1,000000 0,000298
дата 1,221849 0,000364
настоящее 1,397940 0,000416
Биллом 1,698970 0,000505
Мааром 1,698970 0,000505
Real 1,397940 0,000416
Time 1,522879 0,000453
with 1,096910 0,000326
Bill 1,698970 0,000505
Maher 1,698970 0,000505
Еженедельное 1,698970 0,000337
сатирическое 1,698970 0,000337
ток 1,221849 0,000242
выходящее 1,698970 0,000337
канале 1,045757 0,000207
HBO 1,522879 0,000302
ведущий 1,522879 0,000302
гости 1,221849 0,000242
обсуждают 1,154902 0,000229
актуальные 1,397940 0,000277
выпуск 1,000000 0,000198
правило 1,522879 0,000302
сводки 1,522879 0,000302
последних 1,045757 0,000207
новостей 0,619789 0,000123
политической 1,096910 0,000218
пародии 1,522879 0,000302
юмористического 1,698970 0,000337
монолога 1,698970 0,000337
Затем 1,522879 0,000302
Билл 1,522879 0,000302
Маар 1,698970 0,000337
берет 1,301030 0,000258
интервью 0,823909 0,000163
важной 1,522879 0,000302
x 1,221849 0,000848
Водоем 1,698970 0,000674
акулами 1,698970 0,000842
Shark 1,698970 0,000505
Tank 1,698970 0,000505
американская 1,522879 0,000302
телепередача 1,698970 0,000337
современная 1,301030 0,000258
версия 0,769551 0,000153
Dragons 1,698970 0,000337
Den 1,698970 0,000337
участвуют 1,698970 0,000337
бизнесмены 1,522879 0,000302
стартаперы 1,698970 0,000337
нужны 0,920819 0,000183
инвестиции 1,397940 0,000277
получить 0,769551 0,000153
деньги 0,958607 0,000190
представить 1,154902 0,000229
стартап 1,698970 0,000337
лучшем 1,522879 0,000302
виде 1,397940 0,000277
Ай 1,698970 0,000842
Карли 1,698970 0,001179
iCarly 1,698970 0,000842
том 0,568636 0,000169
взрослые 1,698970 0,000505
Миранда 1,698970 0,000505
Косгров 1,698970 0,000505
Нэйтан 1,698970 0,000505
Кресс 1,698970 0,000505
Спенсер 1,698970 0,000505
Джерри 1,522879 0,000453
Трэйнор 1,698970 0,000505
справляются 1,698970 0,000505
работой 1,522879 0,000453
отношениями 1,698970 0,000505
решают 1,698970 0,000505
снимать 1,301030 0,000387
веб 1,397940 0,000416
movies 1,698970 0,000505
trailers 1,698970 0,000505
video 1,522879 0,000453
object 1,698970 0,000505
position 0,853872 0,000254
Голубая 1,522879 0,000453
Blue 1,698970 0,000505
Bloods 1,698970 0,000505
Френк 1,698970 0,000337
Рейган 1,698970 0,000337
Селлек 1,698970 0,000337
глава 0,958607 0,000190
Нью 1,221849 0,000242
Йорка 1,522879 0,000302
патриарх 1,522879 0,000302
семейства 1,397940 0,000277
Рейганов 1,698970 0,000337
управляет 1,698970 0,000505
столь 1,221849 0,000242
дипломатично 1,698970 0,000337
полицией 1,698970 0,000337
политикой 1,221849 0,000242
досаждала 1,698970 0,000337
чрезмерно 1,698970 0,000337
смелому 1,698970 0,000337
отцу 1,522879 0,000302
Лен 1,698970 0,000337
Кариу 1,698970 0,000337
главой 1,397940 0,000277
Источником 1,698970 0,000337
Гранчестер 1,698970 0,000674
Grantchester 1,698970 0,000505
живописной 1,698970 0,000337
деревушке 1,522879 0,000302
Кембриджшире 1,698970 0,000337
Сидни 1,522879 0,000302
Чемберс 1,698970 0,000337
Нортон 1,522879 0,000302
харизматичный 1,698970 0,000337
очаровательный 1,698970 0,000337
викарий 1,698970 0,000337
прихожан 1,698970 0,000337
умирает 1,522879 0,000302
Весь 0,920819 0,000183
график 1,522879 0,000302
Кордюкова 1,698970 0,000337
Катя 1,301030 0,000258
Карслиди 1,698970 0,000337
Алихан 1,698970 0,000337
Исрапилов 1,698970 0,000337
сильно 1,045757 0,000207
любим 1,397940 0,000277
Джей 1,698970 0,000337
Ди 1,301030 0,000258
Клиники 1,698970 0,000337
Владислав 1,221849 0,000242
Шуравин 1,698970 0,000337
Halo 1,698970 0,000337
фантастический 1,522879 0,000302
основе 0,958607 0,000190
видеоигры 1,698970 0,000337
Московские 1,397940 0,000277
вампиры 1,522879 0,000302
хипстеры 1,698970 0,000337
Ампир 1,397940 0,000277
V 0,958607 0,000190
Горячок 1,698970 0,000337
Хочу 0,920819 0,000183
киносвиданий 1,698970 0,000337
Выбери 1,698970 0,000337
получай 1,698970 0,000337
приглашения 1,698970 0,000337
свидания 1,221849 0,000242
Контакты 0,455932 0,000090
Вакансии 0,657577 0,000130
Реклама 0,387216 0,000077
Перепечатка 1,301030 0,000258
Лицензионное 1,698970 0,000337
соглашение 0,619789 0,000123
ВКонтакте 0,795880 0,000158
OK 1,397940 0,000277
RU 0,886057 0,000176
Яндекс 0,638272 0,000127
Дзен 1,000000 0,000198
Твиттер 1,397940 0,000277
Telegram 0,769551 0,000153
Film 1,522879 0,000453
ru 0,187087 0,000074
зарегистрирован 1,522879 0,000302
Федеральной 0,619789 0,000123
службой 0,744727 0,000148
надзору 0,619789 0,000123
сфере 0,552842 0,000110
связи 0,455932 0,000090
информационных 0,585027 0,000116
технологий 0,568636 0,000113
массовых 0,568636 0,000113
коммуникаций 0,585027 0,000116
Роскомнадзор 0,823909 0,000163
Свидетельство 0,721246 0,000143
Эл 0,721246 0,000143
ФС 0,522879 0,000104
Предложить 1,698970 0,000337
материал 1,045757 0,000311
Если 0,769551 0,000229
хотите 1,045757 0,000207
предложить 1,397940 0,000277
нам 0,657577 0,000261
публикации 0,823909 0,000163
сотрудничество 1,522879 0,000302
напишите 1,397940 0,000277
письмо 1,045757 0,000207
оно 1,301030 0,000258
покажется 1,698970 0,000337
ответим 1,698970 0,000337
вам 0,677781 0,000134
ваш 0,853872 0,000169
нельзя 0,853872 0,000169
решить 1,301030 0,000258
почте 1,397940 0,000277
редакцию 1,522879 0,000302
можно 0,443697 0,000088
позвонить 1,698970 0,000337
Адрес 0,721246 0,000143
писем 1,522879 0,000302
partner 1,397940 0,000277
film 1,698970 0,000337
Телефон 1,000000 0,000198
редакции 0,481486 0,000095
