ВЗГЛЯД 1,698970 0,000852
РУ 1,397940 0,000701
последние 0,769551 0,000257
новости 0,420216 0,000281
и 0,075721 0,001290
аналитические 1,397940 0,000467
материалы 0,537602 0,000180
НОВОСТЬ 1,698970 0,000852
ЧАСА 1,698970 0,000852
Глава 0,698970 0,000934
ДНР 0,823909 0,001239
назвал 0,795880 0,001197
удар 0,920819 0,001385
Точкой 0,958607 0,001281
У 0,431798 0,000721
по 0,124939 0,001211
Краматорску 0,744727 0,001244
чудовищной 1,698970 0,001419
провокацией 1,154902 0,000965
Киева 1,045757 0,000874
лента 1,045757 0,000349
новостей 0,619789 0,000207
все 0,292430 0,000489
часа 1,154902 0,000386
Украина 0,698970 0,001168
Россия 0,455932 0,001295
США 0,508638 0,001275
Президент 1,000000 0,000501
Путин 0,721246 0,000482
Коронавирус 0,958607 0,000320
Поставки 1,698970 0,000568
газа 1,221849 0,000817
Нефть 1,698970 0,000568
рубль 1,045757 0,000349
Армия 1,000000 0,000334
вооружение 1,522879 0,000509
апреля 0,301030 0,000151
пятница 1,301030 0,000435
Последнее 1,000000 0,000334
обновление 1,397940 0,000467
vz 1,698970 0,000852
ru 0,187087 0,000125
Разделы 1,522879 0,000509
Какой 1,221849 0,000817
курс 0,920819 0,000462
рубля 1,045757 0,001048
комфортен 1,698970 0,000852
российской 0,958607 0,001281
экономике 1,221849 0,000612
YURI 1,698970 0,000568
KOCHETKOV 1,698970 0,000568
EPA 1,698970 0,000568
ТАСС 1,397940 0,000701
Курс 0,886057 0,000444
символично 1,698970 0,000852
укрепился 1,698970 0,000852
до 0,244125 0,000571
тех 0,920819 0,000615
уровней 1,522879 0,000763
которые 0,431798 0,000577
были 0,769551 0,000771
начала 0,769551 0,001029
спецоперации 0,744727 0,000747
на 0,075721 0,000962
Украине 0,537602 0,002156
Причем 1,522879 0,000763
сделал 1,154902 0,000772
это 0,292430 0,000684
даже 0,619789 0,000518
после 0,397940 0,000598
объявления 1,397940 0,000934
новых 0,508638 0,000340
санкций 0,677781 0,000906
Почему 0,522879 0,000786
валюта 1,698970 0,001135
России 0,251812 0,002272
ведет 1,096910 0,000550
себя 0,552842 0,000462
таким 1,045757 0,000699
необычным 1,698970 0,000852
образом 1,045757 0,001048
продолжит 1,301030 0,000652
ли 0,397940 0,001130
она 0,744727 0,000373
укрепление 1,301030 0,000652
рублей 0,585027 0,000391
за 0,180456 0,000603
доллар 1,154902 0,000579
Подробности 1,397940 0,007942
Германия 0,958607 0,000641
гарантировала 1,698970 0,000852
непрерывность 1,698970 0,000852
работы 0,638272 0,000427
дочки 1,522879 0,000763
Газпрома 1,698970 0,000852
Рубль 1,522879 0,000763
ослаб 1,698970 0,000568
копеек 1,698970 0,000568
к 0,207608 0,000520
доллару 1,522879 0,000509
решения 0,958607 0,000320
ЦБ 0,795880 0,000266
о 0,136677 0,000480
снижении 1,301030 0,000435
ставки 1,154902 0,000386
Мировые 1,154902 0,000386
цены 0,823909 0,000275
базовое 1,522879 0,000509
продовольствие 1,154902 0,000386
достигли 1,154902 0,000386
рекорда 1,301030 0,000435
фоне 1,154902 0,000579
событий 0,853872 0,000285
Перейти 1,045757 0,001922
в 0,070581 0,001356
раздел 1,301030 0,002391
Откуда 1,154902 0,000579
получает 1,045757 0,000524
топливо 1,397940 0,000701
для 0,119186 0,000358
войны 0,744727 0,000871
с 0,102373 0,000582
Россией 0,795880 0,000931
REUTERS 1,698970 0,001135
Alkis 1,698970 0,000852
Konstantinidis 1,698970 0,000852
Страны 1,698970 0,000852
НАТО 0,769551 0,000900
договорились 1,698970 0,000852
поставках 1,522879 0,000763
ВСУ 0,744727 0,001991
тяжелых 1,698970 0,000852
видов 1,698970 0,001135
наступательных 1,698970 0,000852
вооружений 1,698970 0,000852
Однако 0,958607 0,001121
поступающая 1,698970 0,000852
Запада 1,000000 0,000668
бронетехника 1,698970 0,000852
требует 1,096910 0,000733
от 0,193820 0,000486
Украины 0,721246 0,001808
сосредоточения 1,698970 0,000852
соответствующих 1,698970 0,000852
запасов 1,698970 0,000852
топлива 1,397940 0,000701
Ранее 1,221849 0,005716
львиная 1,698970 0,000852
доля 1,698970 0,000852
рынка 1,096910 0,000550
ГСМ 1,522879 0,000763
стране 0,853872 0,000713
принадлежала 1,698970 0,000852
Минску 1,698970 0,000852
Москве 0,455932 0,000457
Теперь 0,958607 0,000481
ситуация 1,301030 0,000652
сильно 1,045757 0,000524
изменилась 1,522879 0,000763
российская 1,154902 0,000772
армия 1,096910 0,000733
планомерно 1,698970 0,000852
уничтожает 1,698970 0,000852
НПЗ 1,397940 0,000701
топливные 1,698970 0,000852
базы 1,698970 0,000852
Кто 0,638272 0,000427
снабжает 1,698970 0,000852
украинские 1,096910 0,000916
самолеты 1,522879 0,001272
танки 1,698970 0,001135
топливом 1,698970 0,001135
как 0,251812 0,000505
ВС 1,045757 0,000699
могут 0,522879 0,000349
воспрепятствовать 1,698970 0,000852
этому 1,096910 0,000550
Кремль 1,154902 0,001351
оценил 1,154902 0,000579
голосование 1,522879 0,000763
дружественных 1,698970 0,001135
стран 1,045757 0,001048
вопросу 1,522879 0,000763
исключения 1,397940 0,000934
из 0,167491 0,000588
СПЧ 0,920819 0,000615
ООН 0,823909 0,000688
Власти 1,000000 0,000835
Грузии 1,301030 0,000870
раскритиковали 1,698970 0,000852
визит 1,522879 0,001018
грузинских 1,698970 0,000852
оппозиционеров 1,698970 0,000852
Москву 0,886057 0,000740
спросили 1,698970 0,000852
планах 1,301030 0,000652
Литвы 1,522879 0,001272
блокаде 1,522879 0,001272
Калининграда 1,301030 0,001087
Как 0,301030 0,000654
большевики 1,698970 0,000852
отдали 1,698970 0,000852
исконно 1,698970 0,000852
русские 1,045757 0,000699
земли 1,154902 0,000579
Maxim 1,698970 0,000568
Zmeyev 1,698970 0,000568
Происходящее 1,698970 0,000852
сегодня 0,677781 0,000340
было 0,585027 0,000782
спровоцировано 1,698970 0,000852
более 0,585027 0,000293
ста 1,522879 0,000763
лет 0,366532 0,000490
назад 0,721246 0,000362
крайней 1,522879 0,001018
мере 1,301030 0,000870
именно 0,920819 0,001077
такой 0,853872 0,000428
вывод 1,698970 0,000852
можно 0,443697 0,000445
сделать 0,920819 0,000462
изучения 1,397940 0,000701
русской 0,744727 0,000373
истории 0,657577 0,000439
документов 1,154902 0,000579
составленных 1,522879 0,000763
еще 0,408935 0,000273
большевиками 1,698970 0,000852
Гигантские 1,698970 0,000852
территории 1,096910 0,001283
населенные 1,698970 0,000852
русскими 1,301030 0,000652
том 0,568636 0,000285
числе 1,045757 0,000524
промышленный 1,522879 0,000763
Донбасс 0,886057 0,000592
личным 1,698970 0,000852
решением 1,522879 0,000763
Ленина 1,301030 0,000652
отданы 1,698970 0,000852
почему 0,494850 0,000331
произошло 1,045757 0,000524
В 0,167491 0,000951
Росатоме 1,698970 0,000852
начали 0,958607 0,000481
готовить 1,522879 0,000763
инфраструктуру 1,397940 0,000934
прототипа 1,522879 0,001018
будущего 0,823909 0,000551
термоядерного 1,522879 0,001018
реактора 1,522879 0,001018
отреагировал 1,397940 0,000701
провокацию 1,397940 0,000701
Краматорске 0,823909 0,000551
Минобороны 0,698970 0,000584
опровергло 1,221849 0,000817
причастность 1,301030 0,000652
ракетному 1,397940 0,000701
удару 1,301030 0,000652
Зеленский 1,154902 0,001544
оскорбил 1,698970 0,000852
греков 1,698970 0,001703
выступлением 1,698970 0,000852
нацистами 1,522879 0,000763
LesvosPost 1,698970 0,000568
com 0,744727 0,000249
WEB 1,522879 0,000509
TV 1,221849 0,000408
Youtube 1,522879 0,000509
Выступление 1,397940 0,000701
Владимира 0,721246 0,000603
Зеленского 0,958607 0,000641
перед 0,920819 0,000462
греческим 1,698970 0,000852
парламентом 1,522879 0,000763
вызвало 1,522879 0,001018
скандал 1,301030 0,000870
Украинский 1,301030 0,000652
президент 1,397940 0,000701
решил 1,000000 0,000835
дать 1,301030 0,000870
слово 0,886057 0,000444
этническим 1,698970 0,000852
грекам 1,698970 0,000852
воюющим 1,698970 0,000852
нацбате 1,698970 0,000852
Азов 1,154902 0,000965
Но 0,619789 0,001139
вместо 0,744727 0,000373
поддержки 0,823909 0,000413
он 0,568636 0,000380
получил 0,958607 0,000481
шквал 1,698970 0,000852
критики 1,698970 0,000852
практически 1,096910 0,000550
всех 0,552842 0,000277
крупнейших 1,698970 0,000852
политических 1,397940 0,001401
сил 1,096910 0,000916
Афин 1,698970 0,000852
Кроме 1,397940 0,000934
того 0,853872 0,001569
вновь 0,823909 0,000413
повторил 1,698970 0,000852
допущенную 1,698970 0,000852
обращении 1,698970 0,001135
израильскому 1,698970 0,000852
Кнессету 1,698970 0,000852
ошибку 1,154902 0,000579
использовав 1,698970 0,000852
неудачное 1,698970 0,000852
историческое 1,522879 0,000763
сравнение 1,698970 0,000852
литовском 1,522879 0,001018
городе 0,958607 0,001121
Мариямполе 1,522879 0,001018
осквернили 1,397940 0,000701
памятник 1,096910 0,000550
советским 1,301030 0,000870
воинам 1,397940 0,000934
Япония 0,823909 0,000413
запретила 1,522879 0,000763
импорт 1,096910 0,000733
древесины 1,397940 0,000934
водки 1,221849 0,000817
Анонсированы 1,698970 0,000568
переговоры 1,301030 0,000870
глав 1,154902 0,000386
минобороны 1,698970 0,000568
Турции 1,154902 0,000386
Британии 1,301030 0,000652
Италии 1,154902 0,000386
ситуации 1,000000 0,000501
вертолеты 1,698970 0,000568
атаковали 1,301030 0,000652
Белгород 1,221849 0,000612
Антон 0,958607 0,000320
Вергун 1,698970 0,000568
Пока 1,301030 0,000870
перегруппировывает 1,698970 0,000568
свои 0,698970 0,000234
войска 1,221849 0,000612
северо 1,698970 0,000568
востоке 1,522879 0,000509
нанесли 1,096910 0,000367
авиаудар 1,698970 0,000568
нефтебазе 1,522879 0,000763
российском 1,000000 0,000501
Белгороде 1,397940 0,000701
Несмотря 1,221849 0,000612
отсутствие 1,154902 0,000772
жертв 1,154902 0,000579
незначительный 1,698970 0,000852
ущерб 1,522879 0,000763
инцидент 1,522879 0,001018
вызвал 1,301030 0,000652
бурную 1,522879 0,000763
реакцию 1,397940 0,000701
Сети 1,301030 0,000652
вертолетам 1,698970 0,000568
удается 1,397940 0,000467
наносить 1,698970 0,000568
удары 1,221849 0,000408
какой 0,886057 0,000444
целью 1,301030 0,000435
они 0,657577 0,000549
проводятся 1,522879 0,000509
исключить 1,397940 0,000467
авиационных 1,698970 0,000568
вторжений 1,698970 0,000568
При 0,769551 0,000257
взрыве 1,397940 0,000467
газового 1,698970 0,000568
баллона 1,698970 0,000568
Нижневартовске 1,522879 0,000509
пострадали 1,397940 0,000467
пять 1,301030 0,000435
рабочих 1,221849 0,000408
Вучич 1,301030 0,000652
рассказал 0,619789 0,000311
об 0,292430 0,000244
истребителе 1,522879 0,000763
воздушной 1,698970 0,000852
зоне 1,397940 0,000701
Преодолеть 1,698970 0,000852
магию 1,522879 0,000763
модных 1,522879 0,000763
брендов 1,154902 0,000579
Игорь 0,823909 0,000413
Караулов 1,698970 0,000852
поэт 1,301030 0,000435
публицист 1,522879 0,000763
Переход 1,698970 0,000852
расчеты 1,698970 0,000852
рублях 1,301030 0,000652
который 0,508638 0,000425
должен 0,886057 0,000592
устранить 1,698970 0,000852
недооцененность 1,698970 0,000852
нашего 0,958607 0,000481
экспорта 1,397940 0,000701
страна 1,096910 0,000550
уже 0,602060 0,000704
столь 1,221849 0,000612
же 0,721246 0,000723
важно 1,301030 0,000652
выявить 1,698970 0,000852
истинную 1,698970 0,000852
цену 1,522879 0,000763
западной 1,522879 0,000763
интеллектуальной 1,096910 0,000550
собственности 1,154902 0,000579
частью 1,096910 0,000550
которой 0,886057 0,000444
являются 1,045757 0,000524
бренды 1,221849 0,000612
товарные 1,698970 0,000852
знаки 1,522879 0,000763
Памяти 1,221849 0,000612
великого 1,301030 0,000652
Вольфовича 1,698970 0,000852
Максим 0,958607 0,000481
Соколов 1,698970 0,000852
Похоже 1,397940 0,000701
той 1,698970 0,000852
новой 0,769551 0,000386
эпохе 1,698970 0,000852
куда 1,000000 0,000501
мы 0,468521 0,000235
вступаем 1,698970 0,000852
не 0,142668 0,000858
будет 0,387216 0,001035
многого 1,698970 0,000852
прежнего 1,698970 0,000852
шутовской 1,698970 0,000852
стихии 1,522879 0,000763
тоже 1,000000 0,000501
Это 0,537602 0,000719
грустное 1,698970 0,000852
ощущение 1,522879 0,000763
потому 0,958607 0,000481
очень 0,657577 0,000439
многие 1,096910 0,000550
отнюдь 1,522879 0,000763
сочувствовавшие 1,698970 0,000852
Владимиру 1,397940 0,000934
Вольфовичу 1,698970 0,000852
его 0,376751 0,000504
политике 1,221849 0,000612
сейчас 0,657577 0,000549
грустят 1,698970 0,000852
что 0,187087 0,000469
нас 0,508638 0,000425
покинул 1,096910 0,000550
сын 0,958607 0,000481
юриста 1,397940 0,000701
Обсуждение 1,301030 0,007174
комментариев 1,397940 0,005139
Можно 1,000000 0,000668
предотвратить 1,522879 0,001018
российскую 1,096910 0,000916
спецоперацию 1,096910 0,000733
Геворг 1,698970 0,000852
Мирзаян 1,698970 0,000852
доцент 1,397940 0,000467
департамента 1,522879 0,000509
политологии 1,397940 0,000467
Финансового 1,698970 0,000568
университета 1,301030 0,000435
при 0,468521 0,000626
Правительстве 1,698970 0,000568
РФ 0,568636 0,000570
Уже 1,154902 0,000772
ничего 1,045757 0,000524
вернешь 1,698970 0,000852
нужно 0,721246 0,000362
строить 1,397940 0,000701
новые 0,508638 0,000850
взаимоотношения 1,698970 0,000852
Садиться 1,698970 0,000852
стол 1,698970 0,000852
писать 1,045757 0,000524
правила 0,958607 0,000481
всем 0,853872 0,000856
вместе 0,769551 0,000386
Западу 1,522879 0,001018
готов 1,221849 0,001021
Запад 1,000000 0,001003
вряд 1,698970 0,001135
После 0,795880 0,000665
операции 0,920819 0,000462
однозначно 1,522879 0,000763
комментария 1,397940 0,001635
Украинцев 1,698970 0,000568
возмутило 1,698970 0,000568
новогоднее 1,698970 0,000568
обращение 1,698970 0,000568
По 0,619789 0,000207
факту 1,698970 0,000568
нападения 1,221849 0,000408
росгвардейцев 1,698970 0,000568
незаконной 1,698970 0,000568
акции 1,045757 0,000524
возбуждены 1,698970 0,000568
дела 1,045757 0,000349
ВЦИОМ 1,698970 0,000568
россиян 0,744727 0,000249
тоскующими 1,698970 0,000568
индивидуалистами 1,698970 0,000568
Поляки 1,698970 0,000568
хотят 0,920819 0,000769
стать 0,795880 0,000266
главными 1,698970 0,000568
Европе 0,886057 0,000444
разозлил 1,698970 0,000852
Самый 1,000000 0,000501
опасный 1,698970 0,000852
человек 0,494850 0,000248
мире 0,468521 0,000705
Умер 1,096910 0,000550
Владимир 0,431798 0,000577
Жириновский 0,677781 0,001359
м 1,154902 0,000579
году 0,602060 0,000302
жизни 0,443697 0,000371
скончался 1,301030 0,000652
лидер 1,096910 0,000733
ЛДПР 0,744727 0,000747
Он 0,721246 0,000482
был 0,481486 0,000241
одним 1,397940 0,000701
самых 0,585027 0,000293
ярких 1,301030 0,000652
эксцентричных 1,698970 0,000852
политиков 1,301030 0,000652
постсоветском 1,698970 0,000852
пространстве 1,698970 0,000852
Возглавляемая 1,698970 0,000852
им 0,602060 0,000402
партия 1,301030 0,000652
традиционно 1,698970 0,000852
оставалась 1,698970 0,000852
одной 0,958607 0,000481
ведущих 1,301030 0,000652
исключительно 1,301030 0,000652
благодаря 0,853872 0,000428
таланту 1,698970 0,000852
харизме 1,698970 0,000852
Жириновского 0,657577 0,000549
Память 1,522879 0,000763
нем 0,958607 0,000481
жить 0,958607 0,000481
долго 1,000000 0,000501
несколько 0,795880 0,000399
городов 1,221849 0,000817
переименовать 1,698970 0,000852
улицы 1,301030 0,000652
память 1,045757 0,000524
легендарном 1,698970 0,000852
политическом 1,522879 0,000763
деятеле 1,698970 0,000852
Вертолеты 1,522879 0,000509
пятницу 1,096910 0,000367
произошел 1,397940 0,000467
пожар 1,397940 0,000467
охватил 1,698970 0,000568
резервуары 1,698970 0,000568
Причиной 1,698970 0,000568
пожара 1,522879 0,000509
стал 0,585027 0,000391
вертолетов 1,698970 0,000568
подобравшихся 1,698970 0,000568
городу 1,522879 0,000509
предельно 1,522879 0,000509
малых 1,698970 0,000568
высотах 1,698970 0,000568
Лос 1,698970 0,000852
Анджелесе 1,698970 0,000852
прошла 1,045757 0,000524
я 0,522879 0,000262
церемония 1,221849 0,000612
вручения 1,221849 0,000408
премии 0,853872 0,000571
Оскар 1,000000 0,000501
победителей 1,154902 0,000386
й 1,045757 0,000349
Главным 1,698970 0,000568
событием 1,698970 0,000568
между 0,823909 0,000413
лауреатом 1,397940 0,000467
Уиллом 1,522879 0,000509
Смитом 1,698970 0,000568
ведущим 1,522879 0,000509
церемонии 1,397940 0,000467
комиком 1,698970 0,000568
Крисом 1,698970 0,000568
Роком 1,698970 0,000568
Ведущий 1,301030 0,000435
пошутил 1,397940 0,000467
над 0,823909 0,000413
стрижкой 1,698970 0,000568
жены 1,045757 0,000349
Смита 1,301030 0,000435
чего 0,795880 0,000266
актер 1,000000 0,000334
поднялся 1,522879 0,000509
сцену 1,522879 0,000509
дал 1,221849 0,000612
тому 1,096910 0,000367
пощечину 1,698970 0,000568
Впрочем 1,522879 0,000509
многим 1,698970 0,000568
конфликт 1,154902 0,000579
показался 1,698970 0,000568
инсценировкой 1,698970 0,000568
собственная 1,698970 0,000568
новость 1,301030 0,000435
Российским 1,522879 0,000509
школьникам 1,522879 0,000509
покажут 1,301030 0,000435
маршрут 1,698970 0,000568
Золотое 1,698970 0,000852
кольцо 1,522879 0,000763
Ярославской 1,522879 0,000509
области 0,721246 0,000482
Ярославскую 1,698970 0,000568
область 1,045757 0,000524
рамках 1,154902 0,000386
национального 1,522879 0,000509
проекта 0,886057 0,000296
Культура 0,638272 0,000320
приедут 1,698970 0,000568
школьников 1,221849 0,000408
победители 1,522879 0,000509
олимпиад 1,698970 0,000568
учащиеся 1,698970 0,000568
школ 1,397940 0,000467
искусств 1,096910 0,000367
кадетских 1,698970 0,000568
корпусов 1,522879 0,000509
со 0,387216 0,000194
всей 0,920819 0,000462
Посещение 1,698970 0,000568
Переславля 1,698970 0,000568
Залесского 1,698970 0,000568
Ярославля 1,698970 0,000568
Ростова 1,698970 0,000568
предусмотрено 1,698970 0,000568
маршрутом 1,698970 0,000568
Александр 0,468521 0,000235
Невский 1,698970 0,000568
Марий 1,397940 0,000467
Эл 0,721246 0,000241
открыли 1,397940 0,000467
новое 1,096910 0,000367
здание 1,397940 0,000467
государственной 1,522879 0,000763
филармонии 1,698970 0,001135
Йошкар 1,397940 0,000467
Оле 1,522879 0,000509
прошло 1,221849 0,000408
торжественное 1,698970 0,000568
открытие 1,301030 0,000435
нового 0,769551 0,000257
здания 1,522879 0,000509
Марийской 1,698970 0,000568
имени 0,721246 0,000362
Якова 1,522879 0,000509
Эшпая 1,698970 0,000568
этого 0,619789 0,000414
работники 1,698970 0,000568
располагались 1,698970 0,000568
пристрое 1,698970 0,000568
Оренбурге 1,698970 0,000852
легендарная 1,698970 0,000852
Катюша 1,698970 0,000568
вернулась 1,397940 0,000701
парк 1,301030 0,000435
Салют 1,221849 0,000408
Победа 1,522879 0,000509
музейную 1,698970 0,000568
вахту 1,698970 0,000568
полной 1,301030 0,000435
реставрации 1,397940 0,000467
БМ 1,698970 0,000568
которую 1,000000 0,000334
годы 0,853872 0,000285
солдаты 1,522879 0,000763
прозвали 1,698970 0,000568
Катюшей 1,698970 0,000568
Вместе 1,522879 0,000509
другими 1,221849 0,000408
экспонатами 1,698970 0,000568
боевая 1,522879 0,000509
машина 1,301030 0,000435
была 0,744727 0,000249
полностью 0,795880 0,000399
отреставрирована 1,698970 0,000568
менялось 1,698970 0,000852
ваше 1,045757 0,000524
отношение 1,045757 0,000524
Жириновскому 1,522879 0,000763
политической 1,096910 0,000733
карьеры 1,301030 0,000652
целом 1,301030 0,001304
улучшилось 1,698970 0,000852
ухудшилось 1,522879 0,000763
Осталось 1,698970 0,001419
изначально 1,522879 0,001272
хорошим 1,522879 0,000763
плохим 1,698970 0,000852
Нужны 1,698970 0,000852
территориальные 1,698970 0,000852
приобретения 1,522879 0,000763
Да 0,823909 0,000688
Нет 0,886057 0,000888
Не 0,481486 0,000241
знаю 1,096910 0,000550
Отключит 1,698970 0,000852
газ 1,154902 0,000579
если 0,698970 0,000350
Европа 0,853872 0,001141
откажется 1,397940 0,000701
платить 1,096910 0,000550
него 0,795880 0,000399
рублями 1,522879 0,000763
Затрудняюсь 1,698970 0,000852
ответить 1,522879 0,000763
Экономика 0,568636 0,000475
Политика 0,443697 0,000815
Общество 0,638272 0,000427
Происшествия 0,823909 0,000275
Мнения 1,000000 0,000501
Видео 0,431798 0,000433
Фото 0,886057 0,000444
Нацпроект 1,301030 0,000435
Голосования 1,698970 0,000568
О 0,207608 0,000104
газете 1,397940 0,000701
Вакансии 0,657577 0,000330
Реклама 0,387216 0,000194
сайте 0,431798 0,000216
Функционирует 1,522879 0,000509
финансовой 1,154902 0,000386
поддержке 1,096910 0,000367
Министерства 1,096910 0,000550
цифрового 1,397940 0,000467
развития 0,721246 0,000241
связи 0,455932 0,000152
массовых 0,568636 0,000190
коммуникаций 0,585027 0,000195
Российской 0,769551 0,000257
Федерации 0,795880 0,000266
заявили 1,397940 0,000701
ударе 0,853872 0,000428
Еврокомиссии 1,301030 0,000435
отправилась 1,397940 0,000467
Киев 0,920819 0,001385
поезде 1,154902 0,000386
Польши 1,096910 0,000733
ЕС 0,920819 0,001692
утвердил 1,221849 0,000408
пятый 0,920819 0,000308
блок 1,397940 0,000467
против 0,387216 0,000453
Банк 1,045757 0,000349
снизил 0,698970 0,000234
ключевую 0,677781 0,000226
ставку 0,657577 0,000220
годовых 0,886057 0,000296
Ракетами 1,698970 0,000568
Оникс 1,397940 0,000467
уничтожен 1,301030 0,000435
центр 0,638272 0,000213
подготовки 1,000000 0,000334
наемников 0,958607 0,000320
под 0,376751 0,000315
Одессой 1,096910 0,000367
Китай 1,096910 0,000367
причину 1,522879 0,000509
кризиса 1,154902 0,000386
национализировать 1,522879 0,000509
имущество 1,301030 0,000435
Молдавии 1,698970 0,000568
захотели 1,698970 0,000568
избавиться 1,397940 0,000467
газовых 1,698970 0,000568
тисков 1,698970 0,000568
Кадыров 0,958607 0,000320
заявил 0,744727 0,000995
освобождении 1,301030 0,000435
Мариуполя 0,853872 0,000428
отложила 1,698970 0,000568
поставку 1,301030 0,000435
танков 1,221849 0,000408
отказались 1,221849 0,000408
объяснять 1,522879 0,000509
американских 1,522879 0,000509
Абрамовича 1,698970 0,000568
вывели 1,301030 0,000435
поставки 1,301030 0,000870
интернет 0,657577 0,000220
оборудования 1,397940 0,000701
Россию 0,568636 0,000190
конкретные 1,522879 0,000509
политические 1,397940 0,000467
цели 1,301030 0,000435
связали 1,522879 0,000509
визитом 1,522879 0,000509
делегации 1,698970 0,001135
комментарий 1,221849 0,001429
каналу 1,698970 0,000568
Sky 1,698970 0,000852
News 1,221849 0,000612
Песков 0,744727 0,000871
объяснил 0,769551 0,000386
слова 1,096910 0,000550
значительных 1,301030 0,000652
потерях 1,096910 0,000733
рейс 1,698970 0,000568
Белград 1,397940 0,000467
Москва 0,508638 0,000425
Новости 0,221849 0,000074
дня 0,494850 0,000248
Голосование 1,221849 0,000408
ряда 1,522879 0,000763
исключение 1,397940 0,000467
нашей 0,853872 0,000428
страны 0,638272 0,000427
является 0,853872 0,000285
результатом 1,522879 0,000509
принуждения 1,522879 0,000509
русофобии 1,397940 0,000701
пресс 0,886057 0,000296
секретарь 1,221849 0,001021
главы 1,045757 0,000524
российского 0,823909 0,000551
государства 1,221849 0,000612
Дмитрий 0,602060 0,000503
Научный 1,397940 0,000467
институт 1,154902 0,000386
Росатома 1,397940 0,000467
готовит 1,154902 0,000386
рассказали 0,744727 0,000249
представители 1,301030 0,000435
АО 0,795880 0,000399
ГНЦ 1,698970 0,000568
ТРИНИТИ 1,698970 0,000568
входит 1,698970 0,000568
научный 1,397940 0,000467
дивизион 1,698970 0,000568
госкорпорации 1,698970 0,000568
Росатом 1,698970 0,000568
Наука 0,638272 0,000213
инновации 1,522879 0,000509
Премьер 1,154902 0,000579
министр 1,221849 0,000612
Ираклий 1,698970 0,000568
Гарибашвили 1,698970 0,000568
подверг 1,698970 0,000568
критике 1,698970 0,000568
грузинского 1,522879 0,000509
оппозиционного 1,698970 0,000568
Альянса 1,698970 0,000568
патриотов 1,698970 0,000568
передает 1,221849 0,000408
корреспондент 1,397940 0,000467
газеты 0,958607 0,000320
Тбилиси 1,522879 0,000509
Пресс 0,657577 0,000439
президента 0,958607 0,000961
комментировать 1,522879 0,000509
планы 1,221849 0,000612
ввести 1,397940 0,000467
транспортную 1,698970 0,000568
блокаду 1,698970 0,001135
указал 1,522879 0,000509
официальных 1,301030 0,000435
решений 1,522879 0,000509
этот 0,795880 0,000266
счет 1,000000 0,000334
принималось 1,698970 0,000568
Непрерывность 1,698970 0,000568
компании 0,677781 0,000226
Gazprom 1,698970 0,000568
Germania 1,698970 0,000568
GmbH 1,698970 0,000568
необходима 1,698970 0,000568
обеспечения 1,698970 0,000568
энергетической 1,698970 0,000568
безопасности 0,958607 0,000320
ФРГ 1,522879 0,001018
заявило 1,301030 0,000435
Федеральное 1,045757 0,000349
сетевое 1,221849 0,000408
агентство 1,397940 0,000467
Германии 1,000000 0,000668
Регулятор 1,698970 0,000568
гарантировал 1,698970 0,000568
создаст 1,397940 0,000467
условия 0,958607 0,000481
продолжения 1,221849 0,000408
осуществления 1,522879 0,000509
компанией 1,397940 0,000467
жизненно 1,698970 0,000568
важных 1,397940 0,000467
операций 1,301030 0,000435
газовом 1,698970 0,000568
рынке 1,301030 0,000435
призвал 1,301030 0,000435
исходить 1,698970 0,000568
заявления 1,045757 0,000349
теме 1,045757 0,004718
удара 0,823909 0,000551
Представитель 1,397940 0,000467
Кремля 1,397940 0,000467
подчеркнул 1,522879 0,000509
такие 1,000000 0,000334
ракеты 1,221849 0,000408
используются 1,698970 0,000852
армией 1,698970 0,000568
Рейтинг 0,958607 0,000481
Путина 0,886057 0,000444
неделю 0,920819 0,000462
вырос 1,698970 0,000852
одобрения 1,698970 0,000568
деятельности 1,000000 0,000334
сообщает 1,301030 0,000435
Фонд 1,301030 0,000435
Общественное 1,522879 0,000763
мнение 1,045757 0,000524
ФОМ 1,698970 0,000568
пояснил 1,522879 0,000509
говоря 1,301030 0,000435
среди 0,958607 0,000320
российских 0,468521 0,000157
военных 0,795880 0,000266
ходе 1,000000 0,000334
эфире 0,823909 0,000413
канала 1,000000 0,000334
опирался 1,397940 0,000467
данные 0,721246 0,000362
обороны 1,522879 0,000763
Ракеты 1,522879 0,000509
Точка 0,795880 0,000266
использованные 1,698970 0,000568
вокзалу 0,853872 0,000428
Краматорска 1,045757 0,000524
стоят 1,397940 0,000467
только 0,309804 0,000362
вооружении 1,522879 0,000509
глава 0,958607 0,000320
Денис 0,853872 0,000285
Пушилин 1,096910 0,000367
Памятник 1,397940 0,000467
находящийся 1,698970 0,000568
мемориале 1,698970 0,000568
где 0,537602 0,000269
захоронены 1,698970 0,000568
советские 1,096910 0,000367
Великой 1,045757 0,000349
Отечественной 1,154902 0,000386
подвергся 1,522879 0,000509
вандализма 1,698970 0,000568
сообщил 0,823909 0,000275
департамент 1,397940 0,000467
полиции 1,221849 0,000408
МВД 1,154902 0,000386
Лавров 1,000000 0,000501
обсудил 1,096910 0,000550
главой 1,397940 0,000467
МИД 0,920819 0,000615
Египта 1,221849 0,000612
ЛАГ 1,698970 0,000568
Украиной 1,045757 0,000524
Сергей 0,468521 0,000157
министром 1,698970 0,000852
иностранных 0,886057 0,000592
дел 1,301030 0,000652
Самехом 1,698970 0,000568
Шухри 1,698970 0,000568
результаты 1,154902 0,000386
встречи 1,045757 0,000349
министерской 1,698970 0,000568
контактной 1,698970 0,000568
группы 1,045757 0,000349
Лиги 1,397940 0,000467
арабских 1,698970 0,000568
государств 1,397940 0,000467
Дмитрием 1,301030 0,000435
Кулебой 1,698970 0,000568
сообщили 0,958607 0,000320
внешнеполитическом 1,698970 0,000568
ведомстве 1,397940 0,000701
Министерство 1,301030 0,000435
нанесение 1,522879 0,000509
ракетного 1,397940 0,000467
железнодорожному 1,397940 0,000467
Донецкой 1,221849 0,000408
у 0,387216 0,000129
планировалось 1,698970 0,000568
огневых 1,698970 0,000568
задач 1,522879 0,000509
Британия 1,301030 0,000435
ввела 1,301030 0,000435
санкции 0,744727 0,000373
ввел 1,221849 0,000408
дополнительные 1,096910 0,000367
списке 1,522879 0,000509
физических 1,522879 0,000509
лиц 1,045757 0,000349
отношении 0,853872 0,000285
которых 0,677781 0,000566
введены 1,698970 0,000568
рестрикции 1,698970 0,000568
фигурируют 1,698970 0,000568
Мария 0,698970 0,000234
Воронцова 1,522879 0,000509
Катерина 1,221849 0,000408
Тихонова 1,698970 0,000568
Стала 1,522879 0,000509
известна 1,397940 0,000467
дата 1,221849 0,000408
запуска 1,397940 0,000467
миссии 1,397940 0,000701
Луна 1,522879 0,000509
космодрома 1,698970 0,000852
Восточный 1,397940 0,000701
Запуск 1,698970 0,000568
первой 1,000000 0,000334
отечественной 1,397940 0,000467
Луне 1,698970 0,000568
намечен 1,698970 0,000568
августа 1,000000 0,000334
заместитель 1,397940 0,000467
генерального 1,698970 0,000568
конструктора 1,522879 0,000509
электрическим 1,522879 0,000509
системам 1,698970 0,000568
НПО 1,698970 0,000568
Лавочкина 1,698970 0,000568
Митькин 1,698970 0,000568
Правительство 1,522879 0,000509
Японии 0,958607 0,000481
ввело 1,698970 0,000568
запрет 1,154902 0,000386
машинного 1,522879 0,000509
некоторых 1,221849 0,000408
премьер 1,045757 0,000349
Фумио 1,522879 0,000509
Кисида 1,522879 0,000509
Все 0,148742 0,000050
Заявление 1,522879 0,000509
Моравецкого 1,698970 0,000568
Макрон 1,397940 0,000701
совершенно 0,886057 0,000296
необоснованным 1,698970 0,000568
возмутительным 1,698970 0,000568
Польша 1,221849 0,000817
пошла 1,301030 0,000435
атаку 1,522879 0,001018
лидеров 1,698970 0,000568
Евросоюза 1,301030 0,000435
Спецоперация 1,096910 0,000550
дала 1,698970 0,000852
Польше 1,698970 0,000852
повод 1,397940 0,000934
возможность 0,769551 0,000386
чтобы 0,481486 0,000402
бросить 1,397940 0,000701
вызов 1,221849 0,000612
Франции 1,000000 0,000501
лидерство 1,397940 0,000701
Евросоюзе 1,698970 0,000852
Этот 1,000000 0,000501
замысел 1,522879 0,000763
соответствует 1,221849 0,000612
польскому 1,698970 0,000852
гонору 1,698970 0,000852
но 0,481486 0,000483
желанию 1,522879 0,000763
проводником 1,522879 0,000763
интересов 1,397940 0,000701
которого 0,920819 0,000462
внутри 1,154902 0,000579
выступает 1,522879 0,000763
Варшава 1,522879 0,000763
сдаваться 1,522879 0,000509
собирается 1,154902 0,000386
пока 1,000000 0,000334
Польский 1,522879 0,000509
генерал 1,301030 0,000435
претензиях 1,698970 0,000568
Варшавы 1,698970 0,000568
Калининград 1,096910 0,000733
указала 1,698970 0,000568
главный 1,096910 0,000367
тормоз 1,698970 0,000568
счел 1,397940 0,000467
русофобию 1,397940 0,000701
мейнстримом 1,698970 0,000568
Цели 1,698970 0,000568
достигнет 1,522879 0,000509
военным 1,698970 0,000568
дипломатическим 1,698970 0,000568
путем 1,397940 0,000467
заставит 1,698970 0,000568
выполнять 1,522879 0,000509
обещания 1,698970 0,000568
сути 1,522879 0,000509
отказалась 1,698970 0,000568
своих 0,657577 0,000220
предложений 1,522879 0,000509
обсужденных 1,698970 0,000568
прошлой 1,522879 0,000509
неделе 1,154902 0,000386
Стамбуле 1,154902 0,000386
внезапно 1,154902 0,000386
предложил 1,045757 0,000349
новый 0,552842 0,000185
вариант 1,397940 0,000467
мирного 1,397940 0,000467
соглашения 1,000000 0,000334
абсолютно 1,221849 0,000408
устраивает 1,522879 0,000509
видит 1,221849 0,000408
эти 0,920819 0,000462
провокации 1,096910 0,000367
этом 0,585027 0,000195
готова 1,221849 0,000612
продолжать 1,397940 0,000467
Их 1,154902 0,000579
цель 1,397940 0,000467
четко 1,522879 0,000509
обозначена 1,698970 0,000568
принять 1,221849 0,000408
Москвы 0,744727 0,000249
остаются 1,397940 0,000467
неизменными 1,522879 0,000509
Аналитика 1,522879 0,002290
Шесть 1,301030 0,000652
иллюзий 1,221849 0,000612
верит 1,522879 0,000763
свою 0,638272 0,000427
победу 1,397940 0,000934
Буча 1,522879 0,000763
Что 0,346787 0,000290
думать 1,301030 0,000652
Мнение 1,221849 0,001429
Российская 1,096910 0,000367
крепнет 1,698970 0,000568
западных 1,301030 0,000435
чем 0,420216 0,000281
секрет 1,301030 0,000435
чудесного 1,698970 0,000568
укрепления 1,221849 0,000408
рассчитывал 1,698970 0,000568
приглашение 1,397940 0,000467
грека 1,698970 0,000568
азовца 1,698970 0,000568
выступление 1,522879 0,000509
парламенте 1,221849 0,000408
Греции 1,045757 0,000349
удачный 1,698970 0,000568
ход 1,045757 0,000349
Печально 1,698970 0,000568
еврей 1,698970 0,000568
может 0,397940 0,000133
поддерживать 1,698970 0,000568
неонацистов 1,522879 0,000509
Афины 1,397940 0,000467
заступятся 1,698970 0,000568
убитых 1,698970 0,000568
Донбассе 0,958607 0,000641
Украинцы 1,698970 0,001135
видят 1,698970 0,000568
армию 1,301030 0,000435
всепобеждающей 1,698970 0,000568
Российские 0,920819 0,000308
Вооруженные 1,698970 0,000568
силы 0,958607 0,000320
каждый 0,823909 0,000275
день 0,585027 0,000195
методично 1,698970 0,000568
перемалывают 1,698970 0,000568
украинскую 1,698970 0,000568
оборону 1,397940 0,000467
берут 1,522879 0,000509
готовятся 1,301030 0,000435
крупному 1,698970 0,000568
наступлению 1,698970 0,000568
опросы 1,698970 0,000568
ни 0,744727 0,000373
парадоксально 1,698970 0,000568
показывают 1,522879 0,000763
абсолютное 1,698970 0,000568
большинство 1,397940 0,000467
жителей 0,853872 0,000713
верят 1,522879 0,000509
грядущую 1,698970 0,000568
военную 1,522879 0,000509
своей 0,853872 0,000285
логически 1,698970 0,000568
объяснить 1,397940 0,000467
обвинила 1,522879 0,000509
игнорировании 1,698970 0,000568
доказательств 1,698970 0,000852
фабрикации 1,698970 0,000568
фейка 1,698970 0,000568
Буче 0,958607 0,001121
Небензя 1,698970 0,000568
посоветовал 1,221849 0,000408
Зеленскому 1,698970 0,001135
сражаться 1,522879 0,000509
последнего 1,397940 0,000701
украинца 1,522879 0,000509
Постпред 1,698970 0,000852
КНР 1,522879 0,000509
Обвинения 1,698970 0,000568
событиям 1,397940 0,000467
должны 1,301030 0,000652
быть 0,431798 0,000144
подтверждены 1,698970 0,000568
фактами 1,522879 0,000509
Сегодняшние 1,698970 0,000568
конфликты 1,522879 0,000509
во 0,494850 0,000165
многом 1,522879 0,000509
заложены 1,698970 0,000568
лично 1,301030 0,000435
Лениным 1,698970 0,000568
Украинское 1,698970 0,000568
государство 1,522879 0,000763
создавалось 1,698970 0,000568
помощью 0,769551 0,000257
лжи 1,522879 0,000509
насилия 1,397940 0,000467
пригрозила 1,698970 0,000568
необходимости 1,301030 0,000435
вскрыть 1,698970 0,000568
советскими 1,698970 0,000568
методами 1,698970 0,000568
блокады 1,522879 0,000509
защищает 1,698970 0,000568
ядерный 1,698970 0,000568
кулак 1,698970 0,000568
Балтии 1,698970 0,000568
закрыть 1,096910 0,000367
границу 1,522879 0,000509
Если 0,769551 0,000386
сделают 1,698970 0,000568
то 0,537602 0,000359
Калининградская 1,698970 0,000568
окажется 1,397940 0,000467
сухопутной 1,698970 0,000568
Вильнюсе 1,698970 0,000568
Риге 1,522879 0,000509
всерьез 1,397940 0,000467
высказались 1,698970 0,000568
возможности 1,000000 0,000334
перекрытия 1,698970 0,000568
границ 1,397940 0,000467
Какие 0,721246 0,000241
меры 1,000000 0,000334
данном 1,397940 0,000467
случае 0,920819 0,000308
предпримет 1,698970 0,000568
снять 1,301030 0,000435
своего 0,920819 0,000308
региона 1,221849 0,000408
нацеливает 1,698970 0,000568
американские 1,301030 0,000435
экономический 1,522879 0,000509
ответ 1,045757 0,000349
пугает 1,301030 0,000435
разыгрывает 1,698970 0,000568
карту 1,397940 0,000467
немецким 1,522879 0,000509
Калининградом 1,698970 0,000568
выборах 1,301030 0,000652
запускает 1,698970 0,000568
производство 1,301030 0,000435
замену 1,397940 0,000467
Боингам 1,698970 0,000568
Аэрбасам 1,698970 0,000568
готовится 1,522879 0,000509
летать 1,698970 0,000852
отечественных 1,397940 0,000467
самолетах 1,698970 0,000568
назвала 1,301030 0,000652
россияне 1,154902 0,000386
будут 0,638272 0,000320
ресурс 1,522879 0,000509
Боингов 1,698970 0,000568
Аэрбасов 1,698970 0,000568
исчерпан 1,698970 0,000568
Сухого 1,698970 0,000568
Суперджет 1,698970 0,000568
дальнемагистральные 1,698970 0,000568
Ту 1,154902 0,000386
Ил 1,698970 0,000568
выбраны 1,522879 0,000509
сможет 1,096910 0,000367
их 0,455932 0,000152
производить 1,522879 0,000509
сих 1,096910 0,000367
пор 1,045757 0,000349
неинтересны 1,698970 0,000568
российским 0,823909 0,000551
авиакомпаниям 1,522879 0,000509
спасет 1,301030 0,000435
авиацию 1,698970 0,000568
Самому 1,698970 0,000568
опасному 1,698970 0,000568
человеку 1,397940 0,000467
год 0,568636 0,000190
Назван 1,698970 0,000568
самый 0,958607 0,000320
Стало 1,301030 0,000435
известно 1,000000 0,000334
кого 0,853872 0,000285
Джо 1,301030 0,000435
Байден 1,522879 0,001018
считает 1,000000 0,000334
самым 0,920819 0,000308
опасным 1,301030 0,000435
человеком 1,301030 0,000652
Си 1,397940 0,000467
Цзиньпин 1,698970 0,000568
Дональд 1,522879 0,000509
Трамп 1,698970 0,000568
Руперт 1,522879 0,000509
Мердок 1,698970 0,000568
Фамилию 1,698970 0,000568
человека 0,568636 0,000190
конечно 1,301030 0,000435
слышали 1,522879 0,000509
кто 0,494850 0,000165
воспринимал 1,698970 0,000568
глобальную 1,698970 0,000568
угрозу 1,301030 0,000652
странно 1,522879 0,000509
оценивает 1,522879 0,000509
ситуацию 1,096910 0,000550
вполне 1,522879 0,000763
адекватно 1,698970 0,000568
Пятая 1,522879 0,000509
колонна 1,698970 0,000568
Джорджа 1,397940 0,000467
Сороса 1,698970 0,000568
названа 1,698970 0,000568
именам 1,698970 0,000568
влиятельный 1,698970 0,000568
телеведущий 1,522879 0,000509
подыгрывает 1,698970 0,000568
Демократы 1,698970 0,000568
взбунтовались 1,522879 0,000509
Байдена 1,397940 0,000467
Протесты 1,397940 0,000467
русских 0,853872 0,000428
Латвии 1,221849 0,000612
привести 1,301030 0,000435
лишению 1,698970 0,000568
гражданства 1,522879 0,000763
Сторонникам 1,698970 0,000568
Прибалтике 1,522879 0,000763
готовят 1,397940 0,000467
особый 1,522879 0,000509
вид 1,154902 0,000386
наказания 1,397940 0,000701
За 0,568636 0,000190
пост 1,045757 0,000349
соцсети 1,154902 0,000386
лишиться 1,522879 0,000509
вовсе 1,301030 0,000652
очередные 1,698970 0,000568
обвинения 1,301030 0,000435
адрес 0,920819 0,000308
так 0,522879 0,000175
эксперты 1,096910 0,000367
воспринимают 1,522879 0,000509
прямо 1,000000 0,000334
реализуются 1,698970 0,000568
Наказывать 1,698970 0,000568
планируется 1,698970 0,000568
поддержку 1,000000 0,000334
коснется 1,522879 0,000509
десятков 1,698970 0,000568
тысяч 0,744727 0,000373
русского 0,769551 0,000257
населения 1,045757 0,000349
скорее 1,301030 0,000435
всего 0,744727 0,000249
знаменитого 1,698970 0,000568
миллиардера 1,698970 0,000568
превращается 1,397940 0,000467
Украину 1,301030 0,000435
Эстонская 1,698970 0,000568
фирма 1,698970 0,000568
программиста 1,698970 0,000568
ФБК 1,522879 0,000509
оказалась 1,154902 0,000386
разработчиком 1,698970 0,000568
VPN 1,522879 0,000509
обхода 1,522879 0,000509
ограничений 1,301030 0,000652
надоело 1,522879 0,000509
кормить 1,522879 0,000509
беженцев 1,522879 0,000509
налаживает 1,698970 0,000568
мирную 1,522879 0,000763
жизнь 0,537602 0,000359
освобожденных 1,397940 0,000701
районах 1,698970 0,000568
юга 1,522879 0,000509
юг 1,522879 0,000509
живет 1,045757 0,000349
флагом 1,397940 0,000467
Херсонской 1,154902 0,000386
территориях 1,698970 0,000568
Запорожской 1,698970 0,000568
создает 1,221849 0,000408
военно 1,522879 0,000509
гражданские 1,698970 0,000568
администрации 1,522879 0,000509
задача 1,397940 0,000467
наладить 1,522879 0,000509
обеспечить 1,698970 0,000568
население 1,522879 0,000509
продуктами 1,522879 0,000509
медикаментами 1,698970 0,000568
а 0,327902 0,000219
фермеров 1,698970 0,000568
необходимым 1,522879 0,000509
посевной 1,522879 0,000509
Над 1,301030 0,000435
административными 1,698970 0,000568
зданиями 1,698970 0,000568
этих 0,958607 0,000481
регионах 1,154902 0,000386
сами 1,397940 0,000467
местные 1,522879 0,000509
жители 1,154902 0,000386
поднимают 1,698970 0,000568
флаги 1,698970 0,000568
оставляет 1,301030 0,000435
попыток 1,698970 0,000568
дестабилизировать 1,698970 0,000568
регионе 1,397940 0,000467
умер 1,154902 0,000579
тяжелой 1,154902 0,000579
продолжительной 1,522879 0,000763
болезни 1,221849 0,000612
сам 1,000000 0,000334
возрасте 1,397940 0,000467
российский 0,886057 0,000296
политик 1,522879 0,000509
Смерть 1,000000 0,000334
политика 0,920819 0,000308
подтвердил 1,397940 0,000467
председатель 1,698970 0,000568
Госдумы 1,301030 0,000435
Вячеслав 1,221849 0,000408
Володин 1,301030 0,000435
Какую 1,522879 0,000509
роль 1,000000 0,000334
занял 1,698970 0,000568
теперь 0,677781 0,000226
сложится 1,698970 0,000568
судьба 0,958607 0,000320
главного 1,045757 0,000349
общественного 1,301030 0,000435
детища 1,698970 0,000568
Комментарий 1,698970 0,000852
всегда 0,657577 0,000220
отстаивал 1,698970 0,000568
интересы 1,698970 0,000568
Фракция 1,698970 0,000568
смерть 1,154902 0,000386
ударом 1,522879 0,000509
Справка 1,221849 0,000408
Крылатые 1,397940 0,000467
фразы 1,397940 0,000467
Европейская 1,397940 0,000467
карикатура 1,698970 0,000568
позапрошлого 1,698970 0,000568
века 0,721246 0,000241
кажется 1,045757 0,000349
времен 1,096910 0,000367
восприятие 1,698970 0,000568
ничуть 1,522879 0,000509
изменилось 1,522879 0,000509
История 0,494850 0,000248
знает 1,000000 0,000334
надежный 1,522879 0,000509
способ 1,045757 0,000349
искоренения 1,698970 0,000568
Демонизация 1,698970 0,000568
постоянные 1,698970 0,000568
попытки 1,301030 0,000435
завоевать 1,397940 0,000467
или 0,301030 0,000201
попросту 1,698970 0,000568
уничтожить 1,698970 0,000568
Русское 1,301030 0,000435
изобретение 1,698970 0,000568
времени 0,721246 0,000362
Многочисленные 1,522879 0,000509
примеры 1,522879 0,000509
европейские 1,397940 0,000701
практиковали 1,698970 0,000568
сотни 1,221849 0,000408
Когда 0,602060 0,000201
европейцы 1,698970 0,000852
придумали 1,698970 0,000568
доктрину 1,698970 0,000568
деспотизме 1,698970 0,000568
варварстве 1,698970 0,000568
каким 1,154902 0,000386
удавалось 1,698970 0,000568
побеждать 1,522879 0,000509
начались 1,397940 0,000467
западного 1,698970 0,000568
господства 1,698970 0,000568
поляки 1,698970 0,000568
насладились 1,698970 0,000568
крупнейшим 1,522879 0,000509
унижением 1,698970 0,000568
дипломаты 1,522879 0,000509
превратили 1,698970 0,000568
военные 0,920819 0,000308
неудачи 1,698970 0,000568
триумф 1,698970 0,000568
запретить 1,698970 0,000568
угля 1,000000 0,000668
нанесла 1,698970 0,000568
первый 0,769551 0,000257
энергоресурсам 1,698970 0,000568
опаской 1,698970 0,000568
Брюссель 1,698970 0,000568
поддался 1,698970 0,000568
давлению 1,698970 0,000568
ввели 1,522879 0,000509
эмбарго 1,301030 0,000652
нефти 1,698970 0,000568
требовали 1,522879 0,000509
Европы 0,920819 0,000615
отделаться 1,698970 0,000568
малой 1,522879 0,000509
кровью 1,522879 0,000509
начать 1,045757 0,000349
одного 0,795880 0,000266
энергоресурса 1,698970 0,000568
Газ 1,397940 0,000467
нефть 1,522879 0,000509
вынесли 1,522879 0,000509
скобки 1,698970 0,000568
Обещанная 1,698970 0,000568
морская 1,698970 0,000568
сухопутная 1,698970 0,000568
блокада 1,522879 0,000509
также 0,494850 0,000165
имеет 1,301030 0,000435
важные 1,096910 0,000367
Насколько 1,221849 0,000612
серьезны 1,698970 0,000568
угрозы 1,397940 0,000467
морской 1,522879 0,000509
Провокация 1,397940 0,000467
Рубежном 1,397940 0,000701
поставила 1,397940 0,000467
здоровье 1,045757 0,000349
мирных 1,397940 0,000467
решились 1,698970 0,000568
химическую 1,698970 0,000852
Отступающие 1,698970 0,000568
провели 1,397940 0,000467
самую 1,397940 0,000467
настоящую 1,221849 0,000408
взорвали 1,698970 0,000568
цистерну 1,698970 0,000568
кислотой 1,698970 0,000568
когда 0,585027 0,000293
ветер 1,301030 0,000435
дул 1,698970 0,000568
сторону 1,301030 0,000652
войск 1,154902 0,000386
ЛНР 1,221849 0,000408
создало 1,698970 0,000568
людей 0,698970 0,000234
химического 1,698970 0,000568
загрязнения 1,522879 0,000509
много 0,958607 0,000320
производств 1,698970 0,000568
опасные 1,221849 0,000408
химвещества 1,698970 0,000568
высока 1,698970 0,000568
вероятность 1,301030 0,000435
отступлении 1,522879 0,000509
оставят 1,698970 0,000568
буквальном 1,698970 0,000568
смысле 1,301030 0,000435
выжженную 1,698970 0,000568
землю 1,522879 0,000509
ведут 1,221849 0,000612
постановочную 1,698970 0,000852
войну 1,301030 0,000652
Третьей 1,698970 0,000568
мировой 0,958607 0,000320
использует 1,301030 0,000435
фейки 1,698970 0,000568
втянуть 1,698970 0,000568
запустить 1,698970 0,000852
югославский 1,698970 0,000568
сценарий 1,221849 0,000408
Совбезу 1,698970 0,000568
свойственной 1,698970 0,000568
ему 0,853872 0,000285
литературной 1,397940 0,000467
манере 1,698970 0,000568
нет 0,619789 0,000311
таких 1,096910 0,000367
преступлений 1,221849 0,000612
совершила 1,698970 0,000568
бы 0,585027 0,000195
парировал 1,698970 0,000568
никаких 1,522879 0,000509
свидетельств 1,698970 0,000568
пытаться 1,522879 0,000509
часто 1,301030 0,000435
называют 1,301030 0,000435
югославским 1,698970 0,000568
сценарием 1,698970 0,000568
Сербы 1,698970 0,000568
Боснии 1,698970 0,000568
стали 0,853872 0,000285
главной 1,045757 0,000349
опорой 1,698970 0,000568
Балканах 1,698970 0,000568
прикрыли 1,698970 0,000568
Сталину 1,698970 0,000568
спину 1,522879 0,000509
Катынском 1,698970 0,000568
деле 0,886057 0,000296
Зачем 1,096910 0,000367
нужен 0,958607 0,000320
фейк 1,698970 0,000568
зверствах 1,221849 0,000408
Пустые 1,698970 0,000568
полки 1,522879 0,000509
становятся 1,221849 0,000408
привычной 1,698970 0,000568
картиной 1,522879 0,000509
магазинов 1,397940 0,000467
лишает 1,522879 0,000509
Европу 1,522879 0,000509
дешевого 1,397940 0,000467
продовольствия 1,397940 0,000467
Батон 1,698970 0,000568
хлеба 1,698970 0,000568
скоро 0,958607 0,000320
стоить 1,397940 0,000467
евро 0,823909 0,000275
есть 0,568636 0,000190
чуть 1,096910 0,000367
менее 1,154902 0,000386
тысячи 1,221849 0,000408
Такие 1,522879 0,000509
прогнозы 1,221849 0,000408
озвучивают 1,698970 0,000568
СМИ 0,481486 0,000161
описывая 1,698970 0,000568
катастрофическую 1,698970 0,000568
инфляцию 1,698970 0,000568
которая 0,823909 0,000275
накрыла 1,522879 0,000509
результат 1,301030 0,000435
торговых 1,397940 0,000467
Каких 1,698970 0,000568
товаров 1,522879 0,000509
первую 0,958607 0,000320
очередь 1,301030 0,000435
касается 1,698970 0,000568
повышение 1,522879 0,000509
цен 0,958607 0,000320
степени 1,522879 0,000763
происходить 1,522879 0,000509
дальше 0,886057 0,000296
Ради 1,522879 0,000509
готовы 1,154902 0,000386
заставить 1,522879 0,000509
голодать 1,698970 0,000568
весь 1,000000 0,000334
мир 0,552842 0,000185
проходит 1,000000 0,000334
стадии 1,397940 0,000467
отрицания 1,522879 0,000509
гнева 1,698970 0,000568
торга 1,698970 0,000568
Польшей 1,522879 0,000509
без 0,387216 0,000129
Националисты 1,698970 0,000568
прежнему 1,301030 0,000435
скрываются 1,698970 0,000568
заводе 1,301030 0,000435
Азовсталь 1,522879 0,000509
боевикам 1,522879 0,000509
Азова 1,397940 0,000701
Мариуполе 1,045757 0,000524
дали 1,221849 0,000408
шанс 1,301030 0,000435
спасение 1,301030 0,000435
плен 1,221849 0,000408
силам 1,522879 0,000509
вечером 1,221849 0,000408
понедельник 1,397940 0,000467
сдались 1,698970 0,000568
украинских 0,795880 0,000266
морпехов 1,698970 0,000568
Позже 1,397940 0,000467
предложило 1,522879 0,000509
оставшимся 1,698970 0,000568
националистам 1,698970 0,000568
либо 1,000000 0,000501
сдаться 1,698970 0,000568
выйти 1,301030 0,000435
подконтрольные 1,698970 0,000568
гуманитарному 1,698970 0,000568
коридору 1,698970 0,000568
суть 1,698970 0,000568
предложения 1,301030 0,000435
Смогут 1,522879 0,000509
захотят 1,698970 0,000568
воспользоваться 1,301030 0,000435
боевики 1,522879 0,000509
высказаться 1,522879 0,000509
Ходаковский 1,698970 0,000568
нельзя 0,853872 0,000285
выпускать 1,397940 0,000467
пределы 1,698970 0,000852
Олег 0,795880 0,000266
Рой 1,522879 0,000509
Украинство 1,698970 0,000568
сплав 1,698970 0,000568
нацизма 1,397940 0,000467
манипуляции 1,698970 0,000568
Сегодня 0,677781 0,000226
сражается 1,698970 0,000568
украинцами 1,698970 0,000568
идеологией 1,698970 0,000568
украинства 1,522879 0,000509
такое 0,638272 0,000213
украинство 1,698970 0,000568
идея 1,221849 0,000408
центре 0,920819 0,000308
существует 1,301030 0,000435
народ 1,301030 0,000435
имеющий 1,698970 0,000568
особые 1,698970 0,000568
права 0,431798 0,000144
Этому 1,522879 0,000509
народу 1,698970 0,000568
Тимофей 1,522879 0,000509
Бордачев 1,698970 0,000568
Дипломатическая 1,698970 0,000568
избыточность 1,698970 0,000568
недостаточность 1,522879 0,000509
холодной 1,522879 0,000509
заняли 1,301030 0,000435
настолько 1,301030 0,000435
доминирующее 1,698970 0,000568
положение 1,698970 0,000568
необходимые 1,221849 0,000408
размеры 1,698970 0,000568
дипломатического 1,698970 0,000568
присутствия 1,522879 0,000509
превысили 1,698970 0,000568
любые 0,886057 0,000296
разумные 1,698970 0,000568
умел 1,698970 0,000568
предсказывать 1,522879 0,000509
будущее 0,795880 0,000266
оказался 0,920819 0,000308
государственным 1,698970 0,000568
мышлением 1,698970 0,000568
взвешенным 1,698970 0,000568
аналитиком 1,698970 0,000568
прагматиком 1,698970 0,000568
удивительно 1,698970 0,000568
поскольку 1,397940 0,000467
слабо 1,522879 0,000509
стыковалось 1,698970 0,000568
экранным 1,698970 0,000568
Алексей 0,602060 0,000201
Токарев 1,698970 0,000568
работать 1,045757 0,000349
данными 1,522879 0,000509
врут 1,698970 0,000568
Я 0,508638 0,000170
имею 1,698970 0,000568
результатов 1,397940 0,000467
судебно 1,698970 0,000568
медицинской 1,522879 0,000509
экспертизы 1,698970 0,000568
руках 1,221849 0,000408
поэтому 0,886057 0,000296
могу 1,221849 0,000408
рассуждать 1,698970 0,000568
трупных 1,698970 0,000568
пятнах 1,698970 0,000568
окоченения 1,698970 0,000568
мне 0,853872 0,000285
доступны 1,397940 0,000467
тайминге 1,698970 0,000568
конкретных 1,397940 0,000467
фото 0,657577 0,000220
видео 0,568636 0,000190
Бучи 1,698970 0,000568
К 0,638272 0,000213
ним 1,154902 0,000386
обращаюсь 1,698970 0,000568
Можегов 1,698970 0,000568
запустила 1,698970 0,000568
часы 1,698970 0,000568
обратную 1,698970 0,000568
Апокалипсиса 1,522879 0,000509
Нового 1,397940 0,000467
плотно 1,698970 0,000568
укладывается 1,698970 0,000568
трехсотлетний 1,698970 0,000568
промежуток 1,698970 0,000568
двумя 1,096910 0,000367
тридцатилетними 1,698970 0,000568
войнами 1,698970 0,000568
XVII 1,301030 0,000435
XX 0,958607 0,000320
веков 1,154902 0,000386
И 0,408935 0,000137
здесь 0,744727 0,000249
обретает 1,522879 0,000509
свой 0,721246 0,000241
большой 1,154902 0,000386
зловещий 1,698970 0,000568
смысл 1,221849 0,000408
Тимур 1,698970 0,000568
Шерзад 1,698970 0,000568
Освобождать 1,698970 0,000568
города 0,698970 0,000350
станет 0,920819 0,000308
проще 1,698970 0,000568
противник 1,698970 0,000568
капитулирует 1,698970 0,000568
самостоятельно 1,154902 0,000386
придется 1,045757 0,000349
вынуждать 1,698970 0,000568
возможно 0,920819 0,000308
брать 1,397940 0,000467
процессе 1,301030 0,000435
крупные 1,221849 0,000408
Недооценивать 1,698970 0,000568
противника 1,221849 0,000408
опасно 1,301030 0,000435
вредно 1,522879 0,000509
переоценивать 1,698970 0,000568
Вадим 1,045757 0,000349
Трухачев 1,698970 0,000568
поплатился 1,698970 0,000568
давление 1,154902 0,000386
Сербию 1,698970 0,000568
Венгрию 1,698970 0,000568
кончились 1,698970 0,000568
пряники 1,698970 0,000568
Сербии 1,221849 0,000408
Венгрии 1,522879 0,000509
остались 1,301030 0,000435
кнуты 1,698970 0,000568
просто 0,657577 0,000220
унижают 1,698970 0,000568
национальное 1,698970 0,000568
достоинство 1,522879 0,000509
сербов 1,698970 0,000568
венгров 1,698970 0,000568
Результат 1,698970 0,000568
налицо 1,522879 0,000509
поборников 1,698970 0,000568
передовых 1,698970 0,000568
ценностей 1,522879 0,000509
любой 0,853872 0,000285
ценой 1,522879 0,000509
жестко 1,698970 0,000568
прокатили 1,698970 0,000568
Очередное 1,698970 0,000568
видеопослание 1,698970 0,000568
очередному 1,698970 0,000568
европейскому 1,522879 0,000509
парламенту 1,522879 0,000509
очередной 1,301030 0,000435
На 0,283997 0,000142
сей 1,698970 0,000568
раз 0,698970 0,000234
компанию 1,698970 0,000568
составили 1,397940 0,000467
бойцы 1,522879 0,000509
неонацистского 1,698970 0,000568
батальона 1,522879 0,000509
греческого 1,522879 0,000509
происхождения 1,698970 0,000568
Киеве 1,397940 0,000467
учли 1,698970 0,000568
греческих 1,522879 0,000509
нацистов 1,301030 0,000435
греки 1,698970 0,000568
реагируют 1,698970 0,000568
болезненнее 1,698970 0,000568
чужих 1,397940 0,000467
ваш 0,853872 0,000285
взгляд 1,154902 0,000386
ООО 0,853872 0,000285
Деловая 1,522879 0,000509
газета 1,397940 0,000467
Взгляд 1,397940 0,000467
E 0,920819 0,000308
mail 0,721246 0,000241
information 1,397940 0,000467
Логотип 1,522879 0,000509
дизайн 1,154902 0,000386
сайта 0,522879 0,000175
креатив 1,698970 0,000568
группа 1,154902 0,000386
болоtov 1,698970 0,000568
Информация 0,886057 0,000296
проекте 0,657577 0,000220
X 1,045757 0,000349
Читайте 1,096910 0,000367
Facebook 0,958607 0,000320
читаю 1,522879 0,000509
