Радио 0,958607 0,003395
Маяк 1,154902 0,005454
ВГТРК 1,154902 0,002727
ТВ 0,657577 0,002329
Россия 0,455932 0,002153
Культура 0,638272 0,002261
РТР 1,698970 0,004012
Цифровое 1,698970 0,004012
РАДИО 1,522879 0,003596
Вести 1,096910 0,002590
FM 1,301030 0,003072
России 0,251812 0,001486
zen 1,698970 0,004012
telegram 1,698970 0,004012
odnoklassniki 1,698970 0,004012
vkontakte 1,698970 0,004012
ШОУ 1,397940 0,003301
ВИДЕО 1,698970 0,004012
ПОДКАСТЫ 1,698970 0,004012
ГОСТИ 1,698970 0,004012
АРХИВ 1,698970 0,004012
ПРОГРАММА 1,698970 0,004012
ПЕРЕДАЧ 1,698970 0,004012
НОВОСТИ 1,397940 0,003301
О 0,207608 0,000735
НАС 1,522879 0,003596
Физики 1,397940 0,006602
и 0,075721 0,002056
лирики 1,397940 0,006602
Рита 1,397940 0,003301
Митрофанова 1,522879 0,003596
Александр 0,468521 0,001106
Пушной 1,698970 0,004012
СЕЙЧАС 1,698970 0,004012
В 0,167491 0,000395
ЭФИРЕ 1,522879 0,003596
минут 0,920819 0,002174
Об 0,698970 0,002476
экскурсиях 1,397940 0,003301
VR 1,301030 0,003072
экскурсии 1,698970 0,004012
чем 0,420216 0,000992
интересны 1,522879 0,003596
виртуальные 1,522879 0,003596
путешествия 1,301030 0,003072
в 0,070581 0,001000
гостях 1,154902 0,002727
Олег 0,795880 0,001879
Васильков 1,698970 0,004012
скоро 0,958607 0,002264
эфире 0,823909 0,002918
Студия 1,221849 0,002885
Владимира 0,721246 0,001703
Матецкого 1,698970 0,004012
Новости 0,221849 0,000524
Москва 0,508638 0,001201
ответит 1,221849 0,002885
на 0,075721 0,000536
решение 0,853872 0,002016
Токио 1,397940 0,003301
о 0,136677 0,000968
высылке 1,698970 0,004012
российских 0,468521 0,001106
дипломатов 0,958607 0,002264
новых 0,508638 0,001201
случаев 1,045757 0,002469
заражения 1,522879 0,003596
коронавирусом 1,154902 0,002727
выявили 1,221849 0,002885
за 0,180456 0,000426
сутки 0,795880 0,001879
Удар 1,154902 0,002727
по 0,124939 0,000738
вокзалу 0,853872 0,002016
Краматорске 0,823909 0,001945
был 0,481486 0,001137
провокацией 1,154902 0,002727
украинских 0,795880 0,001879
силовиков 1,522879 0,003596
ОАК 1,221849 0,002885
планирует 1,154902 0,002727
к 0,207608 0,000490
году 0,602060 0,001422
производить 1,522879 0,003596
самолетов 1,045757 0,002469
МС 1,397940 0,003301
год 0,568636 0,001343
Церемония 1,154902 0,002727
прощания 1,045757 0,002469
с 0,102373 0,001088
Жириновским 0,585027 0,001381
Колонном 1,154902 0,002727
зале 1,096910 0,002590
Дома 1,045757 0,002469
Союзов 1,045757 0,002469
будет 0,387216 0,000914
продлена 1,698970 0,004012
ЕС 0,920819 0,002174
утвердил 1,221849 0,002885
пятый 0,920819 0,002174
пакет 0,853872 0,002016
санкций 0,677781 0,001600
против 0,387216 0,001371
Подкасты 0,744727 0,001759
Сделано 1,698970 0,004012
Хочу 0,920819 0,004349
все 0,292430 0,001381
знать 1,000000 0,004723
Сергей 0,468521 0,001106
Стиллавин 1,698970 0,004012
его 0,376751 0,001334
друзья 1,045757 0,002469
Обратная 0,585027 0,001381
сторона 1,301030 0,003072
музыки 1,221849 0,002885
Фильмы 0,744727 0,001759
изменившие 1,301030 0,003072
историю 0,795880 0,002819
кино 0,568636 0,001343
ХВЗ 1,698970 0,004012
Парадоксы 1,698970 0,004012
языка 1,096910 0,002590
История 0,494850 0,001168
машин 1,096910 0,002590
Гость 1,221849 0,002885
из 0,167491 0,000395
будущего 0,823909 0,001945
Фото 0,886057 0,002092
деталях 1,698970 0,004012
Скрытая 1,397940 0,003301
логика 1,301030 0,003072
поступков 1,301030 0,003072
Интересное 1,522879 0,003596
Шоу 0,744727 0,002638
Картаева 1,698970 0,006018
Махарадзе 1,698970 0,006018
Апреля 1,397940 0,011553
Историческая 1,154902 0,002727
справка 1,522879 0,003596
Как 0,301030 0,001066
СССР 0,795880 0,001879
развивали 1,698970 0,004012
уличный 1,698970 0,004012
сервис 0,958607 0,002264
Смотреть 0,721246 0,002555
слушать 1,045757 0,004939
Искусство 1,221849 0,004328
произведения 0,823909 0,001945
искусства 0,886057 0,002092
становятся 1,221849 0,002885
мемами 1,698970 0,004012
Культуролог 1,698970 0,004012
автор 1,045757 0,002469
подкаста 1,698970 0,004012
книги 0,744727 0,004396
для 0,119186 0,000422
пацанчиков 1,698970 0,004012
лектор 1,698970 0,004012
Прямой 0,823909 0,001945
речи 1,397940 0,003301
Настя 1,301030 0,003072
Четверикова 1,698970 0,004012
рассказала 0,958607 0,003395
какие 0,795880 0,002819
мемы 1,698970 0,004012
мотивам 1,397940 0,003301
картин 1,154902 0,002727
наиболее 1,096910 0,002590
популярны 1,698970 0,004012
почему 0,494850 0,001168
именно 0,920819 0,002174
Крику 1,698970 0,004012
Эдварда 1,698970 0,004012
Мунка 1,698970 0,004012
сети 0,823909 0,001945
отдают 1,698970 0,004012
особое 1,698970 0,004012
предпочтение 1,698970 0,004012
Роза 1,397940 0,003301
ветров 1,698970 0,004012
Прогулка 1,698970 0,004012
Нижнему 1,698970 0,004012
Новгороду 1,698970 0,004012
Город 0,958607 0,002264
ведет 1,096910 0,002590
свою 0,638272 0,001507
года 0,356547 0,000842
Некогда 1,698970 0,004012
он 0,568636 0,002014
являлся 1,698970 0,004012
столицей 1,698970 0,004012
Нижегородско 1,698970 0,004012
Суздальского 1,698970 0,004012
княжества 1,698970 0,004012
последним 1,698970 0,004012
оплотом 1,698970 0,004012
польских 1,698970 0,004012
оккупантов 1,698970 0,004012
во 0,494850 0,001168
время 0,366532 0,000865
Смуты 1,698970 0,004012
Начнем 1,522879 0,003596
знакомство 1,522879 0,003596
музеев 1,096910 0,002590
Горького 1,397940 0,003301
Сколько 1,154902 0,002727
живут 1,045757 0,002469
деревья 1,397940 0,003301
Природа 1,301030 0,003072
это 0,292430 0,001036
чудесный 1,522879 0,003596
потрясающий 1,698970 0,004012
мир 0,552842 0,001305
который 0,508638 0,001201
окружает 1,522879 0,003596
человека 0,568636 0,001343
И 0,408935 0,000966
сегодняшнем 1,698970 0,004012
мы 0,468521 0,002213
поговорили 1,698970 0,006018
деревьях 1,698970 0,006018
самых 0,585027 0,001381
старых 1,301030 0,003072
планеты 1,096910 0,002590
том 0,568636 0,001343
как 0,251812 0,001189
определить 1,698970 0,004012
их 0,455932 0,001077
возраст 1,301030 0,003072
других 0,795880 0,001879
интересных 1,096910 0,002590
фактах 1,698970 0,004012
биологом 1,698970 0,004012
Полиной 1,698970 0,004012
Богатовой 1,698970 0,004012
Откуда 1,154902 0,002727
берутся 1,522879 0,003596
пляжи 1,698970 0,004012
Все 0,148742 0,000527
знаем 1,397940 0,003301
что 0,187087 0,000663
такое 0,638272 0,001507
пляж 1,522879 0,003596
выглядит 1,522879 0,003596
Но 0,619789 0,001463
виды 1,221849 0,002885
существуют 1,522879 0,003596
образовались 1,698970 0,004012
какое 1,096910 0,002590
у 0,387216 0,000914
них 0,769551 0,001817
строение 1,698970 0,004012
этом 0,585027 0,001381
не 0,142668 0,000505
только 0,309804 0,001097
узнали 1,301030 0,003072
благодаря 0,853872 0,002016
Марине 1,698970 0,004012
Кочетовой 1,698970 0,004012
учителю 1,698970 0,004012
географии 1,698970 0,004012
школы 0,853872 0,002016
Психология 1,000000 0,002361
Когда 0,602060 0,002132
вредно 1,522879 0,003596
читать 0,823909 0,002918
психологии 1,301030 0,004608
Почему 0,522879 0,001235
мотивационные 1,698970 0,004012
советами 1,522879 0,003596
почти 0,853872 0,002016
работают 1,154902 0,002727
психологические 1,698970 0,004012
даже 0,619789 0,001463
опасно 1,301030 0,003072
На 0,283997 0,001006
обращать 1,522879 0,003596
внимание 0,853872 0,002016
когда 0,585027 0,001381
выбираешь 1,698970 0,004012
такую 1,522879 0,003596
книгу 1,045757 0,002469
себе 0,619789 0,001463
эти 0,920819 0,002174
другие 0,677781 0,001600
вопросы 0,744727 0,001759
Лариса 1,154902 0,002727
Овчаренко 1,698970 0,004012
психолог 1,397940 0,003301
психотерапевт 1,522879 0,003596
доцент 1,397940 0,003301
Института 1,698970 0,004012
социологии 1,522879 0,003596
социальных 0,769551 0,001817
отношений 1,045757 0,002469
МГПУ 1,698970 0,004012
кандидат 1,397940 0,003301
психологических 1,698970 0,004012
наук 1,301030 0,003072
Федеральное 1,045757 0,002469
государственное 1,154902 0,002727
унитарное 1,154902 0,002727
предприятие 1,096910 0,002590
Всероссийская 1,221849 0,002885
государственная 1,221849 0,002885
телевизионная 1,221849 0,002885
радиовещательная 1,221849 0,004328
компания 0,958607 0,003395
Государственная 1,698970 0,004012
Свидетельство 0,721246 0,001703
регистрации 0,638272 0,001507
СМИ 0,481486 0,001137
Эл 0,721246 0,001703
ФС 0,522879 0,001235
от 0,193820 0,000458
декабря 0,886057 0,002092
г 0,602060 0,001422
Email 1,221849 0,002885
редакции 0,481486 0,001137
box 1,522879 0,003596
radiomayak 1,698970 0,004012
ru 0,187087 0,000442
права 0,431798 0,001020
любые 0,886057 0,002092
материалы 0,537602 0,001269
опубликованные 0,920819 0,002174
сайте 0,431798 0,001529
защищены 0,602060 0,001422
соответствии 0,795880 0,001879
российским 0,823909 0,001945
международным 1,045757 0,002469
законодательством 0,823909 0,001945
об 0,292430 0,000691
авторском 1,301030 0,003072
праве 1,301030 0,003072
смежных 1,301030 0,003072
правах 1,045757 0,002469
Использование 1,045757 0,002469
любых 1,096910 0,002590
аудио 1,096910 0,002590
фото 0,657577 0,001553
видеоматериалов 1,045757 0,002469
размещенных 1,397940 0,003301
допускается 1,045757 0,002469
разрешения 0,853872 0,002016
правообладателя 0,886057 0,002092
со 0,387216 0,000914
ссылкой 1,301030 0,003072
сайт 0,494850 0,001168
радио 1,096910 0,002590
маяк 1,698970 0,004012
интернет 0,657577 0,001553
проектов 1,154902 0,002727
гиперссылкой 1,522879 0,003596
закрыть 1,096910 0,002590
title 1,522879 0,003596
anons 1,698970 0,004012
if 1,221849 0,012983
audio 1,698970 0,006018
date 1,397940 0,004951
duration 1,522879 0,005394
скачать 1,301030 0,003072
