Все 0,148742 0,000390
новости 0,420216 0,000978
столицы 1,301030 0,001515
России 0,251812 0,001246
и 0,075721 0,001146
мира 0,537602 0,000313
Эксклюзивы 1,397940 0,001221
ВМ 1,698970 0,001483
Вечерка 1,698970 0,001978
ТВ 0,657577 0,000766
Газета 1,096910 0,000638
Карта 1,096910 0,001277
событий 0,853872 0,000746
Московский 1,096910 0,000958
журнал 1,221849 0,001067
Округа 1,698970 0,000989
Пресса 1,397940 0,001627
в 0,070581 0,001582
образовании 1,301030 0,001515
Ситуация 1,154902 0,001008
Донбассе 0,958607 0,000837
Меню 1,221849 0,000711
Город 0,958607 0,010881
Поиск 0,619789 0,000361
Войти 0,508638 0,001036
Новости 0,221849 0,000387
Фото 0,886057 0,000774
Видео 0,431798 0,000377
Инфографика 1,154902 0,001344
Спецпроекты 0,657577 0,001148
Политика 0,443697 0,000258
В 0,167491 0,001072
мире 0,468521 0,002727
Общество 0,638272 0,009845
Экономика 0,568636 0,001324
Финансы 1,154902 0,000672
Развлечения 1,522879 0,000886
Спорт 0,537602 0,000313
Происшествия 0,823909 0,002638
Технологии 0,958607 0,001116
Еда 1,301030 0,001515
Мнения 1,000000 0,001746
Подкасты 0,744727 0,000650
Печатная 1,698970 0,001483
версия 0,769551 0,000672
Мой 0,853872 0,000746
район 1,397940 0,001221
Опросы 1,221849 0,001067
О 0,207608 0,000242
газете 1,397940 0,001221
Реклама 0,387216 0,000338
Вакансии 0,657577 0,000574
Подписка 0,853872 0,000994
на 0,075721 0,001609
бумажные 1,522879 0,001330
издания 0,886057 0,001031
Архив 1,096910 0,000958
газеты 0,958607 0,001395
Правовая 0,920819 0,000804
информация 0,638272 0,000557
Главное 0,657577 0,000383
Последнее 1,000000 0,000582
мнения 1,221849 0,001422
Собянин 1,397940 0,002034
рассказал 0,619789 0,001984
об 0,292430 0,000766
одобрении 1,698970 0,002472
первых 0,853872 0,001243
льготных 1,698970 0,002472
кредитов 1,522879 0,002216
для 0,119186 0,000347
московских 1,221849 0,001778
промышленников 1,522879 0,002216
Столичные 1,522879 0,003989
предприниматели 1,698970 0,002472
разработали 1,522879 0,002216
антикризисные 1,698970 0,002472
решения 0,958607 0,001395
первом 1,096910 0,001596
бизнес 0,657577 0,000957
хакатоне 1,698970 0,002472
Петр 1,000000 0,001455
Бирюков 1,522879 0,002216
Работы 1,522879 0,003546
по 0,124939 0,000473
капитальному 1,698970 0,002472
ремонту 1,698970 0,002472
корпуса 1,522879 0,002216
Боткинской 1,522879 0,002216
больницы 1,221849 0,001778
начались 1,397940 0,002034
службы 1,221849 0,001778
начали 0,958607 0,001395
промывку 1,698970 0,002472
памятника 1,522879 0,002216
Юрию 1,522879 0,002216
Гагарину 1,522879 0,002216
Банк 1,045757 0,001217
снизит 1,698970 0,001978
ключевую 0,677781 0,000789
ставку 0,657577 0,000766
до 0,244125 0,000853
процентов 1,154902 0,002353
годовых 0,886057 0,001031
Экономист 1,221849 0,001778
заверил 1,698970 0,002472
что 0,187087 0,001198
не 0,142668 0,000789
грозит 1,154902 0,002353
дефицит 1,221849 0,001778
лекарств 1,154902 0,001681
продовольствия 1,397940 0,002034
Евросоюз 1,000000 0,002037
стреляет 1,698970 0,003461
себе 0,619789 0,001263
ногу 1,397940 0,002848
повлечет 1,698970 0,003461
за 0,180456 0,000735
собой 0,823909 0,001679
новый 0,552842 0,001287
пакет 0,853872 0,002237
антироссийских 1,096910 0,003831
санкций 0,677781 0,002762
Резидент 1,698970 0,001978
Технополис 1,698970 0,001978
Москва 0,508638 0,001036
выпустил 1,698970 0,001978
десять 1,397940 0,002441
тысяч 0,744727 0,001084
корпусов 1,522879 0,001773
из 0,167491 0,000926
АБС 1,698970 0,001978
пластика 1,698970 0,001978
Кремле 1,045757 0,000913
прокомментировали 1,522879 0,001330
ситуацию 1,096910 0,001277
с 0,102373 0,000655
исключением 1,522879 0,001330
СПЧ 0,920819 0,000804
ООН 0,823909 0,000719
Политолог 1,154902 0,001008
Елисеева 1,698970 0,001483
Уходящие 1,522879 0,001330
компании 0,677781 0,000789
будут 0,638272 0,000557
пытаться 1,522879 0,001330
строить 1,397940 0,001221
серые 1,698970 0,001483
схемы 1,522879 0,001330
поставок 1,397940 0,001221
Борис 0,769551 0,000672
Шпигель 1,301030 0,001136
госпитализирован 1,301030 0,001136
СИЗО 1,397940 0,001221
во 0,494850 0,000864
второй 0,920819 0,000804
раз 0,698970 0,000610
Москвичам 1,522879 0,001773
рассказали 0,744727 0,001300
как 0,251812 0,001832
можно 0,443697 0,001550
записать 1,698970 0,001978
любой 0,853872 0,001243
билет 1,096910 0,001277
Тройку 1,698970 0,001978
прямо 1,000000 0,001164
время 0,366532 0,000427
поездки 1,301030 0,001515
Рабочий 1,698970 0,001483
украл 1,522879 0,001330
редкие 1,698970 0,001483
золотые 1,698970 0,001483
украшения 1,522879 0,001330
квартиры 1,154902 0,001008
москвича 1,698970 0,001483
юго 1,698970 0,001483
востоке 1,522879 0,001330
Синоптики 1,698970 0,001978
предупреждают 1,698970 0,001978
ухудшении 1,698970 0,001978
погодных 1,698970 0,001978
условий 1,522879 0,001773
Москве 0,455932 0,002654
Андрей 0,552842 0,000644
Бочкарев 1,698970 0,001978
монтажу 1,698970 0,001978
инженерных 1,698970 0,001978
систем 1,522879 0,001773
станции 1,221849 0,002134
Текстильщики 1,522879 0,001773
БКЛ 1,522879 0,001773
метро 1,096910 0,001915
завершены 1,698970 0,001978
наполовину 1,522879 0,001773
Украинские 1,000000 0,000873
войска 1,221849 0,001067
нанесли 1,096910 0,000958
удар 0,920819 0,000804
Точкой 0,958607 0,000837
У 0,431798 0,000377
Краматорску 0,744727 0,000650
Москвичи 1,698970 0,001483
оформляют 1,698970 0,001483
более 0,585027 0,000511
парковочных 1,698970 0,001483
разрешений 1,698970 0,001483
портале 1,221849 0,001067
mos 1,698970 0,001483
ru 0,187087 0,000327
Митрополит 1,698970 0,001483
Калужский 1,698970 0,001483
Боровский 1,698970 0,001483
Климент 1,698970 0,001483
Колбасу 1,698970 0,001483
или 0,301030 0,000263
соседку 1,698970 0,001483
апреля 0,301030 0,005870
Михаил 0,568636 0,000496
Девятьяров 1,698970 0,001483
Детям 1,301030 0,001136
есть 0,568636 0,001820
к 0,207608 0,000363
чему 0,920819 0,000804
стремиться 1,397940 0,001221
Ольга 0,769551 0,000672
Кузьмина 1,522879 0,001330
Искусствовреды 1,698970 0,001483
испанский 1,397940 0,001221
стыд 1,698970 0,001483
Никита 1,154902 0,001008
Масленников 1,522879 0,001330
Параллельный 1,698970 0,001483
импорт 1,096910 0,000958
будет 0,387216 0,001014
держать 1,522879 0,001330
тонусе 1,698970 0,001483
Владимир 0,431798 0,000628
Жидкин 1,698970 0,001483
Молодежь 1,698970 0,001483
выбирает 1,221849 0,001067
округа 1,522879 0,001330
Александр 0,468521 0,000545
Лосото 1,698970 0,001483
И 0,408935 0,000357
старость 1,698970 0,001483
обернем 1,698970 0,001483
радость 1,221849 0,001067
Сергей 0,468521 0,000409
Лесков 1,522879 0,001330
Назло 1,522879 0,001330
нам 0,657577 0,000574
заморозят 1,698970 0,001483
себя 0,552842 0,001609
Песков 0,744727 0,000433
заявил 0,744727 0,000433
Жириновский 0,677781 0,000789
предсказал 1,522879 0,000886
нынешнюю 1,698970 0,000989
городских 1,698970 0,001483
Смотреть 0,721246 0,000630
карту 1,397940 0,000814
Прокуратура 1,397940 0,000814
провела 1,522879 0,000886
проверку 1,221849 0,001067
повышения 1,301030 0,000757
цен 0,958607 0,001674
сахар 1,698970 0,000989
Подмосковье 1,221849 0,001067
Япония 0,823909 0,000719
вводит 1,301030 0,000757
санкционный 1,301030 0,000757
отношении 0,853872 0,000746
Кадыров 0,958607 0,000558
сообщил 0,823909 0,000480
освобождении 1,301030 0,000757
Мариуполя 0,853872 0,000497
от 0,193820 0,000395
украинских 0,795880 0,000463
войск 1,154902 0,000672
Задержан 1,301030 0,000757
мужчина 1,221849 0,000711
плеснувший 1,698970 0,000989
краской 1,397940 0,000814
главреда 1,096910 0,000638
Новой 1,045757 0,000609
вагоне 1,522879 0,000886
поезда 1,301030 0,000757
ЕС 0,920819 0,000536
утвердил 1,221849 0,000711
пятый 0,920819 0,000536
ФАС 1,045757 0,000609
начала 0,769551 0,000448
Мираторг 1,096910 0,000638
Поезд 1,301030 0,000757
столкнулся 1,301030 0,000757
легковым 1,698970 0,000989
автомобилем 1,698970 0,000989
Электрощиток 1,698970 0,000989
загорелся 1,698970 0,000989
квартире 1,221849 0,000711
центре 0,920819 0,000536
Москвы 0,744727 0,001734
ВС 1,045757 0,000609
РФ 0,568636 0,000993
ракетами 1,301030 0,000757
Бастион 1,698970 0,000989
уничтожили 1,301030 0,000757
центр 0,638272 0,000372
подготовки 1,000000 0,000582
наемников 0,958607 0,000558
под 0,376751 0,000219
Одессой 1,096910 0,000638
Более 1,000000 0,000582
человек 0,494850 0,000432
лжегазовщики 1,698970 0,000989
обманули 1,397940 0,000814
несколько 0,795880 0,000463
сотен 1,522879 0,000886
рублей 0,585027 0,000341
Московские 1,397940 0,000814
врачи 1,221849 0,000711
вылечили 1,698970 0,000989
коронавируса 0,886057 0,002063
сутки 0,795880 0,000695
Дом 0,698970 0,000814
Брестской 1,698970 0,000989
открыл 1,301030 0,000757
выставку 1,397940 0,000814
московской 1,397940 0,000814
типовой 1,698970 0,000989
жилой 1,698970 0,000989
застройки 1,698970 0,000989
выявили 1,221849 0,000711
новых 0,508638 0,000296
случаев 1,045757 0,000609
COVID 1,096910 0,000638
объявляет 1,698970 0,000989
персонами 1,397940 0,000814
нон 1,397940 0,000814
грата 1,522879 0,000886
восемь 1,397940 0,000814
российских 0,468521 0,000273
дипломатов 0,958607 0,000558
Когда 0,602060 0,000876
вам 0,677781 0,000986
грустно 1,397940 0,002034
нужно 0,721246 0,001050
Спецпроект 1,301030 0,001136
Посадил 1,698970 0,002472
забыл 1,522879 0,002216
Октябрина 1,698970 0,002472
Ганичкина 1,698970 0,002472
рассказала 0,958607 0,003069
могут 0,522879 0,001217
посадить 1,698970 0,002472
участке 1,698970 0,002472
ленивые 1,698970 0,002472
дачники 1,698970 0,002472
Игры 0,886057 0,001289
кошечками 1,698970 0,002472
помогут 1,096910 0,001596
культура 1,221849 0,001778
отмены 1,397940 0,002034
повлияла 1,698970 0,002472
российскую 1,096910 0,001596
индустрию 1,698970 0,002472
видеоигр 1,301030 0,001893
киберспорт 1,698970 0,002472
Первая 1,096910 0,000958
семейная 1,301030 0,001136
СМ 1,698970 0,001483
Клиника 1,522879 0,001330
ЦАО 1,698970 0,001483
марта 0,769551 0,000448
Проект 1,000000 0,000873
идей 1,397940 0,001221
навести 1,522879 0,001330
порядок 1,154902 0,001008
дорогах 1,397940 0,001221
Месяц 1,301030 0,001893
богатый 1,522879 0,002216
осадки 1,698970 0,002472
синоптик 1,698970 0,002472
какая 1,301030 0,001893
погода 1,397940 0,002034
конца 0,886057 0,001289
Вопросы 1,154902 0,001681
о 0,136677 0,000636
зарплате 1,698970 0,002472
двоякая 1,698970 0,002472
вещь 1,522879 0,002216
эксперт 1,221849 0,004623
объяснил 0,769551 0,002912
правильно 1,154902 0,003025
вести 1,045757 0,001522
собеседовании 1,698970 0,002472
Этот 1,000000 0,001455
номер 0,920819 0,001340
пройдет 1,221849 0,001778
зачем 0,853872 0,001243
европейские 1,397940 0,002034
страны 0,638272 0,001672
отменяют 1,522879 0,002216
ограничения 1,221849 0,003200
въезд 1,522879 0,002216
граждан 1,045757 0,001522
Без 0,920819 0,001340
буквы 1,522879 0,002216
Z 1,221849 0,001778
Пушкина 1,000000 0,001455
какие 0,795880 0,002085
нелепые 1,698970 0,002472
применяют 1,698970 0,002472
фоне 1,154902 0,001681
Предложения 1,522879 0,002216
туристов 1,221849 0,001778
куда 1,000000 0,001455
поехать 1,522879 0,002216
отдыхать 1,397940 0,002034
майские 1,301030 0,001893
праздники 0,886057 0,001289
Останетесь 1,698970 0,002472
дорогим 1,522879 0,002216
калькулятором 1,698970 0,002472
альтернативы 1,522879 0,002216
у 0,387216 0,000563
App 1,154902 0,001681
Store 1,154902 0,001681
Google 0,744727 0,001300
Play 1,000000 0,001455
Теория 1,522879 0,002216
ПДД 1,301030 0,001893
каких 1,000000 0,001455
случаях 1,301030 0,001893
автомобилистам 1,522879 0,002216
необходимо 0,920819 0,001340
пересдавать 1,698970 0,002472
экзамен 1,698970 0,002472
после 0,397940 0,000579
получения 1,397940 0,002034
прав 0,920819 0,001340
Еще 0,585027 0,000851
сильнее 1,522879 0,002216
качнет 1,698970 0,002472
рубль 1,045757 0,001522
может 0,397940 0,000579
повлиять 1,397940 0,002034
дальнейший 1,698970 0,002472
рост 1,221849 0,001778
российской 0,958607 0,001395
валюты 1,301030 0,002651
Нетоксичный 1,698970 0,002472
развод 1,698970 0,002472
ли 0,397940 0,000579
договориться 1,522879 0,002216
правах 1,045757 0,001522
ребенка 0,823909 0,001199
суда 1,397940 0,002034
Глава 0,698970 0,001017
профсоюза 1,698970 0,002472
таксистов 1,522879 0,002216
Возвращения 1,698970 0,002472
бомбил 1,522879 0,002216
дороги 1,096910 0,001596
города 0,698970 0,001017
ожидать 1,698970 0,002472
стоит 0,677781 0,000986
Синоптик 1,397940 0,002034
Леус 1,698970 0,002472
Пик 1,698970 0,002472
потепления 1,698970 0,002472
ожидается 1,301030 0,001893
пятницу 1,096910 0,001596
Иммунолог 1,522879 0,003989
Крючков 1,698970 0,003461
спрогнозировал 1,522879 0,002216
появление 1,522879 0,002216
нового 0,769551 0,001568
штамма 1,397940 0,002848
Атака 1,397940 0,002034
клещей 1,698970 0,002472
чем 0,420216 0,000856
опасна 1,698970 0,002472
болезнь 1,522879 0,002216
Лайма 1,698970 0,002472
Дмитрий 0,602060 0,000876
Лиханов 1,698970 0,002472
Людям 1,522879 0,002216
остро 1,397940 0,002034
нужны 0,920819 0,001340
еда 1,522879 0,002216
вода 1,301030 0,001893
Эксперты 1,096910 0,001596
спрогнозировали 1,698970 0,002472
снижение 1,301030 0,001893
вторичном 1,522879 0,002216
рынке 1,301030 0,001893
авто 1,096910 0,001596
Юрист 1,522879 0,002216
законно 1,698970 0,002472
купить 1,221849 0,001778
валюту 1,301030 0,001893
период 1,221849 0,001778
действия 1,221849 0,001778
ограничений 1,301030 0,001893
Обязательно 1,698970 0,002472
возьмут 1,698970 0,002472
составить 1,522879 0,002216
резюме 1,698970 0,002472
Спасенным 1,698970 0,001483
мариупольцам 1,698970 0,001483
помогают 1,301030 0,001136
всем 0,853872 0,000746
миром 1,698970 0,001483
привидением 1,698970 0,001483
лежачий 1,522879 0,001330
небоскреб 1,522879 0,001330
самых 0,585027 0,000511
необычных 1,698970 0,001483
зданий 1,522879 0,001330
Жемчугов 1,698970 0,001483
оценил 1,154902 0,002353
опасность 1,397940 0,002034
XE 1,221849 0,001067
Мать 1,154902 0,001008
русская 1,698970 0,001483
папа 1,397940 0,001221
юрист 1,522879 0,002216
самые 0,721246 0,000630
яркие 1,397940 0,001221
высказывания 1,522879 0,001330
Владимира 0,721246 0,000630
Жириновского 0,657577 0,000574
Повторения 1,698970 0,001483
х 0,769551 0,000672
годов 1,045757 0,000913
эксперты 1,096910 0,000958
ситуации 1,000000 0,000873
российском 1,000000 0,000873
авторынке 1,522879 0,001330
Психолог 1,397940 0,001221
объяснила 1,522879 0,001330
совместного 1,397940 0,001221
переодевания 1,698970 0,001483
мальчиков 1,397940 0,001221
девочек 1,221849 0,001067
школе 1,221849 0,001067
Эксперт 1,045757 0,000913
труду 1,698970 0,001483
инициативу 1,522879 0,001330
ввести 1,397940 0,001221
десятидневные 1,698970 0,001483
выходные 1,301030 0,001136
мае 1,221849 0,001067
Ушел 1,397940 0,001221
жизни 0,443697 0,000517
Теневая 1,698970 0,001483
продажа 1,397940 0,001221
Краснов 1,698970 0,001483
незаконный 1,698970 0,001483
обмен 1,522879 0,001330
Госдуме 1,045757 0,000913
предложили 1,301030 0,001136
оборудовать 1,698970 0,001483
автомобили 1,045757 0,000913
каршеринга 1,522879 0,001330
алкозамками 1,698970 0,001483
вероятность 1,301030 0,001136
вспышки 1,698970 0,001483
стелс 1,522879 0,001330
омикрона 1,522879 0,001330
Врач 1,397940 0,001221
терапевт 1,698970 0,001483
Сайног 1,698970 0,001483
симптомах 1,698970 0,001483
причинах 1,698970 0,001483
развития 0,721246 0,000630
гиповитаминоза 1,698970 0,001483
Хотели 1,522879 0,001330
возвести 1,698970 0,001483
Израиле 1,522879 0,001330
архитектор 1,522879 0,001330
Ткаченко 1,698970 0,001483
раскрыл 1,221849 0,001067
историю 0,795880 0,000695
создания 1,221849 0,001067
Дома 1,045757 0,000913
яйца 1,397940 0,001221
дальше 0,886057 0,000516
Сетевое 0,795880 0,000695
вещание 1,522879 0,000886
Вечерняя 1,522879 0,001773
Москв 1,698970 0,000989
Подписаться 0,795880 0,000695
Яндекс 0,638272 0,000372
Музыка 0,795880 0,000463
Podcasts 1,698970 0,001483
Spotify 1,301030 0,000757
Apple 1,154902 0,000672
TuneIn 1,698970 0,000989
Свежие 1,301030 0,000757
материалы 0,537602 0,000313
Быть 1,096910 0,001277
быстрее 1,221849 0,001422
всех 0,552842 0,000644
прохожих 1,698970 0,001978
Не 0,481486 0,000561
забываем 1,698970 0,001978
про 0,568636 0,000662
безопасность 1,301030 0,001515
Правила 0,853872 0,000994
дорожного 1,698970 0,001978
движения 1,522879 0,001773
Школьники 1,698970 0,001978
снова 0,769551 0,000896
учиться 1,301030 0,001515
Эмоции 1,698970 0,001978
важны 1,397940 0,001627
даже 0,619789 0,000722
пейзажной 1,522879 0,001773
съемке 1,522879 0,001773
Изобретение 1,698970 0,001978
старшеклассницы 1,698970 0,001978
упростит 1,698970 0,001978
работу 0,823909 0,000959
океанологов 1,698970 0,001978
проекте 0,657577 0,000383
Выставка 1,301030 0,001515
Открой 1,698970 0,001978
Моспром 1,698970 0,001978
Арт 1,221849 0,001422
Где 0,958607 0,002511
жили 1,522879 0,001773
творили 1,522879 0,001773
великие 1,397940 0,001627
люди 0,677781 0,000789
Война 0,920819 0,001072
моторов 1,698970 0,001978
горючего 1,698970 0,001978
Тест 0,886057 0,001031
Предрасположенность 1,698970 0,001978
онкологическим 1,698970 0,001978
заболеваниям 1,698970 0,001978
Викторина 1,522879 0,001773
Проверь 1,522879 0,001773
живут 1,045757 0,001217
африканские 1,698970 0,001978
ежи 1,698970 0,001978
найти 0,698970 0,000814
общий 1,221849 0,001422
язык 0,823909 0,000959
попугаем 1,698970 0,001978
Вход 0,657577 0,000383
Логин 1,698970 0,001483
Пароль 1,522879 0,001773
Или 1,096910 0,000638
авторизуйтесь 1,522879 0,000886
помощью 0,769551 0,000896
социальной 1,522879 0,000886
сети 0,823909 0,000480
Вконтакте 1,045757 0,000609
Одноклассники 0,823909 0,000480
Регистрация 0,657577 0,000766
Забыли 1,221849 0,001067
пароль 0,920819 0,000804
Email 1,221849 0,000711
рассылку 1,000000 0,000582
Мы 0,537602 0,000313
присылаем 1,698970 0,000989
только 0,309804 0,000180
важные 1,096910 0,000638
интересные 1,154902 0,000672
Информируем 1,698970 0,000989
мероприятиях 1,698970 0,000989
Вечерки 1,698970 0,000989
событиях 1,045757 0,000609
Вы 0,619789 0,000361
сможете 1,154902 0,000672
отписаться 1,522879 0,000886
рассылки 1,301030 0,000757
настройках 1,698970 0,000989
аккаунта 1,397940 0,000814
момент 0,920819 0,000536
Отправить 1,045757 0,000913
Регистрируясь 1,522879 0,000886
вы 0,420216 0,000245
соглашаетесь 1,154902 0,000672
Политикой 1,522879 0,000886
защите 1,397940 0,000814
персональных 0,769551 0,000448
данных 0,657577 0,000383
Правилами 1,522879 0,000886
сайта 0,522879 0,000457
Восстановление 1,221849 0,000711
пароля 1,154902 0,000672
заблокированы 1,522879 0,001330
соцсети 1,154902 0,001008
Гранты 1,698970 0,001483
импортозамещение 1,397940 0,001221
Как 0,301030 0,000263
защитить 1,221849 0,001067
машину 1,000000 0,000873
угона 1,397940 0,001221
Кот 1,221849 0,001067
Филимон 1,698970 0,001483
Выборга 1,522879 0,001330
нашелся 1,698970 0,001483
Три 0,823909 0,000719
продукта 1,698970 0,001483
сокращающие 1,698970 0,001483
жизнь 0,537602 0,000469
Что 0,346787 0,000303
изменилось 1,522879 0,001330
Феминистки 1,698970 0,001483
против 0,387216 0,000338
Самые 0,920819 0,001340
дорогие 1,397940 0,001221
подарки 1,301030 0,001136
звезд 1,154902 0,001008
Бабушки 1,698970 0,001483
покоряют 1,698970 0,001483
Инстаграм 1,522879 0,001330
красивые 1,397940 0,001221
Качество 1,698970 0,000989
Медиагалерея 1,698970 0,000989
печатные 1,698970 0,000989
Оформить 1,522879 0,000886
Команда 1,096910 0,000638
Контакты 0,455932 0,000265
издание 0,657577 0,000383
зарегистрировано 0,823909 0,000480
Федеральной 0,619789 0,000361
службе 0,920819 0,000536
надзору 0,619789 0,000361
сфере 0,552842 0,000322
связи 0,455932 0,000398
информационных 0,585027 0,000341
технологий 0,568636 0,000331
массовых 0,568636 0,000331
коммуникаций 0,585027 0,000341
Роскомнадзор 0,823909 0,000480
Свидетельство 0,721246 0,000420
регистрации 0,638272 0,000372
ЭЛ 0,823909 0,000480
ФС 0,522879 0,000304
Учредитель 0,698970 0,000407
АО 0,795880 0,000463
Редакция 0,769551 0,000448
Главный 0,585027 0,000341
редактор 0,585027 0,000341
vm 1,698970 0,001978
Геннадьевич 1,698970 0,000989
Глуходедов 1,698970 0,000989
Адрес 0,721246 0,000630
редакции 0,481486 0,000280
г 0,602060 0,000350
Бумажный 1,698970 0,000989
пр 1,522879 0,000886
д 0,886057 0,000774
стр 1,096910 0,000638
Телефон 1,000000 0,000582
эл 1,698970 0,000989
почты 0,886057 0,000516
edit 1,698970 0,000989
Почта 1,154902 0,000672
редакцией 1,301030 0,000757
news 1,154902 0,000672
