Женский 1,301030 0,001098
журнал 1,221849 0,002063
Woman 1,397940 0,004721
ru 0,187087 0,000711
звезды 1,301030 0,001098
мода 1,698970 0,001434
красота 1,301030 0,001648
любовь 0,698970 0,000590
секс 1,397940 0,001180
гороскопы 1,522879 0,001286
психология 1,522879 0,001286
дети 0,853872 0,001081
и 0,075721 0,001630
здоровье 1,045757 0,001766
читайте 1,221849 0,001032
онлайн 0,508638 0,000644
Вумен 1,698970 0,002869
ру 0,886057 0,001496
Ваш 1,096910 0,000926
браузер 1,221849 0,002063
устарел 1,522879 0,001286
поэтому 0,886057 0,000748
сайт 0,494850 0,000836
может 0,397940 0,000336
отображаться 1,698970 0,001434
некорректно 1,698970 0,001434
Обновите 1,698970 0,001434
ваш 0,853872 0,000721
для 0,119186 0,000805
повышения 1,301030 0,001098
уровня 1,221849 0,001032
безопасности 0,958607 0,000809
скорости 1,522879 0,001286
комфорта 1,698970 0,001434
использования 0,920819 0,001555
этого 0,619789 0,001046
сайта 0,522879 0,000883
Обновить 1,522879 0,001286
Войти 0,508638 0,000429
Форум 1,000000 0,001688
Звезды 0,823909 0,001043
Мода 1,154902 0,002438
Здоровье 0,853872 0,001442
Красота 0,920819 0,001555
Отношения 1,397940 0,001770
Познать 1,698970 0,002152
себя 0,552842 0,000933
Стиль 1,000000 0,001266
жизни 0,443697 0,001498
Реальная 1,301030 0,001648
жизнь 0,537602 0,000908
Новости 0,221849 0,000375
Дети 0,958607 0,001214
Диеты 1,397940 0,001180
Вкус 1,698970 0,002152
Жизни 1,522879 0,001286
Ностальгия 1,698970 0,001434
Секс 1,301030 0,001648
Еще 0,585027 0,000494
Поиск 0,619789 0,000523
Вход 0,657577 0,000555
О 0,207608 0,000351
проекте 0,657577 0,000833
Контакты 0,455932 0,000577
Рекламодателям 1,301030 0,001648
Пользовательское 0,677781 0,000858
соглашение 0,619789 0,000785
Политика 0,443697 0,000562
cookie 1,221849 0,001547
файлов 1,301030 0,001648
Промокоды 1,221849 0,001547
Светская 1,397940 0,001180
хроника 1,221849 0,001032
Макияж 1,397940 0,001180
женщины 0,958607 0,001214
Кейт 1,301030 0,001648
Миддлтон 1,522879 0,001929
Мы 0,537602 0,001135
мужчины 0,920819 0,000777
Монархи 1,522879 0,001286
на 0,075721 0,000927
звездах 1,301030 0,002197
Меган 1,698970 0,001434
Маркл 1,698970 0,001434
Интервью 0,638272 0,000539
Пластика 1,698970 0,001434
косметология 1,698970 0,001434
Гороскопы 1,301030 0,001098
Уход 1,221849 0,001032
Антиэйдж 1,698970 0,001434
Рецепты 1,221849 0,001032
Гороскоп 1,397940 0,001180
апрель 1,522879 0,001286
года 0,356547 0,000602
от 0,193820 0,000491
Василисы 1,698970 0,001434
Володиной 1,698970 0,001434
Тельцам 1,698970 0,001434
трудовую 1,698970 0,001434
повинность 1,698970 0,001434
а 0,327902 0,000969
Стрельцам 1,698970 0,001434
судьбоносные 1,698970 0,001434
решения 0,958607 0,000809
Жириновский 0,677781 0,000858
провидец 1,698970 0,001434
лидер 1,096910 0,000926
ЛДПР 0,744727 0,000629
сделал 1,154902 0,000975
прогноз 1,301030 0,001098
год 0,568636 0,000480
Как 0,301030 0,000889
исчезновение 1,698970 0,001434
летней 1,301030 0,001098
Яры 1,698970 0,001434
Гамбиразио 1,698970 0,001434
вскрыло 1,698970 0,001434
клубок 1,522879 0,001286
измен 1,522879 0,001286
целого 1,698970 0,001434
города 0,698970 0,000590
Мне 0,958607 0,001619
просто 0,657577 0,000555
повезло 1,397940 0,001180
заниматься 1,301030 0,001098
любимым 1,698970 0,001434
делом 1,301030 0,001098
за 0,180456 0,000686
это 0,292430 0,000617
получать 0,886057 0,000748
деньги 0,958607 0,000809
Янина 1,698970 0,001434
Студилина 1,698970 0,001434
о 0,136677 0,000462
съемках 1,301030 0,001098
сериала 0,920819 0,000777
Сестры 1,301030 0,001098
Что 0,346787 0,000293
нужно 0,721246 0,000609
знать 1,000000 0,000844
об 0,292430 0,000247
апрельском 1,698970 0,001434
новолунии 1,698970 0,001434
в 0,070581 0,000983
Овне 1,698970 0,001434
рассказывает 0,958607 0,000809
астролог 1,522879 0,001286
Новость 1,397940 0,001180
дня 0,494850 0,000627
С 0,455932 0,000385
букетом 1,522879 0,001286
алых 1,698970 0,001434
роз 1,522879 0,001286
Владимир 0,431798 0,000547
Путин 0,721246 0,000609
первым 1,154902 0,000975
простился 1,045757 0,000883
с 0,102373 0,000778
Владимиром 0,677781 0,000858
Жириновским 0,585027 0,000494
Секрет 1,301030 0,001648
молодости 1,397940 0,001770
китаянок 1,698970 0,002152
Екатерины 1,522879 0,001929
Андреевой 1,698970 0,002152
что 0,187087 0,000869
полезного 1,397940 0,001770
таят 1,698970 0,002152
ласточкины 1,522879 0,001929
гнезда 1,522879 0,001929
Найден 1,522879 0,001929
модный 1,698970 0,002152
свитер 1,698970 0,002152
сезона 0,958607 0,001619
где 0,537602 0,000681
купить 1,221849 0,001547
самый 0,958607 0,001214
полосатый 1,522879 0,001929
Ангел 1,221849 0,001547
надломленный 1,698970 0,002152
шизофренией 1,698970 0,002152
одиночеством 1,698970 0,002152
трагедия 1,522879 0,001929
жены 1,045757 0,001324
Ганжи 1,698970 0,002152
из 0,167491 0,000424
фильма 0,795880 0,001008
Большая 1,000000 0,001266
перемена 1,698970 0,002152
не 0,142668 0,000723
стыдно 1,221849 0,002063
быть 0,431798 0,000729
русской 0,744727 0,000943
Меньшова 1,522879 0,001929
высказалась 1,522879 0,001929
покинувших 1,397940 0,001770
Россию 0,568636 0,000960
Наши 0,886057 0,001122
украденные 1,698970 0,002152
как 0,251812 0,001276
сейчас 0,657577 0,001388
живут 1,045757 0,001324
похищенные 1,698970 0,002152
девушки 1,096910 0,001852
которые 0,431798 0,000911
провели 1,397940 0,001770
годы 0,853872 0,001081
плену 1,698970 0,002152
Это 0,537602 0,000454
Ералаш 1,522879 0,001286
Наследники 1,397940 0,001180
Бориса 1,154902 0,000975
Грачевского 1,698970 0,001434
обманули 1,397940 0,001180
его 0,376751 0,000954
молодую 1,522879 0,001286
вдову 1,698970 0,001434
Екатерина 0,920819 0,000777
Белоцерковская 1,698970 0,001434
уже 0,602060 0,001525
давно 0,823909 0,000696
выступает 1,522879 0,001286
то 0,537602 0,000681
чтобы 0,481486 0,000813
все 0,292430 0,000988
имущество 1,301030 0,001098
режиссера 1,154902 0,000975
поделили 1,698970 0,001434
между 0,823909 0,000696
детьми 1,096910 0,000926
Дышу 1,698970 0,001434
через 0,585027 0,000741
трубочку 1,698970 0,001434
Звезда 1,221849 0,001032
Бедной 1,301030 0,001098
Насти 1,301030 0,001098
борется 1,698970 0,001434
раком 1,522879 0,001286
Истощенный 1,698970 0,001434
артист 1,221849 0,001032
обратился 1,698970 0,001434
к 0,207608 0,000351
поклонникам 1,522879 0,001286
помощью 0,769551 0,000650
сборе 1,698970 0,001434
денег 1,096910 0,000926
получил 0,958607 0,000809
ее 0,508638 0,000429
Вечерний 1,522879 0,001286
патриот 1,698970 0,001434
Мария 0,698970 0,000590
Шукшина 1,698970 0,001434
наехала 1,698970 0,001434
Урганта 1,698970 0,001434
Иван 0,744727 0,000943
Ургант 1,397940 0,001770
стал 0,585027 0,000494
объектом 1,698970 0,001434
нападок 1,698970 0,001434
своей 0,853872 0,000721
старшей 1,522879 0,001286
коллеги 1,301030 0,001098
актрисы 1,397940 0,001180
Марии 1,397940 0,001180
Шукшиной 1,698970 0,001434
Хиты 1,698970 0,001434
выглядят 1,397940 0,001180
герои 1,045757 0,000883
любовники 1,698970 0,001434
культовых 1,397940 0,001180
латиноамериканских 1,698970 0,001434
сериалов 1,045757 0,000883
х 0,769551 0,000975
живем 1,522879 0,001286
тройку 1,522879 0,001286
А 0,376751 0,000795
пятерку 1,698970 0,001434
мечтать 1,522879 0,001286
надо 0,823909 0,000696
последнем 1,522879 0,001286
интервью 0,823909 0,000696
высказал 1,522879 0,001286
Комик 1,522879 0,001286
Илья 1,045757 0,000883
Соболев 1,301030 0,001098
унизил 1,698970 0,001434
Еву 1,397940 0,001180
Польну 1,522879 0,001286
Уже 1,154902 0,000975
лет 0,366532 0,000774
изменился 1,698970 0,001434
единственный 1,397940 0,001180
сын 0,958607 0,000809
Жанны 1,397940 0,001180
Фриске 1,397940 0,001180
Яйцо 1,698970 0,001434
или 0,301030 0,000254
курица 1,698970 0,001434
Отвечаем 1,522879 0,001929
важные 1,096910 0,001389
вопросы 0,744727 0,001257
экспертами 1,301030 0,001098
Ленты 1,698970 0,001434
Тайный 1,522879 0,001286
код 1,096910 0,000926
вашей 1,301030 0,001098
судьбы 1,154902 0,000975
гороскоп 1,301030 0,001098
Расшифруем 1,698970 0,001434
Новый 0,698970 0,000590
сезон 0,853872 0,001081
Неловко 1,698970 0,001434
спросить 1,397940 0,001180
Не 0,481486 0,000610
собираюсь 1,698970 0,001434
оправдываться 1,698970 0,001434
Анна 0,568636 0,000480
Нетребко 1,096910 0,000926
осадила 1,698970 0,001434
возмутившихся 1,698970 0,001434
россиян 0,744727 0,000943
Артистке 1,698970 0,001434
пришлось 1,221849 0,001032
объяснить 1,397940 0,001180
свои 0,698970 0,000590
резкие 1,698970 0,001434
высказывания 1,522879 0,001286
адрес 0,920819 0,000777
России 0,251812 0,000319
она 0,744727 0,000629
сделала 1,397940 0,001180
вернуться 0,958607 0,000809
европейскую 1,522879 0,001286
сцену 1,522879 0,001286
Речь 1,522879 0,001286
патриарха 1,698970 0,001434
Кирилла 1,522879 0,001286
километровые 1,698970 0,001434
очереди 1,221849 0,001032
простых 1,301030 0,001648
людей 0,698970 0,000590
Храме 1,698970 0,001434
Христа 1,397940 0,001180
Спасителя 1,522879 0,001286
прошло 1,221849 0,001032
отпевание 1,522879 0,001286
Владимира 0,721246 0,000609
Жириновского 0,657577 0,000555
Смерть 1,000000 0,000844
политика 0,920819 0,000777
стала 0,823909 0,000696
настоящим 1,301030 0,001098
ударом 1,522879 0,001286
Проститься 1,698970 0,001434
Вольфовичем 1,698970 0,001434
пришли 1,154902 0,000975
десятки 1,397940 0,001180
коллег 1,301030 0,001098
сотни 1,221849 0,001032
граждан 1,045757 0,000883
преодолеть 1,522879 0,001286
конфликт 1,154902 0,000975
поколений 1,397940 0,001180
семье 1,154902 0,000975
бесплатный 1,698970 0,002152
вебинар 1,698970 0,002152
психологом 1,522879 0,001286
апреля 0,301030 0,000254
мы 0,468521 0,000396
проведем 1,698970 0,001434
Одноклассниках 1,301030 0,001098
Психолог 1,397940 0,001180
Анита 1,698970 0,001434
Ивкина 1,698970 0,001434
расскажет 1,301030 0,001098
том 0,568636 0,000720
избежать 1,221849 0,001032
конфликтов 1,698970 0,001434
отцов 1,522879 0,001286
детей 0,431798 0,000365
внутри 1,154902 0,000975
семьи 0,853872 0,000721
также 0,494850 0,000627
поможет 0,886057 0,001496
разобраться 1,522879 0,001286
сложных 1,698970 0,002152
жизненных 1,522879 0,001286
ситуациях 1,522879 0,001929
межпоколенческих 1,698970 0,001434
отношений 1,045757 0,000883
способов 1,221849 0,001032
мгновенно 1,698970 0,001434
выглядеть 1,221849 0,001032
моложе 1,522879 0,001929
ловкость 1,698970 0,001434
рук 1,301030 0,001098
никакого 1,522879 0,001286
мошенничества 1,522879 0,001286
собрали 1,522879 0,001286
бьюти 1,397940 0,001770
хитрости 1,397940 0,001180
благодаря 0,853872 0,000721
которым 1,045757 0,000883
вы 0,420216 0,001242
будете 1,397940 0,001180
казаться 1,698970 0,001434
считаные 1,698970 0,001434
минуты 1,301030 0,001098
Бьюти 1,698970 0,002152
находки 1,698970 0,002152
новинки 0,886057 0,001496
недели 0,769551 0,000975
гель 1,698970 0,001434
душа 1,522879 0,001286
гранатом 1,698970 0,001434
тональный 1,698970 0,001434
крем 1,698970 0,001434
хамелеон 1,698970 0,001434
скраб 1,698970 0,001434
имбирем 1,698970 0,001434
Наш 1,045757 0,001324
отдел 1,397940 0,001180
красоты 1,221849 0,001032
снова 0,769551 0,000650
выбирает 1,221849 0,001032
самые 0,721246 0,000609
интересные 1,154902 0,000975
многообещающие 1,698970 0,001434
На 0,283997 0,000360
этот 0,795880 0,000672
раз 0,698970 0,000590
нашего 0,958607 0,000809
внимания 1,301030 0,001098
удостоились 1,698970 0,001434
патчи 1,698970 0,001434
губ 1,698970 0,002152
коллагеном 1,698970 0,001434
упругая 1,698970 0,001434
маска 1,522879 0,001286
волос 1,397940 0,001180
кое 1,522879 0,001286
еще 0,408935 0,000518
Попытка 1,397940 0,001180
номер 0,920819 0,000777
три 0,853872 0,000721
Аврил 1,221849 0,001032
Лавин 1,221849 0,001032
выходит 0,958607 0,000809
замуж 1,221849 0,001032
Канадская 1,698970 0,001434
певица 1,221849 0,001032
получила 1,221849 0,001032
предложение 1,301030 0,001098
руки 1,154902 0,001463
сердце 0,920819 0,000777
похвасталась 1,698970 0,001434
красивым 1,698970 0,001434
кольцом 1,522879 0,001286
Александр 0,468521 0,000396
Васильев 1,096910 0,000926
дал 1,221849 0,001032
совета 1,397940 0,001180
россиянкам 1,698970 0,001434
одеваться 1,522879 0,001286
стильно 1,698970 0,001434
кризис 1,096910 0,000926
Ведущий 1,301030 0,001098
программы 0,823909 0,000696
Модный 1,698970 0,001434
приговор 1,522879 0,001286
путешествует 1,698970 0,001434
по 0,124939 0,000211
Европе 0,886057 0,000748
но 0,481486 0,000610
остается 1,154902 0,000975
связи 0,455932 0,000577
поклонниками 1,698970 0,001434
Даже 1,221849 0,001032
вдали 1,698970 0,001434
родины 1,397940 0,001180
он 0,568636 0,000960
продолжает 1,045757 0,000883
делится 1,698970 0,001434
полезными 1,397940 0,001180
рекомендациями 1,522879 0,001286
россиянками 1,698970 0,001434
Жидкое 1,698970 0,001434
стекло 1,698970 0,001434
чистое 1,698970 0,001434
лицо 1,301030 0,001098
главных 0,853872 0,000721
трендов 1,698970 0,001434
макияже 1,698970 0,001434
этой 0,744727 0,000629
весны 1,221849 0,001032
улыбчивая 1,698970 0,001434
палетка 1,698970 0,001434
парфюм 1,698970 0,001434
настоящего 1,397940 0,001180
счастья 1,045757 0,000883
дороже 1,397940 0,001180
тыс 1,096910 0,001389
руб 1,154902 0,001463
дешевых 1,397940 0,001180
процедур 1,698970 0,001434
советуют 1,522879 0,001286
косметологи 1,522879 0,001286
Замерзший 1,698970 0,001434
макияж 1,698970 0,001434
горячий 1,522879 0,001286
тренд 1,397940 0,001770
какие 0,795880 0,001008
средства 1,154902 0,000975
нужны 0,920819 0,000777
повторить 1,397940 0,001180
Идеальный 1,301030 0,001098
педикюр 1,698970 0,001434
домашних 1,397940 0,001180
условиях 0,886057 0,000748
Ноги 1,698970 0,001434
бюджетных 1,522879 0,001929
помад 1,698970 0,001434
карандашей 1,698970 0,001434
самого 1,045757 0,000883
красивого 1,522879 0,001286
макияжа 1,698970 0,001434
стиле 1,301030 0,001098
Боня 1,698970 0,001434
режет 1,698970 0,001434
Chanel 1,154902 0,000975
Монако 1,698970 0,001434
Калашникова 1,698970 0,001434
попала 1,221849 0,001032
обложку 1,522879 0,001286
Mirror 1,698970 0,001434
модницы 1,698970 0,001434
протестуют 1,698970 0,001434
против 0,387216 0,000327
запрета 1,301030 0,001098
бренда 1,522879 0,001286
русских 0,853872 0,000721
Рогов 1,698970 0,001434
рассказал 0,619789 0,000523
почему 0,494850 0,000836
сумку 1,698970 0,001434
Hermes 1,698970 0,001434
всегда 0,657577 0,000833
носят 1,698970 0,001434
расстегнутой 1,698970 0,001434
Из 0,698970 0,000590
королевы 1,397940 0,001180
подиумов 1,698970 0,001434
свободного 1,698970 0,001434
хиппи 1,698970 0,001434
менялся 1,397940 0,001180
стиль 1,301030 0,001098
Беллы 1,397940 0,001180
Хадид 1,698970 0,001434
Кислотный 1,698970 0,001434
бум 1,698970 0,001434
носить 1,698970 0,001434
неоновые 1,698970 0,001434
вещи 1,221849 0,001032
весной 1,154902 0,000975
Неуместно 1,698970 0,001434
очень 0,657577 0,000555
дорого 1,522879 0,001929
сколько 0,920819 0,000777
отдала 1,698970 0,001434
гардероб 1,698970 0,001434
карибском 1,698970 0,001434
турне 1,698970 0,001434
у 0,387216 0,000490
Хейли 1,522879 0,001286
дешевле 1,301030 0,001098
сумок 1,698970 0,001434
ничем 1,522879 0,001286
хуже 1,397940 0,001180
брендовых 1,698970 0,001434
сэкономить 1,522879 0,001286
покупке 1,154902 0,000975
лекарств 1,154902 0,000975
Этим 1,698970 0,001434
вопросом 1,522879 0,001286
сегодня 0,677781 0,001144
задаются 1,698970 0,001434
многие 1,096910 0,000926
покупайте 1,698970 0,001434
лекарства 1,221849 0,001032
проверенном 1,698970 0,001434
маркетплейсе 1,698970 0,001434
Вокруг 1,397940 0,001180
полыхает 1,698970 0,001434
волна 1,522879 0,001286
стелс 1,522879 0,001286
омикрона 1,522879 0,001286
обрушится 1,698970 0,001434
месяц 0,853872 0,000721
Говорят 1,397940 0,001180
стране 0,853872 0,000721
зафиксированы 1,698970 0,001434
случаи 1,522879 0,001286
заражения 1,522879 0,001286
новым 1,000000 0,000844
ковид 1,522879 0,001286
вариантом 1,698970 0,001434
Масштабный 1,698970 0,001434
всплеск 1,698970 0,001434
заболеваемости 1,301030 0,001098
ожидается 1,301030 0,001098
обострения 1,698970 0,001434
весенней 1,698970 0,001434
аллергии 1,698970 0,001434
Загородный 1,698970 0,001434
дом 0,823909 0,000696
апартаменты 1,698970 0,001434
Москва 0,508638 0,000429
Сити 1,221849 0,001032
распродает 1,522879 0,001286
недвижимость 1,221849 0,001032
Упорно 1,698970 0,001434
ходят 1,522879 0,001286
слухи 1,301030 0,001098
телеведущий 1,522879 0,001286
намерен 1,698970 0,001434
уехать 1,397940 0,001180
страны 0,638272 0,000539
Поговаривают 1,698970 0,001434
присматривает 1,522879 0,001286
жилье 1,397940 0,001180
Израиле 1,522879 0,001286
Грузии 1,301030 0,001098
Женщины 1,301030 0,001098
слишком 1,397940 0,001180
обходятся 1,698970 0,001434
Макаревич 1,397940 0,001180
навсегда 1,000000 0,000844
завязавший 1,698970 0,001434
браками 1,698970 0,001434
вновь 0,823909 0,000696
женился 1,522879 0,001286
После 0,795880 0,000672
третьего 1,397940 0,001180
развода 1,301030 0,001098
музыкант 1,301030 0,001098
заявил 0,744727 0,000629
семейная 1,301030 0,001098
него 0,795880 0,000672
спустя 1,154902 0,000975
четыре 1,000000 0,000844
сыграл 1,397940 0,001180
тайную 1,698970 0,001434
свадьбу 1,522879 0,001286
Костюм 1,698970 0,001434
россиянок 1,698970 0,002152
Валентин 1,154902 0,000975
Юдашкин 1,698970 0,001434
показал 1,045757 0,000883
новую 0,769551 0,000650
коллекцию 1,301030 0,001098
которую 1,000000 0,000844
вез 1,698970 0,001434
Париж 1,301030 0,001098
Оказывается 1,522879 0,001286
модельер 1,698970 0,001434
активно 1,522879 0,001286
работал 1,522879 0,001286
готовил 1,698970 0,001434
настоящую 1,221849 0,001032
фэшн 1,698970 0,001434
феерию 1,698970 0,001434
Новые 0,552842 0,000467
наряды 1,698970 0,001434
собирался 1,698970 0,001434
представить 1,154902 0,000975
Неделе 1,698970 0,001434
моды 1,397940 0,001770
однако 1,221849 0,001032
санкции 0,744727 0,000629
помешали 1,698970 0,001434
ему 0,853872 0,000721
сделать 0,920819 0,000777
Бодинейтральность 1,698970 0,001434
здоровая 1,698970 0,001434
альтернатива 1,698970 0,001434
коварному 1,698970 0,001434
бодипозитиву 1,698970 0,001434
мнение 1,045757 0,001324
советы 1,154902 0,001463
эксперта 1,522879 0,001286
Спокойное 1,698970 0,001434
отношение 1,045757 0,000883
лишним 1,522879 0,001286
сантиметрам 1,698970 0,001434
килограммам 1,698970 0,001434
главный 1,096910 0,000926
хоть 1,397940 0,001180
поднадоевший 1,698970 0,001434
последних 1,045757 0,001324
смену 1,397940 0,001180
осознания 1,522879 0,001286
необходимости 1,301030 0,001098
безгранично 1,698970 0,001434
любить 1,522879 0,001286
свое 0,721246 0,000609
тело 1,045757 0,000883
пришла 1,522879 0,001286
потребность 1,698970 0,001434
же 0,721246 0,000609
выходить 1,397940 0,001770
определенные 1,522879 0,001286
рамки 1,522879 0,001286
думать 1,301030 0,001098
Молодой 1,522879 0,001286
любовник 1,698970 0,001434
сгоревшей 1,698970 0,001434
рака 1,397940 0,001180
Яковлевой 1,221849 0,001032
объяснил 0,769551 0,000650
был 0,481486 0,000406
похоронах 1,522879 0,001286
Актер 1,397940 0,001180
Денис 0,853872 0,000721
Бондаренко 1,698970 0,001434
раскрыл 1,221849 0,001032
отношения 1,045757 0,001324
связывали 1,698970 0,001434
со 0,387216 0,000490
звездой 1,096910 0,000926
Экипажа 1,522879 0,001286
Показать 0,886057 0,000748
Все 0,148742 0,000126
новые 0,508638 0,000859
темы 0,920819 0,000777
Новое 0,958607 0,000809
Критика 1,522879 0,001286
внешности 1,522879 0,001286
вумане 1,698970 0,001434
Имеют 1,698970 0,001434
ли 0,397940 0,000504
права 0,431798 0,000365
люди 0,677781 0,000572
снимать 1,301030 0,001098
вас 0,823909 0,001391
телефон 0,853872 0,001081
выкладывать 1,698970 0,001434
сеть 1,154902 0,000975
Хорарная 1,698970 0,001434
астрология 1,698970 0,001434
отвечу 1,698970 0,001434
ваши 1,522879 0,001286
Замужние 1,698970 0,001434
расскажите 1,698970 0,001434
тонкости 1,397940 0,001180
семейной 1,397940 0,001180
Думаю 1,698970 0,001434
муж 1,154902 0,000975
общается 1,301030 0,001098
бывшей 1,522879 0,001286
Стесняюсь 1,698970 0,002152
улицу 1,522879 0,001929
потому 0,958607 0,000809
некрасивая 1,698970 0,001434
ехать 1,522879 0,001286
домой 0,958607 0,000809
Крупнейшие 1,698970 0,001434
инвесторы 1,698970 0,001434
стоматологической 1,698970 0,001434
отрасли 1,397940 0,001180
Девушка 1,096910 0,001389
алкоголь 1,397940 0,001180
Девушки 1,522879 0,001286
вам 0,677781 0,001144
нравится 1,221849 0,001032
покорной 1,698970 0,001434
сексе 1,698970 0,001434
Популярное 0,853872 0,000721
Разные 1,698970 0,001434
взгляды 1,522879 0,001286
парня 1,221849 0,001032
женитьбу 1,698970 0,001434
Муж 1,522879 0,001286
оказался 0,920819 0,000777
безответственным 1,698970 0,001434
Свекровь 1,698970 0,001434
выгнала 1,698970 0,001434
меня 0,721246 0,000913
моего 1,397940 0,001180
ребенка 0,823909 0,000696
Мужчины 1,698970 0,001434
зарабатывать 1,698970 0,001434
до 0,244125 0,000206
т 1,154902 0,000975
р 1,698970 0,001434
Учительница 1,698970 0,001434
заставляет 1,301030 0,001098
делать 0,920819 0,000777
уроки 1,301030 0,001098
ребенком 1,221849 0,001032
зачем 0,853872 0,000721
создать 1,301030 0,001648
свою 0,638272 0,000539
собственную 1,301030 0,001098
альтернативную 1,698970 0,001434
реальность 1,000000 0,000844
Мужчина 1,154902 0,000975
подталкивает 1,698970 0,001434
разрыву 1,698970 0,001434
Стоит 1,301030 0,001098
менять 1,397940 0,001180
фамилию 1,698970 0,001434
Мужики 1,698970 0,001434
зажрались 1,698970 0,001434
туалетная 1,698970 0,001434
бумага 1,698970 0,001434
Подписка 0,853872 0,000721
рассылку 1,000000 0,001266
Подписаться 0,795880 0,000672
Подписываясь 1,698970 0,001434
принимаете 1,397940 0,001180
условия 0,958607 0,000809
пользовательского 1,154902 0,000975
соглашения 1,000000 0,000844
женский 1,397940 0,001180
стильных 1,698970 0,001434
модных 1,522879 0,001286
уверенных 1,698970 0,001434
себе 0,619789 0,000523
представительниц 1,698970 0,001434
прекрасного 1,698970 0,001434
пола 1,522879 0,001286
Здесь 1,096910 0,000926
найдете 1,045757 0,001324
подсказки 1,522879 0,001286
правильно 1,154902 0,001463
худеть 1,698970 0,001434
надеть 1,698970 0,001434
вечеринку 1,522879 0,001286
незабываемый 1,698970 0,001434
женственный 1,698970 0,001434
образ 1,221849 0,001032
найти 0,698970 0,000590
единомышленников 1,522879 0,001286
ответы 1,045757 0,000883
интересующие 1,698970 0,001434
научиться 1,522879 0,001286
вести 1,045757 0,000883
психологически 1,698970 0,001434
В 0,167491 0,000141
каждом 1,301030 0,001098
разделов 1,397940 0,001180
представлены 1,522879 0,001286
статьи 0,958607 0,000809
освещающие 1,698970 0,001434
жизненные 1,522879 0,001286
аспекты 1,522879 0,001286
Любовь 0,823909 0,000696
карьера 1,522879 0,001286
путешествия 1,301030 0,001098
рецепты 1,698970 0,001434
здесь 0,744727 0,000629
проверенная 1,698970 0,001434
информация 0,638272 0,000539
тенденциях 1,698970 0,001434
технике 1,698970 0,001434
диетах 1,698970 0,001434
косметике 1,522879 0,001286
психологии 1,301030 0,001098
отношениях 0,886057 0,000748
противоположным 1,698970 0,001434
полом 1,698970 0,001434
женщин 0,920819 0,000777
дарит 1,301030 0,001098
позитив 1,698970 0,001434
вдохновение 1,522879 0,001286
идеи 1,154902 0,000975
нашем 1,000000 0,000844
форуме 1,221849 0,001032
сможете 1,154902 0,000975
завести 1,522879 0,001286
знакомства 1,522879 0,001286
получить 0,769551 0,000650
моральную 1,698970 0,001434
поддержку 1,000000 0,000844
Нам 1,301030 0,001098
важно 1,301030 0,001098
ваше 1,045757 0,000883
бойтесь 1,698970 0,001434
комментировать 1,522879 0,001286
высказываться 1,698970 0,001434
поводу 1,301030 0,001098
заинтересовавших 1,698970 0,001434
статей 1,301030 0,001098
Обещаем 1,698970 0,001434
натолкнетесь 1,698970 0,001434
непонимание 1,698970 0,001434
агрессию 1,698970 0,001434
стороны 1,301030 0,001098
модераторов 1,698970 0,001434
администрации 1,522879 0,001286
рады 1,397940 0,001180
который 0,508638 0,000429
даст 1,698970 0,001434
заскучать 1,698970 0,001434
провести 1,096910 0,000926
время 0,366532 0,000309
пользой 1,698970 0,001434
удовольствием 1,522879 0,001286
Любое 0,886057 0,000748
воспроизведение 1,522879 0,001286
материалов 0,585027 0,000494
без 0,387216 0,000327
разрешения 0,853872 0,000721
редакции 0,481486 0,000610
воспрещается 1,698970 0,001434
Copyright 1,154902 0,000975
ООО 0,853872 0,000721
Шкулев 1,698970 0,002152
Медиа 0,958607 0,001214
Холдинг 1,698970 0,002152
Сетевое 0,795880 0,000672
издание 0,657577 0,000555
WOMAN 1,698970 0,001434
RU 0,886057 0,000748
Женщина 1,221849 0,001032
РУ 1,397940 0,001180
Свидетельство 0,721246 0,000609
регистрации 0,638272 0,000539
СМИ 0,481486 0,000406
ЭЛ 0,823909 0,000696
ФС 0,522879 0,000441
выдано 1,301030 0,001098
Федеральной 0,619789 0,000523
службой 0,744727 0,000629
надзору 0,619789 0,000523
сфере 0,552842 0,000467
информационных 0,585027 0,000494
технологий 0,568636 0,000480
массовых 0,568636 0,000480
коммуникаций 0,585027 0,000494
Роскомнадзор 0,823909 0,000696
июня 0,920819 0,000777
Учредитель 0,698970 0,000590
Общество 0,638272 0,000539
ограниченной 1,522879 0,001286
ответственностью 1,522879 0,001286
Главный 0,585027 0,000494
редактор 0,585027 0,000494
Воронцева 1,698970 0,001434
Контактные 1,522879 0,001286
данные 0,721246 0,000609
государственных 1,698970 0,001434
органов 1,522879 0,001286
числе 1,045757 0,000883
Роскомнадзора 1,522879 0,001286
Эл 0,721246 0,000609
почта 1,397940 0,001180
woman 1,698970 0,002152
