Новости 0,221849 0,000813
Татарстана 1,301030 0,002383
РБК 1,397940 0,021763
www 0,698970 0,007681
adv 1,522879 0,016735
rbc 1,522879 0,018130
ru 0,187087 0,002399
Телеканал 0,769551 0,002114
Газета 1,096910 0,003013
Тренды 1,397940 0,003840
Pro 1,522879 0,005578
Инвестиции 1,301030 0,009531
Авто 0,853872 0,002346
Спорт 0,537602 0,002462
Недвижимость 1,045757 0,002873
Стиль 1,000000 0,002747
Национальные 1,397940 0,003840
проекты 0,698970 0,001920
Город 0,958607 0,002634
Дискуссионный 1,522879 0,004184
клуб 0,958607 0,002634
Крипто 1,522879 0,006973
Исследования 1,522879 0,004184
Кредитные 1,522879 0,004184
рейтинги 1,301030 0,003574
Продажа 1,397940 0,003840
бизнеса 1,000000 0,002747
Конференции 1,301030 0,005957
Спецпроекты 0,657577 0,003011
СПб 1,522879 0,006973
Проверка 1,221849 0,003357
контрагентов 1,522879 0,004184
Библиотека 1,045757 0,002873
Подкасты 0,744727 0,002046
Политика 0,443697 0,004469
Экономика 0,568636 0,003645
Общество 0,638272 0,002338
Бизнес 0,853872 0,004692
Технологии 0,958607 0,005267
и 0,075721 0,001664
медиа 1,154902 0,006346
Финансы 1,154902 0,007403
Компании 1,045757 0,003831
Скрыть 1,397940 0,003840
баннеры 1,522879 0,004184
Татарстан 1,221849 0,007832
Ваше 1,221849 0,002238
местоположение 1,698970 0,003112
Да 0,823909 0,001509
Выбрать 1,096910 0,002009
другое 1,221849 0,002238
Весь 0,920819 0,002530
мир 0,552842 0,001519
Санкт 0,795880 0,002186
Петербург 0,920819 0,003373
область 1,045757 0,004788
Екатеринбург 1,000000 0,003663
Новосибирск 1,045757 0,003831
Башкортостан 1,522879 0,005578
Вологодская 1,698970 0,004668
Калининград 1,096910 0,004018
Краснодарский 1,698970 0,004668
край 1,698970 0,007779
Нижний 0,853872 0,002346
Новгород 0,886057 0,003246
Пермский 1,698970 0,004668
Ростов 0,958607 0,003511
на 0,075721 0,000763
Дону 1,000000 0,003663
Тюмень 1,221849 0,004476
Черноземье 1,522879 0,005578
Кавказ 1,301030 0,004766
Карелия 1,522879 0,005578
Рубрики 1,397940 0,005121
Свое 1,522879 0,004184
дело 0,886057 0,002434
Деньги 1,221849 0,003357
Мнения 1,000000 0,002747
Вход 0,657577 0,001807
Регистрация 0,657577 0,001204
Поиск 0,619789 0,001135
Смена 1,397940 0,002560
региона 1,221849 0,002238
Главное 0,657577 0,003011
меню 1,045757 0,002873
С 0,455932 0,000835
Вологда 1,221849 0,002238
Краснодар 1,000000 0,001832
Н 0,823909 0,001509
Пермь 1,096910 0,002009
Прямой 0,823909 0,001509
эфир 0,795880 0,001458
Ошибка 1,221849 0,002238
воспроизведения 1,698970 0,003112
видео 0,568636 0,001041
Пожалуйста 1,096910 0,002009
обновите 1,698970 0,003112
ваш 0,853872 0,001564
браузер 1,221849 0,002238
Лента 0,920819 0,002530
новостей 0,619789 0,001135
Курс 0,886057 0,004057
евро 0,823909 0,003018
апреля 0,301030 0,000827
EUR 1,397940 0,002560
ЦБ 0,795880 0,004373
доллара 1,045757 0,001915
USD 1,397940 0,002560
Все 0,148742 0,000272
новости 0,420216 0,000770
упал 1,154902 0,003173
ниже 0,920819 0,002530
впервые 0,744727 0,002728
с 0,102373 0,000844
июля 0,958607 0,002634
года 0,356547 0,001633
Дети 0,958607 0,001756
большой 1,154902 0,002115
багажник 1,698970 0,003112
как 0,251812 0,000922
выбрать 1,096910 0,002009
семейный 1,397940 0,002560
автомобиль 1,221849 0,002238
Mitsubishi 1,522879 0,002789
Motors 1,522879 0,002789
Япония 0,823909 0,002263
введет 1,522879 0,004184
санкции 0,744727 0,003410
против 0,387216 0,002482
россиян 0,744727 0,002046
запретит 1,698970 0,004668
импорт 1,096910 0,003013
угля 1,000000 0,002747
водки 1,221849 0,003357
Запасы 1,698970 0,003112
металлов 1,522879 0,002789
бирже 1,301030 0,002383
в 0,070581 0,000646
Лондоне 1,301030 0,002383
упали 1,522879 0,002789
до 0,244125 0,000894
минимума 1,698970 0,003112
Глава 0,698970 0,001920
финской 1,698970 0,003112
ассоциации 1,397940 0,002560
выступил 1,698970 0,003112
переизбрания 1,397940 0,002560
Вяльбе 1,301030 0,002383
совет 1,096910 0,002009
FIS 1,301030 0,002383
Как 0,301030 0,001103
менялась 1,698970 0,004668
ключевая 1,698970 0,006223
ставка 1,698970 0,006223
за 0,180456 0,001322
последние 0,769551 0,002114
годы 0,853872 0,002346
Инфографика 1,154902 0,003173
космические 1,698970 0,003112
технологии 1,000000 0,001832
помогают 1,301030 0,002383
медицине 1,698970 0,003112
неожиданных 1,522879 0,002789
примеров 1,397940 0,002560
инноваций 1,522879 0,002789
Британия 1,301030 0,003574
вслед 1,397940 0,003840
США 0,508638 0,001863
ввела 1,301030 0,003574
Тихоновой 1,698970 0,004668
Воронцовой 1,522879 0,004184
ОКР 1,698970 0,003112
счел 1,397940 0,002560
важным 1,522879 0,002789
прецедентом 1,698970 0,003112
решение 0,853872 0,001564
арбитража 1,698970 0,003112
по 0,124939 0,000343
российским 0,823909 0,002263
саночникам 1,698970 0,003112
Восемь 1,522879 0,002789
типичных 1,698970 0,003112
ошибок 1,154902 0,002115
грузоперевозчиков 1,698970 0,003112
Cordiant 1,698970 0,003112
Professional 1,301030 0,002383
Песков 0,744727 0,002728
заявил 0,744727 0,001364
о 0,136677 0,000250
высокой 1,522879 0,002789
оценке 1,522879 0,002789
правительства 1,221849 0,002238
Мишустина 1,397940 0,002560
Кремле 1,045757 0,001915
объяснил 0,769551 0,002114
отсутствие 1,154902 0,003173
караула 1,397940 0,003840
во 0,494850 0,002266
время 0,366532 0,001678
прощания 1,045757 0,002873
Путина 0,886057 0,002434
Жириновским 0,585027 0,002143
Что 0,346787 0,000953
такое 0,638272 0,001169
она 0,744727 0,001364
влияет 1,698970 0,003112
нашу 1,301030 0,002383
жизнь 0,537602 0,000985
По 0,619789 0,001703
вокзалу 0,853872 0,002346
Краматорска 1,045757 0,002873
нанесли 1,096910 0,003013
ракетный 1,698970 0,004668
удар 0,920819 0,002530
эвакуации 1,522879 0,004184
жителей 0,853872 0,002346
Эфир 0,958607 0,001756
Военная 1,301030 0,003574
операция 1,000000 0,002747
Украине 0,537602 0,001477
Пандемия 1,301030 0,002383
коронавируса 0,886057 0,001623
Дело 1,096910 0,002009
Навального 1,522879 0,002789
Война 0,920819 0,001686
санкций 0,677781 0,001862
Протесты 1,397940 0,002560
Казахстане 1,301030 0,002383
Олимпиада 1,397940 0,002560
Пекине 1,522879 0,002789
Еще 0,585027 0,001607
сюжеты 1,301030 0,003574
Евросоюз 1,000000 0,001832
ввел 1,221849 0,002238
новый 0,552842 0,001013
пакет 0,853872 0,001564
России 0,251812 0,000461
Онлайн 0,769551 0,001409
Почему 0,522879 0,000958
укрепляется 1,522879 0,002789
рубль 1,045757 0,001915
что 0,187087 0,000343
это 0,292430 0,000536
означает 1,397940 0,002560
практике 1,221849 0,002238
снизил 0,698970 0,001280
ставку 0,657577 0,001204
совета 1,397940 0,002560
директоров 1,522879 0,002789
Rusal 1,698970 0,003112
призвал 1,301030 0,002383
расследовать 1,522879 0,002789
события 0,795880 0,001458
Буче 0,958607 0,001756
Весенний 1,301030 0,002383
аппетит 1,698970 0,003112
городах 1,221849 0,002238
РТ 1,522879 0,002789
отменяют 1,522879 0,002789
плату 1,698970 0,003112
летние 1,698970 0,003112
веранды 1,698970 0,003112
общепита 1,698970 0,003112
Сенат 1,522879 0,002789
утвердил 1,221849 0,002238
афроамериканку 1,698970 0,003112
судьей 1,698970 0,003112
Верховного 1,522879 0,002789
суда 1,397940 0,002560
В 0,167491 0,000307
Москве 0,455932 0,000835
прощаются 1,301030 0,002383
Владимиром 0,677781 0,001241
Фоторепортаж 1,698970 0,003112
происходит 0,920819 0,001686
международными 1,698970 0,003112
компаниями 1,522879 0,002789
происхождением 1,698970 0,003112
Переждать 1,698970 0,003112
не 0,142668 0,000392
получится 1,301030 0,002383
два 0,853872 0,001564
три 0,853872 0,001564
изменится 1,397940 0,002560
российский 0,886057 0,001623
бизнес 0,657577 0,001204
О 0,207608 0,000760
компании 0,677781 0,001241
Контактная 1,522879 0,002789
информация 0,638272 0,002922
Редакция 0,769551 0,001409
Размещение 0,958607 0,001756
рекламы 0,823909 0,001509
Социальные 1,301030 0,002383
сети 0,823909 0,001509
ВКонтакте 0,795880 0,001458
Одноклассники 0,823909 0,001509
YouTube 0,823909 0,001509
Telegram 0,769551 0,001409
Дзен 1,000000 0,001832
регионов 1,221849 0,002238
Подписки 1,522879 0,002789
Рассылка 1,397940 0,002560
Уведомления 1,221849 0,002238
RSS 0,853872 0,001564
Оповещения 1,522879 0,002789
RBC 1,698970 0,003112
iOS 1,000000 0,001832
Android 0,958607 0,001756
Другие 0,958607 0,001756
продукты 1,154902 0,002115
Домены 1,698970 0,003112
хостинг 1,698970 0,003112
Медиапоиск 1,698970 0,003112
анализ 1,522879 0,002789
Знакомства 1,397940 0,002560
Информация 0,886057 0,002434
об 0,292430 0,000803
ограничениях 1,522879 0,004184
Правовая 0,920819 0,002530
соблюдении 1,397940 0,003840
авторских 1,045757 0,002873
прав 0,920819 0,002530
Юридическая 1,221849 0,002238
АО 0,795880 0,001458
РОСБИЗНЕСКОНСАЛТИНГ 1,522879 0,002789
Сообщения 1,221849 0,002238
материалы 0,537602 0,000985
сетевого 1,096910 0,002009
издания 0,886057 0,001623
зарегистрировано 0,823909 0,001509
Федеральной 0,619789 0,001135
службой 0,744727 0,001364
надзору 0,619789 0,001135
сфере 0,552842 0,001013
связи 0,455932 0,000835
информационных 0,585027 0,001071
технологий 0,568636 0,001041
массовых 0,568636 0,001041
коммуникаций 0,585027 0,001071
Роскомнадзор 0,823909 0,001509
номером 1,522879 0,002789
ЭЛ 0,823909 0,001509
ФС 0,522879 0,000958
сопровождаются 1,522879 0,002789
пометкой 1,397940 0,002560
Отдельные 1,397940 0,002560
публикации 0,823909 0,001509
могут 0,522879 0,000958
содержать 1,154902 0,002115
информацию 0,721246 0,001321
предназначенную 1,397940 0,002560
для 0,119186 0,000218
пользователей 0,853872 0,001564
лет 0,366532 0,000671
letters 1,522879 0,002789
Котировки 1,301030 0,002383
мировых 1,522879 0,002789
финансовых 1,397940 0,002560
инструментов 1,301030 0,002383
предоставлены 1,397940 0,002560
Reuters 1,397940 0,002560
Чтобы 0,795880 0,001458
отправить 1,221849 0,002238
редакции 0,481486 0,000882
сообщение 1,045757 0,001915
выделите 1,154902 0,002115
часть 0,795880 0,001458
текста 1,045757 0,001915
статье 1,397940 0,002560
нажмите 1,045757 0,001915
Ctrl 0,958607 0,001756
Enter 0,958607 0,001756
