Расписание 1,221849 0,016911
электричек 1,698970 0,029394
поездов 1,397940 0,024186
автобусов 1,698970 0,023515
и 0,075721 0,001834
самолетов 1,045757 0,010856
Яндекс 0,638272 0,013251
Расписания 1,698970 0,017636
Билеты 1,221849 0,021139
Войти 0,508638 0,003520
пригородного 1,698970 0,011758
междугородного 1,698970 0,011758
транспорта 1,301030 0,013506
Любой 1,301030 0,009004
Самолет 1,397940 0,009674
Поезд 1,301030 0,009004
Электричка 1,698970 0,011758
Автобус 1,522879 0,010539
Найти 0,853872 0,005909
сегоднязавтрана 1,698970 0,011758
все 0,292430 0,002024
дни 1,000000 0,006920
Казань 0,823909 0,011404
апреля 0,301030 0,002083
пятница 1,301030 0,009004
местное 1,698970 0,011758
время 0,366532 0,002537
Направления 1,698970 0,011758
Арское 1,698970 0,011758
Зеленодольское 1,698970 0,011758
Аэропорт 1,522879 0,010539
Электрички 1,698970 0,017636
в 0,070581 0,000977
аэропорт 1,698970 0,011758
Восстание 1,698970 0,011758
Пасс 1,698970 0,017636
Восточный 1,397940 0,009674
автовокзал 1,698970 0,017636
Центральный 1,397940 0,009674
Популярные 0,853872 0,005909
направления 1,301030 0,009004
из 0,167491 0,001739
Казанив 1,698970 0,011758
Ижевскв 1,698970 0,011758
Москвув 1,698970 0,011758
Нижний 0,853872 0,005909
Новгородв 1,698970 0,011758
Самарув 1,698970 0,011758
Зеленодольск 1,698970 0,011758
Казаньиз 1,698970 0,011758
Москвыиз 1,698970 0,011758
Нижнего 1,221849 0,008456
Новгородаиз 1,698970 0,011758
Ижевскаиз 1,698970 0,011758
Самарыиз 1,698970 0,011758
Санкт 0,795880 0,005508
Петербурга 1,154902 0,007992
на 0,075721 0,001834
поезд 1,522879 0,015808
Поиск 0,619789 0,006434
попутчиков 1,698970 0,011758
BlaBlaCar 1,698970 0,011758
Маршруты 1,698970 0,011758
общественного 1,301030 0,009004
для 0,119186 0,000825
смартфона 1,397940 0,009674
Автобусы 1,698970 0,011758
междугородние 1,698970 0,011758
автобусы 1,522879 0,010539
Авиабилеты 1,698970 0,011758
дешевых 1,397940 0,009674
авиабилетов 1,698970 0,011758
Актуальное 1,522879 0,010539
расписание 1,221849 0,012684
Яндексе 1,698970 0,011758
это 0,292430 0,002024
сервис 0,958607 0,006634
где 0,537602 0,005581
можно 0,443697 0,003071
узнать 1,154902 0,007992
актуальное 1,522879 0,010539
теплоходов 1,698970 0,011758
паромов 1,698970 0,011758
А 0,376751 0,002607
также 0,494850 0,003425
выяснить 1,397940 0,009674
как 0,251812 0,001743
добраться 1,301030 0,009004
одного 0,795880 0,005508
пункта 1,522879 0,010539
другой 1,000000 0,006920
делать 0,920819 0,006372
пересадку 1,698970 0,011758
сколько 0,920819 0,006372
стоит 0,677781 0,004691
билет 1,096910 0,007591
Для 0,494850 0,003425
перевозчиков 1,698970 0,011758
Размещение 0,958607 0,006634
расписания 1,698970 0,017636
О 0,207608 0,001437
поездах 1,522879 0,010539
Схемы 1,698970 0,011758
вагонов 1,397940 0,009674
Условия 1,154902 0,007992
приобретения 1,522879 0,010539
электронных 1,096910 0,007591
билетов 1,154902 0,007992
поезда 1,301030 0,009004
Информация 0,886057 0,006132
инструменты 1,698970 0,011758
Информеры 1,698970 0,011758
станций 1,698970 0,011758
табло 1,522879 0,010539
аэропортов 1,698970 0,011758
Печать 1,522879 0,010539
Пользовательское 0,677781 0,004691
соглашение 0,619789 0,004289
Партнеры 1,221849 0,008456
Справка 1,221849 0,008456
Обратная 0,585027 0,004049
связь 0,552842 0,003826
Реклама 0,387216 0,002680
