Вести 1,096910 0,007867
Ru 1,397940 0,001880
новости 0,420216 0,002825
видео 0,568636 0,003313
и 0,075721 0,000984
фото 0,657577 0,000884
дня 0,494850 0,000887
Новости 0,221849 0,000398
Смотрим 1,397940 0,002506
Прямой 0,823909 0,001108
эфир 0,795880 0,001070
Трансляции 1,397940 0,001880
Эксклюзив 1,045757 0,001406
Политика 0,443697 0,000398
Экономика 0,568636 0,000765
Происшествия 0,823909 0,000739
Общество 0,638272 0,000572
Культура 0,638272 0,000858
Кино 0,677781 0,000608
ТВ 0,657577 0,000884
Спорт 0,537602 0,000482
Авто 0,853872 0,000765
Наука 0,638272 0,001144
Медицина 1,221849 0,001095
Hi 1,301030 0,001749
tech 1,522879 0,002048
Регионы 1,154902 0,001553
Главные 0,769551 0,000690
темы 0,920819 0,000825
Умер 1,096910 0,000983
Владимир 0,431798 0,000387
Жириновский 0,677781 0,000608
минут 0,920819 0,002889
назад 0,721246 0,002586
Ситуация 1,154902 0,001553
на 0,075721 0,001120
Украине 0,537602 0,001205
в 0,070581 0,001234
Донбассе 0,958607 0,000859
Усиление 1,698970 0,001523
НАТО 0,769551 0,001380
у 0,387216 0,000521
границ 1,397940 0,001253
России 0,251812 0,001693
Обмен 1,522879 0,001365
санкциями 1,096910 0,000983
Коронавирус 0,958607 0,000859
минуту 1,397940 0,001253
Спецоперация 1,096910 0,000983
продолжается 1,221849 0,001095
цели 1,301030 0,001749
достигаются 1,698970 0,001523
Сегодня 0,677781 0,002127
Президенту 1,698970 0,002285
доверяют 1,522879 0,002048
россиян 0,744727 0,001335
Удар 1,154902 0,001553
по 0,124939 0,000448
Краматорску 0,744727 0,001001
Киев 0,920819 0,001651
не 0,142668 0,000767
скрывал 1,397940 0,001880
что 0,187087 0,000503
готовит 1,154902 0,002071
провокации 1,096910 0,001475
Смотреть 0,721246 0,003556
Путин 0,721246 0,001293
всегда 0,657577 0,000884
с 0,102373 0,001101
огромным 1,522879 0,002048
интересом 1,522879 0,002048
выслушивал 1,698970 0,002285
мнение 1,045757 0,001406
Жириновского 0,657577 0,001179
Песков 0,744727 0,001001
это 0,292430 0,000393
вопрос 0,698970 0,001253
того 0,853872 0,001148
чтобы 0,481486 0,000863
понять 1,000000 0,001345
простить 1,698970 0,002285
Эксперт 1,045757 0,000937
Россия 0,455932 0,001431
избавляется 1,698970 0,001523
от 0,193820 0,000869
иллюзий 1,221849 0,001095
Амбарный 1,698970 0,001523
замок 1,397940 0,001253
отношениях 0,886057 0,000794
к 0,207608 0,000372
чему 0,920819 0,000825
приведет 1,522879 0,001365
высылка 1,522879 0,001365
дипломатов 0,958607 0,001289
Все 0,148742 0,000267
разложено 1,522879 0,001365
полочкам 1,397940 0,001253
Западу 1,522879 0,001365
мешает 1,397940 0,001253
существование 1,301030 0,001166
дней 0,744727 0,000668
траура 1,698970 0,001523
ждет 0,853872 0,000765
ЛДПР 0,744727 0,000668
после 0,397940 0,000535
смерти 0,744727 0,001001
Показать 0,886057 0,004766
все 0,292430 0,001704
Картина 1,301030 0,001166
оборонительный 1,522879 0,002048
альянс 1,397940 0,001880
а 0,327902 0,000441
агрессивный 1,698970 0,002285
Самое 1,000000 0,000896
читаемое 1,154902 0,001035
Сержант 1,698970 0,002285
одиночку 1,698970 0,002285
уничтожил 1,522879 0,002048
взвод 1,698970 0,002285
вражеской 1,698970 0,002285
мотопехоты 1,698970 0,002285
Зачем 1,096910 0,000983
Зеленский 1,154902 0,001035
показал 1,045757 0,000937
греческом 1,397940 0,001253
парламенте 1,221849 0,001095
неонацистов 1,522879 0,001365
Новый 0,698970 0,000627
мэр 1,522879 0,001365
Мариуполя 0,853872 0,001148
назвал 0,795880 0,000713
сколько 0,920819 0,000825
городе 0,958607 0,001289
погибло 1,698970 0,001523
жителей 0,853872 0,001148
Европа 0,853872 0,000765
отказывается 1,301030 0,001166
угля 1,000000 0,000896
из 0,167491 0,000601
Сергей 0,468521 0,000840
Лавров 1,000000 0,000896
об 0,292430 0,000524
истинных 1,397940 0,001253
замыслах 1,397940 0,001253
киевской 1,397940 0,001253
дипломатии 1,301030 0,001166
Украинские 1,000000 0,000896
военные 0,920819 0,000825
пытаются 1,301030 0,001166
вывезти 1,301030 0,001166
кого 0,853872 0,000765
то 0,537602 0,000482
важного 1,522879 0,001365
Биооружие 1,698970 0,001523
Пентагон 1,397940 0,001253
ставили 1,698970 0,001523
опыты 1,698970 0,001523
живых 1,301030 0,001166
людях 1,221849 0,001095
Бои 1,698970 0,002285
славянском 1,397940 0,001880
направлении 1,301030 0,001749
ВСУ 0,744727 0,001335
бегут 1,397940 0,001880
бросая 1,698970 0,002285
технику 1,698970 0,002285
Установлены 1,698970 0,001523
личности 1,698970 0,001523
добивавших 1,698970 0,001523
российских 0,468521 0,000630
десантников 1,698970 0,001523
украинских 0,795880 0,001070
солдат 1,096910 0,000983
Lufthansa 1,522879 0,001365
назвала 1,301030 0,001166
день 0,585027 0,000524
до 0,244125 0,000766
которого 0,920819 0,000825
будет 0,387216 0,000694
облетать 1,698970 0,001523
Россию 0,568636 0,000510
Медиаплатформа 1,698970 0,001523
Канал 1,221849 0,001643
Соловьев 1,154902 0,001553
LIVE 1,154902 0,001553
теперь 0,677781 0,000911
телеэфире 1,397940 0,001880
В 0,167491 0,000526
Калининграде 1,698970 0,002285
похоронили 1,698970 0,002285
актрису 1,698970 0,002285
Александру 1,522879 0,002048
Яковлеву 1,522879 0,002048
Донбасс 0,886057 0,001191
покажет 1,221849 0,001643
документальный 1,522879 0,002048
фильм 0,823909 0,001477
о 0,136677 0,000613
спецоперации 0,744727 0,001001
Не 0,481486 0,000863
стыдно 1,221849 0,001095
быть 0,431798 0,000387
русской 0,744727 0,000668
Юлия 0,823909 0,000739
Меньшова 1,522879 0,001365
прокомментировала 1,522879 0,001365
поведение 1,221849 0,001095
некоторых 1,221849 0,001095
коллег 1,301030 0,001166
Солист 1,698970 0,001523
Отпетых 1,698970 0,001523
мошенников 1,301030 0,001166
Аморалов 1,397940 0,001253
высказался 1,154902 0,001035
коллеги 1,301030 0,001166
Тома 1,397940 0,001253
Хаоса 1,522879 0,001365
Актер 1,397940 0,001253
Карякин 1,301030 0,001749
лишился 1,698970 0,001523
способности 1,397940 0,001253
говорить 1,045757 0,000937
за 0,180456 0,000485
тяжелой 1,154902 0,001035
болезни 1,221849 0,001095
Хочется 1,522879 0,001365
ты 0,886057 0,000794
был 0,481486 0,000432
похож 1,522879 0,001365
маму 1,154902 0,001035
близкие 1,397940 0,001253
поздравили 1,698970 0,001523
сына 1,000000 0,000896
Жанны 1,397940 0,001253
Фриске 1,397940 0,001253
Такие 1,522879 0,001365
сладкие 1,698970 0,001523
Николай 0,744727 0,000668
Басков 1,698970 0,001523
похвастался 1,698970 0,001523
прибавлением 1,698970 0,001523
семье 1,154902 0,001035
СМИ 0,481486 0,001079
рэпер 1,522879 0,001365
Моргенштерн 1,301030 0,001749
расстался 1,522879 0,001365
женой 1,397940 0,001253
Аврил 1,221849 0,001095
Лавин 1,221849 0,001095
выходит 0,958607 0,000859
замуж 1,221849 0,001095
третий 1,397940 0,001253
раз 0,698970 0,000627
МИД 0,920819 0,001238
держит 1,522879 0,001365
санкционный 1,301030 0,001166
удар 0,920819 0,000825
выводит 1,698970 0,001523
США 0,508638 0,000684
себя 0,552842 0,000496
Сценарий 1,522879 0,001365
партнеров 1,154902 0,001035
сбылся 1,698970 0,001523
Мишустин 0,920819 0,002064
отчитался 1,698970 0,001523
перед 0,920819 0,000825
Госдумой 1,698970 0,001523
санкции 0,744727 0,000668
привели 1,522879 0,001365
переизбытку 1,698970 0,001523
мазута 1,698970 0,001523
НПЗ 1,397940 0,001253
могут 0,522879 0,000469
остановиться 1,397940 0,001253
Ралли 1,698970 0,001523
рубля 1,045757 0,000937
продолжаются 1,698970 0,001523
доллар 1,154902 0,001035
ниже 0,920819 0,001238
евро 0,823909 0,001108
Газпром 1,698970 0,001523
резко 1,096910 0,000983
повысил 1,522879 0,001365
уровень 1,301030 0,001166
импортозамещения 1,154902 0,001035
Сбербанк 1,397940 0,001253
рассказал 0,619789 0,000833
как 0,251812 0,000339
приготовился 1,698970 0,001523
санкциям 1,221849 0,001095
готовим 1,698970 0,001523
новую 0,769551 0,000690
программу 1,301030 0,001166
расселения 1,698970 0,001523
аварийного 1,698970 0,001523
жилья 1,522879 0,001365
перечислил 1,522879 0,001365
меры 1,000000 0,000896
поддержки 0,823909 0,000739
предпринимателей 1,698970 0,001523
Белоруссия 1,397940 0,001880
начнет 1,698970 0,001523
обслуживать 1,522879 0,001365
кредиты 1,522879 0,001365
МБРР 1,698970 0,001523
ЕБРР 1,698970 0,001523
белорусских 1,522879 0,001365
рублях 1,301030 0,001166
WhatsApp 1,397940 0,001880
заработал 1,522879 0,002048
смарт 1,698970 0,002285
часах 1,698970 0,002285
Apple 1,154902 0,001553
За 0,568636 0,000765
право 1,045757 0,001406
импортозаместить 1,698970 0,002285
Google 0,744727 0,001001
Play 1,000000 0,001345
соревнуются 1,698970 0,002285
Яндекс 0,638272 0,000858
VK 1,154902 0,001553
Сбер 1,397940 0,001880
IT 0,920819 0,000825
компании 0,677781 0,000911
РФ 0,568636 0,001529
смогут 1,397940 0,001253
профинансировать 1,698970 0,001523
грантами 1,698970 0,001523
затрат 1,698970 0,001523
проекты 0,698970 0,000627
правительство 1,221849 0,001095
поступил 1,698970 0,001523
доработанный 1,522879 0,001365
законопроект 1,154902 0,001035
цифровых 1,221849 0,001643
валютах 1,397940 0,001880
Booking 1,301030 0,001166
com 0,744727 0,000668
заплатил 1,698970 0,001523
штраф 1,397940 0,001253
млн 0,886057 0,001191
Мы 0,537602 0,000723
выстояли 1,397940 0,001253
Думе 1,397940 0,001253
прочности 1,397940 0,001253
Украинский 1,301030 0,001166
раскалывает 1,698970 0,001523
Запад 1,000000 0,000896
Сумку 1,698970 0,001523
Louis 1,698970 0,001523
Vuitton 1,698970 0,001523
украли 1,698970 0,001523
пенсионера 1,522879 0,001365
ресторане 1,301030 0,001166
Москвы 0,744727 0,001001
Насекомые 1,698970 0,001523
снегу 1,522879 0,001365
Южного 1,522879 0,001365
Урала 1,522879 0,001365
удивили 1,397940 0,001253
неизвестные 1,698970 0,001523
букашки 1,698970 0,001523
появятся 1,397940 0,001253
отечественные 1,397940 0,001253
компьютеры 1,698970 0,001523
У 0,431798 0,000387
летевшего 1,698970 0,001523
Дубая 1,698970 0,001523
пассажира 1,698970 0,001523
изъяли 1,698970 0,001523
колье 1,522879 0,001365
бриллиантами 1,522879 0,001365
Липецке 1,698970 0,001523
орнитологи 1,698970 0,001523
просят 1,301030 0,001166
переносить 1,522879 0,001365
пьяных 1,522879 0,001365
птиц 1,522879 0,001365
дорог 1,154902 0,001035
газон 1,698970 0,001523
Уже 1,154902 0,001553
населения 1,045757 0,001406
планеты 1,096910 0,001475
дышит 1,698970 0,002285
опасным 1,301030 0,001749
для 0,119186 0,000267
здоровья 0,958607 0,001289
воздухом 1,698970 0,002285
Создана 1,698970 0,001523
первая 1,154902 0,001035
мире 0,468521 0,000420
карта 1,154902 0,001035
развития 0,721246 0,000647
человеческого 1,698970 0,001523
мозга 1,154902 0,001035
Найдена 1,698970 0,001523
самая 1,301030 0,001166
далекая 1,698970 0,001523
древняя 1,698970 0,001523
галактика 1,698970 0,001523
Составлен 1,522879 0,001365
рейтинг 1,301030 0,001166
самых 0,585027 0,000524
приятных 1,698970 0,001523
неприятных 1,698970 0,001523
запахов 1,698970 0,001523
Микропластик 1,698970 0,001523
нашли 1,045757 0,000937
глубоко 1,698970 0,001523
легких 1,397940 0,001253
человека 0,568636 0,000510
Телеканал 0,769551 0,000690
Что 0,346787 0,000311
смотреть 0,769551 0,000690
кино 0,568636 0,001020
главные 0,823909 0,000739
новинки 0,886057 0,000794
этих 0,958607 0,000859
выходных 1,522879 0,001365
Захватывающий 1,698970 0,001523
сюжет 1,096910 0,000983
выдающаяся 1,698970 0,001523
актерская 1,522879 0,001365
игра 1,301030 0,001166
зачем 0,853872 0,000765
пересмартивать 1,698970 0,001523
Тарас 1,154902 0,001035
Бульба 1,154902 0,001035
На 0,283997 0,000382
производство 1,301030 0,001166
фильмов 0,795880 0,000713
выделят 1,522879 0,001365
млрд 1,221849 0,001095
рублей 0,585027 0,000524
стало 1,000000 0,000896
легенды 1,000000 0,000896
азиатского 1,698970 0,001523
тайваньский 1,698970 0,001523
актер 1,000000 0,000896
Ван 1,096910 0,000983
Юй 1,698970 0,001523
скончался 1,301030 0,001166
больнице 1,301030 0,001166
Лучшие 0,823909 0,000739
роли 0,958607 0,000859
Татьяны 1,397940 0,001253
Колгановой 1,698970 0,001523
К 0,638272 0,000572
юбилею 1,397940 0,001253
актрисы 1,397940 0,001253
Безруков 1,522879 0,001365
сообщил 0,823909 0,000739
Метрополитен 1,698970 0,001523
опере 1,698970 0,001523
разобрали 1,698970 0,001523
билеты 1,096910 0,000983
Евгения 0,853872 0,000765
Онегина 1,522879 0,001365
Ковент 1,522879 0,001365
Гарден 1,698970 0,001523
премьеру 1,221849 0,001095
оперы 1,221849 0,001095
последних 1,045757 0,000937
днях 1,397940 0,001253
Курта 1,522879 0,001365
Кобейна 1,522879 0,001365
экспортировать 1,698970 0,001523
рубли 1,301030 0,001166
только 0,309804 0,000417
газ 1,154902 0,001035
Валерия 1,221849 0,001095
представила 1,301030 0,001166
собственную 1,301030 0,001166
соцсеть 1,698970 0,001523
Мьюзикграм 1,698970 0,001523
Москва 0,508638 0,000912
последний 1,096910 0,000983
Синоптик 1,397940 0,001253
исключила 1,698970 0,001523
мокрый 1,698970 0,001523
снег 1,221849 0,001095
Москве 0,455932 0,000613
конца 0,886057 0,000794
апреля 0,301030 0,000270
стран 1,045757 0,000937
отдыха 1,397940 0,001253
майские 1,301030 0,001166
праздники 0,886057 0,000794
Поддержка 1,154902 0,001035
семей 1,221849 0,001095
когда 0,585027 0,000524
кто 0,494850 0,000444
сможет 1,096910 0,000983
получить 0,769551 0,000690
пособие 1,397940 0,001253
детей 0,431798 0,000581
лет 0,366532 0,000493
Москвичам 1,522879 0,001365
пришли 1,154902 0,001035
чужие 1,397940 0,001253
квитанции 1,698970 0,001523
ЖКУ 1,522879 0,001365
Риелторы 1,698970 0,001523
назвали 0,920819 0,000825
районы 1,397940 0,001253
самым 0,920819 0,000825
дорогим 1,522879 0,001365
вторичным 1,698970 0,001523
жильем 1,698970 0,001523
Кремль 1,154902 0,001553
напомнил 1,698970 0,001523
заявлениях 1,698970 0,001523
Минобороны 0,698970 0,000627
Названа 1,397940 0,001253
дата 1,221849 0,001095
запуска 1,397940 0,001253
Луны 1,301030 0,001166
Денис 0,853872 0,000765
Пушилин 1,096910 0,000983
очередное 1,301030 0,001166
военное 1,301030 0,001166
преступление 1,154902 0,001035
Пресс 0,657577 0,000589
конференция 1,221849 0,001095
глав 1,154902 0,001035
Армении 1,522879 0,001365
трансляции 1,301030 0,001166
ЦБ 0,795880 0,000713
снизил 0,698970 0,000627
ключевую 0,677781 0,000608
ставку 0,657577 0,000589
годовых 0,886057 0,000794
Запреты 1,522879 0,001365
сняты 1,698970 0,001523
Саночников 1,698970 0,001523
допустили 1,522879 0,001365
международных 1,045757 0,000937
турниров 1,397940 0,001253
Нужна 1,698970 0,001523
помощь 1,045757 0,000937
Тихона 1,698970 0,001523
Иващенко 1,698970 0,001523
спасет 1,301030 0,001166
внутривенное 1,698970 0,001523
питание 1,397940 0,001253
Заминированный 1,698970 0,001523
самолет 1,301030 0,001166
Белграда 1,522879 0,001365
благополучно 1,698970 0,001523
сел 1,698970 0,001523
Мариуполь 1,096910 0,000983
освобожден 1,154902 0,001035
Вариант 1,698970 0,001523
ХЕ 1,397940 0,001253
коронавирусный 1,698970 0,001523
прогноз 1,301030 0,001166
Евросоюз 1,000000 0,000896
ввел 1,221849 0,001095
новый 0,552842 0,000496
пакет 0,853872 0,000765
санкций 0,677781 0,000608
Россией 0,795880 0,000713
любых 1,096910 0,000983
сложностях 1,397940 0,001253
трудностях 1,301030 0,001166
Пелоси 1,522879 0,001365
пожелали 1,698970 0,001523
выздороветь 1,698970 0,001523
ездить 1,301030 0,001166
Тайвань 1,522879 0,001365
Неизвестный 1,301030 0,001166
напал 1,698970 0,001523
священнослужителя 1,698970 0,001523
французского 1,221849 0,001095
собора 1,397940 0,001253
Российский 0,853872 0,000765
роутер 1,522879 0,001365
процессоре 1,698970 0,001523
Байкал 1,698970 0,001523
защищен 1,698970 0,001523
хакерских 1,522879 0,001365
атак 1,397940 0,001253
Официально 1,522879 0,001365
Нетребко 1,096910 0,000983
выступит 1,698970 0,001523
фестивале 1,154902 0,001035
Звезды 0,823909 0,000739
белых 1,522879 0,001365
ночей 1,522879 0,001365
Санкт 0,795880 0,000713
Петербурге 1,045757 0,000937
Анна 0,568636 0,000510
Снаткина 1,522879 0,001365
раскрыла 1,522879 0,001365
секреты 1,096910 0,000983
счастливого 1,698970 0,001523
брака 1,698970 0,001523
Виктором 1,221849 0,001095
Васильевым 1,698970 0,001523
Боевой 1,522879 0,001365
пуск 1,698970 0,001523
Оникса 1,522879 0,001365
попал 1,397940 0,001253
Боинг 1,522879 0,001365
разломился 1,522879 0,001365
части 0,920819 0,000825
во 0,494850 0,000444
время 0,366532 0,000329
аварийной 1,698970 0,001523
посадки 1,698970 0,001523
ФАС 1,045757 0,000937
начала 0,769551 0,000690
проверку 1,221849 0,001095
Мираторг 1,096910 0,000983
Полезные 1,522879 0,001365
макароны 1,397940 0,001253
их 0,455932 0,000409
выбрать 1,096910 0,000983
приготовить 1,698970 0,001523
Мошенники 1,698970 0,001523
обманывают 1,698970 0,001523
пользователей 0,853872 0,000765
YouTube 0,823909 0,000739
имени 0,721246 0,000647
Илона 1,522879 0,001365
Маска 1,221849 0,001095
Хлебникова 1,698970 0,001523
впервые 0,744727 0,000668
появится 1,301030 0,001166
телевидении 1,698970 0,001523
пожара 1,522879 0,001365
Жанна 1,522879 0,001365
Юша 1,698970 0,001523
шаманы 1,698970 0,001523
монополисты 1,698970 0,001523
обрядовой 1,698970 0,001523
сферы 1,698970 0,001523
тувинцев 1,698970 0,001523
музыкант 1,301030 0,001166
может 0,397940 0,000357
стать 0,795880 0,000713
гражданином 1,522879 0,001365
Израиля 1,301030 0,001166
очень 0,657577 0,000589
уважает 1,698970 0,001523
сестер 1,397940 0,001253
Музычук 1,221849 0,001095
поддержку 1,000000 0,000896
Япония 0,823909 0,001108
высылает 1,698970 0,001523
ответит 1,221849 0,001095
Крымчанин 1,698970 0,001523
стал 0,585027 0,000524
хакером 1,698970 0,001523
наводке 1,698970 0,001523
кураторов 1,522879 0,001365
Суд 1,154902 0,001035
оправдал 1,698970 0,001523
Пашиняна 1,698970 0,001523
Ковид 1,522879 0,001365
сутки 0,795880 0,000713
подскочило 1,698970 0,001523
число 1,301030 0,001166
госпитализаций 1,698970 0,001523
Минфин 1,096910 0,000983
внес 1,397940 0,001253
кабмин 1,698970 0,001523
проект 0,744727 0,000668
закона 1,045757 0,000937
разрешили 1,522879 0,001365
поставлять 1,397940 0,001253
телекоммуникационное 1,698970 0,001523
оборудование 1,698970 0,001523
НХЛ 1,221849 0,001095
признала 1,698970 0,001523
Шестеркина 1,698970 0,001523
второй 0,920819 0,000825
звездой 1,096910 0,000983
Расстрелявший 1,698970 0,001523
людей 0,698970 0,000627
Тель 1,221849 0,001095
Авиве 1,397940 0,001253
прятался 1,698970 0,001523
возле 1,522879 0,001365
мечети 1,522879 0,001365
Яффе 1,698970 0,001523
UFC 1,397940 0,001253
Ян 1,397940 0,001253
Стерлинг 1,154902 0,001035
едва 1,522879 0,001365
подрались 1,698970 0,001523
пресс 0,886057 0,000794
конференции 1,154902 0,001035
Мясников 1,397940 0,001253
аналогах 1,698970 0,001523
дорогих 1,522879 0,001365
лекарств 1,154902 0,001035
врачи 1,221849 0,001095
дженерики 1,698970 0,001523
Назальная 1,698970 0,001523
вакцина 1,397940 0,001253
коронавируса 0,886057 0,000794
вышла 1,045757 0,000937
оборот 1,301030 0,001166
Состав 1,698970 0,001523
состав 1,301030 0,001166
Рейнджеры 1,698970 0,001523
Пингвины 1,698970 0,001523
устроили 1,301030 0,001166
массовую 1,698970 0,001523
драку 1,698970 0,001523
социальных 0,769551 0,000690
сетях 0,769551 0,000690
Программы 1,096910 0,000983
Американский 1,221849 0,001095
метод 1,698970 0,001523
Америка 1,522879 0,001365
Валентином 1,698970 0,001523
Богдановым 1,698970 0,001523
Бельгия 1,522879 0,001365
Анастасией 1,698970 0,002285
Поповой 1,698970 0,002285
Бесогон 1,698970 0,001523
Британия 1,301030 0,001166
Александром 1,698970 0,002285
Хабаровым 1,698970 0,001523
Алексеем 1,397940 0,001253
Казаковым 1,698970 0,001523
субботу 1,301030 0,001166
Дежурная 1,698970 0,001523
часть 0,795880 0,000713
недели 0,769551 0,000690
net 1,698970 0,001523
Вечер 1,221849 0,001095
Владимиром 0,677781 0,000608
Соловьевым 1,397940 0,001253
Война 0,920819 0,000825
Вопрос 1,397940 0,001253
науки 1,045757 0,000937
центре 0,920819 0,000825
Азии 1,301030 0,001166
Робертом 1,522879 0,001365
Францевым 1,698970 0,001523
Горизонты 1,698970 0,001523
атома 1,698970 0,001523
Городские 1,522879 0,001365
технологии 1,000000 0,000896
Двенадцать 1,522879 0,001365
Деловое 1,698970 0,001523
путешествие 1,096910 0,000983
День 0,795880 0,000713
истории 0,657577 0,000589
Диалог 1,522879 0,001365
Индия 1,698970 0,001523
Дмитрием 1,301030 0,001166
Мельниковым 1,698970 0,001523
Индустрия 1,397940 0,001253
Инструкция 1,522879 0,001365
Интервью 0,638272 0,000858
Марией 1,522879 0,001365
Бондаревой 1,698970 0,001523
Италия 1,301030 0,001166
Асей 1,698970 0,001523
Емельяновой 1,698970 0,001523
Инфографика 1,154902 0,001035
Китай 1,096910 0,000983
Балицким 1,698970 0,001523
Кто 0,638272 0,000572
против 0,387216 0,000347
Международное 1,522879 0,001365
обозрение 1,698970 0,001523
Мнение 1,221849 0,001095
Мобильный 1,698970 0,001523
репортер 1,698970 0,001523
Налоги 1,522879 0,001365
Научпоп 1,698970 0,001523
Неделя 1,397940 0,001253
Парламентский 1,698970 0,001523
час 1,000000 0,000896
Погода 1,698970 0,001523
Расследование 1,301030 0,001166
Эдуарда 1,397940 0,001253
Петрова 1,221849 0,001095
Сенат 1,522879 0,001365
Специальный 1,154902 0,001035
репортаж 1,522879 0,001365
Типичная 1,698970 0,001523
Украина 0,698970 0,000627
Утро 1,221849 0,001095
Факты 1,397940 0,001253
Формула 1,221849 0,001095
власти 1,045757 0,000937
Франция 1,096910 0,000983
Футбол 1,154902 0,001035
Церковь 1,522879 0,001365
мир 0,552842 0,000496
Энергетика 1,522879 0,001365
Сергеем 1,301030 0,001166
Мингажевым 1,698970 0,001523
я 0,522879 0,000469
студия 1,221849 0,001095
Исторический 1,301030 0,001166
календарь 1,397940 0,001253
сайте 0,431798 0,000774
функционирует 1,397940 0,001253
система 1,221849 0,001095
коррекции 1,301030 0,001166
ошибок 1,154902 0,001035
Обнаружив 1,397940 0,001253
неточность 1,397940 0,001253
тексте 1,154902 0,001035
выделите 1,154902 0,001035
ее 0,508638 0,000456
нажмите 1,045757 0,000937
Ctrl 0,958607 0,000859
Enter 0,958607 0,000859
Сетевое 0,795880 0,000713
издание 0,657577 0,000589
Ру 1,397940 0,001253
Учредитель 0,698970 0,000627
Федеральное 1,045757 0,000937
государственное 1,154902 0,001035
унитарное 1,154902 0,001035
предприятие 1,096910 0,000983
Всероссийская 1,221849 0,001095
государственная 1,221849 0,001095
телевизионная 1,221849 0,001095
радиовещательная 1,221849 0,001095
компания 0,958607 0,000859
ВГТРК 1,154902 0,001553
Свидетельство 0,721246 0,000647
регистрации 0,638272 0,000572
ЭЛ 0,823909 0,000739
ФС 0,522879 0,000469
Выдано 1,301030 0,001166
Федеральной 0,619789 0,000556
службой 0,744727 0,000668
надзору 0,619789 0,000556
сфере 0,552842 0,000496
связи 0,455932 0,000409
информационных 0,585027 0,000524
технологий 0,568636 0,000510
массовых 0,568636 0,000510
коммуникаций 0,585027 0,000524
Главный 0,585027 0,000524
редактор 0,585027 0,000524
Виноградов 1,221849 0,001095
Е 1,096910 0,000983
А 0,376751 0,000338
Адрес 0,721246 0,000647
электронной 0,886057 0,000794
почты 0,886057 0,000794
редакции 0,481486 0,000647
info 0,886057 0,000794
vesti 1,522879 0,002048
ru 0,187087 0,000252
телефон 0,853872 0,000765
запрещено 1,221849 0,001095
права 0,431798 0,000387
любые 0,886057 0,000794
материалы 0,537602 0,000482
опубликованные 0,920819 0,000825
защищены 0,602060 0,000540
соответствии 0,795880 0,000713
российским 0,823909 0,000739
международным 1,045757 0,000937
законодательством 0,823909 0,000739
интеллектуальной 1,096910 0,000983
собственности 1,154902 0,001035
Любое 0,886057 0,000794
использование 0,795880 0,000713
текстовых 1,154902 0,001035
аудио 1,096910 0,000983
видеоматериалов 1,045757 0,000937
возможно 0,920819 0,000825
согласия 1,000000 0,000896
правообладателя 0,886057 0,000794
Реклама 0,387216 0,000347
Вы 0,619789 0,000556
можете 0,795880 0,000713
получать 0,886057 0,000794
оповещения 1,698970 0,001523
вашем 1,522879 0,001365
браузере 1,397940 0,001253
Подписаться 0,795880 0,000713
Отменить 1,397940 0,001253
подписку 1,301030 0,001166
