НЭБ 1,522879 0,004123
Национальная 1,397940 0,006308
электронная 1,397940 0,006308
библиотека 1,096910 0,005940
скачать 1,301030 0,002348
и 0,075721 0,001435
читать 0,823909 0,002231
онлайн 0,508638 0,000918
книги 0,744727 0,003361
диссертации 1,698970 0,003067
учебные 1,522879 0,002749
пособия 1,522879 0,002749
div 1,000000 0,001805
img 0,795880 0,001437
src 0,795880 0,001437
https 0,721246 0,001302
mc 1,000000 0,001805
yandex 1,000000 0,001805
ru 0,187087 0,000338
watch 1,000000 0,001805
style 0,823909 0,001487
position 0,853872 0,001541
absolute 0,958607 0,001730
left 0,958607 0,001730
px 0,920819 0,001662
alt 0,886057 0,001599
Книжные 1,397940 0,005047
памятники 1,397940 0,005047
Свет 1,397940 0,003785
Обратная 0,585027 0,002112
связь 0,552842 0,001996
Версия 1,301030 0,005871
для 0,119186 0,001076
слабовидящих 1,522879 0,004123
Войти 0,508638 0,000918
Подпишитесь 1,154902 0,004169
на 0,075721 0,000683
нас 0,508638 0,001377
в 0,070581 0,001147
социальных 0,769551 0,002084
сетях 0,769551 0,002084
Коллекции 1,154902 0,004169
Новости 0,221849 0,000601
Электронные 1,397940 0,003785
читальные 1,698970 0,004600
залы 1,221849 0,003308
Информация 0,886057 0,002399
библиотек 1,522879 0,004123
Програмное 1,698970 0,003067
обеспечение 1,301030 0,003523
Вопросы 1,154902 0,003127
ответы 1,045757 0,002831
Форум 1,000000 0,001805
Наши 0,886057 0,001599
продукты 1,154902 0,002085
Пресса 1,397940 0,002523
Наше 1,154902 0,003127
приложение 0,920819 0,002493
Мы 0,537602 0,001456
соцсетях 1,045757 0,001888
слепых 1,698970 0,004600
Пользователям 1,397940 0,002523
Библиотекам 1,522879 0,002749
Подборки 0,795880 0,001437
Более 1,000000 0,001805
изданий 1,522879 0,002749
В 0,167491 0,000605
период 1,221849 0,002206
ограничений 1,301030 0,002348
мы 0,468521 0,000846
стараемся 1,698970 0,003067
предоставлять 1,698970 0,003067
доступ 1,045757 0,002831
к 0,207608 0,000562
самым 0,920819 0,001662
необходимым 1,522879 0,002749
книгам 1,522879 0,002749
документам 1,698970 0,003067
Если 0,769551 0,002084
вы 0,420216 0,001138
являетесь 1,698970 0,003067
правообладателем 1,698970 0,003067
считаете 1,698970 0,003067
что 0,187087 0,000507
можете 0,795880 0,001437
нам 0,657577 0,001187
помочь 1,045757 0,001888
или 0,301030 0,000815
наоборот 1,522879 0,002749
уверены 1,301030 0,002348
открыт 1,397940 0,002523
неправомерно 1,698970 0,003067
напишите 1,397940 0,002523
здесь 0,744727 0,001344
Найти 0,853872 0,001541
Примеры 1,698970 0,003067
запросов 1,698970 0,003067
Евгений 0,698970 0,001262
Онегин 1,397940 0,002523
Александр 0,468521 0,000846
Пушкин 1,221849 0,002206
Мой 0,853872 0,001541
дядя 1,698970 0,003067
самых 0,585027 0,001056
честных 1,698970 0,003067
правил 0,958607 0,001730
Расширенный 1,698970 0,003067
поиск 0,920819 0,001662
Спецпроект 1,301030 0,005871
Лучший 1,154902 0,002085
научпоп 1,698970 0,003067
свободном 1,698970 0,003067
доступе 1,698970 0,004600
Наука 0,638272 0,001152
стала 0,823909 0,001487
еще 0,408935 0,000738
ближе 1,698970 0,003067
Подробнее 0,698970 0,002523
Возможность 1,522879 0,002749
познакомиться 1,522879 0,002749
с 0,102373 0,000370
историческим 1,698970 0,003067
культурным 1,698970 0,003067
художественным 1,522879 0,002749
наследием 1,698970 0,003067
России 0,251812 0,000909
Главные 0,769551 0,001389
твоем 1,698970 0,003067
телефоне 1,522879 0,002749
Лучшие 0,823909 0,001487
фильмы 0,886057 0,001599
бесплатно 1,045757 0,001888
Золотая 1,397940 0,002523
книг 0,958607 0,005191
фильмов 0,795880 0,001437
спектаклей 1,397940 0,002523
вашем 1,522879 0,002749
смартфоне 1,397940 0,002523
Популярное 0,853872 0,001541
Не 0,481486 0,000869
только 0,309804 0,000559
но 0,481486 0,000869
слушать 1,045757 0,001888
запустили 1,397940 0,002523
пилотную 1,698970 0,003067
версию 1,301030 0,002348
умной 1,698970 0,003067
озвучки 1,522879 0,002749
некоторых 1,221849 0,002206
текстах 1,698970 0,003067
Все 0,148742 0,000671
лыжи 1,522879 0,002749
Проект 1,000000 0,001805
про 0,568636 0,001540
лыжный 1,698970 0,003067
спорт 1,154902 0,002085
Первооткрыватели 1,698970 0,003067
Отправимся 1,698970 0,003067
путь 1,000000 0,001805
известными 1,698970 0,003067
путешественниками 1,698970 0,003067
Уроки 1,301030 0,002348
ядерной 1,397940 0,002523
безопасности 0,958607 0,001730
ЧАЭС 1,698970 0,003067
ЧС 1,698970 0,003067
Я 0,508638 0,000918
узрела 1,698970 0,003067
свою 0,638272 0,001152
смерть 1,154902 0,003127
Вильгельма 1,698970 0,003067
Рентгена 1,698970 0,003067
Скорее 1,698970 0,003067
железную 1,698970 0,003067
дорогу 1,522879 0,002749
Ялту 1,698970 0,004600
Железнодорожный 1,522879 0,002749
вокзал 1,397940 0,002523
Ялте 1,698970 0,003067
фантом 1,698970 0,003067
возникающий 1,698970 0,003067
страницах 1,221849 0,002206
повести 1,221849 0,002206
Владимира 0,721246 0,001302
Набокова 1,522879 0,002749
Соглядатай 1,698970 0,003067
Некто 1,698970 0,003067
Смуров 1,698970 0,003067
морочит 1,698970 0,003067
собеседников 1,698970 0,004600
байками 1,698970 0,003067
о 0,136677 0,000493
подвигах 1,522879 0,002749
которые 0,431798 0,000779
он 0,568636 0,001540
якобы 1,301030 0,002348
совершал 1,522879 0,002749
во 0,494850 0,000893
время 0,366532 0,000992
Гражданской 1,698970 0,003067
войны 0,744727 0,001344
отстреливаясь 1,698970 0,003067
от 0,193820 0,000350
красногвардейцев 1,698970 0,003067
том 0,568636 0,001026
самом 0,886057 0,001599
ялтинском 1,698970 0,003067
вокзале 1,397940 0,002523
Фальшивая 1,698970 0,003067
деталь 1,522879 0,002749
выдает 1,397940 0,002523
лжеца 1,698970 0,003067
посрамлен 1,698970 0,003067
а 0,327902 0,000888
один 0,721246 0,001302
из 0,167491 0,000605
припоминает 1,698970 0,003067
До 0,958607 0,001730
революции 1,301030 0,003523
был 0,481486 0,000869
кажется 1,045757 0,001888
проект 0,744727 0,001344
соединить 1,698970 0,003067
железной 1,397940 0,002523
дорогой 1,522879 0,002749
Симферополь 1,522879 0,002749
Читать 0,886057 0,003199
дальше 0,886057 0,003199
Есть 0,886057 0,001599
ли 0,397940 0,000718
будущее 0,795880 0,001437
у 0,387216 0,001398
каллиграфии 1,698970 0,003067
Когда 0,602060 0,001087
то 0,537602 0,000970
давно 0,823909 0,001487
слово 0,886057 0,001599
каллиграфия 1,698970 0,003067
пришло 1,301030 0,002348
русский 0,920819 0,001662
язык 0,823909 0,001487
греческого 1,522879 0,002749
осталось 1,301030 0,002348
нем 0,958607 0,001730
обозначения 1,698970 0,003067
красивого 1,522879 0,002749
почерка 1,698970 0,003067
Раньше 1,698970 0,003067
умению 1,698970 0,003067
изящно 1,522879 0,002749
разборчиво 1,698970 0,003067
писать 1,045757 0,001888
уделялось 1,698970 0,003067
много 0,958607 0,001730
сил 1,096910 0,001980
времени 0,721246 0,001302
Одной 1,522879 0,002749
важнейших 1,301030 0,002348
задач 1,522879 0,002749
начальной 1,698970 0,003067
школы 0,853872 0,001541
было 0,585027 0,001056
обучить 1,698970 0,003067
ребенка 0,823909 0,001487
аккуратно 1,522879 0,002749
выводить 1,698970 0,003067
буквы 1,522879 0,002749
Специальные 1,522879 0,002749
упражнения 1,698970 0,003067
уроках 1,698970 0,003067
чистописания 1,698970 0,003067
помогали 1,522879 0,002749
выработать 1,698970 0,003067
детей 0,431798 0,000779
правильный 1,301030 0,002348
каллиграфический 1,698970 0,003067
почерк 1,698970 0,003067
Как 0,301030 0,000543
до 0,244125 0,000441
так 0,522879 0,000944
советское 1,522879 0,002749
ученики 1,522879 0,002749
под 0,376751 0,000680
бдительным 1,698970 0,003067
руководством 1,397940 0,002523
учителей 1,397940 0,002523
тренировали 1,698970 0,003067
по 0,124939 0,000564
прописям 1,698970 0,003067
навыки 1,301030 0,002348
художественной 1,301030 0,002348
скорописи 1,698970 0,003067
Елочка 1,698970 0,003067
зажгись 1,698970 0,003067
Повсеместно 1,698970 0,003067
наряжаются 1,698970 0,003067
зажигаются 1,698970 0,003067
елочки 1,698970 0,003067
Скоро 1,000000 0,001805
рождественские 1,698970 0,003067
да 1,045757 0,001888
новогодние 1,301030 0,002348
праздники 0,886057 0,001599
сперва 1,698970 0,003067
европейскому 1,522879 0,002749
стилю 1,698970 0,003067
далее 1,397940 0,002523
соответствии 0,795880 0,001437
православными 1,698970 0,003067
канонами 1,698970 0,003067
старорусскими 1,698970 0,003067
обычаями 1,698970 0,003067
потом 0,920819 0,001662
кого 0,853872 0,001541
останется 1,522879 0,002749
запал 1,698970 0,003067
можно 0,443697 0,000801
продолжить 1,522879 0,002749
торжествовать 1,698970 0,003067
китайскому 1,698970 0,003067
вьетнамскому 1,698970 0,003067
календарю 1,698970 0,003067
любят 1,096910 0,001980
повеселиться 1,698970 0,003067
славу 1,522879 0,002749
отдохнуть 1,522879 0,002749
А 0,376751 0,000680
как 0,251812 0,000682
отмечали 1,698970 0,003067
Новый 0,698970 0,001262
год 0,568636 0,001026
раньше 1,221849 0,002206
готовились 1,698970 0,003067
нему 1,301030 0,002348
Истории 0,853872 0,001541
писателей 1,045757 0,001888
Жизнь 0,823909 0,001487
Человека 1,397940 0,002523
Лео 1,397940 0,002523
лет 0,366532 0,001323
со 0,387216 0,002097
дня 0,494850 0,002680
рождения 0,677781 0,003670
Леонида 1,522879 0,002749
Андреева 1,698970 0,003067
Валентин 1,154902 0,002085
Катаев 1,698970 0,003067
писателя 1,397940 0,002523
Тургенев 1,301030 0,002348
Иван 0,744727 0,001344
Сергее 1,522879 0,002749
Наиболее 1,698970 0,003067
известные 1,301030 0,002348
произведения 0,823909 0,001487
Лучше 1,397940 0,002523
чем 0,420216 0,000759
п 1,522879 0,002749
К 0,638272 0,002304
летию 1,221849 0,004411
М 0,744727 0,001344
Булгакова 1,301030 0,002348
Врач 1,397940 0,002523
написавший 1,698970 0,003067
Антона 1,397940 0,002523
Павловича 1,698970 0,003067
Чехова 1,301030 0,002348
История 0,494850 0,000893
это 0,292430 0,000528
не 0,142668 0,000258
учи 1,522879 0,002749
О 0,207608 0,000749
Ключевского 1,698970 0,003067
истории 0,657577 0,001187
Библиотека 1,045757 0,002831
регионов 1,221849 0,002206
Спецпроекты 0,657577 0,001187
посвященные 1,698970 0,003067
родным 1,522879 0,002749
языкам 1,522879 0,002749
соотечественников 1,698970 0,003067
сложном 1,522879 0,002749
важном 1,522879 0,002749
просто 0,657577 0,001187
Образовательная 1,698970 0,003067
медиатека 1,698970 0,003067
которой 0,886057 0,001599
собрана 1,522879 0,002749
актуальная 1,698970 0,003067
полезная 1,698970 0,003067
информация 0,638272 0,001728
Конвенция 1,698970 0,003067
правах 1,045757 0,001888
инвалидов 1,698970 0,003067
Современные 1,397940 0,002523
научные 1,698970 0,003067
издания 0,886057 0,001599
открытом 1,522879 0,002749
Коллекция 1,221849 0,002206
актуального 1,522879 0,002749
научного 1,698970 0,003067
контента 1,397940 0,002523
Наследие 1,221849 0,002206
Подборка 1,301030 0,004697
документов 1,154902 0,003127
Российского 1,096910 0,001980
научно 1,397940 0,002523
исследовательского 1,698970 0,003067
института 1,301030 0,002348
культурного 1,522879 0,002749
природного 1,698970 0,003067
наследия 1,522879 0,002749
имени 0,721246 0,001302
Д 1,096910 0,001980
С 0,455932 0,000823
Лихачева 1,698970 0,003067
коллекции 1,301030 0,003523
Изображения 1,698970 0,003067
Обновить 1,522879 0,002749
набор 1,698970 0,003067
изображений 1,397940 0,002523
Профессионалам 1,698970 0,004600
реставратора 1,698970 0,003067
посвященный 1,397940 0,002523
вопросам 1,397940 0,002523
области 0,721246 0,001302
сохранности 1,698970 0,003067
фондов 1,522879 0,002749
Научно 1,301030 0,002348
издательская 1,698970 0,003067
деятельность 1,301030 0,002348
РНБ 1,698970 0,003067
профессионалов 1,698970 0,003067
библиотечного 1,698970 0,004600
дела 1,045757 0,002831
специалистов 1,221849 0,002206
рассылку 1,000000 0,001805
Узнавайте 1,698970 0,003067
первыми 1,301030 0,002348
новых 0,508638 0,000918
поступлениях 1,698970 0,003067
Подписаться 0,795880 0,001437
бета 1,698970 0,003067
Личный 1,301030 0,002348
кабинет 1,045757 0,001888
Программное 1,698970 0,003067
Партнер 1,397940 0,002523
Старая 1,301030 0,002348
версия 0,769551 0,001389
портала 1,221849 0,003308
проекте 0,657577 0,001187
Правовая 0,920819 0,001662
Пользовательское 0,677781 0,001223
соглашение 0,619789 0,001119
Вы 0,619789 0,001119
находитесь 1,522879 0,002749
новой 0,769551 0,001389
версии 1,000000 0,001805
Национальной 1,698970 0,003067
Электронной 1,698970 0,003067
Библиотеки 1,522879 0,002749
хотите 1,045757 0,001888
воспользоваться 1,301030 0,002348
старой 1,698970 0,003067
версией 1,397940 0,002523
перейдите 1,522879 0,002749
ссылке 1,301030 0,002348
