Новости 0,221849 0,000830
Москвы 0,744727 0,004180
Москва 0,508638 0,004282
M 1,154902 0,002161
RU 0,886057 0,001658
город 1,096910 0,003078
ТВ 0,657577 0,001845
Радиоэфир 1,698970 0,004768
Истории 0,853872 0,005591
Эксклюзивы 1,397940 0,006539
Ситуация 1,154902 0,004321
в 0,070581 0,001387
Донбассе 0,958607 0,003587
Политика 0,443697 0,002490
Общество 0,638272 0,002985
Экономика 0,568636 0,002660
В 0,167491 0,001723
мире 0,468521 0,002191
Город 0,958607 0,004484
Происшествия 0,823909 0,003854
Культура 0,638272 0,002388
Спорт 0,537602 0,001509
Шоу 0,744727 0,002090
бизнес 0,657577 0,001845
Технологии 0,958607 0,002690
Наука 0,638272 0,001791
Транспорт 1,397940 0,003923
Безопасность 1,221849 0,003429
Экология 1,221849 0,003429
События 0,886057 0,002487
Туризм 1,221849 0,003429
Регионы 1,154902 0,003241
Мэр 1,301030 0,004868
Фотогалереи 1,397940 0,005231
Видео 0,431798 0,002020
Инфографика 1,154902 0,003241
Трансляции 1,397940 0,003923
Аудио 1,221849 0,003429
Библиотека 1,045757 0,002935
Программы 1,096910 0,003078
Спецпроекты 0,657577 0,002461
Обратная 0,585027 0,002736
связь 0,552842 0,002586
Курсы 1,221849 0,002286
валют 1,397940 0,003923
Контакты 0,455932 0,001706
Размещение 0,958607 0,003587
рекламы 0,823909 0,003854
Форма 1,221849 0,004572
поиска 1,221849 0,003429
по 0,124939 0,000701
сайту 1,096910 0,003078
за 0,180456 0,000844
рубежом 1,397940 0,003923
метро 1,096910 0,003078
безопасность 1,301030 0,003651
Коронавирус 0,958607 0,001793
COVID 1,096910 0,002052
Прощание 0,958607 0,001793
с 0,102373 0,000958
Владимиром 0,677781 0,001268
Жириновским 0,585027 0,001642
Прямой 0,823909 0,001541
эфир 0,795880 0,001489
утратыполитика 1,698970 0,003179
онлайн 0,508638 0,001427
Евро 1,301030 0,003651
опустился 1,301030 0,003651
ниже 0,920819 0,002584
рублей 0,585027 0,001642
впервые 0,744727 0,002090
июля 0,958607 0,002690
года 0,356547 0,001001
экономика 1,522879 0,004274
Москвичей 1,522879 0,004274
предупредили 1,096910 0,003078
о 0,136677 0,001151
порывистом 1,698970 0,004768
ветре 1,522879 0,004274
дождем 1,522879 0,004274
обществопогода 1,698970 0,003179
Собянин 1,397940 0,002615
представил 1,221849 0,002286
крупные 1,221849 0,002286
проекты 0,698970 0,001308
благоустройства 1,522879 0,002849
ЮАО 1,698970 0,003179
году 0,602060 0,001690
смотреть 0,769551 0,004319
все 0,292430 0,001641
Поддержка 1,154902 0,002161
семей 1,221849 0,002286
когда 0,585027 0,001642
и 0,075721 0,000921
кто 0,494850 0,000926
сможет 1,096910 0,002052
получить 0,769551 0,001440
пособие 1,397940 0,002615
на 0,075721 0,000921
детей 0,431798 0,000808
от 0,193820 0,000544
до 0,244125 0,000685
лет 0,366532 0,000686
Трехлитровая 1,698970 0,003179
банка 1,301030 0,002434
меда 1,522879 0,002849
бюст 1,698970 0,003179
Есенина 1,301030 0,002434
что 0,187087 0,000525
забыли 1,522879 0,002849
поездах 1,522879 0,002849
МЦД 1,522879 0,002849
Церемония 1,154902 0,002161
прощания 1,045757 0,001957
завершилась 1,301030 0,002434
Доме 1,522879 0,002849
Союзов 1,045757 0,001957
Москве 0,455932 0,001706
Песков 0,744727 0,001393
рассказал 0,619789 0,001160
будет 0,387216 0,000724
c 0,920819 0,001723
российским 0,823909 0,002312
углем 1,698970 0,003179
после 0,397940 0,000745
эмбарго 1,301030 0,002434
ЕС 0,920819 0,003446
Суд 1,154902 0,002161
снял 1,221849 0,002286
часть 0,795880 0,001489
запретов 1,698970 0,003179
блогера 1,522879 0,002849
Хованского 1,698970 0,003179
заморозил 1,522879 0,002849
активы 1,522879 0,002849
российских 0,468521 0,000877
граждан 1,045757 0,001957
млрд 1,221849 0,003429
евро 0,823909 0,001541
Кремле 1,045757 0,001957
рассказали 0,744727 0,001393
планируют 1,096910 0,002052
завершить 1,522879 0,002849
спецоперацию 1,096910 0,002052
Украине 0,537602 0,001006
Ефимов 1,522879 0,002849
арендаторы 1,698970 0,003179
столичной 1,698970 0,003179
земли 1,154902 0,002161
получили 1,045757 0,001957
отсрочку 1,522879 0,002849
платежей 1,698970 0,003179
руб 1,154902 0,002161
Московский 1,096910 0,002052
театр 1,221849 0,002286
иллюзий 1,221849 0,002286
представит 1,698970 0,003179
Сказку 1,698970 0,003179
белом 1,698970 0,003179
тигре 1,522879 0,002849
Минобороны 0,698970 0,001308
опровергли 1,301030 0,002434
нанесение 1,522879 0,002849
Россией 0,795880 0,001489
удара 0,823909 0,001541
вокзалу 0,853872 0,001598
Краматорска 1,045757 0,001957
вводит 1,301030 0,002434
персональные 1,698970 0,003179
санкции 0,744727 0,001393
отношении 0,853872 0,001598
физлиц 1,522879 0,002849
организаций 1,397940 0,003923
Однополярный 1,698970 0,004768
мир 0,552842 0,001551
рухнул 1,698970 0,004768
Какие 0,721246 0,002024
последствия 1,096910 0,003078
несет 1,301030 0,004868
приостановка 1,522879 0,004274
членства 1,221849 0,003429
РФ 0,568636 0,003192
СПЧ 0,920819 0,002584
ООН 0,823909 0,002312
Банк 1,045757 0,001957
России 0,251812 0,000471
снизил 0,698970 0,001308
ключевую 0,677781 0,001268
ставку 0,657577 0,001230
годовых 0,886057 0,001658
политикаэксклюзив 1,698970 0,003179
РЖД 1,522879 0,002849
зафиксируют 1,698970 0,003179
стоимость 1,301030 0,002434
билетов 1,154902 0,002161
Сапсаны 1,522879 0,002849
праздничные 1,698970 0,003179
мая 0,823909 0,001541
транспорт 1,397940 0,002615
помыли 1,698970 0,003179
памятник 1,096910 0,003078
Юрию 1,522879 0,002849
Гагарину 1,522879 0,002849
преддверии 1,397940 0,002615
Дня 1,096910 0,002052
космонавтики 1,397940 0,002615
Специалисты 1,522879 0,002849
промыли 1,698970 0,003179
водой 1,301030 0,002434
затем 1,301030 0,002434
нанесли 1,096910 0,002052
специальное 1,698970 0,003179
моющее 1,698970 0,003179
средство 1,397940 0,002615
Тель 1,221849 0,002286
Авиве 1,397940 0,002615
ликвидировали 1,301030 0,002434
террориста 1,397940 0,002615
открывшего 1,698970 0,003179
огонь 1,522879 0,002849
людям 1,221849 0,002286
Стрельба 1,522879 0,002849
велась 1,522879 0,002849
нескольких 1,522879 0,002849
местах 1,301030 0,002434
центре 0,920819 0,001723
города 0,698970 0,001308
происшествияза 1,698970 0,003179
рубежомвидео 1,698970 0,003179
Иван 0,744727 0,002090
Лозовой 1,698970 0,004768
Кристина 1,154902 0,003241
Курума 1,698970 0,004768
Туроператоры 1,698970 0,003179
предложат 1,397940 0,002615
туристам 1,522879 0,002849
стран 1,045757 0,001957
для 0,119186 0,000223
отдыха 1,397940 0,002615
майские 1,301030 0,002434
праздники 0,886057 0,001658
туризмвидео 1,698970 0,003179
открылся 1,397940 0,002615
форум 1,301030 0,002434
выставка 1,221849 0,002286
ГОСЗАКАЗ 1,698970 0,003179
Специальный 1,154902 0,002161
проект 0,744727 0,001393
травле 1,698970 0,003179
борьбе 1,096910 0,002052
ней 0,823909 0,001541
Вакансии 0,657577 0,001230
Facebook 0,958607 0,002690
Vkontakte 1,397940 0,003923
Twitter 0,853872 0,002396
Одноклассники 0,823909 0,002312
YouTube 0,823909 0,001541
Instagram 1,221849 0,003429
Telegram 0,769551 0,002160
Viber 1,522879 0,004274
ICQ 1,397940 0,003923
Настройки 1,221849 0,002286
телеэфира 1,397940 0,002615
Перечень 1,522879 0,002849
запрещенных 1,522879 0,002849
Все 0,148742 0,000278
права 0,431798 0,000808
материалы 0,537602 0,001509
находящиеся 1,698970 0,003179
сайте 0,431798 0,000808
m 1,397940 0,007846
ru 0,187087 0,001050
охраняются 1,221849 0,002286
соответствии 0,795880 0,001489
законодательством 0,823909 0,001541
том 0,568636 0,001064
числе 1,045757 0,001957
об 0,292430 0,000547
авторском 1,301030 0,002434
праве 1,301030 0,002434
смежных 1,301030 0,002434
правах 1,045757 0,001957
При 0,769551 0,001440
любом 1,154902 0,002161
использовании 1,221849 0,002286
материалов 0,585027 0,001095
сайта 0,522879 0,000978
ссылка 1,154902 0,002161
обязательна 1,154902 0,002161
Редакция 0,769551 0,001440
не 0,142668 0,000400
ответственности 1,154902 0,002161
информацию 0,721246 0,001349
мнения 1,221849 0,002286
высказанные 1,522879 0,002849
комментариях 1,522879 0,002849
читателей 0,958607 0,002690
новостных 1,698970 0,003179
материалах 1,397940 0,002615
составленных 1,522879 0,002849
основе 0,958607 0,001793
сообщений 1,698970 0,003179
СМИ 0,481486 0,000901
сетевое 1,221849 0,003429
издание 0,657577 0,001845
Городской 1,522879 0,004274
информационный 1,397940 0,003923
канал 0,920819 0,002584
зарегистрировано 0,823909 0,001541
Федеральной 0,619789 0,001160
службе 0,920819 0,001723
надзору 0,619789 0,001160
сфере 0,552842 0,001034
связи 0,455932 0,001280
информационных 0,585027 0,001095
технологий 0,568636 0,001064
массовых 0,568636 0,001064
коммуникаций 0,585027 0,001095
Свидетельство 0,721246 0,001349
регистрации 0,638272 0,001194
средства 1,154902 0,002161
массовой 1,000000 0,003742
информации 0,698970 0,002615
Эл 0,721246 0,001349
ФС 0,522879 0,000978
апреля 0,301030 0,000563
г 0,602060 0,002253
Средство 1,301030 0,002434
создано 1,698970 0,003179
при 0,468521 0,000877
финансовой 1,154902 0,002161
поддержке 1,096910 0,002052
Департамента 1,522879 0,002849
средств 1,301030 0,002434
С 0,455932 0,000853
АО 0,795880 0,002234
Медиа 0,958607 0,002690
Учредитель 0,698970 0,001308
редакция 1,154902 0,002161
Главный 0,585027 0,001095
редактор 0,585027 0,001095
И 0,408935 0,000765
Л 1,096910 0,002052
Шестаков 1,698970 0,003179
Адрес 0,721246 0,001349
редакции 0,481486 0,000901
ул 1,000000 0,001871
Правды 1,522879 0,002849
д 0,886057 0,001658
стр 1,096910 0,002052
Почта 1,154902 0,002161
mosmed 1,698970 0,003179
обработки 0,958607 0,001793
персональных 0,769551 0,001440
данных 0,657577 0,001230
Регламент 1,698970 0,003179
GDPR 1,522879 0,002849
Включить 1,397940 0,002615
уведомления 1,522879 0,002849
Информация 0,886057 0,003315
погоде 1,698970 0,003179
предоставлена 1,698970 0,006357
Центром 1,698970 0,003179
ФОБОС 1,698970 0,003179
курсах 1,522879 0,002849
Центральным 1,698970 0,003179
банком 1,698970 0,003179
Российской 0,769551 0,002160
Федерации 0,795880 0,002234
пробках 1,698970 0,003179
ООО 0,853872 0,001598
Яндекс 0,638272 0,001194
Пробки 1,397940 0,002615
сетевом 1,522879 0,002849
издании 1,397940 0,002615
могут 0,522879 0,000978
быть 0,431798 0,000808
использованы 1,698970 0,003179
интернет 0,657577 0,001230
ресурсов 1,301030 0,002434
владельцем 1,698970 0,003179
которых 0,677781 0,001268
является 0,853872 0,001598
компания 0,958607 0,001793
Meta 1,301030 0,002434
Platforms 1,522879 0,002849
Inc 1,154902 0,002161
запрещенная 1,698970 0,003179
территории 1,096910 0,002052
Партнер 1,397940 0,002615
Рамблера 1,397940 0,002615
закрыть 1,096910 0,002052
обратной 1,301030 0,002434
Имя 1,154902 0,002161
Контакт 1,301030 0,002434
Файл 1,522879 0,002849
Прикрепить 1,698970 0,003179
файл 1,301030 0,002434
Сообщение 1,221849 0,002286
Отправить 1,045757 0,001957
Следите 1,522879 0,002849
новостями 1,397940 0,002615
Больше 0,886057 0,001658
показывать 1,301030 0,002434
