Первый 0,853872 0,024931
канал 0,920819 0,033607
Новости 0,221849 0,004858
Видео 0,431798 0,006304
Телепрограмма 1,000000 0,021898
Прямой 0,823909 0,012028
эфир 0,795880 0,011619
Главная 0,823909 0,012028
Смотрите 1,221849 0,035674
на 0,075721 0,001658
Первом 1,698970 0,037204
в 0,070581 0,001546
соцсетях 1,045757 0,015267
Эфир 0,958607 0,013994
Шоу 0,744727 0,010872
Фильмы 0,744727 0,010872
и 0,075721 0,001658
сериалы 0,920819 0,013443
Спорт 0,537602 0,007848
news 1,154902 0,016860
tv 1,096910 0,016013
ru 0,187087 0,002731
Выпуски 1,301030 0,018993
новостей 0,619789 0,013572
Все 0,148742 0,004343
выпуски 1,221849 0,017837
Title 1,698970 0,024802
is 1,096910 0,016013
loading 1,698970 0,024802
Показать 0,886057 0,012935
еще 0,408935 0,005970
без 0,387216 0,005653
рекламы 0,823909 0,012028
Телепроекты 1,698970 0,024802
Первого 1,698970 0,049605
канала 1,000000 0,036496
Спецпроекты 0,657577 0,009600
первого 1,000000 0,014599
Онлайн 0,769551 0,011234
кинотеатр 1,397940 0,020408
Кино 0,677781 0,009895
ТВ 0,657577 0,009600
Вещание 1,397940 0,020408
за 0,180456 0,002634
рубежом 1,397940 0,020408
отелях 1,397940 0,020408
мира 0,537602 0,007848
Телеканал 0,769551 0,011234
для 0,119186 0,001740
детей 0,431798 0,006304
юношества 1,397940 0,020408
Скачайте 1,522879 0,022232
мобильное 1,397940 0,020408
приложение 0,920819 0,013443
мобильные 1,522879 0,022232
приложения 1,045757 0,015267
права 0,431798 0,006304
защищены 0,602060 0,008789
