Новости 0,221849 0,000387
России 0,251812 0,001428
и 0,075721 0,000726
мира 0,537602 0,000703
Новостной 1,522879 0,000996
портал 0,823909 0,000539
Московский 1,096910 0,001674
Комсомолец 1,522879 0,001992
МК 1,522879 0,009962
Спорт 0,537602 0,000469
Авто 0,853872 0,001117
Взгляд 1,397940 0,000610
Охотники 1,397940 0,000914
ру 0,886057 0,000580
WomanHit 1,522879 0,000664
ru 0,187087 0,000286
Промокоды 1,221849 0,000799
Наш 1,045757 0,000456
Telegram 0,769551 0,000503
Предназначено 1,698970 0,000741
для 0,119186 0,000182
лиц 1,045757 0,000684
старше 1,000000 0,000436
шестнадцати 1,522879 0,000664
лет 0,366532 0,000480
Найти 0,853872 0,000372
Выбрать 1,096910 0,000478
регион 1,397940 0,000610
Курсы 1,221849 0,000533
валюты 1,301030 0,000567
Свежий 1,221849 0,000533
номер 0,920819 0,000602
Подписка 0,853872 0,000559
Вконтакте 1,045757 0,000456
в 0,070581 0,001308
Одноклассниках 1,301030 0,000567
Twitter 0,853872 0,000372
Viber 1,522879 0,000664
Яндекс 0,638272 0,000278
Дзен 1,000000 0,000436
Политика 0,443697 0,000581
Экономика 0,568636 0,000620
Происшествия 0,823909 0,000898
Общество 0,638272 0,000696
спорт 1,154902 0,001007
Культура 0,638272 0,000696
Наука 0,638272 0,000696
Москва 0,508638 0,000776
Подмосковье 1,221849 0,001066
Видео 0,431798 0,000847
Фото 0,886057 0,002319
Дни 1,522879 0,000996
рождения 0,677781 0,000739
Важные 1,397940 0,000914
Песков 0,744727 0,001786
ответил 1,698970 0,001852
про 0,568636 0,000744
голосование 1,522879 0,000664
Сербии 1,221849 0,000533
Венгрии 1,522879 0,000664
против 0,387216 0,000507
В 0,167491 0,000730
Германии 1,000000 0,000654
заявили 1,397940 0,000914
о 0,136677 0,000507
готовности 1,397940 0,000914
платить 1,096910 0,000957
за 0,180456 0,000866
газ 1,154902 0,000755
только 0,309804 0,000338
евро 0,823909 0,000719
долларах 1,522879 0,000996
Путин 0,721246 0,000629
пригласил 1,397940 0,000610
президента 0,958607 0,000627
Туркмении 1,698970 0,000741
посетить 1,045757 0,000456
Россию 0,568636 0,000248
Дочь 1,522879 0,000996
Анастасия 1,154902 0,000755
ее 0,508638 0,000444
мать 0,958607 0,000627
последними 1,698970 0,001111
попрощались 1,698970 0,001111
с 0,102373 0,000670
Жириновским 0,585027 0,000893
объяснил 0,769551 0,001175
отсутствие 1,154902 0,000755
почетного 1,522879 0,000996
караула 1,397940 0,000914
при 0,468521 0,000306
прощании 1,397940 0,000914
Путина 0,886057 0,000773
главе 1,522879 0,000664
Еврокомиссии 1,301030 0,000567
насчет 1,397940 0,000610
оплаты 1,301030 0,000567
газа 1,221849 0,000533
рублями 1,522879 0,000664
отказ 1,096910 0,000718
от 0,193820 0,000254
российского 0,823909 0,000719
угля 1,000000 0,000654
Европе 0,886057 0,000580
прокомментировал 1,154902 0,001259
трагедию 1,698970 0,001482
Краматорске 0,823909 0,001078
Владимир 0,431798 0,000565
Ефимов 1,522879 0,000664
МСП 1,522879 0,000664
выкупили 1,698970 0,000741
у 0,387216 0,000338
города 0,698970 0,000457
объектов 1,301030 0,000567
нежилой 1,698970 0,000741
недвижимости 1,301030 0,000567
Вклады 1,698970 0,000741
Локо 1,698970 0,000741
Банка 1,698970 0,000741
счет 1,000000 0,000436
вашу 1,522879 0,000664
пользу 1,301030 0,000567
Все 0,148742 0,000162
новости 0,420216 0,000458
Еще 0,585027 0,000383
материалы 0,537602 0,000352
Спецпроекты 0,657577 0,000287
Заглянуть 1,698970 0,000741
будущее 0,795880 0,000521
просто 0,657577 0,000430
Новогодние 1,397940 0,000610
каникулы 1,301030 0,000567
Экология 1,221849 0,000533
Будь 1,301030 0,000567
уверен 1,522879 0,000664
завтра 1,154902 0,000755
Шесть 1,301030 0,000567
историй 1,096910 0,000478
том 0,568636 0,000496
как 0,251812 0,000824
ноутбук 1,522879 0,000664
стал 0,585027 0,000383
частью 1,096910 0,000478
жизни 0,443697 0,000194
Новое 0,958607 0,000418
об 0,292430 0,000255
образовании 1,301030 0,000567
ЕГЭ 1,154902 0,000504
это 0,292430 0,000255
Всероссийский 1,397940 0,000610
конкурс 0,920819 0,000402
учитель 1,698970 0,001111
года 0,356547 0,000389
Мой 0,853872 0,000372
Голоса 1,522879 0,000664
онлайн 0,508638 0,000665
выбор 1,000000 0,000654
Золотой 1,045757 0,000456
Возраст 1,522879 0,000664
Твой 1,698970 0,000741
Путеводитель 1,096910 0,000478
по 0,124939 0,000245
Национальным 1,698970 0,000741
Проектам 1,698970 0,000741
Школа 1,154902 0,000504
Будущего 1,698970 0,000741
Социальная 1,301030 0,000567
навигация 1,698970 0,000741
О 0,207608 0,000181
чем 0,420216 0,000183
молчат 1,698970 0,000741
мужчины 0,920819 0,000402
Мир 0,698970 0,000305
подарок 1,221849 0,000533
атомщики 1,698970 0,000741
определившие 1,698970 0,000741
ход 1,045757 0,000684
всемирной 1,698970 0,000741
истории 0,657577 0,000430
Век 1,522879 0,000664
Московским 1,698970 0,000741
комсомольцем 1,698970 0,000741
История 0,494850 0,000324
любви 0,677781 0,000296
драйва 1,698970 0,000741
Моквичам 1,698970 0,000741
предложили 1,301030 0,000851
проверить 1,045757 0,000456
свои 0,698970 0,000457
силы 0,958607 0,000418
на 0,075721 0,000875
платформе 1,096910 0,000478
краудсорсинга 1,698970 0,000741
Строим 1,698970 0,000741
Храм 1,522879 0,000664
Победы 1,000000 0,000654
вместе 0,769551 0,000336
Проверь 1,522879 0,000664
свою 0,638272 0,000278
конституцию 1,698970 0,000741
Знаете 1,698970 0,000741
ли 0,397940 0,000347
вы 0,420216 0,000275
что 0,187087 0,000245
дадут 1,397940 0,000610
изменения 1,397940 0,000610
основной 1,397940 0,000610
закон 1,221849 0,000533
Чудеса 1,397940 0,000610
новой 0,769551 0,000336
реальности 1,154902 0,000504
Посылки 1,698970 0,000741
без 0,387216 0,000169
очереди 1,221849 0,000533
несколько 0,795880 0,000347
касаний 1,698970 0,000741
Забота 1,522879 0,000664
будущих 1,397940 0,000610
поколениях 1,698970 0,000741
реализация 1,698970 0,000741
нацпроекта 1,698970 0,000741
экология 1,522879 0,000664
Окажись 1,698970 0,000741
месте 0,886057 0,000386
журналиста 1,522879 0,000664
проникни 1,698970 0,000741
легендарную 1,522879 0,000664
колонию 1,522879 0,000664
Полярная 1,698970 0,000741
сова 1,698970 0,000741
Самые 0,920819 0,000402
популярные 1,000000 0,000436
из 0,167491 0,000621
свежий 1,522879 0,000664
материалов 0,585027 0,000383
Спецоперация 1,096910 0,000478
Украине 0,537602 0,000703
трансляция 1,154902 0,000755
апреля 0,301030 0,000263
Россия 0,455932 0,000199
продолжает 1,045757 0,000456
спецоперацию 1,096910 0,000478
обсудил 1,096910 0,000478
постоянным 1,698970 0,000741
членами 1,698970 0,000741
Совбеза 1,522879 0,000664
РФ 0,568636 0,001116
отметили 1,522879 0,000996
необходимость 1,522879 0,000664
активного 1,522879 0,000664
противодействия 1,698970 0,000741
информационным 1,698970 0,000741
диверсиям 1,698970 0,000741
украинской 1,154902 0,000504
стороны 1,301030 0,000567
было 0,585027 0,000383
Буче 0,958607 0,000418
Тем 1,522879 0,000664
временем 1,397940 0,000610
Минфин 1,096910 0,000478
США 0,508638 0,000333
обнародовал 1,698970 0,000741
список 0,823909 0,000539
граждан 1,045757 0,000912
компаний 1,045757 0,000456
отношении 0,853872 0,000372
которых 0,677781 0,000296
вводятся 1,522879 0,000664
санкции 0,744727 0,000325
Туда 1,698970 0,000741
вошли 1,522879 0,000664
физических 1,522879 0,000664
российских 0,468521 0,000919
структур 1,522879 0,000664
Сюжет 1,221849 0,007726
MK 1,522879 0,001992
RU 0,886057 0,000773
Прощание 0,958607 0,000418
похороны 1,301030 0,000851
Владимира 0,721246 0,000786
Жириновского 0,657577 0,001577
Михаил 0,568636 0,000620
Верный 1,698970 0,000741
Елена 0,769551 0,001007
Егорова 1,522879 0,000996
Ирина 0,886057 0,000773
Боброва 1,698970 0,000741
Антон 0,958607 0,000836
Размахнин 1,698970 0,001111
Дмитрий 0,602060 0,000656
Попов 1,522879 0,000996
Бричкалевич 1,698970 0,000741
Хирурги 1,698970 0,001111
добровольцы 1,698970 0,001111
рассказали 0,744727 0,000650
работе 1,154902 0,000755
Донецке 1,698970 0,001111
под 0,376751 0,000411
обстрелами 1,698970 0,001111
Светлана 1,045757 0,000912
Самоделова 1,698970 0,001111
Соколова 1,522879 0,000996
Пушилин 1,096910 0,000478
заявил 0,744727 0,000650
ударе 0,853872 0,000372
ВСУ 0,744727 0,000325
двумя 1,096910 0,000478
ракетами 1,301030 0,000567
Точка 0,795880 0,000521
У 0,431798 0,000377
Краматорску 0,744727 0,000487
Николай 0,744727 0,000812
Филиппов 1,522879 0,001660
Экономист 1,221849 0,000799
предсказал 1,522879 0,000664
появление 1,522879 0,000664
новых 0,508638 0,000333
челноков 1,698970 0,000741
фарцовщиков 1,698970 0,000741
Александр 0,468521 0,000409
Лучкин 1,698970 0,001111
Украина 0,698970 0,000305
обострение 1,698970 0,000741
Только 0,958607 0,000418
Озвучен 1,698970 0,000741
сценарий 1,221849 0,000533
операции 0,920819 0,000402
Донецкая 1,698970 0,000741
дуга 1,698970 0,000741
начнется 1,522879 0,000664
со 0,387216 0,000169
дня 0,494850 0,000540
день 0,585027 0,000510
Специальная 1,301030 0,000567
операция 1,000000 0,000872
освобождению 1,698970 0,000741
Мариуполя 0,853872 0,000559
практически 1,096910 0,000718
завершена 1,698970 0,000741
Локальные 1,522879 0,000664
очаги 1,698970 0,000741
сопротивления 1,698970 0,000741
боевиков 1,522879 0,000664
украинских 0,795880 0,000521
нацформирований 1,698970 0,000741
еще 0,408935 0,001159
остаются 1,397940 0,000610
окраинах 1,698970 0,000741
то 0,537602 0,000352
время 0,366532 0,000160
центр 0,638272 0,000835
уже 0,602060 0,000394
полностью 0,795880 0,000521
перешел 1,522879 0,000664
контроль 1,221849 0,000533
сил 1,096910 0,000478
Донецкой 1,221849 0,000533
народной 1,397940 0,000610
республики 1,301030 0,000567
дальше 0,886057 0,000386
может 0,397940 0,000434
развиваться 1,698970 0,000741
специальная 1,698970 0,001111
военная 1,301030 0,000851
рассказал 0,619789 0,000676
военный 1,221849 0,000533
эксперт 1,221849 0,000533
Евгений 0,698970 0,000305
Линин 1,698970 0,000741
Лина 1,698970 0,000741
Корсак 1,698970 0,000741
Раскрыты 1,698970 0,001111
детали 1,397940 0,000914
биографии 1,221849 0,000799
задержанного 1,522879 0,001328
нападение 1,522879 0,000996
Дмитрия 1,301030 0,001418
Муратова 1,154902 0,001259
Стали 1,522879 0,000664
известны 1,397940 0,000610
некоторые 1,096910 0,000478
подробности 1,154902 0,000504
Ильи 1,397940 0,000610
Марковца 1,698970 0,000741
подозрению 1,522879 0,000664
нападении 1,096910 0,000478
главного 1,045757 0,000456
редактора 1,096910 0,000478
Новой 1,045757 0,000456
газеты 0,958607 0,001045
Нобелевского 1,522879 0,000664
лауреата 1,698970 0,000741
Сергей 0,468521 0,000919
Борисов 1,522879 0,000996
Раскрылась 1,698970 0,000741
подноготная 1,698970 0,000741
командира 1,522879 0,000664
Грузинского 1,522879 0,000996
легиона 1,522879 0,000996
убивавшего 1,698970 0,000741
русских 0,853872 0,000372
пленных 1,397940 0,000610
Командир 1,698970 0,000741
воюющего 1,698970 0,000741
стороне 1,522879 0,000664
Киева 1,045757 0,000456
экстремистского 1,698970 0,000741
Мамука 1,698970 0,000741
Мамулашвили 1,522879 0,000996
его 0,376751 0,000164
подразделение 1,698970 0,000741
не 0,142668 0,000311
будет 0,387216 0,000422
брать 1,397940 0,000610
плен 1,221849 0,000533
солдат 1,096910 0,000478
кадыровцев 1,698970 0,000741
Так 1,045757 0,000456
он 0,568636 0,000744
очередное 1,301030 0,000567
видео 0,568636 0,001860
убийством 1,698970 0,000741
военнопленных 1,698970 0,000741
распространяемое 1,698970 0,000741
Сети 1,301030 0,000567
одном 0,958607 0,000418
убийц 1,221849 0,000533
опознали 1,698970 0,000741
подчиненного 1,698970 0,000741
бывшего 1,154902 0,000504
охранника 1,698970 0,000741
экс 1,221849 0,000533
Грузии 1,301030 0,000567
Саакашвили 1,698970 0,000741
Марина 0,958607 0,000836
Перевозкина 1,698970 0,000741
Раскрыт 1,698970 0,000741
смысл 1,221849 0,000533
поджога 1,698970 0,000741
двух 0,886057 0,000773
кораблей 1,522879 0,000664
порту 1,522879 0,000664
Алимов 1,698970 0,000741
Олимпийцы 1,698970 0,000741
выступили 1,397940 0,000610
отстранения 1,698970 0,000741
россиян 0,744727 0,000487
удивились 1,698970 0,000741
Яна 1,000000 0,000436
Илиюте 1,698970 0,000741
Пандемия 1,301030 0,000567
коронавируса 0,886057 0,000966
Москве 0,455932 0,000398
зафиксировано 1,522879 0,000996
случаев 1,045757 0,000912
сутки 0,795880 0,000521
выявили 1,221849 0,000533
За 0,568636 0,000496
мире 0,468521 0,000306
говорят 1,000000 0,000654
слова 1,096910 0,000718
значительных 1,301030 0,000567
потерях 1,096910 0,000478
Минобороны 0,698970 0,000305
прокомментировало 1,698970 0,000741
провокацию 1,397940 0,000610
Кардиолог 1,698970 0,000741
схеме 1,698970 0,000741
спасения 1,397940 0,000610
тяжелораненых 1,698970 0,000741
военных 0,795880 0,000521
Наталия 1,522879 0,001328
Трушина 1,698970 0,001482
Свободная 1,698970 0,000741
тема 1,301030 0,000567
Тридцать 1,522879 0,000664
украинства 1,522879 0,000664
Татьяна 1,000000 0,000436
Шабаева 1,698970 0,000741
журналист 1,154902 0,000504
переводчик 1,698970 0,000741
Злоба 1,698970 0,001482
Госдуму 1,522879 0,000664
внесен 1,698970 0,000741
абсурдный 1,698970 0,000741
законопроект 1,154902 0,000504
Ни 1,221849 0,000533
одно 1,045757 0,000456
СМИ 0,481486 0,000315
сможет 1,096910 0,000478
работать 1,045757 0,000456
Ева 1,397940 0,000610
Меркачева 1,698970 0,000741
Фоторепортажи 1,397940 0,000914
Володин 1,301030 0,000851
Дегтярев 1,698970 0,000741
патриарх 1,522879 0,000664
Кирилл 1,301030 0,000567
кадры 1,000000 0,001090
отпевания 1,698970 0,000741
Галерея 1,221849 0,000799
Акинфееву 1,698970 0,000741
вспоминаем 1,698970 0,000741
вратарей 1,522879 0,000664
чьи 1,698970 0,000741
карьеры 1,301030 0,000567
погубил 1,698970 0,000741
Дом 0,698970 0,000457
сарай 1,698970 0,000741
Казахстане 1,301030 0,000851
фото 0,657577 0,000860
родины 1,397940 0,000610
главы 1,045757 0,000456
ЛДПР 0,744727 0,000650
Шойгу 1,301030 0,000567
Силуанов 1,698970 0,000741
Матвиенко 1,522879 0,000664
докладе 1,698970 0,000741
Мишустина 1,397940 0,000610
Госдуме 1,045757 0,000684
эмоции 1,698970 0,000741
политиков 1,301030 0,000567
Екатерина 0,920819 0,000803
Стриженова 1,698970 0,000741
вернулась 1,397940 0,000610
Москву 0,886057 0,000386
вопреки 1,397940 0,000610
слухам 1,522879 0,000664
галерея 1,221849 0,001599
телеведущей 1,698970 0,000741
Русская 1,045757 0,000456
красавица 1,522879 0,000664
подерется 1,698970 0,000741
королевы 1,397940 0,000610
ММА 1,397940 0,000610
Мохнаткиной 1,698970 0,000741
Италии 1,154902 0,000504
пытались 1,698970 0,000741
сжечь 1,698970 0,000741
виллу 1,698970 0,000741
Соловьева 1,397940 0,000610
телеведущего 1,698970 0,000741
Джеки 1,397940 0,000610
Чан 1,522879 0,000664
отмечает 1,397940 0,000610
менялся 1,397940 0,001219
легендарный 1,301030 0,000567
актер 1,000000 0,000436
Карякин 1,301030 0,001418
попросил 1,301030 0,000567
помощи 1,045757 0,000456
лечении 1,698970 0,000741
онкологии 1,522879 0,000664
фотографии 1,154902 0,000504
артиста 1,397940 0,000610
Умер 1,096910 0,000478
Жириновский 0,677781 0,000591
глава 0,958607 0,000418
девяностых 1,522879 0,000664
Паулину 1,522879 0,000664
Андрееву 1,522879 0,000664
заметили 1,301030 0,000567
Чубайсом 1,522879 0,000664
Стамбуле 1,154902 0,000504
жены 1,045757 0,000456
Бондарчука 1,698970 0,000741
Новая 0,823909 0,000359
жена 1,000000 0,000654
Павла 1,301030 0,000851
Мамаева 1,698970 0,000741
объявила 1,301030 0,000567
ждет 0,853872 0,000559
ребенка 0,823909 0,000359
будущей 1,698970 0,000741
мамы 1,397940 0,000610
С 0,455932 0,000199
Вячеслава 1,522879 0,000664
Зайцева 1,397940 0,000610
потребовали 1,698970 0,000741
почти 0,853872 0,000372
млн 0,886057 0,000386
рублей 0,585027 0,000510
модельера 1,522879 0,000664
Макаревич 1,397940 0,000610
выругался 1,698970 0,000741
осуждающих 1,698970 0,000741
эмиграцию 1,698970 0,000741
музыканта 1,698970 0,000741
открылась 1,522879 0,000664
выставка 1,221849 0,000533
к 0,207608 0,000272
летию 1,221849 0,000533
Тарковского 1,397940 0,000610
экспозиции 1,221849 0,000533
Теннисист 1,698970 0,000741
Ник 1,397940 0,000610
Кирьос 1,698970 0,000741
вернется 1,522879 0,000664
корт 1,698970 0,000741
ради 1,096910 0,000478
девушки 1,096910 0,000478
хочет 1,000000 0,000436
показать 1,397940 0,000610
ей 1,045757 0,000684
Париж 1,301030 0,000567
Зверев 1,698970 0,000741
пожаловался 1,522879 0,000664
финансовые 1,522879 0,000664
трудности 1,301030 0,000567
архивные 1,522879 0,000664
стилиста 1,698970 0,000741
Кадры 1,301030 0,000851
прощания 1,045757 0,000684
актрисой 1,698970 0,001111
Александрой 1,698970 0,000741
Яковлевой 1,221849 0,000533
пришли 1,154902 0,000755
Розенбаум 1,698970 0,000741
Ургант 1,397940 0,000610
Гимнастка 1,698970 0,000741
Еремина 1,698970 0,000741
сообщила 1,397940 0,000610
уходе 1,522879 0,000664
спорта 0,958607 0,000836
выгорания 1,698970 0,000741
спортсменки 1,698970 0,000741
Постаревшего 1,698970 0,000741
Хью 1,301030 0,000567
Лори 1,698970 0,000741
узнали 1,301030 0,000567
поклонники 1,698970 0,000741
Доктор 0,853872 0,000372
Хаус 1,301030 0,000567
Член 1,301030 0,000567
экипажа 1,522879 0,000664
сбитого 1,698970 0,000741
украинского 1,096910 0,000478
вертолета 1,522879 0,000664
попытке 1,522879 0,000664
вывезти 1,301030 0,000567
руководителей 1,522879 0,000664
Азова 1,397940 0,000610
Дарья 1,154902 0,001007
Никитская 1,698970 0,001111
Кадыров 0,958607 0,000418
Мариуполь 1,096910 0,000478
освобожден 1,154902 0,000504
Карина 1,522879 0,000664
Алексеева 1,397940 0,000610
Названо 1,698970 0,001111
имя 0,886057 0,000386
прибыл 1,397940 0,000610
прощание 1,221849 0,000533
Союзов 1,045757 0,000456
Хохряков 1,698970 0,000741
Эксперт 1,045757 0,000912
зачем 0,853872 0,000372
Европа 0,853872 0,000372
отменяет 1,698970 0,000741
ограничения 1,221849 0,000533
въезд 1,522879 0,000664
материала 1,397940 0,003963
Евросоюз 1,000000 0,000436
принял 1,000000 0,000436
пятый 0,920819 0,000402
блок 1,397940 0,000610
санкций 0,677781 0,000591
Ерусалимский 1,698970 0,000741
ЦБ 0,795880 0,000347
снизил 0,698970 0,000305
ключевую 0,677781 0,000296
ставку 0,657577 0,000287
до 0,244125 0,000319
Аналитик 1,301030 0,000567
почему 0,494850 0,000216
укрепляется 1,522879 0,000664
рубль 1,045757 0,000456
Егор 1,221849 0,000533
Гаврилов 1,698970 0,000741
Bloomberg 1,698970 0,000741
раскрыл 1,221849 0,000533
прогноз 1,301030 0,000567
росту 1,397940 0,000610
безработицы 1,698970 0,000741
Италия 1,301030 0,000567
жалуется 1,522879 0,000664
последствия 1,096910 0,000478
антироссийских 1,096910 0,000478
вина 1,698970 0,000741
часов 0,958607 0,000627
Андрей 0,552842 0,000362
Яшлавский 1,698970 0,001111
Автовзгляд 1,698970 0,000741
Производство 1,522879 0,000664
бензина 1,397940 0,000610
остановиться 1,397940 0,000610
На 0,283997 0,000310
каких 1,000000 0,000436
автомобилях 1,397940 0,000610
любил 1,096910 0,000478
ездить 1,301030 0,000567
лидер 1,096910 0,000478
Какие 0,721246 0,000315
дешевые 1,522879 0,000664
автомобили 1,045757 0,000684
появятся 1,397940 0,000610
благодаря 0,853872 0,000372
спецоперации 0,744727 0,000487
Womanhit 1,698970 0,000741
недели 0,769551 0,000336
Повереннова 1,698970 0,000741
показала 1,221849 0,000533
мужа 1,221849 0,000533
а 0,327902 0,000358
Кудрявцевой 1,698970 0,000741
вторглись 1,698970 0,000741
непрошенные 1,698970 0,000741
гости 1,221849 0,000533
Лиза 1,221849 0,000533
Арзамасова 1,698970 0,000741
Никакая 1,698970 0,000741
работа 0,920819 0,000402
быть 0,431798 0,000188
важнее 1,698970 0,000741
личного 1,397940 0,000610
способа 1,522879 0,000664
спрятать 1,698970 0,000741
наличные 1,698970 0,000741
чтобы 0,481486 0,000210
стать 0,795880 0,000347
жертвой 1,522879 0,000664
мошенников 1,301030 0,000567
Опубликовано 1,522879 0,001328
отпевании 1,698970 0,000741
храма 1,522879 0,000996
столпились 1,698970 0,000741
люди 0,677781 0,000443
Без 0,920819 0,000402
него 0,795880 0,000347
скучно 1,397940 0,000610
Почетный 1,698970 0,000741
караул 1,698970 0,000741
промаршировал 1,698970 0,000741
Новодевичье 1,397940 0,000610
кладбище 1,221849 0,000533
где 0,537602 0,000352
похоронят 1,522879 0,000664
Цивин 1,698970 0,000741
вспомнил 1,698970 0,000741
перед 0,920819 0,000402
судом 1,522879 0,000664
Пенсионерка 1,698970 0,000741
рассказала 0,958607 0,000418
помог 1,397940 0,000610
решить 1,301030 0,000567
жилищный 1,698970 0,000741
вопрос 0,698970 0,000305
Гроб 1,522879 0,000664
телом 1,397940 0,000610
вынесли 1,522879 0,000664
Христа 1,397940 0,000610
Спасителя 1,522879 0,000664
Старушка 1,698970 0,000741
красным 1,522879 0,000664
флагом 1,397940 0,000610
перепутала 1,698970 0,000741
российскими 1,154902 0,000504
предложил 1,045757 0,000456
проводить 1,397940 0,000610
независимые 1,698970 0,000741
шахматные 1,698970 0,000741
турниры 1,698970 0,000741
Надо 1,397940 0,000610
себе 0,619789 0,000270
заявить 1,522879 0,000664
Стало 1,301030 0,000851
известно 1,000000 0,000654
какой 0,886057 0,000386
телефон 0,853872 0,000372
накажут 1,698970 0,000741
армии 1,045757 0,000456
Лавров 1,000000 0,000436
Вашингтон 1,221849 0,000533
толкает 1,522879 0,000664
Зеленского 0,958607 0,000418
продолжение 1,301030 0,000567
боевых 1,301030 0,000567
действий 1,301030 0,000567
Военком 1,698970 0,000741
Москвы 0,744727 0,000325
получить 0,769551 0,000336
отсрочку 1,522879 0,000664
IT 0,920819 0,000402
специалисту 1,698970 0,000741
Мишустин 0,920819 0,000402
почтил 1,698970 0,000741
память 1,045757 0,000456
Знакомы 1,698970 0,000741
объявил 1,221849 0,000533
смерти 0,744727 0,000325
Госдумы 1,301030 0,000567
Чеченские 1,698970 0,000741
военные 0,920819 0,000402
сразились 1,698970 0,000741
мечах 1,698970 0,000741
Рамзана 1,698970 0,000741
Кадырова 1,698970 0,000741
Голых 1,698970 0,000741
мужчин 1,096910 0,000478
сняли 1,397940 0,000610
очевидцы 1,698970 0,000741
наступление 1,397940 0,000610
весны 1,221849 0,000533
Военные 1,301030 0,000567
показали 1,698970 0,001111
запуска 1,397940 0,000610
ракет 1,698970 0,000741
Оникс 1,397940 0,000610
черноморского 1,698970 0,000741
побережья 1,522879 0,000664
Врезался 1,698970 0,000741
ограду 1,698970 0,000741
посольства 1,698970 0,000741
Бухаресте 1,698970 0,000741
горящего 1,397940 0,000610
автомобиля 1,000000 0,000436
массовая 1,698970 0,000741
драка 1,698970 0,000741
общежитии 1,698970 0,000741
закончилась 1,397940 0,000610
стрельбой 1,522879 0,000664
уничтожения 1,397940 0,000610
беспилотников 1,698970 0,000741
Байрактар 1,698970 0,000741
Харьковом 1,397940 0,000610
эпичной 1,522879 0,000664
погони 1,522879 0,000664
пьяным 1,698970 0,000741
водителем 1,698970 0,000741
Томской 1,698970 0,000741
области 0,721246 0,000472
Басурин 1,045757 0,000456
Из 0,698970 0,000305
удара 0,823909 0,000359
Украины 0,721246 0,000315
погибли 1,096910 0,000478
около 1,000000 0,000436
человек 0,494850 0,000216
вокзала 1,397940 0,000610
упала 1,522879 0,000664
украинская 1,397940 0,000610
много 0,958607 0,000418
жертв 1,154902 0,000504
Baza 1,698970 0,000741
священника 1,522879 0,000664
Самарской 1,698970 0,000741
оштрафовали 1,522879 0,000664
дискредитацию 1,522879 0,000664
ВС 1,045757 0,000456
Страшный 1,698970 0,000741
рекорд 1,301030 0,000567
четыре 1,000000 0,000654
суицида 1,698970 0,000741
подростков 1,397940 0,000610
Станислав 1,154902 0,000504
Юрьев 1,698970 0,000741
нападения 1,221849 0,000533
разместило 1,698970 0,000741
сообщество 1,522879 0,000664
памяти 1,221849 0,000533
Поповских 1,698970 0,000741
Марта 1,522879 0,000996
Петрова 1,221849 0,000799
Самое 1,000000 0,000654
читаемое 1,154902 0,000755
неделю 0,920819 0,000402
месяц 0,853872 0,000372
Ефремов 1,397940 0,000610
высказался 1,154902 0,000504
Быков 1,698970 0,000741
сообщил 0,823909 0,000359
когда 0,585027 0,000255
доллар 1,154902 0,000504
стоить 1,397940 0,000610
Центробанк 1,221849 0,000533
повысил 1,522879 0,000664
курсы 1,397940 0,000610
доллара 1,045757 0,000684
выплаты 1,301030 0,000567
апрельских 1,698970 0,000741
пособий 1,522879 0,000664
детей 0,431798 0,000188
начислят 1,698970 0,000741
мае 1,221849 0,000533
Падение 1,397940 0,000610
цен 0,958607 0,000627
недвижимость 1,221849 0,000533
стало 1,000000 0,000436
явью 1,698970 0,000741
отреагировал 1,397940 0,000610
заявление 1,301030 0,000567
Казахстана 1,698970 0,000741
санкциях 1,301030 0,000567
заигрался 1,698970 0,000741
Хирург 1,397940 0,000610
назвал 0,795880 0,000694
признака 1,522879 0,000996
образования 1,221849 0,000799
тромба 1,397940 0,000914
Американский 1,221849 0,000533
профессор 1,522879 0,000664
сосудистый 1,698970 0,000741
хирург 1,397940 0,000610
Медицинского 1,698970 0,000741
центра 1,301030 0,000567
Балтимора 1,522879 0,000664
Винсент 1,522879 0,000664
Нури 1,698970 0,000741
три 0,853872 0,000559
распространенных 1,522879 0,000664
ноге 1,698970 0,000741
Его 0,958607 0,000418
приводит 1,522879 0,000664
издание 0,657577 0,000430
Eat 1,698970 0,000741
This 1,221849 0,000533
Not 1,698970 0,000741
That 1,397940 0,000610
Анатолий 1,301030 0,000567
Ильин 1,522879 0,000664
Названы 1,301030 0,000851
эффективные 1,522879 0,000664
продукты 1,154902 0,000504
снижения 1,397940 0,000610
давления 1,522879 0,000664
Артем 1,397940 0,000914
Кошеленко 1,698970 0,001111
русские 1,045757 0,000456
напитки 1,522879 0,000664
опасные 1,221849 0,000533
диабетиков 1,698970 0,000741
Подвергшиеся 1,698970 0,000741
сексуальным 1,522879 0,000664
домогательствам 1,698970 0,000741
Британии 1,301030 0,000567
украинские 1,096910 0,000478
беженки 1,698970 0,000741
ищут 1,301030 0,000567
новое 1,096910 0,000478
жилье 1,397940 0,000610
условие 1,522879 0,000664
продления 1,522879 0,000664
майских 1,301030 0,000567
праздников 1,397940 0,000610
Александра 0,638272 0,000557
Ипполитова 1,698970 0,001111
Клещи 1,698970 0,000741
Подмосковья 1,397940 0,000914
начали 0,958607 0,000627
кусаться 1,698970 0,000741
Незаконная 1,698970 0,000741
охота 1,698970 0,000741
обернулась 1,698970 0,000741
обыском 1,698970 0,000741
квартире 1,221849 0,000533
статьей 1,698970 0,000741
УК 1,698970 0,000741
Нижегородские 1,698970 0,000741
охотники 1,397940 0,000610
ликвидировали 1,301030 0,000567
стаю 1,698970 0,000741
волков 1,522879 0,000664
Карикатуры 1,698970 0,000741
Алексея 1,154902 0,000755
Меринова 1,698970 0,001111
Неправильные 1,522879 0,000996
Сказки 1,221849 0,000799
Вс 1,698970 0,001482
ЛАСТЬ 1,698970 0,001482
Повесть 1,221849 0,000533
Ненастоящем 1,698970 0,000741
Человеке 1,698970 0,000741
Жизнь 0,823909 0,000359
Замечательных 1,698970 0,000741
Нелюдей 1,698970 0,000741
Нулевые 1,698970 0,001482
Нет 0,886057 0,000773
Слов 1,698970 0,001482
Монстры 1,698970 0,001111
Злого 1,698970 0,001111
Рока 1,522879 0,000996
Каждого 1,698970 0,001111
Дня 1,096910 0,000718
Принуждение 1,698970 0,000741
Пиру 1,698970 0,000741
Культ 1,522879 0,000996
Наличности 1,698970 0,001111
Минприроды 1,698970 0,000741
планирует 1,154902 0,000755
увеличить 1,397940 0,000610
охранную 1,698970 0,000741
зону 1,698970 0,000741
Лосиного 1,698970 0,000741
Острова 1,397940 0,000610
километра 1,698970 0,000741
Столица 1,522879 0,000664
нашла 1,522879 0,000664
ответ 1,045757 0,000456
санкционный 1,301030 0,000567
вызов 1,221849 0,000533
Участкового 1,698970 0,000741
посадили 1,698970 0,000741
попытку 1,522879 0,000664
обогатиться 1,698970 0,000741
вырубке 1,698970 0,000741
деревьев 1,522879 0,000664
выглядеть 1,221849 0,000533
Аллея 1,397940 0,000610
славы 1,698970 0,000741
Южном 1,698970 0,000741
Бутове 1,698970 0,000741
Зоологи 1,698970 0,000741
характер 1,301030 0,000567
розового 1,698970 0,000741
пеликана 1,698970 0,000741
растет 1,221849 0,000533
любопытным 1,698970 0,000741
Московская 1,301030 0,000851
область 1,045757 0,000912
Риэлторы 1,698970 0,000741
пообещали 1,698970 0,000741
двукратный 1,698970 0,000741
рост 1,221849 0,000799
аренду 1,698970 0,000741
дач 1,698970 0,000741
Ко 1,221849 0,000533
Дню 0,958607 0,000418
подмосковные 1,698970 0,000741
ветераны 1,698970 0,000741
получат 1,522879 0,000664
тысяч 0,744727 0,000325
Вместо 1,397940 0,000610
колеса 1,301030 0,000567
обозрения 1,522879 0,000664
Раменском 1,698970 0,000741
появится 1,301030 0,000567
каток 1,698970 0,000741
Для 0,494850 0,000540
рыбаков 1,698970 0,000741
закрыты 1,522879 0,000664
более 0,585027 0,000383
сотен 1,522879 0,000664
участков 1,698970 0,000741
водных 1,698970 0,000741
объектах 1,522879 0,000664
Там 1,096910 0,000478
наши 1,045757 0,000456
им 0,602060 0,000394
нужно 0,721246 0,000315
помочь 1,045757 0,000456
регионах 1,154902 0,000755
Павел 0,853872 0,000372
Глоба 1,698970 0,000741
невероятный 1,397940 0,000610
выигрыш 1,698970 0,000741
знака 1,522879 0,000664
зодиака 1,397940 0,000610
Крым 1,154902 0,000504
Вынужденный 1,698970 0,000741
отпуск 1,221849 0,000533
семья 1,045757 0,000456
туристов 1,221849 0,000533
Читы 1,698970 0,000741
выбиралась 1,698970 0,000741
Таиланда 1,522879 0,000664
Чита 1,301030 0,001135
Осторожно 1,522879 0,000664
нелегалы 1,698970 0,000741
распознать 1,522879 0,000664
пирамиды 1,397940 0,000610
лже 1,698970 0,000741
финансистов 1,698970 0,000741
Ставрополе 1,698970 0,000741
стартует 1,301030 0,000567
капремонт 1,698970 0,000741
учебных 1,698970 0,000741
заведений 1,522879 0,000664
Ставрополь 1,397940 0,000914
Кавказ 1,301030 0,000851
Калужане 1,698970 0,000741
после 0,397940 0,000347
инцидента 1,698970 0,000741
маршрутчиком 1,698970 0,000741
отместку 1,698970 0,000741
хотят 0,920819 0,000402
проезд 1,522879 0,000664
копейками 1,698970 0,000741
Калуга 1,301030 0,000851
разгорелась 1,698970 0,000741
битва 1,301030 0,000567
русскую 1,301030 0,000567
культуру 1,301030 0,000567
Неизвестные 1,522879 0,000664
уличные 1,698970 0,000741
художники 1,154902 0,000504
нарисовали 1,698970 0,000741
стенах 1,698970 0,000741
парижского 1,698970 0,000741
бутиках 1,698970 0,001111
Chanel 1,154902 0,000504
изображение 1,698970 0,000741
Гитлера 1,522879 0,000664
того 0,853872 0,000372
бренд 1,522879 0,000664
отказался 1,397940 0,000610
обслуживать 1,522879 0,000664
покупателей 1,522879 0,000996
также 0,494850 0,000540
заставляли 1,698970 0,000741
подписывать 1,301030 0,000567
бумагу 1,522879 0,000664
они 0,657577 0,000574
будут 0,638272 0,000418
использовать 1,154902 0,000504
сумочки 1,522879 0,000664
Однако 0,958607 0,000418
конфликт 1,154902 0,000504
русскими 1,301030 0,000567
клиентами 1,522879 0,000664
вылился 1,698970 0,000741
протестный 1,698970 0,000741
стрит 1,522879 0,000664
арт 1,301030 0,000567
Мария 0,698970 0,000457
Москвичева 1,698970 0,001111
Третьяковке 1,698970 0,000741
театр 1,221849 0,000533
Гриши 1,698970 0,000741
Брускина 1,698970 0,000741
Документальное 1,522879 0,000664
кино 0,568636 0,000248
приличная 1,698970 0,000741
тетка 1,698970 0,000741
стала 0,823909 0,000359
Хохрякова 1,698970 0,000741
МХТ 1,522879 0,000664
сменилась 1,698970 0,000741
власть 1,221849 0,000533
вместо 0,744727 0,000325
замов 1,698970 0,000741
Хабенский 1,301030 0,000567
остался 1,301030 0,000567
одним 1,397940 0,000610
Райкина 1,698970 0,000741
Никас 1,698970 0,000741
Сафронов 1,522879 0,000664
празднует 1,698970 0,000741
творческого 1,698970 0,000741
долголетия 1,698970 0,000741
Редакция 0,769551 0,000839
Подпишись 1,698970 0,000741
издания 0,886057 0,000580
Подписаться 0,795880 0,000521
Странная 1,698970 0,000741
революция 1,397940 0,000610
орфографии 1,698970 0,001111
школьникам 1,522879 0,000664
учить 1,522879 0,000664
падежные 1,698970 0,000741
окончания 1,698970 0,000741
Новые 0,552842 0,000241
варианты 1,522879 0,000664
изложения 1,698970 0,000741
основных 1,397940 0,000610
правил 0,958607 0,000836
русской 0,744727 0,000325
предложила 1,522879 0,000664
группа 1,154902 0,000504
специалистов 1,221849 0,000533
входящих 1,698970 0,000741
Орфографическую 1,698970 0,000741
комиссию 1,698970 0,000741
РАН 1,301030 0,000567
По 0,619789 0,000270
мнению 1,221849 0,000533
разработчиков 1,397940 0,000610
должны 1,301030 0,000567
значительно 1,397940 0,000610
облегчить 1,397940 0,000610
изучение 1,698970 0,000741
русского 0,769551 0,000336
языка 1,096910 0,000478
кого 0,853872 0,000372
всех 0,552842 0,000362
Проект 1,000000 0,000654
предназначен 1,397940 0,000610
широкому 1,698970 0,000741
кругу 1,522879 0,000664
пользователей 0,853872 0,000372
тех 0,920819 0,000402
кто 0,494850 0,000216
умеет 1,301030 0,000567
читать 0,823909 0,000359
школьных 1,698970 0,000741
учителей 1,397940 0,000610
Корреспондент 1,698970 0,000741
познакомилась 1,522879 0,000664
новым 1,000000 0,000436
проектом 1,522879 0,000664
свода 1,698970 0,000741
который 0,508638 0,000222
сейчас 0,657577 0,000287
находится 1,301030 0,000567
стадии 1,397940 0,000610
обсуждения 1,301030 0,000567
Наталья 0,853872 0,000745
Веденеева 1,522879 0,001328
Марс 1,397940 0,000610
отправят 1,397940 0,000610
целый 1,522879 0,000664
рой 1,698970 0,000741
роботов 1,397940 0,000610
Национальному 1,698970 0,000741
парку 1,522879 0,000664
Земля 1,522879 0,000664
леопарда 1,698970 0,000741
Приморье 1,698970 0,000741
исполнилось 1,522879 0,000664
Патановский 1,698970 0,000741
Рогозин 1,698970 0,000741
допустил 1,522879 0,000664
создание 1,096910 0,000718
модулей 1,698970 0,000741
китайской 1,522879 0,000664
космической 1,698970 0,000741
станции 1,221849 0,000533
Ученые 1,154902 0,000504
Мачу 1,698970 0,000741
Пикчу 1,698970 0,000741
называют 1,301030 0,000567
неправильным 1,698970 0,000741
названием 1,522879 0,000664
Блоги 1,096910 0,000718
ты 0,886057 0,000386
Блог 1,045757 0,001368
Георгия 1,698970 0,000741
Янса 1,698970 0,000741
Журналист 1,522879 0,000664
Памяти 1,221849 0,000533
Базарного 1,698970 0,000741
Лидии 1,522879 0,000664
Сычевой 1,698970 0,000741
Писатель 1,154902 0,000755
Давление 1,522879 0,000664
трубе 1,522879 0,000664
трубу 1,698970 0,000741
Игоря 1,397940 0,000610
Шумейко 1,698970 0,000741
Дайхатсу 1,698970 0,000741
Фероза 1,698970 0,000741
месть 1,698970 0,000741
хозяина 1,698970 0,000741
Назира 1,698970 0,000741
Евлоева 1,698970 0,000741
Президент 1,000000 0,000436
Международной 1,522879 0,000996
ассоциации 1,397940 0,000610
блогеров 1,698970 0,000741
МАБ 1,698970 0,000741
Соловьев 1,154902 0,000504
проговорился 1,698970 0,000741
Мельмана 1,698970 0,000741
Обозреватель 1,698970 0,000741
шахматы 1,522879 0,000664
пришла 1,522879 0,000664
политическая 1,397940 0,000914
мерзость 1,698970 0,000741
Гроссмейстер 1,698970 0,000741
отстраненный 1,698970 0,000741
недавно 1,301030 0,000567
шахматной 1,522879 0,000664
федерацией 1,522879 0,000664
FIDE 1,221849 0,000533
участия 1,045757 0,000456
во 0,494850 0,000216
турнирах 1,522879 0,000664
шесть 1,045757 0,000456
месяцев 1,221849 0,000533
чего 0,795880 0,000347
пропустит 1,698970 0,000741
турнир 1,698970 0,000741
претендентов 1,698970 0,000741
матч 1,301030 0,000567
чемпионом 1,522879 0,000664
бороться 1,522879 0,000664
права 0,431798 0,000282
возможно 0,920819 0,000402
альтернативных 1,698970 0,000741
международных 1,045757 0,000456
шахматных 1,698970 0,001482
федераций 1,522879 0,000664
поделился 1,698970 0,000741
секретами 1,522879 0,000664
воспитания 1,397940 0,000610
маленьких 1,397940 0,000610
чемпионов 1,397940 0,000610
Алексеев 1,397940 0,000914
Король 1,221849 0,000533
умер 1,154902 0,000504
Ле 1,522879 0,000664
Брон 1,698970 0,000741
пережил 1,301030 0,000567
унижение 1,698970 0,000741
готов 1,221849 0,000533
уйти 1,221849 0,000799
Лейкерс 1,522879 0,000664
Донской 1,698970 0,000741
танцах 1,698970 0,000741
льду 1,301030 0,000567
пошли 1,522879 0,000664
разводы 1,698970 0,000741
распались 1,698970 0,000741
сразу 0,795880 0,000347
дуэта 1,522879 0,000664
сборной 1,301030 0,000567
Сметанникова 1,698970 0,000741
Марафонцы 1,698970 0,000741
побегут 1,698970 0,000741
Алма 1,522879 0,000664
Ате 1,698970 0,000741
опровергли 1,301030 0,000567
отстранение 1,522879 0,000664
Степанцева 1,698970 0,000741
ЦСКА 1,397940 0,000610
СКА 1,397940 0,000610
Не 0,481486 0,000210
бы 0,585027 0,000255
винить 1,698970 0,000741
Гусева 1,522879 0,000664
удаление 1,698970 0,000741
случайность 1,522879 0,000664
Алексей 0,602060 0,000263
Лебедев 1,397940 0,000610
Эксперты 1,096910 0,000478
оценили 1,698970 0,000741
вероятность 1,301030 0,000567
кризиса 1,154902 0,000504
рынка 1,096910 0,000718
такси 1,301030 0,000851
возвращения 1,397940 0,000610
бомбил 1,522879 0,000996
Экономическая 1,698970 0,000741
ситуация 1,301030 0,000567
привести 1,301030 0,000567
краху 1,698970 0,000741
сформировавшегося 1,698970 0,000741
е 1,096910 0,000478
годы 0,853872 0,000372
мегаполисах 1,698970 0,000741
возвращении 1,698970 0,000741
черных 1,698970 0,000741
извозчиков 1,698970 0,000741
Об 0,698970 0,000305
этом 0,585027 0,000255
представители 1,301030 0,000567
отрасли 1,397940 0,000610
указывая 1,522879 0,000664
стоимости 1,301030 0,000567
самих 1,698970 0,000741
автомобилей 1,000000 0,000436
тарифов 1,522879 0,000996
ОСАГО 1,522879 0,000664
снижение 1,301030 0,000567
спроса 1,397940 0,000610
перевозки 1,522879 0,000664
удержание 1,698970 0,000741
агрегаторами 1,698970 0,000741
узнал 1,397940 0,000610
таксистов 1,522879 0,000664
готовы 1,154902 0,000504
тень 1,698970 0,000741
Мантуров 1,397940 0,000610
цены 0,823909 0,000359
Aurus 1,221849 0,000533
придется 1,045757 0,000456
повысить 1,397940 0,000610
Автоэксперты 1,698970 0,000741
отсоветовали 1,698970 0,000741
покупать 0,886057 0,000386
впрок 1,698970 0,000741
масло 1,221849 0,000533
шины 1,301030 0,000567
Анна 0,568636 0,000248
Белова 1,522879 0,000664
Водителей 1,698970 0,000741
наказывать 1,698970 0,000741
игнорирование 1,698970 0,000741
маломобильных 1,698970 0,000741
Лелькова 1,698970 0,000741
Автосалоны 1,522879 0,000664
загонять 1,698970 0,000741
неподъемные 1,698970 0,000741
долги 1,522879 0,000664
хитрой 1,698970 0,000741
кредитной 1,698970 0,000741
схемой 1,698970 0,000741
Сажнева 1,698970 0,001111
Авторы 0,958607 0,000627
Названа 1,397940 0,000610
дата 1,221849 0,000533
старта 1,698970 0,000741
Луны 1,301030 0,000567
Сын 1,397940 0,000610
провокацией 1,154902 0,000504
инцидент 1,522879 0,000664
истребителем 1,698970 0,000741
НАТО 0,769551 0,000336
сербским 1,698970 0,000741
самолетом 1,301030 0,000567
Ольга 0,769551 0,000336
Божьева 1,698970 0,000741
Продавцам 1,698970 0,000741
суррогатных 1,698970 0,000741
младенцев 1,698970 0,000741
предъявили 1,154902 0,000504
обвинение 1,522879 0,000664
Пресс 0,657577 0,000430
Шах 1,698970 0,000741
мат 1,522879 0,000664
российским 0,823909 0,000359
гроссмейстерам 1,698970 0,000741
обсуждаем 1,698970 0,000741
турниров 1,397940 0,000610
четверг 1,221849 0,000799
пресс 0,886057 0,000580
центре 0,920819 0,000803
прошла 1,045757 0,000456
конференция 1,221849 0,000533
посвященная 1,522879 0,000664
перспективе 1,698970 0,000741
развития 0,721246 0,000315
шахмат 1,301030 0,000567
Весенний 1,301030 0,000567
призыв 1,301030 0,000567
отвечаем 1,698970 0,000741
вопросы 0,744727 0,000325
родителей 0,958607 0,000418
призывников 1,698970 0,000741
прошел 1,397940 0,000610
брифинг 1,698970 0,000741
посвященный 1,397940 0,000610
весеннему 1,698970 0,000741
призыву 1,698970 0,000741
Ссылки 1,698970 0,000741
Анекдоты 1,698970 0,000741
После 0,795880 0,000347
поездки 1,301030 0,000567
Турцию 1,698970 0,000741
завалялось 1,698970 0,000741
квартиру 1,301030 0,000567
куплю 1,698970 0,000741
Последние 0,853872 0,000372
сайте 0,431798 0,000377
найдете 1,045757 0,000456
самые 0,721246 0,000315
свежие 1,096910 0,000478
политики 1,301030 0,000567
экономики 1,045757 0,000456
общества 1,096910 0,000478
культуры 0,795880 0,000347
науки 1,045757 0,000456
информацию 0,721246 0,000315
происшествиях 1,698970 0,000741
комсомолец 1,698970 0,000741
репортажи 1,397940 0,000610
комментарии 1,000000 0,000436
аналитика 1,301030 0,000567
прогнозы 1,221849 0,000533
экспертов 1,096910 0,000478
интервью 0,823909 0,000359
публицистика 1,698970 0,000741
эксклюзивные 1,522879 0,000664
сведения 1,221849 0,000533
актуальные 1,397940 0,000610
Журналисты 1,522879 0,000664
команда 1,096910 0,000478
которая 0,823909 0,000359
всегда 0,657577 0,000287
событий 0,853872 0,000372
Освещаем 1,698970 0,000741
ярко 1,698970 0,000741
Издания 1,221849 0,000533
Опросы 1,221849 0,000533
Про 1,000000 0,000436
товары 1,698970 0,000741
услуги 1,301030 0,000567
Фотоархив 1,698970 0,000741
Российский 0,853872 0,000372
региональный 1,698970 0,000741
еженедельник 1,522879 0,000664
Вакансии 0,657577 0,000287
Контакты 0,455932 0,000199
Читателям 1,397940 0,000610
срочные 1,522879 0,000664
конфиденциальности 0,744727 0,000325
Рекламодателям 1,301030 0,000567
Реклама 0,387216 0,000253
РИА 1,301030 0,000567
O 1,522879 0,000664
Кей 1,698970 0,000741
Агентство 1,522879 0,000996
Медиа 0,958607 0,000627
Сервис 1,397940 0,000914
Продвижения 1,698970 0,000741
Прессы 1,698970 0,000741
Регионы 1,154902 0,000504
Раскрыть 1,698970 0,000741
весь 1,000000 0,000436
Санкт 0,795880 0,000347
Петербург 0,920819 0,000402
Абакан 1,698970 0,000741
Анадырь 1,698970 0,000741
Архангельск 1,397940 0,000610
Астрахань 1,221849 0,000533
Барнаул 1,397940 0,000610
Белгород 1,221849 0,000533
Брянск 1,301030 0,000567
Великий 1,221849 0,000533
Новгород 0,886057 0,000580
Владивосток 1,301030 0,000567
Владикавказ 1,397940 0,000610
Волгоград 1,096910 0,000478
Вологда 1,221849 0,000533
Воронеж 1,221849 0,000533
Горно 1,522879 0,000664
Алтайск 1,522879 0,000664
Грозный 1,698970 0,000741
Екатеринбург 1,000000 0,000436
Иваново 1,397940 0,000610
Ижевск 1,221849 0,000533
Иркутск 1,301030 0,000567
Казань 0,823909 0,000359
Калининград 1,096910 0,000478
Кемерово 1,301030 0,000567
Киров 1,301030 0,000567
Кострома 1,301030 0,000567
Краснодар 1,000000 0,000436
Красноярск 1,221849 0,000533
Курган 1,522879 0,000664
Курск 1,397940 0,000610
Кызыл 1,698970 0,000741
Ленинградская 1,698970 0,000741
Липецк 1,522879 0,000664
Магадан 1,522879 0,000664
Магас 1,698970 0,000741
Марий 1,397940 0,000610
Эл 0,721246 0,000472
Махачкала 1,698970 0,000741
Мурманск 1,301030 0,000567
Нальчик 1,698970 0,000741
Нарьян 1,698970 0,000741
Мар 1,698970 0,000741
Нижний 0,853872 0,000372
Новосибирск 1,045757 0,000456
Омск 1,221849 0,000533
Оренбург 1,221849 0,000533
Пенза 1,221849 0,000533
Пермь 1,096910 0,000478
Петрозаводск 1,522879 0,000664
Петропавловск 1,698970 0,000741
Камчатский 1,698970 0,000741
Псков 1,221849 0,000533
Ростов 0,958607 0,000418
Дону 1,000000 0,000436
Рязань 1,301030 0,000567
Салехард 1,698970 0,000741
Саранск 1,397940 0,000610
Саратов 1,221849 0,000533
Севастополь 1,522879 0,000664
Серпухов 1,698970 0,000741
Симферополь 1,522879 0,000664
Смоленск 1,301030 0,000567
Сочи 0,920819 0,000402
Тамбов 1,397940 0,000610
Тверь 1,301030 0,000567
Томск 1,221849 0,000533
Тула 1,221849 0,000533
Тюмень 1,221849 0,000533
Улан 1,522879 0,000664
Удэ 1,522879 0,000664
Уфа 1,154902 0,000504
Хабаровск 1,397940 0,000610
Ханты 1,522879 0,000664
Мансийск 1,698970 0,000741
Чебоксары 1,522879 0,000664
Челябинск 1,154902 0,000504
Черкесск 1,698970 0,000741
Элиста 1,698970 0,000741
Южно 1,522879 0,000664
Сахалинск 1,522879 0,000664
Якутск 1,698970 0,000741
Ярославль 1,154902 0,000504
Зарубежом 1,698970 0,000741
Австралия 1,522879 0,000664
Германия 0,958607 0,000418
Донбасс 0,886057 0,000386
Египет 1,522879 0,000664
Израиль 1,397940 0,000610
Канада 1,301030 0,000567
Казахстан 1,154902 0,000504
Киргизия 1,397940 0,000610
Латвия 1,397940 0,000610
Молдова 1,522879 0,000664
Турция 1,397940 0,000610
Эстония 1,301030 0,000567
Соблюдение 1,698970 0,000741
авторских 1,045757 0,000456
прав 0,920819 0,000402
опубликованные 0,920819 0,000402
www 0,698970 0,000457
mk 1,522879 0,001660
принадлежат 1,096910 0,000478
редакции 0,481486 0,000315
охраняются 1,221849 0,000533
соответствии 0,795880 0,000347
законодательством 0,823909 0,000359
Использование 1,045757 0,000456
опубликованных 1,397940 0,000610
допускается 1,045757 0,000456
письменного 1,000000 0,000436
разрешения 0,853872 0,000372
правообладателя 0,886057 0,000386
обязательной 1,698970 0,000741
прямой 1,522879 0,000664
гиперссылкой 1,522879 0,000664
страницу 1,154902 0,000504
которой 0,886057 0,000386
материал 1,045757 0,000684
заимствован 1,698970 0,000741
Гиперссылка 1,698970 0,000741
должна 0,958607 0,000418
размещаться 1,698970 0,000741
непосредственно 1,522879 0,000664
тексте 1,154902 0,000504
воспроизводящем 1,698970 0,000741
оригинальный 1,698970 0,000741
или 0,301030 0,000131
цитируемого 1,698970 0,000741
блока 1,522879 0,000664
читателей 0,958607 0,000418
признаны 1,698970 0,001482
экстремистскими 1,522879 0,000664
запрещены 1,698970 0,001482
организации 1,096910 0,000478
ФБК 1,522879 0,000664
Фонд 1,301030 0,000567
борьбы 1,301030 0,000567
коррупцией 1,698970 0,000741
признан 1,154902 0,000504
иноагентом 1,698970 0,000741
Штабы 1,698970 0,000741
Навального 1,522879 0,000664
Национал 1,522879 0,000664
большевистская 1,698970 0,000741
партия 1,301030 0,000851
Свидетели 1,522879 0,000664
Иеговы 1,522879 0,000664
Армия 1,000000 0,000436
воли 1,522879 0,000664
народа 1,221849 0,000799
Русский 1,045757 0,000456
общенациональный 1,698970 0,000741
союз 1,301030 0,000567
Движение 1,301030 0,000851
нелегальной 1,698970 0,000741
иммиграции 1,698970 0,000741
Правый 1,522879 0,000664
сектор 1,397940 0,000610
УНА 1,522879 0,000664
УНСО 1,522879 0,000664
УПА 1,522879 0,000664
Тризуб 1,522879 0,000664
Степана 1,397940 0,000610
Бандеры 1,522879 0,000664
Мизантропик 1,522879 0,000664
дивижн 1,698970 0,000741
Меджлис 1,522879 0,000664
крымскотатарского 1,698970 0,000741
движение 1,301030 0,000567
Артподготовка 1,522879 0,000664
общероссийская 1,698970 0,000741
Воля 1,698970 0,000741
АУЕ 1,522879 0,000664
батальоны 1,522879 0,000664
Азов 1,154902 0,000504
Айдар 1,698970 0,000741
Признаны 1,698970 0,000741
террористическими 1,698970 0,000741
Талибан 1,522879 0,000664
Имарат 1,698970 0,000741
Исламское 1,698970 0,000741
государство 1,522879 0,000664
ИГ 1,698970 0,000741
ИГИЛ 1,522879 0,000664
Джебхад 1,698970 0,000741
ан 1,522879 0,000664
Нусра 1,522879 0,000664
АУМ 1,698970 0,000741
Синрике 1,698970 0,000741
Братья 1,301030 0,000567
мусульмане 1,698970 0,000741
Аль 1,397940 0,000610
Каида 1,522879 0,000664
странах 1,045757 0,000456
исламского 1,698970 0,000741
Магриба 1,698970 0,000741
Сеть 1,397940 0,000610
Колумбайн 1,698970 0,000741
признана 1,522879 0,000664
нежелательной 1,698970 0,000741
деятельность 1,301030 0,000567
Открытой 1,397940 0,000610
иноагентами 1,698970 0,000741
телеканал 1,154902 0,000504
Дождь 1,522879 0,000664
Медуза 1,698970 0,000741
Голос 1,397940 0,000610
Америки 1,221849 0,000533
радио 1,096910 0,000478
Свобода 1,698970 0,000741
The 0,721246 0,000315
Insider 1,698970 0,000741
Медиазона 1,698970 0,000741
ОВД 1,698970 0,000741
инфо 1,698970 0,000741
Иноагентами 1,698970 0,000741
общество 0,958607 0,000418
Мемориал 1,698970 0,000741
Аналитический 1,698970 0,000741
Центр 0,920819 0,000402
Юрия 1,154902 0,000504
Левады 1,698970 0,000741
Сахаровский 1,698970 0,000741
Instagram 1,221849 0,000533
Facebook 0,958607 0,000418
Metа 1,698970 0,000741
экстремизм 1,698970 0,000741
ЗАО 1,522879 0,000996
Электронное 1,698970 0,000741
периодическое 1,698970 0,000741
Зарегистрировано 1,397940 0,000610
Федеральной 0,619789 0,000270
службой 0,744727 0,000325
надзору 0,619789 0,000270
сфере 0,552842 0,000241
связи 0,455932 0,000199
информационных 0,585027 0,000255
технологий 0,568636 0,000248
массовых 0,568636 0,000248
коммуникаций 0,585027 0,000255
Роскомнадзор 0,823909 0,000359
Регистрационный 1,522879 0,000664
ФС 0,522879 0,000228
Адрес 0,721246 0,000315
г 0,602060 0,000263
ул 1,000000 0,000436
д 0,886057 0,000386
стр 1,096910 0,000478
Телефон 1,000000 0,000436
e 0,958607 0,000418
mail 0,721246 0,000315
info 0,886057 0,000386
Главный 0,585027 0,000255
редактор 0,585027 0,000255
учредитель 1,522879 0,000664
П 1,221849 0,000533
Н 0,823909 0,000359
Гусев 1,698970 0,000741
третьих 1,698970 0,000741
сторон 1,397940 0,000610
