Матч 1,698970 0,008584
ТВ 0,657577 0,002300
Онлайн 0,769551 0,000598
трансляции 1,301030 0,001011
спортивных 1,522879 0,002367
событий 0,853872 0,000664
обзор 1,301030 0,001011
новостей 0,619789 0,000482
видео 0,568636 0,000442
мероприятий 1,096910 0,000853
и 0,075721 0,001030
интервью 0,823909 0,000961
спортсменов 1,522879 0,001776
Перейти 1,045757 0,000813
к 0,207608 0,000565
основному 1,698970 0,001321
контенту 1,397940 0,001087
Эфир 0,958607 0,001490
Телепрограмма 1,000000 0,001166
Трансляции 1,397940 0,001630
Видео 0,431798 0,000671
Новости 0,221849 0,000259
Эксклюзив 1,045757 0,001219
Премьер 1,154902 0,002244
Подписки 1,522879 0,002367
Cтрана 1,698970 0,001981
Академия 1,154902 0,001347
АКЦИЯ 1,698970 0,001981
Еще 0,585027 0,000909
Вход 0,657577 0,000767
Выход 1,301030 0,002023
Футбол 1,154902 0,003142
Россия 0,455932 0,000709
Тинькофф 1,698970 0,003302
РПЛ 1,698970 0,003302
ФНЛ 1,522879 0,001776
ПФЛ 1,698970 0,001981
БЕТСИТИ 1,698970 0,001981
Кубок 1,698970 0,001981
России 0,251812 0,001077
Европа 0,853872 0,000996
Лига 1,221849 0,005698
чемпионов 1,397940 0,001630
Европы 0,920819 0,003579
Англия 1,698970 0,001981
Испания 1,301030 0,001517
Италия 1,301030 0,001517
Германия 0,958607 0,001118
Франция 1,096910 0,001279
Нидерланды 1,698970 0,001981
Белоруссия 1,397940 0,001630
Португалия 1,698970 0,001981
Сборные 1,698970 0,003962
Сборная 1,698970 0,003302
наций 1,698970 0,001981
Чемпионат 1,522879 0,002959
мира 0,537602 0,000836
Хоккей 1,154902 0,004489
КХЛ 1,301030 0,003540
НХЛ 1,221849 0,002849
МХЛ 1,698970 0,001981
Биатлон 1,301030 0,002023
Бокс 1,397940 0,002717
MMA 1,522879 0,002367
One 1,301030 0,001517
FC 1,698970 0,001981
Fight 1,698970 0,001981
Nights 1,698970 0,001981
Лыжные 1,698970 0,003302
гонки 1,698970 0,003962
Фигурное 1,397940 0,002173
катание 1,397940 0,002173
Баскетбол 1,397940 0,002173
ВТБ 1,301030 0,001517
НБА 1,698970 0,003962
Еврокубки 1,698970 0,002641
Теннис 1,397940 0,001630
Формула 1,221849 0,001425
Волейбол 1,397940 0,001630
Летние 1,397940 0,001630
виды 1,221849 0,003799
Киберспорт 1,522879 0,001776
Зимние 1,397940 0,002173
Авто 0,853872 0,000996
мото 1,698970 0,001981
Легкая 1,522879 0,001776
атлетика 1,522879 0,001776
Шахматы 1,522879 0,002959
Водные 1,698970 0,001981
D 1,096910 0,001279
тур 1,522879 0,001776
по 0,124939 0,000534
ПТС 1,698970 0,001981
Главная 0,823909 0,001281
дорога 1,096910 0,001279
Агент 1,698970 0,001321
Телевизионный 1,698970 0,001321
сериал 1,045757 0,000813
г 0,602060 0,000468
Войти 0,508638 0,000593
на 0,075721 0,000795
сайт 0,494850 0,000577
Ближайшие 1,698970 0,001321
матчи 1,698970 0,001321
Российская 1,096910 0,001279
апр 1,397940 0,029882
Нижний 0,853872 0,000996
Новгород 0,886057 0,001033
x 1,221849 0,004274
Динамо 1,522879 0,002959
М 0,744727 0,000579
Химки 1,522879 0,001184
ЦСКА 1,397940 0,002173
Рубин 1,698970 0,001321
Краснодар 1,000000 0,000777
Ахмат 1,698970 0,001321
Зенит 1,698970 0,001321
Урал 1,397940 0,001087
Крылья 1,221849 0,000950
Советов 1,698970 0,001321
Уфа 1,154902 0,000898
Сочи 0,920819 0,000716
Спартак 1,698970 0,001321
Арсенал 1,698970 0,001321
Ростов 0,958607 0,000745
Локомотив 1,698970 0,001321
ТОП 0,958607 0,000745
ТРАНСЛЯЦИИ 1,698970 0,001321
Финал 1,301030 0,001011
конференции 1,154902 0,000898
Запад 1,000000 0,000777
СКА 1,397940 0,001087
й 1,045757 0,000813
матч 1,301030 0,001517
Бесплатно 1,522879 0,001184
Югорский 1,698970 0,001321
марафон 1,397940 0,001087
км 1,397940 0,001630
Тур 1,522879 0,001184
Федерация 1,698970 0,001321
санного 1,698970 0,001321
спорта 0,958607 0,000745
добилась 1,698970 0,001321
права 0,431798 0,000336
для 0,119186 0,000139
участвовать 1,221849 0,000950
в 0,070581 0,001289
международных 1,045757 0,000813
стартах 1,522879 0,001184
Елена 0,769551 0,000897
Вяльбе 1,301030 0,002023
сообщила 1,397940 0,001630
что 0,187087 0,001018
намерена 1,096910 0,001279
переизбраться 1,698970 0,001981
Совет 1,301030 0,001517
FIS 1,301030 0,002023
Тренер 1,698970 0,001981
Касперович 1,698970 0,001981
объяснил 0,769551 0,000897
ситуацию 1,096910 0,001279
с 0,102373 0,000517
новым 1,000000 0,001555
контрактом 1,698970 0,001981
со 0,387216 0,000602
сборной 1,301030 0,002023
Болгарии 1,301030 0,001517
Главные 0,769551 0,000897
новости 0,420216 0,001796
Они 0,886057 0,001377
проявили 1,698970 0,001981
здравомыслие 1,698970 0,001981
Карякин 1,301030 0,001517
об 0,292430 0,001023
отказе 1,522879 0,001776
украинских 0,795880 0,001237
шахматисток 1,522879 0,002367
поддержать 1,301030 0,001517
отстранение 1,522879 0,002367
россиян 0,744727 0,002316
Сани 1,698970 0,003302
Когда 0,602060 0,001170
мы 0,468521 0,000910
вернемся 1,698970 0,001981
вам 0,677781 0,000790
будет 0,387216 0,000451
тяжелее 1,698970 0,001981
нами 1,154902 0,001347
бороться 1,522879 0,001776
российский 0,886057 0,001033
саночник 1,698970 0,001981
Репилов 1,698970 0,001981
Прыжки 1,698970 0,001981
воду 1,698970 0,003302
Российские 0,920819 0,001432
прыгуны 1,698970 0,001981
выступят 1,397940 0,001630
апреле 0,853872 0,000996
открытом 1,522879 0,001776
Кубке 1,522879 0,001776
Белоруссии 1,154902 0,001347
лидер 1,096910 0,001279
рейтинга 1,301030 0,001517
СМИ 0,481486 0,001684
цитируемости 1,698970 0,001981
первом 1,096910 0,001279
квартале 1,522879 0,001776
года 0,356547 0,000416
Арбитры 1,698970 0,001981
FIL 1,698970 0,001981
считают 1,301030 0,001517
санкции 0,744727 0,000868
против 0,387216 0,000602
были 0,769551 0,000897
основаны 1,698970 0,001981
только 0,309804 0,000722
их 0,455932 0,000886
гражданстве 1,522879 0,001776
являются 1,045757 0,001219
политической 1,096910 0,001279
дискриминацией 1,698970 0,001981
Все 0,148742 0,000578
Российский 0,853872 0,000664
футбол 1,522879 0,001184
К 0,638272 0,000744
легионерам 1,698970 0,001981
россиянам 1,154902 0,001347
разное 1,522879 0,001776
отношение 1,045757 0,001219
играют 1,522879 0,001776
те 1,221849 0,001425
за 0,180456 0,000561
кого 0,853872 0,000996
больше 0,638272 0,000744
уплачено 1,698970 0,001981
Интервью 0,638272 0,000992
форвардом 1,698970 0,001981
Краснодара 1,698970 0,002641
Ильиным 1,698970 0,001981
Могут 1,698970 0,001981
ли 0,397940 0,000464
клубы 1,397940 0,001630
заявить 1,522879 0,001776
этот 0,795880 0,001547
сезон 0,853872 0,001659
новых 0,508638 0,000395
футболистов 1,522879 0,002367
Ответ 1,698970 0,001981
РФС 1,522879 0,001776
Писали 1,698970 0,001321
должно 1,301030 0,001011
быть 0,431798 0,000336
стыдно 1,221849 0,000950
из 0,167491 0,000391
того 0,853872 0,000664
я 0,522879 0,000610
русский 0,920819 0,000716
футболист 1,698970 0,001321
Назаров 1,522879 0,001184
уходе 1,522879 0,001184
чешского 1,698970 0,001321
клуба 1,301030 0,002023
Главное 0,657577 0,001022
Россияне 1,397940 0,001630
устроили 1,301030 0,001517
шоу 0,657577 0,001278
Нью 1,221849 0,001899
Йорке 1,698970 0,001981
А 0,376751 0,000879
после 0,397940 0,000928
игры 1,000000 0,001555
подкололи 1,698970 0,001981
друга 0,886057 0,001033
У 0,431798 0,000503
лучших 1,096910 0,000853
проблемы 1,000000 0,000777
федерацией 1,522879 0,001184
не 0,142668 0,000665
поддержали 1,522879 0,001184
Главного 1,522879 0,001776
тренера 1,397940 0,004346
Буде 1,522879 0,001776
Глимт 1,698970 0,001981
обвинили 1,522879 0,001776
нападении 1,096910 0,001279
вратарей 1,522879 0,001776
Ромы 1,522879 0,002959
прямая 1,522879 0,001184
речь 1,301030 0,001011
Круто 1,698970 0,001981
Медведева 1,397940 0,001630
снялась 1,698970 0,001981
откровенной 1,698970 0,001981
фотосессии 1,698970 0,001981
Серебряный 1,301030 0,001517
призер 1,698970 0,001981
Олимпиады 1,698970 0,002641
тоже 1,000000 0,001166
готова 1,221849 0,001899
такой 0,853872 0,000996
шаг 1,397940 0,001630
Папа 1,397940 0,001087
полицейский 1,698970 0,001321
земляк 1,698970 0,001321
президента 0,958607 0,000745
пятилетний 1,698970 0,001321
плотник 1,698970 0,001321
афера 1,698970 0,001321
фамилиями 1,698970 0,001321
Нигерийцы 1,698970 0,001321
дебюта 1,698970 0,001321
рассказали 0,744727 0,000579
о 0,136677 0,000425
себе 0,619789 0,000482
Дзюба 1,698970 0,001321
нужен 0,958607 0,000745
Зениту 1,698970 0,001321
ему 0,853872 0,000664
предложат 1,397940 0,001087
контракт 1,522879 0,001184
но 0,481486 0,000749
тот 0,853872 0,000664
который 0,508638 0,000395
был 0,481486 0,000374
прошлый 1,698970 0,001321
раз 0,698970 0,000815
Орлов 1,522879 0,001184
главном 1,096910 0,000853
российском 1,000000 0,000777
футболе 1,698970 0,001981
Легионеры 1,698970 0,001981
хотели 1,397940 0,001630
уехать 1,397940 0,001630
еще 0,408935 0,000795
перед 0,920819 0,001074
первым 1,154902 0,001795
раундом 1,698970 0,001981
Алексей 0,602060 0,000702
Кудашов 1,698970 0,002641
итогах 1,522879 0,001776
сезона 0,958607 0,001863
будущем 1,045757 0,001219
Коля 1,698970 0,001981
Голдобин 1,698970 0,002641
лучше 0,958607 0,001118
чем 0,420216 0,000653
Кросби 1,698970 0,001981
Форвард 1,698970 0,001981
Магнитки 1,698970 0,001981
забил 1,522879 0,002367
победный 1,698970 0,001981
гол 1,698970 0,001981
Трактору 1,698970 0,001981
Федоров 1,698970 0,001981
vs 1,301030 0,001517
Ротенберг 1,698970 0,001981
уникальная 1,397940 0,001630
дуэль 1,522879 0,002367
Год 0,958607 0,001118
назад 0,721246 0,000841
бы 0,585027 0,000682
даже 0,619789 0,000964
назвали 0,920819 0,001074
тренерами 1,698970 0,001981
Фестиваль 1,221849 0,001425
чудо 1,154902 0,001347
голов 1,522879 0,001776
ретро 1,522879 0,001776
комбинация 1,397940 0,001630
Барсы 1,522879 0,001776
норвежское 1,698970 0,001981
проклятье 1,522879 0,001776
Роттердаме 1,698970 0,001981
матчей 1,522879 0,001776
ЛЕ 1,522879 0,001776
ЛК 1,522879 0,001776
Лейпциг 1,522879 0,001184
Тедеско 1,698970 0,001321
Аталанта 1,522879 0,001184
Миранчука 1,698970 0,001321
сыграли 1,301030 0,001011
вничью 1,397940 0,001087
Лиге 1,397940 0,002173
Бавария 1,522879 0,001184
уступила 1,522879 0,001184
команде 1,522879 0,001184
Эмери 1,522879 0,001184
а 0,327902 0,000510
Бензема 1,397940 0,001087
снова 0,769551 0,000598
сделал 1,154902 0,000898
хет 1,397940 0,001087
трик 1,522879 0,001184
Чемпионов 1,698970 0,001321
Голы 1,698970 0,001321
лучшие 0,886057 0,000689
моменты 1,698970 0,001321
ММА 1,397940 0,001087
Постеснялся 1,698970 0,001321
сфоткаться 1,698970 0,001321
Сайтиевым 1,698970 0,001321
Чимаев 1,698970 0,001981
готов 1,221849 0,000950
помочь 1,045757 0,000813
Макгрегору 1,397940 0,001630
вернуться 0,958607 0,000745
мощно 1,698970 0,001321
говорит 1,154902 0,000898
про 0,568636 0,000663
Яна 1,000000 0,001166
Стерлинга 1,698970 0,001981
ждет 0,853872 0,000664
избиение 1,698970 0,001321
Друг 1,397940 0,001087
секундант 1,698970 0,001321
Петра 1,000000 0,000777
рассказывает 0,958607 0,000745
подготовке 1,522879 0,001184
главному 1,698970 0,001321
бою 1,397940 0,001087
Меня 1,221849 0,000950
весь 1,000000 0,000777
лагерь 1,301030 0,001011
ловили 1,698970 0,001321
приемы 1,698970 0,001321
Петр 1,000000 0,001166
Ян 1,397940 0,001630
Хабиба 1,698970 0,001321
углу 1,698970 0,001321
реакцию 1,397940 0,001087
сына 1,000000 0,000777
Завершение 1,698970 0,001321
тренерской 1,698970 0,001321
карьеры 1,301030 0,001011
Я 0,508638 0,000395
просто 0,657577 0,000511
кокетничал 1,698970 0,001321
Александр 0,468521 0,000364
Жулин 1,698970 0,001321
изоляции 1,397940 0,001087
патриотизме 1,698970 0,001321
дети 0,853872 0,000664
заочно 1,698970 0,001321
громят 1,698970 0,001321
чемпионок 1,698970 0,001321
На 0,283997 0,000331
без 0,387216 0,000602
участия 1,045757 0,000813
учениц 1,522879 0,001184
Тутберидзе 1,698970 0,001321
Она 0,958607 0,000745
тренировках 1,698970 0,001321
видела 1,698970 0,001321
четверные 1,698970 0,001321
это 0,292430 0,000227
откладывается 1,698970 0,001321
подсознании 1,698970 0,001321
Экс 1,397940 0,001087
тренер 1,522879 0,001184
Липницкой 1,698970 0,001321
новой 0,769551 0,000598
сильной 1,522879 0,001184
ученице 1,698970 0,001321
Разбор 1,522879 0,001184
Неизбежные 1,698970 0,001321
удары 1,221849 0,000950
нашему 1,522879 0,001184
футболу 1,397940 0,001087
банов 1,698970 0,001321
потеря 1,698970 0,001321
млн 0,886057 0,000689
год 0,568636 0,000442
от 0,193820 0,000678
обвала 1,522879 0,001184
еврокубках 1,698970 0,001321
жутко 1,522879 0,001184
сложный 1,397940 0,001087
отбор 1,698970 0,001321
ЧМ 1,698970 0,001981
Месси 1,698970 0,001321
Роналду 1,698970 0,001321
светит 1,522879 0,001184
Золотой 1,045757 0,000813
мяч 1,522879 0,001184
этом 0,585027 0,000455
году 0,602060 0,000468
них 0,769551 0,000598
есть 0,568636 0,000442
четыре 1,000000 0,000777
крутых 1,522879 0,001184
претендента 1,698970 0,001321
награду 1,397940 0,001087
С 0,455932 0,000354
Польшей 1,522879 0,001184
Португалией 1,698970 0,001321
понятно 1,397940 0,001087
кто 0,494850 0,000577
вышел 1,000000 0,001166
чемпионат 1,397940 0,001087
Материалы 1,045757 0,000813
материалы 0,537602 0,000418
Академическая 1,698970 0,001321
гребля 1,698970 0,001321
Михаил 0,568636 0,000442
Кузнецов 1,221849 0,000950
звезда 1,397940 0,001087
академической 1,698970 0,001321
гребли 1,698970 0,001321
Анна 0,568636 0,000442
Пракатень 1,698970 0,001321
антироссийских 1,096910 0,000853
санкциях 1,301030 0,001011
горячих 1,698970 0,001321
летних 1,522879 0,001184
фотографиях 1,698970 0,001321
судьбе 1,301030 0,001011
подаренного 1,698970 0,001321
автомобиля 1,000000 0,000777
дальнейшей 1,397940 0,001087
карьере 1,221849 0,000950
Андрей 0,552842 0,000430
Менг 1,698970 0,001321
Панарин 1,698970 0,001321
м 1,154902 0,000898
матче 1,397940 0,001630
Шестеркин 1,522879 0,001776
сыграл 1,397940 0,001087
ноль 1,522879 0,001184
Дмитрий 0,602060 0,000468
Пономаренко 1,698970 0,001321
Эксклюзивное 1,698970 0,001321
главным 1,301030 0,001011
тренером 1,698970 0,001321
бело 1,698970 0,001321
голубых 1,698970 0,001321
Евгений 0,698970 0,000543
Дзичковский 1,698970 0,001321
летний 1,045757 0,000813
нападающий 1,698970 0,001321
сейчас 0,657577 0,000511
лучший 1,045757 0,000813
скорострельности 1,698970 0,001321
составе 1,522879 0,001184
быков 1,698970 0,001321
Владимир 0,431798 0,000336
Ильин 1,522879 0,001184
женат 1,698970 0,001321
дочери 1,301030 0,001011
грузинского 1,522879 0,001184
футболиста 1,698970 0,001321
имеет 1,301030 0,001011
мнение 1,045757 0,000813
насчет 1,397940 0,001087
мелкого 1,698970 0,001321
паса 1,698970 0,001321
столь 1,221849 0,000950
любимого 1,301030 0,001011
его 0,376751 0,000439
командой 1,698970 0,001321
Павел 0,853872 0,000996
Лысенков 1,698970 0,001981
лидеры 1,522879 0,001184
бомбардирской 1,698970 0,001321
плей 1,397940 0,001630
офф 1,301030 0,001517
Металлург 1,397940 0,001087
оказался 0,920819 0,000716
двух 0,886057 0,000689
шагах 1,698970 0,001321
выхода 1,000000 0,000777
финал 1,698970 0,001321
Кубка 1,522879 0,001184
Гагарина 1,301030 0,001011
Ответные 1,698970 0,001321
через 0,585027 0,000682
неделю 0,920819 0,000716
Денис 0,853872 0,000664
Петров 1,522879 0,001184
В 0,167491 0,000195
Европе 0,886057 0,000689
идет 0,958607 0,000745
кампания 1,698970 0,001321
нашего 0,958607 0,000745
футбола 1,698970 0,001321
Двое 1,522879 0,001184
уже 0,602060 0,000468
лишились 1,698970 0,001981
работы 0,638272 0,000744
европейских 1,221849 0,001425
клубах 1,698970 0,001321
следующий 1,522879 0,001184
Из 0,698970 0,000543
высылают 1,522879 0,001184
российских 0,468521 0,000546
дипломатов 0,958607 0,000745
Наша 1,154902 0,000898
лига 1,522879 0,001184
территория 1,397940 0,001087
возможностей 1,301030 0,001011
Не 0,481486 0,000374
удалось 1,301030 0,001011
загрузить 1,698970 0,001321
данные 0,721246 0,000561
Показать 0,886057 0,000689
покинувших 1,397940 0,001087
Чехию 1,698970 0,001321
Какой 1,221849 0,000950
то 0,537602 0,000836
мужик 1,698970 0,001321
при 0,468521 0,000546
помощи 1,045757 0,000813
взмахов 1,698970 0,001321
рук 1,301030 0,001011
может 0,397940 0,000619
изменить 1,154902 0,000898
Н 0,823909 0,000961
Жи 1,522879 0,001776
ритуалах 1,698970 0,001321
Африке 1,397940 0,001630
Путина 0,886057 0,000689
очень 0,657577 0,000511
любят 1,096910 0,000853
Камеруне 1,698970 0,001321
странах 1,045757 0,000813
где 0,537602 0,000418
играл 1,221849 0,000950
Оглашены 1,698970 0,001321
претенденты 1,698970 0,001321
звание 1,522879 0,001184
лучшего 1,522879 0,001184
игрока 1,698970 0,001321
недели 0,769551 0,000598
признан 1,154902 0,000898
второй 0,920819 0,000716
звездой 1,096910 0,000853
игрового 1,698970 0,001321
дня 0,494850 0,000385
Видел 1,698970 0,001321
нам 0,657577 0,000511
силам 1,522879 0,001184
пройти 1,154902 0,000898
Но 0,619789 0,000482
условии 1,397940 0,001087
стабильного 1,698970 0,001321
состава 1,397940 0,001087
Сан 1,221849 0,000950
Хосе 1,698970 0,001321
проиграл 1,522879 0,001184
Калгари 1,698970 0,001321
Барабанов 1,698970 0,001321
закончил 1,522879 0,001184
полезностью 1,698970 0,001321
Ванкувер 1,698970 0,001321
обыграл 1,698970 0,001321
Аризону 1,522879 0,001184
Подколзин 1,698970 0,001321
набрал 1,522879 0,001776
два 0,853872 0,000664
очка 1,698970 0,001321
Мэттьюс 1,522879 0,001184
стал 0,585027 0,000455
лучшим 1,301030 0,001011
снайпером 1,698970 0,001321
среди 0,958607 0,000745
американцев 1,522879 0,001184
всю 0,823909 0,000640
историю 0,795880 0,000619
Стерлинг 1,154902 0,001347
считает 1,000000 0,001166
принимать 1,301030 0,001011
допинг 1,522879 0,001184
UFC 1,397940 0,001630
позволила 1,698970 0,001321
Яну 1,698970 0,001321
Стерлингу 1,698970 0,001321
провести 1,096910 0,000853
взглядов 1,698970 0,001321
Алджамэйн 1,698970 0,001321
признался 1,397940 0,001087
открывает 1,154902 0,000898
сообщения 1,154902 0,000898
соцсетях 1,045757 0,000813
предъявили 1,154902 0,000898
шесть 1,045757 0,000813
обвинений 1,301030 0,001011
делу 1,000000 0,000777
опасном 1,698970 0,001321
вождении 1,698970 0,001321
Боец 1,397940 0,001087
Бернс 1,698970 0,001321
ментально 1,698970 0,001321
проседает 1,698970 0,001321
съедает 1,522879 0,001184
соперника 1,698970 0,001321
Бикрев 1,698970 0,001321
IBU 1,698970 0,001321
полностью 0,795880 0,000619
запретил 1,154902 0,000898
использование 0,795880 0,000928
фтора 1,698970 0,001321
Свердловской 1,698970 0,001321
области 0,721246 0,000561
нет 0,619789 0,000723
хорошего 1,698970 0,001321
мужского 1,698970 0,001321
этого 0,619789 0,000482
многое 1,221849 0,000950
зависит 1,522879 0,001184
Шипулин 1,698970 0,001981
Антон 0,958607 0,000745
Медали 1,698970 0,001321
Олимпиаде 1,698970 0,001321
заслуга 1,698970 0,001321
личных 1,221849 0,000950
тренеров 1,698970 0,001321
Это 0,537602 0,000418
стать 0,795880 0,000619
команды 1,522879 0,001184
Юрлова 1,698970 0,001321
Перхт 1,698970 0,001321
рассмотреть 1,522879 0,001184
статус 1,397940 0,001087
играющего 1,698970 0,001321
биатлоне 1,698970 0,001321
Йокич 1,698970 0,001321
истории 0,657577 0,000511
очков 1,522879 0,001184
подборов 1,698970 0,001321
передач 1,045757 0,000813
баскетболу 1,698970 0,001321
пройдут 1,221849 0,000950
подготовку 1,522879 0,001184
международным 1,045757 0,000813
турнирам 1,698970 0,001321
независимо 1,698970 0,001321
вердикта 1,698970 0,001321
FIBA 1,698970 0,001321
Трипл 1,698970 0,001321
дабл 1,698970 0,001321
Дюранта 1,698970 0,001321
помог 1,397940 0,001087
Бруклину 1,698970 0,001321
победить 1,154902 0,000898
Йорк 1,397940 0,001087
Лейкерс 1,522879 0,001776
шансов 1,698970 0,001321
продолжение 1,301030 0,001011
борьбы 1,301030 0,001011
выход 1,096910 0,000853
сменят 1,698970 0,001321
главного 1,045757 0,000813
завершения 1,397940 0,001087
Крамера 1,698970 0,001321
предвзятого 1,698970 0,001321
отношения 1,045757 0,000813
расстроило 1,698970 0,001321
окончание 1,698970 0,001321
лыжник 1,698970 0,001321
Ретивых 1,698970 0,001321
Обладатель 1,698970 0,001321
серебра 1,698970 0,001321
Югорского 1,698970 0,001321
марафона 1,698970 0,001321
Турышев 1,698970 0,001321
ставил 1,698970 0,001321
задачу 1,698970 0,001321
лишь 1,096910 0,000853
добраться 1,301030 0,001011
до 0,244125 0,000190
финиша 1,698970 0,001321
Призер 1,698970 0,001321
Белов 1,522879 0,001184
выиграл 1,397940 0,001087
гонку 1,522879 0,001184
классикой 1,698970 0,001321
Югорском 1,698970 0,001321
лыжном 1,698970 0,001321
марафоне 1,698970 0,001321
подтвердила 1,698970 0,001321
является 0,853872 0,000664
кандидатом 1,698970 0,001321
выборах 1,301030 0,001011
совет 1,096910 0,000853
организации 1,096910 0,000853
О 0,207608 0,000161
канале 1,045757 0,000813
Контакты 0,455932 0,000354
Вакансии 0,657577 0,000511
Аккредитация 1,698970 0,001321
Обратная 0,585027 0,000455
связь 0,552842 0,000430
Размещение 0,958607 0,000745
рекламы 0,823909 0,000640
ООО 0,853872 0,001659
Национальный 1,221849 0,002374
спортивный 1,397940 0,002717
телеканал 1,154902 0,002244
Пользовательское 0,677781 0,000527
соглашение 0,619789 0,000482
Средство 1,301030 0,001011
массовой 1,000000 0,001166
информации 0,698970 0,000815
сетевое 1,221849 0,000950
издание 0,657577 0,000511
www 0,698970 0,001902
matchtv 1,698970 0,005943
ru 0,187087 0,000582
зарегистрировано 0,823909 0,000640
Федеральной 0,619789 0,000482
службой 0,744727 0,000579
надзору 0,619789 0,000482
сфере 0,552842 0,000430
связи 0,455932 0,000354
информационных 0,585027 0,000455
технологий 0,568636 0,000442
массовых 0,568636 0,000442
коммуникаций 0,585027 0,000455
Роскомнадзор 0,823909 0,000640
Свидетельство 0,721246 0,000561
регистрации 0,638272 0,000496
средства 1,154902 0,000898
ЭЛ 0,823909 0,000640
ФС 0,522879 0,000406
Название 1,221849 0,000950
Учредитель 0,698970 0,000543
соучредители 1,397940 0,001087
сетевого 1,096910 0,002132
издания 0,886057 0,001722
главный 1,096910 0,000853
редактор 0,585027 0,000455
Слюсаренко 1,698970 0,001321
Е 1,096910 0,000853
номер 0,920819 0,000716
телефона 1,397940 0,001087
редакции 0,481486 0,000561
адрес 0,920819 0,000716
электронной 0,886057 0,000689
почты 0,886057 0,000689
чуть 1,096910 0,001279
вы 0,420216 0,000327
получите 1,301030 0,001011
доступ 1,045757 0,001219
бесплатным 1,698970 0,001321
трансляциям 1,698970 0,001981
МАТЧ 1,698970 0,001321
Даю 1,698970 0,001321
согласие 1,154902 0,001347
получать 0,886057 0,000689
маркетинговую 1,698970 0,001321
рекламную 1,698970 0,001321
иную 1,522879 0,001184
информацию 0,721246 0,000561
Принимаю 1,397940 0,001087
условия 0,958607 0,000745
пользовательского 1,154902 0,000898
соглашения 1,000000 0,000777
Завершить 1,522879 0,001184
регистрацию 1,397940 0,001087
Pass 1,698970 0,001321
Media 1,154902 0,000898
теперь 0,677781 0,000527
ГИД 1,522879 0,001776
Авторизуйся 1,698970 0,001321
новую 0,769551 0,000598
систему 1,522879 0,001184
получи 1,522879 0,001184
спортивным 1,698970 0,001321
целой 1,397940 0,001087
вселенной 1,221849 0,000950
развлекательных 1,522879 0,001184
сервисов 1,045757 0,000813
Подробнее 0,698970 0,000543
возможностях 1,698970 0,001321
Используя 1,221849 0,000950
Вы 0,619789 0,000723
даете 1,522879 0,001184
cookies 1,301030 0,001517
данном 1,397940 0,001087
этапе 1,698970 0,001321
можете 0,795880 0,000619
отказаться 1,301030 0,001011
использования 0,920819 0,000716
настроив 1,698970 0,001321
необходимые 1,221849 0,000950
параметры 1,698970 0,001321
своем 0,823909 0,000640
браузере 1,397940 0,001087
Ок 1,522879 0,001184
