div 1,000000 0,000455
img 0,795880 0,000724
src 0,795880 0,000724
https 0,721246 0,000656
mc 1,000000 0,000910
yandex 1,000000 0,000910
ru 0,187087 0,000170
watch 1,000000 0,000910
style 0,823909 0,000749
position 0,853872 0,000777
absolute 0,958607 0,000872
left 0,958607 0,000872
px 0,920819 0,000837
alt 0,886057 0,000806
Издательская 1,397940 0,001907
платформа 1,397940 0,003179
Лит 1,221849 0,011113
Рес 1,301030 0,011833
Самиздат 1,522879 0,017313
бесплатное 1,698970 0,001545
издательство 1,522879 0,001385
электронных 1,096910 0,001496
книг 0,958607 0,003923
Издайте 1,698970 0,001545
свою 0,638272 0,001451
книгу 1,045757 0,004756
онлайн 0,508638 0,000463
Перейти 1,045757 0,000951
к 0,207608 0,000566
контенту 1,397940 0,001271
страницы 1,221849 0,001111
Блог 1,045757 0,001427
Статус 1,522879 0,001385
Услуги 1,301030 0,001183
Премия 1,045757 0,000951
Войти 0,508638 0,000463
Зарегистрироваться 1,221849 0,001111
Показать 0,886057 0,000806
меню 1,045757 0,000951
для 0,119186 0,000867
тех 0,920819 0,000837
кто 0,494850 0,000450
написал 1,154902 0,001050
или 0,301030 0,000548
только 0,309804 0,000986
мечтает 1,397940 0,001271
написать 1,221849 0,001111
Бесплатная 1,522879 0,001385
публикация 1,397940 0,001271
на 0,075721 0,000689
и 0,075721 0,001481
в 0,070581 0,001220
крупнейшей 1,522879 0,001385
книжной 1,698970 0,001545
сети 0,823909 0,001499
партнеров 1,154902 0,001050
миллионов 1,045757 0,000951
читателей 0,958607 0,003487
ежемесячно 1,698970 0,001545
Подробная 1,698970 0,001545
статистика 1,301030 0,002367
скачиваний 1,698970 0,001545
вашей 1,301030 0,002958
книги 0,744727 0,004064
До 0,958607 0,000872
роялти 1,698970 0,001545
за 0,180456 0,000985
каждую 1,301030 0,001183
продажу 1,522879 0,002078
Автоматическое 1,698970 0,001545
продвижение 1,397940 0,001271
счет 1,000000 0,000910
Стать 1,397940 0,001271
автором 1,522879 0,001385
Любой 1,301030 0,001183
формат 1,397940 0,002543
любой 0,853872 0,001165
жанр 1,397940 0,001271
любая 1,698970 0,001545
книга 0,958607 0,003052
Выкладывайте 1,698970 0,001545
процессе 1,301030 0,001183
написания 1,397940 0,001271
черновике 1,698970 0,001545
публикуйте 1,698970 0,002318
новые 0,508638 0,000463
созданные 1,522879 0,001385
ранее 1,221849 0,001111
продавайте 1,698970 0,001545
электронную 1,522879 0,001385
печатную 1,698970 0,001545
версии 1,000000 0,000910
Вебинары 1,698970 0,003090
авторов 0,920819 0,004606
ЗАРЕГИСТРИРОВАТЬСЯ 1,698970 0,003090
ПОДАТЬ 1,698970 0,006953
ЗАЯВКУ 1,698970 0,006953
ДИЗАЙН 1,698970 0,002318
ОБЛОЖКИ 1,698970 0,002318
Обложка 1,522879 0,002078
от 0,193820 0,000793
профессионального 1,397940 0,001907
дизайнера 1,698970 0,002318
Мы 0,537602 0,000978
разработаем 1,698970 0,002318
уникальную 1,301030 0,001775
обложку 1,522879 0,004155
которая 0,823909 0,001873
привлечет 1,698970 0,002318
Заказать 1,522879 0,002078
Легкий 1,522879 0,001385
старт 1,522879 0,001385
начинающих 1,221849 0,001111
писателей 1,045757 0,000951
Изучите 1,698970 0,001545
нашу 1,301030 0,001183
подробную 1,397940 0,001271
базу 1,698970 0,001545
знаний 1,522879 0,002078
где 0,537602 0,000978
все 0,292430 0,000532
доходчиво 1,698970 0,001545
написано 1,698970 0,001545
подпишитесь 1,698970 0,001545
обучающую 1,698970 0,001545
рассылку 1,000000 0,000910
найдите 1,698970 0,001545
поддержку 1,000000 0,000910
других 0,795880 0,001448
наших 0,823909 0,000749
группах 1,522879 0,001385
социальных 0,769551 0,001050
сетях 0,769551 0,001050
Очень 1,045757 0,002853
хороший 1,522879 0,002770
сервис 0,958607 0,004795
причем 1,522879 0,004848
нужный 1,698970 0,003090
Все 0,148742 0,000406
понятно 1,397940 0,002543
удобно 1,221849 0,003334
Адекватная 1,698970 0,003090
техническая 1,698970 0,003090
поддержка 1,045757 0,001902
помогают 1,301030 0,002367
подсказывают 1,522879 0,002770
оперативно 1,522879 0,004155
Заметно 1,698970 0,003090
что 0,187087 0,001191
развивается 1,397940 0,002543
совершенствуется 1,698970 0,003090
Никита 1,154902 0,002101
Гузь 1,698970 0,003090
Автор 1,301030 0,004733
сервиса 1,301030 0,005325
Для 0,494850 0,000675
меня 0,721246 0,002296
Литрес 1,698970 0,005408
стал 0,585027 0,000798
стартовой 1,698970 0,002318
площадкой 1,698970 0,002318
творчестве 1,221849 0,001667
Я 0,508638 0,002313
с 0,102373 0,001257
детства 1,154902 0,001576
любил 1,096910 0,001496
фантастику 1,698970 0,002318
даже 0,619789 0,000846
пытался 1,397940 0,001907
то 0,537602 0,001467
там 0,958607 0,001308
писать 1,045757 0,001427
но 0,481486 0,001314
мне 0,853872 0,004271
самому 1,397940 0,001907
не 0,142668 0,000714
нравился 1,698970 0,002318
результат 1,301030 0,002958
Когда 0,602060 0,000821
глаза 1,301030 0,001775
попался 1,698970 0,002318
я 0,522879 0,003091
понял 1,301030 0,001775
это 0,292430 0,001596
тот 0,853872 0,001942
который 0,508638 0,001157
нужен 0,958607 0,001308
Собственно 1,698970 0,002318
именно 0,920819 0,001256
появившаяся 1,698970 0,002318
возможность 0,769551 0,002450
опубликовать 1,397940 0,004450
собственное 1,221849 0,001667
произведение 1,221849 0,002223
минуя 1,698970 0,002318
долгие 1,698970 0,002318
утомительные 1,698970 0,002318
стадии 1,397940 0,001907
общения 1,154902 0,001576
издательствами 1,698970 0,003863
стала 0,823909 0,001124
толчком 1,522879 0,002078
написанию 1,522879 0,002078
первых 0,853872 0,001165
планы 1,221849 0,001667
которых 0,677781 0,000925
давно 0,823909 0,001124
крутились 1,698970 0,002318
моей 1,000000 0,002274
голове 1,397940 0,001907
На 0,283997 0,000517
мой 1,221849 0,001667
взгляд 1,154902 0,001576
независимых 1,698970 0,002318
такой 0,853872 0,001165
отличный 1,522879 0,002078
способ 1,045757 0,001427
проверить 1,045757 0,001427
себя 0,552842 0,000754
деле 0,886057 0,001209
Макс 1,154902 0,001576
Глебов 1,522879 0,002078
писатель 1,221849 0,002778
автор 1,045757 0,001427
серии 0,920819 0,001256
Бригадный 1,698970 0,002318
генерал 1,301030 0,001775
Хочу 0,920819 0,002094
сказать 1,154902 0,002626
огромное 1,698970 0,002318
спасибо 1,301030 0,002958
помощь 1,045757 0,002378
работала 1,522879 0,002078
со 0,387216 0,000528
многими 1,698970 0,002318
включая 1,301030 0,001775
крупные 1,221849 0,001667
Нигде 1,698970 0,002318
было 0,585027 0,000798
такого 1,301030 0,001775
отношения 1,045757 0,001427
Огромное 1,522879 0,002078
оперативность 1,698970 0,002318
человеческое 1,698970 0,002318
отношение 1,045757 0,001427
Татьяна 1,000000 0,001364
Векшина 1,698970 0,002318
поблагодарить 1,698970 0,002318
работу 0,823909 0,001124
над 0,823909 0,001124
книгой 1,397940 0,002543
Вчера 1,045757 0,001427
прошла 1,045757 0,001427
модерацию 1,698970 0,003090
выложила 1,698970 0,002318
свой 0,721246 0,001640
первый 0,769551 0,001050
роман 0,920819 0,001256
хочу 1,397940 0,001907
ни 0,744727 0,001016
разу 1,698970 0,002318
потрепала 1,698970 0,002318
нервы 1,522879 0,002078
впервые 0,744727 0,001016
публиковалась 1,698970 0,002318
электронной 0,886057 0,001612
площадке 1,522879 0,003463
думала 1,397940 0,001907
раз 0,698970 0,001907
дело 0,886057 0,001209
под 0,376751 0,000514
новый 0,552842 0,000754
год 0,568636 0,001293
придется 1,045757 0,001427
ждать 1,154902 0,001576
целую 1,522879 0,002078
вечность 1,522879 0,002078
пока 1,000000 0,001364
мою 1,522879 0,002078
рассмотрят 1,698970 0,002318
Техподдержка 1,221849 0,001667
работает 0,657577 0,002093
просто 0,657577 0,002093
молниеносно 1,698970 0,002318
была 0,744727 0,001016
проблема 1,397940 0,001907
отображением 1,698970 0,002318
названий 1,698970 0,002318
глав 1,154902 0,001576
ответили 1,397940 0,001907
же 0,721246 0,001640
день 0,585027 0,001330
выслали 1,698970 0,002318
готовый 1,698970 0,002318
исправленный 1,698970 0,002318
файл 1,301030 0,002958
моего 1,397940 0,003179
текста 1,045757 0,001902
тут 0,886057 0,001209
смогла 1,221849 0,001667
залить 1,698970 0,002318
уже 0,602060 0,001369
без 0,387216 0,001233
ошибок 1,154902 0,002101
Это 0,537602 0,001222
вау 1,698970 0,002318
Еще 0,585027 0,000798
попросили 1,698970 0,002318
указать 1,522879 0,002078
информацию 0,721246 0,000984
об 0,292430 0,000399
авторских 1,045757 0,001427
правах 1,045757 0,001427
сделала 1,397940 0,001907
по 0,124939 0,000227
их 0,455932 0,000622
развернутой 1,698970 0,002318
инструкции 1,522879 0,002078
через 0,585027 0,000798
дня 0,494850 0,000675
опубликовалась 1,698970 0,002318
Впечатление 1,522879 0,002078
работы 0,638272 0,001451
Вашей 1,698970 0,002318
приятные 1,698970 0,002318
Наталья 0,853872 0,001165
Маркова 1,522879 0,002078
начала 0,769551 0,001400
осваивать 1,698970 0,002318
платформу 1,698970 0,003863
конца 0,886057 0,001209
го 1,397940 0,003179
года 0,356547 0,000649
советовали 1,522879 0,002078
коллеги 1,301030 0,001775
как 0,251812 0,000573
удобную 1,522879 0,002078
энергично 1,698970 0,002318
развивающуюся 1,698970 0,002318
выноса 1,698970 0,002318
мозга 1,154902 0,001576
знающие 1,698970 0,002318
люди 0,677781 0,000925
поймут 1,522879 0,002078
о 0,136677 0,000249
чем 0,420216 0,000955
Зарегистрировалась 1,698970 0,002318
январе 1,698970 0,002318
Да 0,823909 0,001499
пройдя 1,698970 0,002318
вот 0,795880 0,001086
эту 1,000000 0,001364
всю 0,823909 0,001124
процедуры 1,522879 0,002078
фотографированием 1,698970 0,002318
паспортом 1,698970 0,002318
заполнением 1,698970 0,002318
форм 1,698970 0,002318
таблиц 1,698970 0,002318
Многих 1,698970 0,002318
пугает 1,301030 0,001775
знаю 1,096910 0,001496
Но 0,619789 0,000846
если 0,698970 0,002225
хочешь 1,522879 0,002078
совершить 1,397940 0,001907
писательский 1,698970 0,002318
каминг 1,698970 0,002318
аут 1,698970 0,002318
куда 1,000000 0,001364
деваться 1,698970 0,002318
верно 1,698970 0,002318
К 0,638272 0,000871
неизменными 1,522879 0,002078
плюсам 1,698970 0,002318
платформы 1,397940 0,001907
отнесу 1,698970 0,002318
удобство 1,698970 0,002318
дальнейшей 1,397940 0,001907
книгами 1,397940 0,001907
Предельно 1,698970 0,002318
простая 1,522879 0,002078
доступная 1,698970 0,002318
процедура 1,698970 0,002318
техподдержка 1,698970 0,002318
грамотно 1,522879 0,002078
Можно 1,000000 0,001364
задавать 1,522879 0,002078
им 0,602060 0,000821
свои 0,698970 0,001271
вопросы 0,744727 0,001693
уточнять 1,698970 0,002318
долго 1,000000 0,001364
висит 1,698970 0,002318
обработке 1,698970 0,002318
Также 1,301030 0,001775
несомненным 1,698970 0,002318
плюсом 1,698970 0,002318
является 0,853872 0,001165
прозрачная 1,698970 0,002318
обновляется 1,397940 0,001907
несколько 0,795880 0,001086
отслеживать 1,698970 0,002318
внешней 1,301030 0,001775
рекламы 0,823909 0,001124
сразу 0,795880 0,001086
видно 1,698970 0,002318
какая 1,301030 0,001775
а 0,327902 0,000746
слили 1,698970 0,002318
бюджет 1,522879 0,002078
Ну 1,045757 0,001427
дополнительный 1,698970 0,002318
бонус 1,698970 0,002318
конкурсы 1,301030 0,001775
Литературная 1,301030 0,001775
премия 1,221849 0,001667
Электронная 1,522879 0,002078
Буква 1,698970 0,002318
Конкурс 1,221849 0,001667
детской 1,397940 0,001907
юношеской 1,698970 0,002318
прозы 1,301030 0,001775
конкурс 0,920819 0,001256
Хай 1,397940 0,001907
концепт 1,522879 0,002078
прошло 1,221849 0,001667
обитания 1,397940 0,001907
платформе 1,096910 0,001496
Каждый 1,154902 0,001576
из 0,167491 0,000305
них 0,769551 0,001050
освещается 1,698970 0,002318
выйти 1,301030 0,001775
новых 0,508638 0,000694
опубликования 1,698970 0,002318
издательстве 1,698970 0,002318
ЭКСМО 1,698970 0,002318
АСТ 1,397940 0,001907
которым 1,045757 0,001427
сотрудничает 1,698970 0,002318
сильно 1,045757 0,001427
отличает 1,522879 0,002078
аналогичных 1,698970 0,002318
сервисов 1,045757 0,001427
да 1,045757 0,001902
есть 0,568636 0,000776
сравнивать 1,698970 0,002318
Евгения 0,853872 0,001165
Кретова 1,698970 0,002318
победитель 1,698970 0,002318
первого 1,000000 0,001364
сезона 0,958607 0,001308
премии 0,853872 0,001553
Наши 0,886057 0,001612
услуги 1,301030 0,001183
Печать 1,522879 0,001385
тиража 1,698970 0,002318
Ваша 1,397940 0,001271
у 0,387216 0,000704
вас 0,823909 0,001499
руках 1,221849 0,001111
Закажите 1,698970 0,002318
печать 1,522879 0,001385
доставкой 1,698970 0,001545
прямо 1,000000 0,000910
типографии 1,698970 0,001545
Подробнее 0,698970 0,002543
Корректура 1,698970 0,001545
Проверка 1,221849 0,001111
рукописи 1,698970 0,001545
предмет 1,522879 0,001385
грамматических 1,698970 0,001545
пунктуационных 1,698970 0,001545
орфографических 1,698970 0,001545
Реклама 0,387216 0,000352
рекламу 1,096910 0,000998
чтобы 0,481486 0,000438
еще 0,408935 0,000372
больше 0,638272 0,000581
узнали 1,301030 0,001183
ней 0,823909 0,000749
Верстка 1,698970 0,001545
Поможем 1,698970 0,001545
подготовить 1,522879 0,001385
учитывая 1,698970 0,001545
особенности 1,522879 0,001385
всех 0,552842 0,000503
форматов 1,698970 0,001545
разных 0,920819 0,000837
устройств 1,221849 0,001111
Аннотация 1,698970 0,001545
копирайтеры 1,698970 0,001545
помогут 1,096910 0,000998
привлечь 1,221849 0,001111
книге 1,301030 0,001183
помощью 0,769551 0,000700
продающего 1,698970 0,001545
Персональный 1,698970 0,001545
помощник 1,522879 0,001385
Загрузит 1,698970 0,001545
создаст 1,397940 0,001271
поможет 0,886057 0,000806
быстро 1,221849 0,001111
пройти 1,154902 0,001050
Редактура 1,698970 0,001545
Профессиональный 1,522879 0,001385
редактор 0,585027 0,000532
доведет 1,522879 0,001385
ваш 0,853872 0,000777
текст 1,045757 0,000951
до 0,244125 0,000333
совершенства 1,698970 0,001545
Часто 1,698970 0,001545
задаваемые 1,698970 0,001545
Могу 1,698970 0,002318
ли 0,397940 0,000724
этого 0,619789 0,000564
был 0,481486 0,000438
создан 1,301030 0,001183
Используя 1,221849 0,001111
возможности 1,000000 0,000910
можно 0,443697 0,000404
легко 1,045757 0,000951
достаточно 1,522879 0,001385
файла 1,698970 0,001545
распространенном 1,698970 0,001545
формате 1,154902 0,001050
DOCX 1,522879 0,001385
Регистрируйтесь 1,522879 0,001385
сайте 0,431798 0,000393
проходите 1,698970 0,001545
идентификацию 1,698970 0,001545
хотите 1,045757 0,000951
выставлять 1,698970 0,001545
каких 1,000000 0,000910
языках 1,397940 0,001907
вы 0,420216 0,001147
принимаете 1,397940 0,001271
публикации 0,823909 0,001124
Никаких 1,698970 0,001545
языковых 1,698970 0,001545
ограничений 1,301030 0,001183
также 0,494850 0,000450
существует 1,301030 0,001183
мы 0,468521 0,000639
принимаем 1,522879 0,001385
любых 1,096910 0,000998
мира 0,537602 0,000489
Вместе 1,522879 0,001385
тем 1,000000 0,000910
обращаем 1,698970 0,001545
ваше 1,045757 0,000951
внимание 0,853872 0,000777
срок 1,154902 0,001050
проверки 1,397940 0,001271
написанной 1,698970 0,001545
языке 0,886057 0,000806
отличном 1,698970 0,001545
русского 0,769551 0,000700
может 0,397940 0,000362
быть 0,431798 0,000393
увеличен 1,698970 0,001545
друга 0,886057 0,000806
знакомого 1,522879 0,001385
родственника 1,698970 0,001545
т 1,154902 0,001050
д 0,886057 0,000806
него 0,795880 0,001086
Действительно 1,698970 0,001545
можете 0,795880 0,001086
другого 1,221849 0,001111
человека 0,568636 0,000517
том 0,568636 0,000776
случае 0,920819 0,000837
получили 1,045757 0,000951
право 1,045757 0,000951
письменной 1,698970 0,001545
форме 1,221849 0,001667
правило 1,522879 0,001385
договора 1,397940 0,001271
подписями 1,698970 0,001545
обеих 1,522879 0,001385
сторон 1,397940 0,001271
Без 0,920819 0,000837
наличия 1,522879 0,001385
подтверждающих 1,698970 0,001545
документов 1,154902 0,001050
сможем 1,522879 0,001385
удостовериться 1,698970 0,001545
обладаете 1,698970 0,001545
необходимыми 1,698970 0,001545
правами 1,522879 0,001385
следовательно 1,698970 0,001545
будем 1,221849 0,001111
вынуждены 1,397940 0,001271
отказать 1,698970 0,001545
гражданин 1,522879 0,001385
другой 1,000000 0,000910
страны 0,638272 0,000581
могу 1,221849 0,001111
публиковаться 1,698970 0,001545
Конечно 1,522879 0,001385
проект 0,744727 0,000677
международного 1,698970 0,001545
уровня 1,221849 0,001111
публиковать 1,301030 0,001183
проживая 1,698970 0,001545
точке 1,698970 0,001545
земного 1,522879 0,001385
шара 1,522879 0,001385
Цифры 1,522879 0,001385
говорят 1,000000 0,000910
лучше 0,958607 0,000872
нас 0,508638 0,000463
Бесплатно 1,522879 0,001385
опубликованных 1,397940 0,001271
Опубликованных 1,698970 0,001545
продаже 1,221849 0,001111
Заработали 1,698970 0,001545
наши 1,045757 0,000951
авторы 1,000000 0,000910
Ежедневно 1,522879 0,001385
Москве 0,455932 0,000415
Что 0,346787 0,000315
такое 0,638272 0,000581
О 0,207608 0,000283
сервисе 1,522879 0,001385
партнеры 1,221849 0,001111
Поддержка 1,154902 0,001050
Контакты 0,455932 0,000415
Регистрация 0,657577 0,000598
Вход 0,657577 0,000598
личный 1,221849 0,001111
кабинет 1,045757 0,000951
База 1,522879 0,001385
Первые 1,096910 0,000998
шаги 1,397940 0,001271
работа 0,920819 0,000837
сервисом 1,698970 0,001545
Публикация 1,522879 0,002770
печатной 1,698970 0,001545
черновика 1,698970 0,001545
Частые 1,698970 0,001545
Документы 1,096910 0,000998
Лицензионный 1,698970 0,001545
договор 1,522879 0,001385
оферта 1,397940 0,001271
Договор 1,522879 0,001385
оказания 1,698970 0,001545
услуг 1,397940 0,001271
Политика 0,443697 0,000404
конфиденциальности 0,744727 0,000677
