Лаборатория 1,522879 0,001112
Фантастики 1,698970 0,002481
FantLab 1,698970 0,000827
ru 0,187087 0,000091
расширенный 1,522879 0,000741
поиск 0,920819 0,000448
регистрация 1,397940 0,000680
забыли 1,522879 0,000741
пароль 0,920819 0,000448
вход 1,397940 0,000680
OK 1,397940 0,000680
Издательства 1,522879 0,001482
загрузка 1,698970 0,000827
списка 1,397940 0,000680
Журнал 1,301030 0,000633
Лаборатории 1,522879 0,000741
авторские 1,221849 0,000892
колонки 1,698970 0,001654
и 0,075721 0,001069
рубрики 1,221849 0,000595
новые 0,508638 0,000248
статьи 0,958607 0,000467
популярные 1,000000 0,000487
Новинки 0,853872 0,001247
планы 1,221849 0,001487
издательств 1,397940 0,001701
в 0,070581 0,001237
жанре 1,522879 0,001482
фантастики 1,522879 0,002965
Ульяна 1,522879 0,000741
Черкасова 1,698970 0,000827
Золотые 1,522879 0,000741
земли 1,154902 0,000562
Птицы 1,698970 0,000827
Великого 1,397940 0,000680
леса 1,221849 0,000595
сегодня 0,677781 0,000495
от 0,193820 0,001981
Phelan 1,698970 0,003308
Алекс 1,154902 0,000562
Анжело 1,698970 0,000827
Кровь 1,301030 0,000633
Плен 1,698970 0,000827
Издательство 1,221849 0,002676
Эксмо 1,698970 0,002481
Масштаб 1,698970 0,000827
Марины 1,301030 0,000633
Сергея 0,920819 0,000448
Дяченко 1,698970 0,000827
продаже 1,221849 0,001784
апреля 0,301030 0,001245
Ловцы 1,698970 0,000827
душ 1,397940 0,000680
Яцека 1,698970 0,000827
Пекары 1,698970 0,000827
Хоррор 1,698970 0,000827
мистика 1,154902 0,000562
саспенс 1,698970 0,000827
Скоро 1,000000 0,000487
Шкаф 1,698970 0,001240
с 0,102373 0,000274
кошмарами 1,698970 0,001240
Олега 1,301030 0,000633
Кожина 1,698970 0,000827
вчера 1,397940 0,002381
senoid 1,698970 0,000827
Джо 1,301030 0,000633
Хилл 1,522879 0,000741
Черный 1,154902 0,000562
телефон 0,853872 0,000416
Калейдоскоп 1,698970 0,000827
Цифровая 1,698970 0,000827
коллекция 1,397940 0,000680
фотографий 1,397940 0,000680
Джея 1,698970 0,000827
Кея 1,698970 0,000827
Кляйна 1,698970 0,000827
другие 0,677781 0,000330
архивы 1,522879 0,000741
bellka 1,698970 0,000827
АСТ 1,397940 0,004423
Монах 1,698970 0,000827
дочь 1,096910 0,000534
палача 1,698970 0,000827
Амброза 1,698970 0,000827
Бирса 1,698970 0,000827
марта 0,769551 0,001311
монтажник 1,698970 0,000827
КИНОрецензии 1,698970 0,000827
Американские 1,301030 0,000633
мыльные 1,698970 0,000827
боги 1,698970 0,001240
Сериал 1,000000 0,000487
позавчера 1,698970 0,001240
Double 1,698970 0,001240
Black 1,522879 0,001482
До 0,958607 0,000467
свиданья 1,698970 0,000827
мальчики 1,397940 0,000680
Баллада 1,522879 0,000741
о 0,136677 0,000333
солдате 1,522879 0,000741
Застава 1,698970 0,000827
Ильича 1,397940 0,000680
Я 0,508638 0,001114
шагаю 1,522879 0,000741
по 0,124939 0,000486
Москве 0,455932 0,000222
febeerovez 1,698970 0,000827
Детская 1,221849 0,000595
подростковая 1,698970 0,000827
литература 1,000000 0,000487
Young 1,522879 0,001482
Adult 1,698970 0,001240
Мертвая 1,698970 0,001240
голова 1,698970 0,000827
Амелии 1,698970 0,000827
Грэмм 1,698970 0,000827
Песнь 1,522879 0,000741
Сорокопута 1,698970 0,000827
Фрэнсис 1,301030 0,000633
Кель 1,698970 0,000827
Рецензии 0,920819 0,000672
на 0,075721 0,000479
фантастические 1,522879 0,001482
книги 0,744727 0,002175
Баошу 1,698970 0,000827
Возрождение 1,301030 0,000633
Времени 1,698970 0,000827
На 0,283997 0,000276
берегу 1,522879 0,000741
написал 1,154902 0,000562
Невил 1,698970 0,000827
Шют 1,698970 0,000827
ami 1,698970 0,000827
Комиксы 1,522879 0,000741
Графические 1,698970 0,002067
романы 1,221849 0,002082
Новости 0,221849 0,000432
новинки 0,886057 0,000863
комикс 1,698970 0,000827
индустрии 1,522879 0,000741
г 0,602060 0,000586
Но 0,619789 0,000302
также 0,494850 0,000241
могут 0,522879 0,000255
быть 0,431798 0,000315
пропущенные 1,698970 0,000827
издания 0,886057 0,000647
предыдущих 1,698970 0,000827
периодов 1,698970 0,000827
Kons 1,698970 0,002067
Тетрадь 1,698970 0,000827
дружбы 1,522879 0,000741
Нацумэ 1,698970 0,000827
Юки 1,698970 0,000827
Мидорикава 1,698970 0,000827
iRbos 1,698970 0,000827
Жизнь 0,823909 0,000401
Фант 1,698970 0,001240
Лаба 1,698970 0,000827
Составлена 1,698970 0,001654
библиография 1,698970 0,001654
Джеймса 1,397940 0,000680
Оливера 1,698970 0,000827
Кервуда 1,698970 0,000827
sham 1,698970 0,000827
Петера 1,698970 0,000827
Нуйтена 1,698970 0,000827
Ведьмак 1,698970 0,000827
Герасим 1,698970 0,000827
Литературные 1,397940 0,000680
встречи 1,045757 0,000509
питерских 1,698970 0,000827
фантастов 1,698970 0,000827
часть 0,795880 0,000387
третья 1,397940 0,000680
Леонид 0,958607 0,000467
Смирнов 1,698970 0,000827
Аниме 1,221849 0,000595
Через 1,522879 0,000741
год 0,568636 0,000554
неполный 1,698970 0,000827
список 0,823909 0,001404
просмотренного 1,698970 0,000827
Lunetta 1,698970 0,000827
Анонс 1,522879 0,000741
Дарио 1,698970 0,000827
Тонани 1,698970 0,000827
Хроники 1,522879 0,000741
ржавчины 1,698970 0,000827
песка 1,522879 0,000741
Aleks 1,698970 0,000827
MacLeod 1,698970 0,000827
Новые 0,552842 0,000404
отзывы 1,221849 0,000892
раздел 1,301030 0,000950
Джон 0,958607 0,000467
Фаулз 1,698970 0,000827
Коллекционер 1,698970 0,000827
Владимир 0,431798 0,000210
Вас 1,221849 0,000595
бы 0,585027 0,000854
данную 1,698970 0,000827
форму 1,522879 0,000741
произведения 0,823909 0,000602
назвал 0,795880 0,000387
повестью 1,698970 0,000827
а 0,327902 0,000638
не 0,142668 0,000521
романом 1,522879 0,000741
это 0,292430 0,000356
качестве 1,096910 0,000534
вступления 1,698970 0,000827
С 0,455932 0,000555
точки 1,221849 0,000595
зрения 1,397940 0,000680
высокохудожественности 1,698970 0,000827
сюжета 1,301030 0,000950
обоймы 1,698970 0,000827
используемых 1,698970 0,000827
автором 1,522879 0,000741
слов 1,096910 0,000801
гладкости 1,698970 0,000827
текста 1,045757 0,000509
сказал 1,301030 0,001267
что 0,187087 0,000273
роман 0,920819 0,003810
как 0,251812 0,000490
то 0,537602 0,000785
существенно 1,698970 0,000827
выделяется 1,698970 0,000827
но 0,481486 0,000703
он 0,568636 0,000277
очень 0,657577 0,000480
настоящий 1,221849 0,000595
Станиславский 1,698970 0,000827
верю 1,301030 0,000633
еще 0,408935 0,000299
так 0,522879 0,000636
написан 1,698970 0,000827
позволяет 1,301030 0,000633
понять 1,000000 0,000487
прочувствовать 1,698970 0,000827
происходит 0,920819 0,000448
головах 1,522879 0,001112
всех 0,552842 0,000538
участников 1,000000 0,000730
действа 1,698970 0,000827
их 0,455932 0,000444
романе 1,154902 0,000562
крайне 1,698970 0,000827
мало 1,154902 0,000562
Роман 0,795880 0,000775
мне 0,853872 0,000416
понравился 1,522879 0,000741
сторонник 1,522879 0,000741
книг 0,958607 0,000700
фильмов 0,795880 0,000387
элементами 1,522879 0,000741
триллеров 1,698970 0,000827
хмурого 1,698970 0,000827
насилия 1,397940 0,000680
поэтому 0,886057 0,000863
начав 1,522879 0,000741
читать 0,823909 0,001404
себе 0,619789 0,000302
начнется 1,522879 0,000741
какая 1,301030 0,000633
грусть 1,698970 0,000827
печаль 1,698970 0,000827
брошу 1,698970 0,000827
дочитал 1,698970 0,000827
до 0,244125 0,000178
конца 0,886057 0,000431
Грусть 1,698970 0,000827
печать 1,522879 0,000741
вроде 1,522879 0,000741
есть 0,568636 0,000277
всегда 0,657577 0,000480
весь 1,000000 0,002434
отзыв 1,397940 0,001701
Оценка 1,301030 0,001900
Вера 1,221849 0,000595
Огнева 1,698970 0,000827
Сезон 0,958607 0,000700
отравленных 1,698970 0,001240
плодов 1,698970 0,001240
А 0,376751 0,000550
Н 0,823909 0,001203
И 0,408935 0,000995
Петров 1,522879 0,000741
любовный 1,397940 0,000680
Главная 0,823909 0,000602
героиня 1,221849 0,000595
влюбляется 1,221849 0,000595
главного 1,045757 0,000764
героя 1,096910 0,000801
тот 0,853872 0,000416
отвечает 1,698970 0,000827
взаимностью 1,698970 0,000827
семья 1,045757 0,000509
эпоха 1,397940 0,001021
изобилие 1,522879 0,000741
тараканов 1,698970 0,000827
мешают 1,698970 0,000827
простому 1,522879 0,000741
человеческому 1,698970 0,000827
счастью 1,698970 0,000827
Разлучница 1,698970 0,000827
нужная 1,698970 0,000827
для 0,119186 0,000261
любовного 1,698970 0,000827
треугольника 1,698970 0,000827
продвижения 1,698970 0,000827
глубже 1,522879 0,000741
пучину 1,698970 0,000827
страданий 1,698970 0,000827
сама 1,397940 0,000680
мучается 1,698970 0,000827
больше 0,638272 0,000466
В 0,167491 0,000245
финале 1,397940 0,000680
главные 0,823909 0,000401
герои 1,045757 0,000509
разумеется 1,522879 0,000741
воссоединяются 1,522879 0,000741
разлучницу 1,698970 0,000827
наказывает 1,698970 0,000827
судьба 0,958607 0,000467
любовь 0,698970 0,000340
торжествует 1,698970 0,000827
зло 1,397940 0,000680
разоблачено 1,698970 0,000827
повержено 1,698970 0,000827
Однако 0,958607 0,000467
поскольку 1,397940 0,000680
книга 0,958607 0,000933
написана 1,522879 0,000741
явно 1,397940 0,000680
полки 1,522879 0,001112
сентиментальный 1,522879 0,000741
современная 1,301030 0,000633
проза 1,221849 0,001189
классический 1,522879 0,000741
сюжет 1,096910 0,000534
проходящей 1,698970 0,000827
суровые 1,698970 0,000827
испытания 1,397940 0,000680
любви 0,677781 0,000330
модифицирован 1,698970 0,000827
под 0,376751 0,000367
требования 1,522879 0,000741
актуальной 1,522879 0,000741
повестки 1,698970 0,000827
дня 0,494850 0,000361
западной 1,522879 0,000741
Алексей 0,602060 0,000733
Калугин 1,698970 0,000827
Старики 1,698970 0,000827
Сказочник 1,698970 0,000827
Очень 1,045757 0,000764
классный 1,698970 0,000827
рассказ 1,221849 0,001189
Настоящая 1,397940 0,000680
жемчужина 1,522879 0,000741
сборника 1,397940 0,000680
Вот 0,958607 0,000467
за 0,180456 0,000307
такие 1,000000 0,000487
вещи 1,221849 0,000595
принципе 1,698970 0,000827
Калугина 1,698970 0,000827
ценишь 1,698970 0,000827
атмосферно 1,698970 0,000827
все 0,292430 0,000498
подано 1,698970 0,000827
уходит 1,301030 0,000633
какие 0,795880 0,000387
радикальные 1,698970 0,000827
меры 1,000000 0,000487
принимают 1,522879 0,000741
люди 0,677781 0,000330
совершенно 0,886057 0,000431
к 0,207608 0,000455
таким 1,045757 0,000509
ответственным 1,522879 0,000741
решениям 1,698970 0,000827
готовые 1,522879 0,000741
Да 0,823909 0,000401
допускать 1,698970 0,000827
таких 1,096910 0,000534
решений 1,522879 0,000741
нельзя 0,853872 0,000416
Серьезно 1,698970 0,000827
здесь 0,744727 0,000362
круто 1,698970 0,000827
абсолютно 1,221849 0,000595
если 0,698970 0,000340
эта 1,096910 0,000534
колония 1,698970 0,000827
своеобразные 1,698970 0,000827
Адамы 1,698970 0,000827
Евы 1,698970 0,000827
вернувшиеся 1,698970 0,000827
начало 1,221849 0,000595
времен 1,096910 0,000534
Земли 1,154902 0,000562
никакая 1,698970 0,000827
параллельная 1,698970 0,000827
Вселенная 1,397940 0,000680
оставленный 1,698970 0,000827
орбите 1,522879 0,000741
космический 1,522879 0,000741
корабль 1,096910 0,000534
Луна 1,522879 0,000741
Как 0,301030 0,000147
вам 0,677781 0,000330
такое 0,638272 0,000466
Вязовский 1,698970 0,000827
Распутин 1,698970 0,000827
lammik 1,698970 0,000827
Питерский 1,698970 0,000827
студент 1,698970 0,000827
историк 1,522879 0,000741
Григорий 1,221849 0,000595
Новинский 1,698970 0,000827
уже 0,602060 0,000440
готовился 1,698970 0,000827
написанию 1,522879 0,000741
дипломной 1,698970 0,000827
работы 0,638272 0,000466
вместо 0,744727 0,000362
этого 0,619789 0,000453
у 0,387216 0,000283
него 0,795880 0,000387
начались 1,397940 0,000680
практические 1,698970 0,000827
занятия 1,221849 0,000595
специальности 1,698970 0,000827
Ибо 1,698970 0,000827
сознание 1,397940 0,000680
Новинского 1,698970 0,000827
переместилось 1,698970 0,000827
тело 1,045757 0,000509
другого 1,221849 0,000595
Григория 1,522879 0,000741
Распутина 1,698970 0,001240
аккурат 1,698970 0,000827
теперь 0,677781 0,000330
бывшего 1,154902 0,000562
студента 1,698970 0,000827
две 0,795880 0,000387
задачи 1,301030 0,000633
спасти 1,221849 0,000595
Россию 0,568636 0,000277
будущих 1,397940 0,000680
катастроф 1,397940 0,000680
попасть 1,301030 0,000633
эксклюзивную 1,698970 0,000827
во 0,494850 0,000241
смыслах 1,698970 0,000827
вечеринку 1,522879 0,000741
князю 1,698970 0,000827
Феликсу 1,698970 0,000827
Юсупову 1,698970 0,000827
Все 0,148742 0,000109
довольно 1,301030 0,000633
шаблонно 1,698970 0,000827
Главный 0,585027 0,000285
герой 0,958607 0,000467
ничуть 1,522879 0,000741
растерялся 1,698970 0,000827
прошлом 1,221849 0,000595
Сходу 1,698970 0,000827
изобрел 1,698970 0,000827
аппарат 1,698970 0,000827
Илизарова 1,698970 0,000827
игру 1,522879 0,000741
Монополию 1,698970 0,000827
парашют 1,698970 0,000827
салат 1,698970 0,000827
шубой 1,698970 0,000827
набрал 1,522879 0,000741
верных 1,522879 0,000741
единомышленников 1,522879 0,000741
которые 0,431798 0,000210
ему 0,853872 0,000416
рот 1,698970 0,000827
заглядывают 1,698970 0,000827
благо 1,522879 0,000741
природная 1,698970 0,000827
фактура 1,698970 0,000827
этому 1,096910 0,000534
весьма 1,397940 0,000680
располагала 1,698970 0,000827
Стивен 1,154902 0,000562
Кинг 1,397940 0,001021
Стрелок 1,522879 0,000741
darken 1,698970 0,001240
же 0,721246 0,000351
интригует 1,698970 0,000827
Стоило 1,698970 0,000827
ли 0,397940 0,000194
начинать 1,397940 0,000680
путешествие 1,096910 0,001068
завершив 1,698970 0,000827
его 0,376751 0,000275
Разумеется 1,698970 0,000827
нет 0,619789 0,000302
именно 0,920819 0,000896
я 0,522879 0,000509
начал 1,000000 0,000487
свое 0,721246 0,000527
собственное 1,221849 0,000595
Роландом 1,698970 0,000827
Темной 1,698970 0,000827
Башне 1,698970 0,000827
давно 0,823909 0,000401
намеревался 1,698970 0,000827
ознакомиться 1,522879 0,000741
этим 1,000000 0,000487
циклом 1,698970 0,000827
вот 0,795880 0,000581
этот 0,795880 0,000387
час 1,000000 0,000730
настал 1,698970 0,000827
По 0,619789 0,000453
крайней 1,522879 0,000741
мере 1,301030 0,000633
ожидал 1,698970 0,000827
неспешности 1,698970 0,000827
флэшбеков 1,698970 0,000827
филососфского 1,698970 0,000827
путешествия 1,301030 0,000950
только 0,309804 0,000377
бесконечной 1,698970 0,000827
пустыне 1,698970 0,000827
вглубь 1,522879 0,000741
собственного 1,397940 0,000680
Это 0,537602 0,000393
пролог 1,698970 0,000827
вводящий 1,698970 0,000827
читателя 1,301030 0,000633
особенный 1,698970 0,000827
волшебный 1,522879 0,000741
мир 0,552842 0,000269
где 0,537602 0,000262
сплетаются 1,698970 0,000827
воедино 1,522879 0,000741
реальности 1,154902 0,000562
обломки 1,522879 0,000741
прошлого 1,154902 0,000562
призрачное 1,698970 0,000827
настоящее 1,397940 0,000680
предопределенное 1,698970 0,000827
будущее 0,795880 0,000387
Мне 0,958607 0,000467
понравилось 1,397940 0,000680
однако 1,221849 0,000595
более 0,585027 0,000285
всего 0,744727 0,000362
пугает 1,301030 0,000633
неизведанность 1,698970 0,000827
понимая 1,698970 0,000827
блогах 1,698970 0,000827
форуме 1,221849 0,000595
планах 1,301030 0,000950
иностр 1,698970 0,001240
Джордж 1,397940 0,001021
Оруэлл 1,397940 0,001021
Справочник 1,522879 0,000741
живущих 1,522879 0,000741
Серия 1,154902 0,005902
Мудрые 1,698970 0,000827
мысли 1,522879 0,000741
каждый 0,823909 0,000401
день 0,585027 0,000285
Автобиографическая 1,698970 0,000827
заметка 1,698970 0,000827
цитаты 1,154902 0,000562
из 0,167491 0,000367
романа 1,096910 0,000534
Внутренние 1,698970 0,000827
иллюстрации 1,522879 0,001482
фрагменты 1,397940 0,000680
картин 1,154902 0,000562
Босха 1,698970 0,000827
июнь 1,698970 0,002481
Эксклюзивная 1,698970 0,000827
классика 1,301030 0,000633
Внецикловый 1,698970 0,002894
Иллюстрация 1,698970 0,006202
обложке 1,522879 0,005559
фрагмент 1,301030 0,000633
картины 1,096910 0,000534
Ван 1,096910 0,000534
Гога 1,698970 0,000827
издании 1,397940 0,000680
указан 1,698970 0,000827
май 1,698970 0,002067
Тацуки 1,522879 0,000741
Фудзимото 1,522879 0,001112
Человек 0,958607 0,000700
бензопила 1,522879 0,001112
Книга 1,154902 0,001124
Азбука 1,301030 0,003483
Аттикус 1,698970 0,002067
Седьмой 1,698970 0,001240
восьмой 1,698970 0,001240
тома 1,698970 0,001654
цикла 1,397940 0,003402
Т 1,397940 0,001361
Сельма 1,698970 0,000827
Лагерлеф 1,698970 0,000827
Удивительное 1,698970 0,000827
Нильса 1,698970 0,000827
Хольгерссона 1,698970 0,000827
дикими 1,698970 0,000827
гусями 1,698970 0,000827
Швеции 1,698970 0,000827
Волчок 1,698970 0,000827
Внецикловая 1,698970 0,000827
повесть 1,522879 0,000741
внутренние 1,698970 0,000827
Кондратовой 1,698970 0,000827
весна 1,221849 0,000595
Масаси 1,698970 0,000827
Кисимото 1,698970 0,001240
Наруто 1,522879 0,001112
Девятнадцатый 1,698970 0,000827
двадцатый 1,698970 0,000827
двадцать 1,397940 0,001021
первый 0,769551 0,000375
М 0,744727 0,000906
Эйитиро 1,698970 0,000827
Ода 1,698970 0,000827
One 1,301030 0,000950
Piece 1,698970 0,000827
Большой 1,045757 0,001273
Куш 1,698970 0,001240
Двадцать 1,397940 0,001021
девятый 1,698970 0,000827
тридцатый 1,698970 0,000827
Э 1,301030 0,001583
Оды 1,698970 0,000827
Олег 0,795880 0,000581
Кожин 1,698970 0,000827
Самая 1,522879 0,000741
страшная 1,397940 0,000680
Избранная 1,698970 0,000827
малая 1,698970 0,000827
К 0,638272 0,000777
Швыдовой 1,698970 0,000827
апрель 1,522879 0,005930
Наоко 1,698970 0,000827
Такэути 1,698970 0,001240
Pretty 1,698970 0,000827
Guardian 1,522879 0,000741
Sailor 1,698970 0,000827
Moon 1,698970 0,001240
XL 1,522879 0,001482
Media 1,154902 0,001124
том 0,568636 0,000554
Сейлор 1,698970 0,000827
Мун 1,698970 0,000827
Адатитока 1,698970 0,002067
Бездомный 1,698970 0,002894
Бог 1,221849 0,001487
Том 1,096910 0,000801
бог 1,301030 0,000950
Семнадцатый 1,698970 0,000827
серии 0,920819 0,001569
Шестнадцатый 1,698970 0,000827
Джули 1,522879 0,000741
Холл 1,698970 0,000827
Скованная 1,698970 0,000827
тьмой 1,698970 0,000827
Freedom 1,522879 0,000741
Нефилимы 1,698970 0,000827
Второй 1,045757 0,000764
Дети 0,958607 0,000700
падших 1,698970 0,000827
ангелов 1,698970 0,000827
Anthony 1,698970 0,000827
Ryan 1,698970 0,000827
To 1,522879 0,000741
Blackfyre 1,698970 0,000827
Keep 1,397940 0,000680
Subterranean 1,698970 0,000827
Press 1,154902 0,001967
Book 1,522879 0,005189
in 1,000000 0,003407
the 0,958607 0,004433
The 0,721246 0,001404
Seven 1,698970 0,000827
Swords 1,698970 0,000827
series 1,522879 0,004447
Cover 1,698970 0,001654
art 1,698970 0,001654
by 1,000000 0,000973
Didier 1,698970 0,000827
Graffet 1,698970 0,000827
сентябрь 1,698970 0,000827
Leigh 1,698970 0,001240
Bardugo 1,698970 0,001240
Kyla 1,698970 0,000827
Vanderklugt 1,698970 0,000827
Demon 1,698970 0,000827
Wood 1,698970 0,000827
Roaring 1,698970 0,000827
Brook 1,698970 0,000827
Dani 1,698970 0,000827
Pendergast 1,698970 0,000827
сентября 1,221849 0,000892
Hell 1,698970 0,000827
Bent 1,698970 0,000827
Flatiron 1,698970 0,001240
Books 1,522879 0,003336
Alex 1,522879 0,000741
Stern 1,698970 0,000827
января 0,958607 0,000467
Erin 1,698970 0,000827
Sterling 1,698970 0,000827
Kiss 1,698970 0,000827
Curse 1,698970 0,000827
Avon 1,698970 0,000827
Ex 1,698970 0,000827
Hex 1,698970 0,000827
Katherine 1,698970 0,000827
Arden 1,698970 0,000827
Empty 1,698970 0,000827
Smiles 1,698970 0,000827
G 1,221849 0,000595
P 1,522879 0,000741
Putnam 1,698970 0,000827
s 0,823909 0,000802
Sons 1,698970 0,000827
Small 1,397940 0,000680
Spaces 1,698970 0,000827
августа 1,000000 0,001217
Melissa 1,698970 0,000827
Albert 1,698970 0,000827
Our 1,301030 0,000633
Crooked 1,698970 0,000827
Hearts 1,698970 0,000827
июня 0,920819 0,000448
Roshani 1,698970 0,000827
Chokshi 1,698970 0,000827
Evelyn 1,698970 0,000827
Skye 1,698970 0,000827
Sandhya 1,698970 0,000827
Menon 1,698970 0,000827
Three 1,698970 0,000827
Kisses 1,698970 0,000827
Midnight 1,698970 0,000827
Wednesday 1,698970 0,000827
Sebastien 1,698970 0,000827
de 1,397940 0,001361
Castell 1,698970 0,000827
Play 1,000000 0,000487
of 0,920819 0,002017
Shadows 1,698970 0,001240
Jo 1,698970 0,000827
Fletcher 1,698970 0,000827
Court 1,698970 0,000827
Pierre 1,698970 0,000827
Bordage 1,698970 0,000827
Cit 1,698970 0,000827
L 1,698970 0,001240
Atalante 1,698970 0,000827
La 1,522879 0,000741
Dentelle 1,698970 0,000827
du 1,698970 0,001654
cygne 1,698970 0,000827
Troisi 1,698970 0,000827
me 1,397940 0,000680
roman 1,698970 0,000827
cycle 1,698970 0,001240
M 1,154902 0,000843
tro 1,698970 0,001240
Paris 1,698970 0,000827
inter 1,698970 0,000827
auteur 1,698970 0,000827
Univers 1,698970 0,000827
Illustration 1,698970 0,000827
la 1,698970 0,000827
couverture 1,698970 0,000827
Mirko 1,698970 0,000827
Failoni 1,698970 0,000827
Elizabeth 1,698970 0,001240
Lim 1,698970 0,001240
Dragon 1,522879 0,001112
Promise 1,698970 0,001240
Knopf 1,698970 0,000827
for 1,045757 0,000509
Readers 1,698970 0,000827
Six 1,698970 0,001240
Crimson 1,522879 0,001112
Cranes 1,698970 0,001240
Tran 1,698970 0,000827
Nguyen 1,698970 0,000827
Hodder 1,698970 0,000827
Stoughton 1,698970 0,000827
Грег 1,698970 0,000827
Ф 1,154902 0,001686
Гифьюн 1,698970 0,000827
Дикари 1,698970 0,000827
хаоса 1,522879 0,000741
Мастера 1,221849 0,000595
ужасов 1,221849 0,000595
Внецикловые 1,698970 0,000827
Емельянова 1,698970 0,000827
Алайна 1,698970 0,000827
Салах 1,522879 0,000741
Не 0,481486 0,000352
красавица 1,522879 0,000741
Сентементальная 1,698970 0,000827
лучшее 1,154902 0,000562
Гарт 1,698970 0,000827
Никс 1,698970 0,000827
Превосходная 1,698970 0,000827
Суббота 1,698970 0,000827
Ключи 1,698970 0,001240
Королевства 1,698970 0,001240
Шестой 1,522879 0,000741
Некро 1,698970 0,000827
Анна 0,568636 0,000277
Одувалова 1,698970 0,000827
Змеиная 1,698970 0,001240
школа 1,397940 0,001021
Подруга 1,522879 0,000741
бога 1,522879 0,000741
Академия 1,154902 0,000562
Магии 1,522879 0,000741
покет 1,698970 0,000827
Третий 1,698970 0,000827
Косулиной 1,698970 0,000827
Роберт 1,221849 0,000595
Хайнлайн 1,698970 0,000827
Погоня 1,698970 0,000827
Панкерой 1,698970 0,000827
Fanzon 1,698970 0,000827
Sci 1,698970 0,000827
Fi 1,397940 0,000680
Universe 1,698970 0,000827
Лучшая 1,301030 0,000633
новая 1,000000 0,000487
НФ 1,698970 0,000827
Мартинье 1,698970 0,000827
Оливье 1,698970 0,000827
Суйе 1,698970 0,001240
Лоран 1,698970 0,000827
Паскаль 1,698970 0,000827
Могеру 1,698970 0,000827
Мир 0,698970 0,000851
драконов 1,522879 0,000741
Второе 1,522879 0,000741
дыхание 1,522879 0,000741
Скандинавские 1,698970 0,000827
Антология 1,301030 0,000633
легенд 1,522879 0,000741
драконах 1,698970 0,000827
оформленная 1,698970 0,000827
пятьюдесятью 1,698970 0,000827
выдающимися 1,698970 0,000827
иллюстраторами 1,698970 0,000827
Смита 1,301030 0,000633
Ричард 1,221849 0,000595
Ламберт 1,698970 0,000827
Город 0,958607 0,000467
теней 1,698970 0,000827
WBooks 1,698970 0,001240
Лучшее 1,154902 0,000562
фэнтези 1,045757 0,001527
детей 0,431798 0,000315
Стелла 1,698970 0,000827
Так 1,045757 0,000509
Ночь 1,397940 0,001021
Королей 1,698970 0,000827
Сражайся 1,698970 0,000827
сердце 0,920819 0,000448
Mainstream 1,698970 0,000827
Клуб 1,154902 0,000843
романтики 1,397940 0,000680
королей 1,698970 0,000827
Росс 1,397940 0,000680
Уэлфорд 1,698970 0,000827
обочине 1,698970 0,000827
мира 0,537602 0,000262
Бестселлеры 1,221849 0,000595
мировой 0,958607 0,000467
Оксана 1,522879 0,000741
Гринберга 1,698970 0,000827
Жена 1,154902 0,000562
Верховного 1,522879 0,000741
мага 1,698970 0,000827
ИДДК 1,698970 0,001240
Монолог 1,522879 0,001112
Текст 1,397940 0,001021
читает 1,522879 0,001112
Наталья 0,853872 0,000416
Фролова 1,698970 0,000827
Лариса 1,154902 0,000562
Петровичева 1,698970 0,000827
Моя 1,096910 0,000534
прекрасная 1,698970 0,000827
повариха 1,698970 0,000827
Первый 0,853872 0,000416
самостоятельный 1,698970 0,000827
Вкусного 1,698970 0,000827
много 0,958607 0,000467
бывает 1,221849 0,000595
Людмила 0,920819 0,000448
Шапочкина 1,698970 0,000827
Christopher 1,698970 0,000827
Ruocchio 1,698970 0,000827
Kingdoms 1,698970 0,000827
Death 1,698970 0,000827
Gollancz 1,698970 0,000827
Sun 1,397940 0,000680
Eater 1,698970 0,000827
Jessica 1,698970 0,001240
Khoury 1,698970 0,000827
Call 1,522879 0,000741
Crow 1,698970 0,000827
Scholastic 1,698970 0,000827
Skyborn 1,698970 0,000827
Gregory 1,698970 0,001240
Maguire 1,698970 0,000827
Cress 1,698970 0,000827
Watercress 1,698970 0,000827
Candlewick 1,698970 0,000827
март 1,301030 0,003166
S 1,221849 0,000892
C 1,000000 0,000487
Emmett 1,698970 0,000827
Bloody 1,698970 0,000827
Throne 1,698970 0,000827
Orbit 1,698970 0,000827
Hostage 1,698970 0,000827
Empire 1,698970 0,000827
Maurice 1,698970 0,000827
Broaddus 1,698970 0,000827
Sweep 1,698970 0,000827
Stars 1,522879 0,001112
Tor 1,522879 0,001112
Astra 1,698970 0,000827
trilogy 1,698970 0,000827
Sylvain 1,698970 0,000827
Neuvel 1,698970 0,000827
Until 1,698970 0,000827
Last 1,698970 0,000827
Me 1,522879 0,000741
com 0,744727 0,000544
Take 1,397940 0,000680
Them 1,698970 0,000827
to 0,886057 0,000431
Olson 1,698970 0,000827
A 0,886057 0,000647
Forgery 1,698970 0,000827
Roses 1,698970 0,000827
Inkyard 1,698970 0,000827
Rebecca 1,698970 0,000827
Scherm 1,698970 0,000827
House 1,397940 0,000680
Between 1,698970 0,000827
Earth 1,698970 0,000827
and 0,958607 0,000467
Viking 1,698970 0,000827
J 1,698970 0,000827
Worrad 1,698970 0,000827
Pennyblade 1,698970 0,000827
Titan 1,698970 0,000827
Timofey 1,698970 0,000827
Aleshkin 1,698970 0,000827
Secret 1,698970 0,000827
Комикс 1,522879 0,000741
студия 1,221849 0,000595
Вторая 1,397940 0,000680
война 1,221849 0,000595
богов 1,522879 0,000741
Bastianelli 1,698970 0,000827
Shadow 1,698970 0,000827
Flicker 1,698970 0,000827
Flame 1,698970 0,000827
Tree 1,698970 0,000827
сайта 0,522879 0,000891
сайте 0,431798 0,000525
Открытые 1,301030 0,000633
книжные 1,698970 0,001240
открыты 1,397940 0,000680
Англо 1,698970 0,000827
американская 1,522879 0,000741
фантастика 1,045757 0,001018
XX 0,958607 0,000467
века 0,721246 0,000351
Пол 1,522879 0,000741
Андерсон 1,698970 0,000827
Персональная 1,397940 0,001021
серия 1,000000 0,000730
американского 1,301030 0,000950
писателя 1,397940 0,001361
фантаста 1,698970 0,001240
Пола 1,698970 0,000827
Андерсона 1,698970 0,000827
рамках 1,154902 0,000843
которой 0,886057 0,000431
выборочно 1,698970 0,000827
изданы 1,698970 0,000827
повести 1,221849 0,000595
рассказы 1,397940 0,000680
самостоятельные 1,698970 0,000827
входящие 1,698970 0,000827
состав 1,301030 0,000633
различных 1,397940 0,000680
авторских 1,045757 0,000509
циклов 1,698970 0,000827
Миры 1,698970 0,001240
Рэя 1,522879 0,001112
Брэдбери 1,522879 0,001112
издательского 1,698970 0,000827
проекта 0,886057 0,000431
издательства 1,522879 0,003706
Полярис 1,698970 0,000827
Куратор 1,698970 0,000827
серий 1,397940 0,000680
darkseed 1,698970 0,001240
разместил 1,522879 0,001482
комментарии 1,000000 0,000973
Стефан 1,522879 0,000741
Грааль 1,698970 0,000827
Арельский 1,698970 0,000827
Стефана 1,698970 0,000827
Грааля 1,698970 0,000827
Арельского 1,698970 0,000827
русского 0,769551 0,000375
поэта 1,154902 0,000562
работавшего 1,698970 0,000827
научной 1,522879 0,000741
Начинал 1,522879 0,000741
свою 0,638272 0,000311
литературную 1,522879 0,000741
деятельность 1,301030 0,000633
поэт 1,301030 0,000633
входивший 1,698970 0,000827
круг 1,698970 0,000827
эгофутуристов 1,698970 0,000827
дальнейшем 1,522879 0,000741
поэтическом 1,698970 0,000827
творчестве 1,221849 0,000595
перешел 1,522879 0,000741
пропагандируемому 1,698970 0,000827
им 0,602060 0,000440
сциентизму 1,698970 0,000827
Основные 1,522879 0,000741
автора 0,886057 0,000647
вышли 1,397940 0,000680
после 0,397940 0,000291
революции 1,301030 0,000633
составили 1,397940 0,000680
сборник 1,397940 0,000680
Повести 1,698970 0,000827
Марсе 1,698970 0,000827
Открытие 1,522879 0,000741
библиографии 1,698970 0,001240
приурочено 1,698970 0,000827
летней 1,301030 0,000633
годовщине 1,698970 0,000827
со 0,387216 0,000188
смерти 0,744727 0,000544
Составитель 1,698970 0,000827
мире 0,468521 0,000228
Итоги 1,301030 0,000950
Рос 1,698970 0,002067
Кона 1,698970 0,000827
Кон 1,522879 0,001482
первая 1,154902 0,000562
международная 1,698970 0,000827
литературная 1,522879 0,000741
конференция 1,221849 0,000595
вопросам 1,397940 0,000680
проводится 1,522879 0,000741
года 0,356547 0,000347
Пансионат 1,698970 0,000827
Лесные 1,698970 0,000827
дали 1,221849 0,000595
место 0,795880 0,002518
Золотой 1,045757 0,001273
РОСКОН 1,698970 0,005789
Юлия 0,823909 0,000602
Рыженкова 1,698970 0,001240
Реинкарнатор 1,698970 0,001240
Серебряный 1,301030 0,001583
Сергей 0,468521 0,000342
Волков 1,522879 0,000741
кукла 1,522879 0,000741
вуду 1,698970 0,000827
Бронзовый 1,698970 0,002067
Гравицкий 1,698970 0,000827
Виктор 0,795880 0,000581
Косенков 1,698970 0,000827
Гость 1,221849 0,000595
внутри 1,154902 0,000562
Повесть 1,221849 0,000892
Александр 0,468521 0,000456
Владимирович 1,522879 0,000741
Горбов 1,698970 0,000827
Люди 1,000000 0,000487
бездны 1,698970 0,000827
Богданов 1,522879 0,000741
Дворник 1,698970 0,000827
должен 0,886057 0,000431
метущим 1,698970 0,000827
Лукьяненко 1,301030 0,000633
Подлинная 1,397940 0,000680
история 0,721246 0,000351
Незнайки 1,698970 0,000827
Луну 1,698970 0,000827
рассказанная 1,522879 0,000741
профессором 1,698970 0,000827
Знайкой 1,698970 0,000827
инженерами 1,698970 0,000827
Винтиком 1,698970 0,000827
Шпунтиком 1,698970 0,000827
доктором 1,698970 0,000827
Пилюлькиным 1,698970 0,000827
астрономом 1,698970 0,000827
Стекляшкиным 1,698970 0,000827
обывателем 1,698970 0,000827
Пончиком 1,698970 0,000827
гражданином 1,522879 0,000741
Незнайкой 1,698970 0,000827
Кнопочкой 1,698970 0,001240
просто 0,657577 0,000320
Премия 1,045757 0,000764
Александра 0,638272 0,000311
Ройфе 1,698970 0,000827
Дмитрий 0,602060 0,000586
Казаков 1,698970 0,001240
Магия 1,698970 0,000827
создание 1,096910 0,000534
миров 1,397940 0,000680
призывание 1,698970 0,000827
демонов 1,301030 0,000633
воскрешение 1,698970 0,000827
мертвых 1,698970 0,000827
Межавторск 1,698970 0,000827
ий 1,698970 0,000827
проект 0,744727 0,000362
Лазарев 1,698970 0,000827
Топь 1,698970 0,000827
Виталий 1,154902 0,000562
Пищенко 1,698970 0,000827
Приз 1,698970 0,000827
Алиса 1,301030 0,000633
Карташов 1,698970 0,000827
Зверь 1,698970 0,000827
кровати 1,522879 0,000741
Час 1,522879 0,000741
быка 1,698970 0,000827
Пелевин 1,698970 0,000827
Покров 1,698970 0,000827
Рассказ 1,301030 0,000633
Надежда 1,045757 0,000509
Богданова 1,698970 0,000827
Безымянная 1,698970 0,000827
сила 1,397940 0,000680
Конвент 1,698970 0,000827
проводился 1,698970 0,000827
пандемии 1,397940 0,000680
Премии 1,301030 0,000633
вручались 1,698970 0,000827
году 0,602060 0,000293
Дарья 1,154902 0,000562
Демченкова 1,698970 0,000827
краю 1,221849 0,000595
пустоты 1,698970 0,000827
Дивов 1,698970 0,000827
Техподдержка 1,221849 0,000595
зона 1,522879 0,000741
Яна 1,000000 0,000487
Летт 1,522879 0,000741
прорех 1,522879 0,000741
правила 0,958607 0,000467
Максим 0,958607 0,000467
Черепанов 1,698970 0,000827
Багровые 1,698970 0,000827
небеса 1,522879 0,000741
Евгений 0,698970 0,000340
Лукин 1,698970 0,000827
Пять 1,221849 0,000595
соток 1,698970 0,000827
Солнца 1,522879 0,000741
Возвращение 1,096910 0,000534
лента 1,045757 0,000509
новостей 0,619789 0,000453
новости 0,420216 0,000205
Форум 1,000000 0,004381
фантастике 1,522879 0,001112
слежение 1,698970 0,000827
перейти 1,397940 0,000680
форум 1,301030 0,000633
Книжные 1,397940 0,001361
интернет 0,657577 0,000320
магазины 1,522879 0,000741
обсуждения 1,301030 0,000633
Издания 1,221849 0,002379
электронные 1,397940 0,002722
Последнее 1,000000 0,003894
сообщение 1,045757 0,004072
Linnan 1,698970 0,001240
ая 1,698970 0,000827
Лабораторная 1,698970 0,000827
работа 0,920819 0,000448
конвенты 1,698970 0,001654
конкурсы 1,301030 0,001267
Chess 1,698970 0,000827
man 1,698970 0,000827
Фантастический 1,397940 0,000680
раритет 1,698970 0,000827
slovar 1,698970 0,000827
Что 0,346787 0,000169
почитать 1,154902 0,000562
Произведения 1,221849 0,001487
авторы 1,000000 0,001460
жанры 1,397940 0,001701
Дмитррий 1,698970 0,000827
Переводы 1,301030 0,000633
переводчики 1,698970 0,000827
Вебер 1,698970 0,000827
Книготорговля 1,698970 0,000827
почему 0,494850 0,000241
доколе 1,698970 0,000827
SZKEO 1,698970 0,000827
Какой 1,221849 0,000595
сериалов 1,045757 0,000509
Саймона 1,698970 0,000827
Грина 1,698970 0,000827
нравится 1,221849 0,000595
Другие 0,958607 0,001400
окололитературные 1,698970 0,002481
темы 0,920819 0,001345
Консул 1,698970 0,000827
Вопросы 1,154902 0,000562
знатокам 1,522879 0,000741
arnoldsco 1,698970 0,000827
Покупка 1,522879 0,000741
продажа 1,397940 0,000680
grief 1,698970 0,000827
Звезды 0,823909 0,000401
новой 0,769551 0,000375
visual 1,698970 0,000827
Пивнушка 1,698970 0,000827
Цианид 1,698970 0,000827
офтопик 1,698970 0,000827
фант 1,698970 0,000827
Лабораторной 1,698970 0,000827
Koneko 1,698970 0,000827
Престиж 1,698970 0,000827
Бук 1,698970 0,000827
registr 1,698970 0,000827
Помогите 1,522879 0,000741
вспомнить 1,397940 0,000680
crazybaba 1,698970 0,000827
Фанфики 1,522879 0,000741
опиум 1,698970 0,000827
народа 1,221849 0,000595
Химик 1,698970 0,000827
Альфа 1,397940 0,000680
wolf 1,698970 0,000827
Статистика 1,154902 0,000562
Открыто 1,698970 0,000827
авторов 0,920819 0,000896
Произведений 1,522879 0,000741
базе 1,221849 0,000595
Классифицировано 1,698970 0,000827
Книжных 1,698970 0,000827
изданий 1,522879 0,001482
проверенных 1,698970 0,000827
Зарегистрированных 1,698970 0,000827
посетителей 1,221849 0,000892
Поставлено 1,698970 0,000827
оценок 1,397940 0,000680
Написано 1,522879 0,000741
отзывов 1,397940 0,000680
Чемпионы 1,698970 0,000827
месяца 0,920819 0,000448
Оценок 1,698970 0,000827
Отзывов 1,698970 0,000827
Класси 1,698970 0,000827
фикаций 1,698970 0,000827
HobbitMihalych 1,698970 0,000827
kosia 1,698970 0,000827
mputnik 1,698970 0,000827
Сан 1,221849 0,000595
Саныч 1,698970 0,000827
Vlad 1,698970 0,000827
lev 1,698970 0,000827
cybs 1,698970 0,000827
orbon 1,698970 0,000827
its 1,397940 0,000680
muffin 1,698970 0,000827
time 1,154902 0,000562
подсчет 1,698970 0,000827
ведется 1,522879 0,000741
последние 0,769551 0,000375
дней 0,744727 0,000362
обновляется 1,397940 0,000680
раз 0,698970 0,000340
пять 1,301030 0,000633
часов 0,958607 0,000467
последнее 1,221849 0,000595
обновление 1,397940 0,000680
минуты 1,301030 0,000633
назад 0,721246 0,000351
Трансляция 1,221849 0,000595
RSS 0,853872 0,000416
Яндекс 0,638272 0,000311
Дзен 1,000000 0,000487
VK 1,154902 0,000562
FaceBook 1,698970 0,000827
Twitter 0,853872 0,000416
LiveJournal 1,522879 0,000741
Telegram 0,769551 0,000562
Авторы 0,958607 0,000933
алфавиту 1,698970 0,001240
Б 1,698970 0,001240
Г 1,045757 0,000764
Д 1,096910 0,000801
Е 1,096910 0,000801
Ж 1,522879 0,001112
З 1,698970 0,001240
Й 1,698970 0,001240
Л 1,096910 0,000801
О 0,207608 0,000152
П 1,221849 0,000892
Р 1,301030 0,000950
У 0,431798 0,000315
Х 1,397940 0,001021
Ц 1,698970 0,001240
Ч 1,698970 0,001240
Ш 1,397940 0,001021
Щ 1,698970 0,001240
Ю 1,397940 0,001021
Книги 0,795880 0,000387
Межавторские 1,698970 0,001240
циклы 1,522879 0,001112
Антологии 1,301030 0,000950
Журналы 1,698970 0,001240
Термины 1,522879 0,000741
Фантастиковедение 1,698970 0,000827
Поиск 0,619789 0,000603
жанру 1,698970 0,001240
Сравнение 1,522879 0,001112
Русскоязычные 1,698970 0,001654
Зарубежные 1,221849 0,001189
Планы 1,397940 0,001021
Награды 1,698970 0,001240
премии 0,853872 0,000623
Локус 1,698970 0,000827
США 0,508638 0,000619
Небьюла 1,698970 0,000827
Всемирная 1,522879 0,000741
премия 1,221849 0,000892
Хьюго 1,698970 0,000827
Аэлита 1,698970 0,000827
Россия 0,455932 0,000555
версии 1,000000 0,000487
Фантлаба 1,698970 0,000827
журнала 1,154902 0,000562
Мемориальная 1,522879 0,000741
имени 0,721246 0,000351
Андрея 1,221849 0,000595
Зильберштейна 1,698970 0,000827
Смотреть 0,721246 0,000351
Рейтинги 1,301030 0,001267
Лучшие 0,823909 0,000602
Популярные 0,853872 0,000831
Титулованные 1,698970 0,001240
Самые 0,920819 0,000672
издаваемые 1,698970 0,001240
Высокотиражные 1,698970 0,001240
Рецензируемые 1,698970 0,001240
Противоречивые 1,698970 0,001240
Гендерные 1,698970 0,001240
произведений 0,853872 0,000623
лингвистическим 1,698970 0,000827
признакам 1,522879 0,000741
Рекомендации 1,522879 0,000741
Мои 1,397940 0,000680
персонифицированные 1,698970 0,000827
рекомендации 1,221849 0,000595
Раздел 1,698970 0,000827
доступен 1,522879 0,000741
регистрации 0,638272 0,000311
оценивания 1,698970 0,000827
нескольких 1,522879 0,000741
Регистрация 0,657577 0,000320
Посетители 1,698970 0,000827
сайту 1,096910 0,000534
разделу 1,698970 0,000827
Авторские 1,301030 0,000633
блоги 1,698970 0,000827
выходит 0,958607 0,000467
регулярно 1,698970 0,000827
сюда 1,397940 0,000680
пишут 1,522879 0,000741
сами 1,397940 0,000680
персональная 1,522879 0,001853
рубрика 1,522879 0,001853
Фантастика 1,096910 0,000534
Книжный 1,522879 0,000741
Самодельные 1,698970 0,000827
малотиражные 1,698970 0,000827
Личная 1,522879 0,000741
колонка 1,522879 0,000741
k 1,522879 0,000741
регулярные 1,698970 0,000827
сводки 1,522879 0,000741
новинкам 1,698970 0,000827
одного 0,795880 0,000387
админов 1,698970 0,000827
Глас 1,698970 0,000827
админа 1,698970 0,000827
тут 0,886057 0,000431
новшествах 1,698970 0,000827
т 1,154902 0,000562
ч 1,397940 0,000680
технических 1,698970 0,000827
Лента 0,920819 0,000448
статей 1,301030 0,000633
Форумы 1,698970 0,000827
форумы 1,522879 0,000741
Букопедия 1,698970 0,000827
например 1,522879 0,000741
Жозе 1,522879 0,000741
Сарамаго 1,698970 0,000827
Перебои 1,698970 0,000827
Рейтинг 0,958607 0,000467
Narizhna 1,698970 0,000827
действительно 1,221849 0,000595
классное 1,698970 0,000827
чтение 1,301030 0,000950
которым 1,045757 0,000509
хочется 1,221849 0,000892
спешить 1,698970 0,000827
которое 1,096910 0,000534
смаковать 1,698970 0,000827
перекатывать 1,698970 0,000827
голове 1,397940 0,000680
эдак 1,698970 0,000827
будто 1,698970 0,001240
морские 1,698970 0,000827
камушки 1,698970 0,000827
ладони 1,522879 0,000741
может 0,397940 0,000194
даже 0,619789 0,000302
растереть 1,698970 0,000827
пару 1,221849 0,000595
тройку 1,522879 0,000741
удачных 1,698970 0,000827
фраз 1,698970 0,000827
небу 1,698970 0,000827
языком 1,522879 0,000741
старое 1,522879 0,000741
вино 1,698970 0,000827
оценка 1,397940 0,000680
eng 1,698970 0,000827
fra 1,698970 0,000827
укр 1,698970 0,000827
регламент 1,522879 0,000741
FAQ 1,397940 0,000680
контакты 1,522879 0,000741
реклама 1,154902 0,000562
сотрудничество 1,522879 0,000741
наши 1,045757 0,000509
награды 1,301030 0,000633
ВКонтакте 0,795880 0,000387
Любое 0,886057 0,000431
использование 0,795880 0,000387
материалов 0,585027 0,000285
допускается 1,045757 0,000509
указанием 1,698970 0,000827
активной 1,698970 0,000827
ссылки 1,301030 0,000633
источник 1,397940 0,000680
Наверх 1,522879 0,000741
