Федеральное 1,045757 0,000303
агентство 1,397940 0,000809
новостей 0,619789 0,000897
No 1,397940 0,000809
Лента 0,920819 0,000533
Эксклюзив 1,045757 0,000605
Пресс 0,657577 0,000571
центр 0,638272 0,000554
Армия 1,000000 0,000868
Политика 0,443697 0,001027
Экономика 0,568636 0,000494
Общество 0,638272 0,000554
Происшествия 0,823909 0,000715
Весь 0,920819 0,001332
мир 0,552842 0,000960
ФАН 1,522879 0,011897
подвергся 1,522879 0,000881
DDoS 1,698970 0,000983
атаке 1,522879 0,000881
В 0,167491 0,000388
настоящее 1,397940 0,000809
время 0,366532 0,000424
сайт 0,494850 0,000430
работает 0,657577 0,000571
в 0,070581 0,001511
ограниченном 1,698970 0,000983
режиме 1,301030 0,000753
Актуальное 1,522879 0,000881
Басурин 1,045757 0,001210
заявил 0,744727 0,001293
что 0,187087 0,000487
удар 0,920819 0,000799
Точкой 0,958607 0,000832
У 0,431798 0,001000
по 0,124939 0,000506
вокзалу 0,853872 0,000988
Краматорске 0,823909 0,001907
произвела 1,698970 0,001475
Украина 0,698970 0,001618
апреля 0,301030 0,012195
Политолог 1,154902 0,001337
Дудчак 1,698970 0,002458
планктон 1,698970 0,001966
который 0,508638 0,000589
поедает 1,698970 0,001966
Европа 0,853872 0,001235
и 0,075721 0,000723
США 0,508638 0,000883
Историк 1,522879 0,001763
Дометий 1,698970 0,001966
Завольский 1,698970 0,001966
назвал 0,795880 0,002303
некрофильской 1,698970 0,001966
пропаганду 1,698970 0,002458
Киева 1,045757 0,002118
после 0,397940 0,000576
провокации 1,096910 0,001904
Буче 0,958607 0,001109
Истина 1,698970 0,000983
не 0,142668 0,000537
соответствует 1,221849 0,000707
интересам 1,522879 0,000881
Запада 1,000000 0,001157
Вассерман 1,698970 0,000983
объяснил 0,769551 0,001336
почему 0,494850 0,001002
YouTube 0,823909 0,000477
запретил 1,154902 0,000668
брифинги 1,698970 0,000983
МИД 0,920819 0,001332
РФ 0,568636 0,001810
ДНР 0,823909 0,000954
назвали 0,920819 0,000533
фирменным 1,522879 0,000881
почерком 1,698970 0,000983
жестокость 1,522879 0,000881
украинских 0,795880 0,001842
военных 0,795880 0,000691
Бойцы 1,522879 0,000881
ВС 1,045757 0,002421
обнаружили 1,301030 0,000753
запрещенные 1,397940 0,001213
вещества 1,698970 0,001475
на 0,075721 0,001139
оставленных 1,698970 0,000983
позициях 1,698970 0,001475
ВСУ 0,744727 0,002370
Донбассе 0,958607 0,001109
Российские 0,920819 0,001332
военные 0,920819 0,001599
нашли 1,045757 0,000605
брошенных 1,522879 0,000881
украинскими 1,096910 0,000635
военнослужащими 1,698970 0,000983
Литовкин 1,698970 0,001475
фото 0,657577 0,000571
с 0,102373 0,000681
места 1,045757 0,000605
падения 1,221849 0,000707
Точки 1,522879 0,000881
подтверждают 1,698970 0,000983
причастность 1,301030 0,000753
отвод 1,698970 0,000983
сил 1,096910 0,000635
двух 0,886057 0,000769
направлений 1,698970 0,000983
позволит 1,522879 0,000881
завершить 1,522879 0,000881
окружение 1,698970 0,000983
Народная 1,522879 0,000881
милиция 1,698970 0,000983
еще 0,408935 0,000237
перешли 1,698970 0,000983
сторону 1,301030 0,000753
республики 1,301030 0,000753
могли 1,045757 0,000605
ударить 1,698970 0,000983
Краматорску 0,744727 0,000431
ракетой 1,154902 0,000668
Точка 0,795880 0,000921
кассетным 1,698970 0,000983
зарядом 1,698970 0,000983
Пушилин 1,096910 0,000635
сообщил 0,823909 0,000715
о 0,136677 0,000672
применении 1,522879 0,000881
Точек 1,522879 0,000881
для 0,119186 0,000828
Минобороны 0,698970 0,000404
Британии 1,301030 0,000753
попытка 1,397940 0,000809
сдержать 1,522879 0,000881
продвижение 1,397940 0,000809
районе 1,522879 0,001763
Изюма 1,698970 0,000983
провалилась 1,698970 0,000983
Карты 1,397940 0,000809
хода 1,698970 0,000983
спецопераций 1,698970 0,000983
События 0,886057 0,001795
Украине 0,537602 0,002489
ликвидация 1,698970 0,002458
пункта 1,522879 0,001322
сбора 1,154902 0,001003
наемников 0,958607 0,000832
под 0,376751 0,000654
Одессой 1,096910 0,000952
Международная 1,522879 0,000881
редакция 1,154902 0,000668
Федерального 1,522879 0,001322
агентства 1,397940 0,001213
рассказывает 0,958607 0,000555
главных 0,853872 0,000494
событиях 1,045757 0,000605
рамках 1,154902 0,000668
спецоперации 0,744727 0,000646
России 0,251812 0,001239
денацификации 1,698970 0,000983
Украины 0,721246 0,000626
защите 1,397940 0,000809
гражданского 1,522879 0,000881
населения 1,045757 0,000605
Донбасса 0,886057 0,000769
к 0,207608 0,000481
этому 1,096910 0,000952
часу 1,698970 0,000983
Что 0,346787 0,000502
произошло 1,045757 0,001513
берут 1,522879 0,000881
контроль 1,221849 0,000707
завод 1,397940 0,000809
Изюме 1,522879 0,000881
блокируют 1,698970 0,000983
Угледар 1,698970 0,000983
Новомихайловку 1,698970 0,000983
удары 1,221849 0,000707
объектам 1,522879 0,000881
Харьковом 1,397940 0,000809
работа 0,920819 0,000533
ПВО 1,698970 0,000983
Шахтерске 1,698970 0,000983
баз 1,698970 0,000983
ГСМ 1,522879 0,000881
националистов 0,958607 0,000832
Мариуполе 1,045757 0,001816
новые 0,508638 0,000442
факты 1,221849 0,001414
провокациях 1,698970 0,000983
топливных 1,698970 0,000983
складов 1,522879 0,000881
тероборона 1,698970 0,000983
получит 1,522879 0,000881
артиллерию 1,522879 0,000881
Венгрия 1,221849 0,000707
недовольна 1,698970 0,000983
словами 1,522879 0,000881
Зеленского 0,958607 0,000832
массированный 1,698970 0,000983
обстрел 1,698970 0,000983
Донецкого 1,698970 0,000983
трофеи 1,698970 0,000983
Герои 1,522879 0,000881
Z 1,221849 0,000707
Сергей 0,468521 0,000813
Скородинский 1,698970 0,001475
старший 1,522879 0,000881
лейтенант 1,397940 0,000809
Александр 0,468521 0,000271
Солопов 1,698970 0,000983
Константин 0,886057 0,000513
Вшивков 1,698970 0,000983
Артур 1,397940 0,000809
Жуков 1,522879 0,000881
Дмитрий 0,602060 0,001045
Сигулин 1,698970 0,000983
Каурдаков 1,698970 0,000983
Чернявский 1,698970 0,000983
Проблемы 1,522879 0,000881
избирателями 1,698970 0,000983
чем 0,420216 0,000608
обернутся 1,698970 0,000983
антироссийские 1,397940 0,001213
санкции 0,744727 0,000862
европейских 1,221849 0,000707
политиков 1,301030 0,000753
находится 1,301030 0,000753
преддверии 1,397940 0,000809
шторма 1,522879 0,000881
но 0,481486 0,000418
уже 0,602060 0,000523
через 0,585027 0,000677
пару 1,221849 0,000707
месяцев 1,221849 0,000707
она 0,744727 0,000646
столкнется 1,698970 0,000983
лицом 1,301030 0,000753
лицу 1,698970 0,000983
со 0,387216 0,000448
страшными 1,698970 0,000983
последствиями 1,698970 0,000983
экономико 1,698970 0,000983
политической 1,096910 0,000635
агрессии 1,522879 0,000881
отношении 0,853872 0,000988
И 0,408935 0,000237
тогда 1,154902 0,000668
политическая 1,397940 0,000809
карта 1,154902 0,000668
Европы 0,920819 0,000533
покроется 1,698970 0,000983
пятнами 1,698970 0,000983
протестов 1,698970 0,000983
этом 0,585027 0,001016
уверен 1,522879 0,000881
депутат 1,397940 0,000809
Госдумы 1,301030 0,002635
Олег 0,795880 0,000461
Морозов 1,522879 0,001322
Свою 1,698970 0,000983
позицию 1,522879 0,000881
он 0,568636 0,000329
озвучил 1,698970 0,001475
беседе 1,522879 0,001322
Российский 0,853872 0,000494
авиапром 1,698970 0,000983
нашел 1,221849 0,000707
ответить 1,522879 0,000881
Харакири 1,698970 0,000983
европейски 1,698970 0,000983
грозит 1,154902 0,000668
ЕС 0,920819 0,001332
отказ 1,096910 0,000635
от 0,193820 0,000336
российского 0,823909 0,000477
угля 1,000000 0,000868
Удар 1,154902 0,000668
болевым 1,698970 0,000983
точкам 1,698970 0,000983
эмбарго 1,301030 0,000753
энергоносители 1,698970 0,000983
из 0,167491 0,000388
обернется 1,522879 0,000881
Евросоюза 1,301030 0,000753
Колумнисты 1,522879 0,000881
Геннадий 1,221849 0,000707
Онищенко 1,698970 0,000983
специально 1,221849 0,004243
Политик 1,522879 0,001322
доктор 1,154902 0,000668
медицинских 1,522879 0,000881
наук 1,301030 0,000753
академик 1,301030 0,000753
РАН 1,301030 0,000753
Всего 1,397940 0,007281
публикаций 1,698970 0,008849
Елена 0,769551 0,000668
Панина 1,698970 0,000983
Директор 1,397940 0,000809
института 1,301030 0,000753
РУССТРАТ 1,698970 0,000983
Эдгард 1,698970 0,001966
Запашный 1,522879 0,002203
Народный 1,397940 0,001213
артист 1,221849 0,001061
гендиректор 1,397940 0,000809
Большого 1,301030 0,001129
Московского 1,522879 0,001322
государственного 1,698970 0,000983
цирка 1,522879 0,001322
Вадим 1,045757 0,000605
Манукян 1,522879 0,001322
Блогер 1,522879 0,001763
общественный 1,522879 0,000881
деятель 1,698970 0,000983
Денис 0,853872 0,000494
Майданов 1,698970 0,000983
Депутат 1,698970 0,003933
Николай 0,744727 0,000431
Валуев 1,698970 0,000983
Франц 1,301030 0,000753
Клинцевич 1,698970 0,001475
глава 0,958607 0,000555
Российского 1,096910 0,000952
союза 1,301030 0,000753
ветеранов 1,698970 0,000983
Афганистана 1,698970 0,000983
Виталий 1,154902 0,000668
Милонов 1,698970 0,000983
Армен 1,698970 0,000983
Гаспарян 1,698970 0,000983
Писатель 1,154902 0,000668
блогер 1,397940 0,000809
Ольга 0,769551 0,000445
Ковитиди 1,698970 0,001475
Член 1,301030 0,000753
Совета 1,397940 0,000809
Федерации 0,795880 0,000461
Драпеко 1,698970 0,000983
Блогеры 1,698970 0,000983
Пиночет 1,698970 0,001475
печет 1,698970 0,001475
печенье 1,522879 0,001322
Автор 1,301030 0,000753
Telegram 0,769551 0,000445
канала 1,000000 0,000579
pinochet 1,698970 0,000983
echo 1,698970 0,000983
Американскй 1,698970 0,000983
Номеръ 1,698970 0,001475
Колумнист 1,698970 0,000983
МФАН 1,698970 0,000983
ТГ 1,698970 0,000983
канал 0,920819 0,000533
Американскiй 1,698970 0,000983
Мост 1,698970 0,000983
Босфор 1,698970 0,000983
Турции 1,154902 0,000668
Немецкий 1,698970 0,000983
орел 1,698970 0,000983
Германии 1,000000 0,000868
Австрии 1,522879 0,000881
Швейцарии 1,301030 0,000753
Крылья 1,221849 0,000707
войны 0,744727 0,000646
Все 0,148742 0,000129
боевой 1,698970 0,000983
авиации 1,522879 0,000881
Голос 1,397940 0,001618
Мордора 1,698970 0,002458
Блог 1,045757 0,000605
политике 1,221849 0,000707
экономике 1,221849 0,001061
Видео 0,431798 0,000250
российские 0,958607 0,001109
используют 1,397940 0,001618
все 0,292430 0,000423
методы 1,301030 0,001882
борьбы 1,301030 0,001129
нацистами 1,522879 0,001322
продемонстрировали 1,698970 0,001475
ведения 1,397940 0,001213
прицельного 1,698970 0,001475
огня 1,522879 0,001322
позициям 1,698970 0,001475
войск 1,154902 0,001003
Прощание 0,958607 0,000832
Владимиром 0,677781 0,000784
Жириновским 0,585027 0,000846
ведет 1,096910 0,000952
прямую 1,522879 0,001322
трансляцию 1,301030 0,001129
Этот 1,000000 0,000868
день 0,585027 0,000508
истории 0,657577 0,000571
праздники 0,886057 0,000769
люди 0,677781 0,000588
Большой 1,045757 0,000908
Московский 1,096910 0,000952
цирк 1,522879 0,001322
устроил 1,698970 0,001475
зрителей 1,221849 0,001061
Открытую 1,698970 0,001475
репетицию 1,698970 0,001475
побывал 1,698970 0,001475
съемке 1,522879 0,001322
клипа 1,397940 0,001213
певицы 1,397940 0,001618
Наташи 1,522879 0,001322
Власовой 1,698970 0,001475
Длинными 1,698970 0,001475
ночами 1,698970 0,001475
Судьба 1,522879 0,001322
художника 1,045757 0,000908
Военкор 1,698970 0,001966
Альгис 1,698970 0,001475
Микульскис 1,698970 0,001475
продолжает 1,045757 0,000908
встречаться 1,698970 0,001475
людьми 1,154902 0,001003
затронутыми 1,698970 0,001475
Украиной 1,045757 0,000908
Железнодорожный 1,522879 0,001322
туризм 1,522879 0,001322
новый 0,552842 0,000640
тренд 1,397940 0,001618
путешествиях 1,698970 0,001475
Интервью 0,638272 0,000369
Военный 1,522879 0,000881
эксперт 1,221849 0,001061
Кошкин 1,698970 0,001475
Украинские 1,000000 0,000868
силы 0,958607 0,000555
уничтожают 1,698970 0,001475
свой 0,721246 0,000835
народ 1,301030 0,001129
ради 1,096910 0,000635
обвинений 1,301030 0,000753
адрес 0,920819 0,000533
войска 1,221849 0,000707
когда 0,585027 0,000339
заходят 1,522879 0,000881
города 0,698970 0,000404
а 0,327902 0,000190
преступления 1,522879 0,000881
списывают 1,698970 0,000983
Такое 1,301030 0,001129
мнение 1,045757 0,001210
высказал 1,522879 0,000881
военный 1,221849 0,000707
полковник 1,522879 0,000881
запаса 1,698970 0,000983
заведующий 1,522879 0,000881
кафедрой 1,522879 0,000881
политологии 1,397940 0,000809
социологии 1,522879 0,000881
Экономического 1,698970 0,000983
Университета 1,522879 0,000881
им 0,602060 0,000523
Г 1,045757 0,000605
Плеханова 1,698970 0,000983
Андрей 0,552842 0,000480
международной 1,154902 0,000668
редакцией 1,301030 0,000753
Алексей 0,602060 0,000523
Селиванов 1,397940 0,001213
об 0,292430 0,000254
инфовойне 1,698970 0,000983
тоталитарности 1,698970 0,000983
опережает 1,698970 0,000983
нацистского 1,698970 0,000983
Рейха 1,522879 0,000881
Певица 1,522879 0,000881
Яна 1,000000 0,001157
Иванилова 1,698970 0,000983
Нам 1,301030 0,000753
нужно 0,721246 0,000626
больше 0,638272 0,000369
исполнять 1,397940 0,000809
русской 0,744727 0,000862
музыки 1,221849 0,000707
чаще 1,154902 0,000668
петь 1,397940 0,000809
романсы 1,522879 0,000881
Глинки 1,522879 0,000881
Чайковского 1,301030 0,000753
Рахманинова 1,397940 0,000809
Урманов 1,698970 0,000983
рассказал 0,619789 0,000717
зверствах 1,221849 0,000707
при 0,468521 0,000813
отступлении 1,522879 0,000881
Мариуполя 0,853872 0,000494
Волновахи 1,698970 0,000983
Глава 0,698970 0,000404
комитета 1,301030 0,000753
ГД 1,698970 0,000983
охране 1,301030 0,000753
здоровья 0,958607 0,000555
Хубезов 1,698970 0,000983
жителях 1,698970 0,000983
Мужество 1,522879 0,000881
стойкость 1,698970 0,000983
этих 0,958607 0,000555
людей 0,698970 0,000607
запали 1,698970 0,000983
душу 1,397940 0,000809
марта 0,769551 0,000668
Офицер 1,522879 0,000881
ЛНР 1,221849 0,000707
украинцы 1,397940 0,000809
воюют 1,698970 0,000983
аморальнее 1,698970 0,000983
террористов 1,397940 0,000809
Дирижер 1,522879 0,000881
Матвиенко 1,522879 0,000881
Чтобы 0,795880 0,000461
завоевать 1,397940 0,001213
Россию 0,568636 0,000987
сначала 1,154902 0,000668
весь 1,000000 0,000579
Колумнистика 1,698970 0,000983
Отмена 1,301030 0,000753
культуры 0,795880 0,000921
новомодный 1,698970 0,000983
руководитель 1,397940 0,000809
своем 0,823909 0,000477
эпидемии 1,522879 0,000881
отмены 1,397940 0,000809
разразившейся 1,698970 0,000983
Западе 1,522879 0,001322
авторской 1,301030 0,000753
колонке 1,698970 0,000983
подчеркнул 1,522879 0,000881
гордится 1,698970 0,000983
быть 0,431798 0,000500
среди 0,958607 0,000832
российских 0,468521 0,000542
деятелей 1,301030 0,000753
искусства 0,886057 0,000513
которые 0,431798 0,000500
поддерживают 1,522879 0,000881
решение 0,853872 0,000988
проведении 1,698970 0,000983
Напоминаем 1,698970 0,000983
колумниста 1,698970 0,000983
может 0,397940 0,000461
совпадать 1,698970 0,000983
позицией 1,698970 0,000983
редакции 0,481486 0,000418
Эксцесс 1,522879 0,000881
исполнителя 1,522879 0,000881
пропагандистов 1,698970 0,000983
А 0,376751 0,000218
кому 1,154902 0,000668
ананасной 1,698970 0,000983
воды 1,154902 0,000668
Роман 0,795880 0,000461
Носиков 1,698970 0,000983
проявлении 1,698970 0,000983
настоящего 1,397940 0,000809
патриотизма 1,522879 0,000881
Сенатор 1,698970 0,000983
Шольцу 1,698970 0,000983
следует 1,397940 0,000809
прислушаться 1,698970 0,000983
мнению 1,221849 0,001061
немцев 1,698970 0,000983
нежелающих 1,698970 0,000983
давления 1,522879 0,000881
Так 1,045757 0,000605
кто 0,494850 0,000286
же 0,721246 0,000417
виноват 1,698970 0,000983
том 0,568636 0,000329
немцы 1,301030 0,000753
станут 1,397940 0,000809
жить 0,958607 0,000555
беднее 1,698970 0,000983
Колонка 1,301030 0,001129
Голоса 1,522879 0,000881
Почему 0,522879 0,000303
они 0,657577 0,000381
нас 0,508638 0,000442
любят 1,096910 0,000635
Романа 1,698970 0,000983
Носикова 1,698970 0,000983
Современным 1,698970 0,000983
Хансам 1,698970 0,000983
Гюнтерам 1,698970 0,000983
нужен 0,958607 0,000555
штангенциркуль 1,698970 0,000983
Финляндии 1,397940 0,001213
разрешил 1,397940 0,000809
вернуть 1,000000 0,001157
задержанные 1,397940 0,000809
границе 1,301030 0,001129
музейные 1,698970 0,001475
экспонаты 1,522879 0,001322
Финские 1,698970 0,000983
власти 1,045757 0,000908
разрешили 1,522879 0,000881
задержали 1,154902 0,000668
между 0,823909 0,000477
двумя 1,096910 0,000635
странами 1,522879 0,000881
Об 0,698970 0,000607
сообщили 0,958607 0,000832
пресс 0,886057 0,000769
службе 0,920819 0,000533
Министерства 1,096910 0,000635
иностранных 0,886057 0,001026
дел 1,301030 0,001129
Яндекс 0,638272 0,000369
начал 1,000000 0,000579
маркировку 1,522879 0,000881
поисковых 1,698970 0,000983
ресурсов 1,301030 0,000753
Google 0,744727 0,000862
как 0,251812 0,000219
нарушителей 1,301030 0,000753
законов 1,698970 0,000983
Григорий 1,221849 0,000707
Лепс 1,522879 0,000881
покойного 1,698970 0,000983
Жириновского 0,657577 0,000571
настоящим 1,301030 0,000753
патриотом 1,698970 0,000983
Песков 0,744727 0,001724
постыдным 1,397940 0,001618
Латвии 1,221849 0,001061
посвятить 1,698970 0,001966
День 0,795880 0,000921
Победы 1,000000 0,001157
происходящему 1,698970 0,001475
Врач 1,397940 0,000809
Стародумова 1,698970 0,000983
заявила 1,301030 0,000753
шумоподавление 1,698970 0,000983
наушниках 1,698970 0,000983
приводит 1,522879 0,000881
головной 1,698970 0,000983
боли 1,397940 0,000809
Миронов 1,397940 0,000809
дефицит 1,221849 0,001061
бумаги 1,096910 0,000952
возможной 1,522879 0,000881
причиной 1,698970 0,000983
срыва 1,522879 0,000881
ЕГЭ 1,154902 0,000668
году 0,602060 0,000348
Чрезмерное 1,698970 0,000983
употребление 1,522879 0,000881
бананов 1,698970 0,000983
способно 1,698970 0,000983
вызвать 1,522879 0,000881
синдром 1,397940 0,000809
раздраженного 1,698970 0,000983
кишечника 1,698970 0,000983
Путин 0,721246 0,000626
приехал 1,301030 0,000753
прощание 1,221849 0,000707
раньше 1,221849 0,001061
других 0,795880 0,000461
Президент 1,000000 0,000868
Владимр 1,698970 0,000983
прибыл 1,397940 0,000809
церемонию 1,698970 0,000983
прощания 1,045757 0,000605
лидером 1,154902 0,000668
ЛДПР 0,744727 0,000431
остальных 1,698970 0,000983
чтобы 0,481486 0,000279
мешать 1,698970 0,000983
всем 0,853872 0,000494
желающим 1,698970 0,000983
проводить 1,397940 0,000809
политика 0,920819 0,000799
секретарь 1,221849 0,000707
главы 1,045757 0,000605
государства 1,221849 0,000707
лишение 1,522879 0,000881
членства 1,221849 0,000707
СПЧ 0,920819 0,000799
ООН 0,823909 0,000477
повышает 1,698970 0,000983
добавленной 1,698970 0,000983
стоимости 1,301030 0,001506
органу 1,522879 0,000881
блестящим 1,397940 0,000809
отчет 1,221849 0,000707
Правительства 1,522879 0,000881
Госдуме 1,045757 0,000605
футболисты 1,698970 0,000983
рассказали 0,744727 0,000431
случаях 1,301030 0,000753
дискриминации 1,698970 0,000983
Европе 0,886057 0,001026
Боимся 1,698970 0,000983
говорить 1,045757 0,000605
родном 1,522879 0,000881
языке 0,886057 0,000513
давно 0,823909 0,000477
живущий 1,698970 0,000983
эмигрант 1,522879 0,000881
пожаловался 1,522879 0,001322
русофобию 1,397940 0,000809
странах 1,045757 0,000605
роль 1,000000 0,000579
место 0,795880 0,000461
современной 0,958607 0,000555
осознано 1,698970 0,000983
до 0,244125 0,000283
конца 0,886057 0,000513
Переговоры 1,301030 0,000753
скандалы 1,522879 0,000881
мигрантами 1,698970 0,000983
будущее 0,795880 0,000461
обсудят 1,698970 0,000983
медиацентре 1,698970 0,000983
Патриот 1,522879 0,000881
представила 1,301030 0,000753
проект 0,744727 0,000646
соглашения 1,000000 0,000579
Россией 0,795880 0,000691
нем 0,958607 0,000555
налицо 1,522879 0,000881
отход 1,522879 0,001322
важнейших 1,301030 0,000753
предложений 1,522879 0,000881
украинская 1,397940 0,000809
российская 1,154902 0,000668
стороны 1,301030 0,000753
зафиксировали 1,397940 0,000809
встрече 1,522879 0,000881
Стамбуле 1,154902 0,000668
министр 1,221849 0,001061
Лавров 1,000000 0,000868
По 0,619789 0,000359
его 0,376751 0,000436
это 0,292430 0,000254
демонстрирует 1,698970 0,000983
недоговороспособность 1,698970 0,000983
линию 1,698970 0,000983
затягивание 1,698970 0,000983
даже 0,619789 0,000359
подрыв 1,698970 0,000983
переговоров 1,698970 0,000983
достигаемых 1,698970 0,000983
пониманий 1,698970 0,000983
Блокада 1,522879 0,000881
Калининграда 1,301030 0,000753
высылка 1,522879 0,000881
дипломатов 0,958607 0,000555
другие 0,677781 0,000392
политические 1,397940 0,000809
итоги 1,000000 0,000579
недели 0,769551 0,000445
Патриоте 1,698970 0,000983
Режиссер 1,154902 0,001003
Надеин 1,698970 0,001475
плюсы 1,397940 0,000809
ухода 1,221849 0,000707
зарубежных 1,000000 0,000579
кинопрокатчиков 1,698970 0,000983
Публицист 1,698970 0,001475
Антипов 1,698970 0,000983
считает 1,000000 0,000579
тему 1,301030 0,000753
русофобии 1,397940 0,000809
самой 1,000000 0,000579
оплачиваемой 1,698970 0,000983
уехавшие 1,698970 0,000983
артисты 1,698970 0,000983
дождались 1,522879 0,000881
удобного 1,698970 0,000983
случая 1,698970 0,000983
Деятели 1,698970 0,000983
призвали 1,698970 0,000983
лишить 1,522879 0,000881
финансирования 1,698970 0,000983
творческих 1,522879 0,000881
работников 1,698970 0,000983
критикующих 1,698970 0,000983
СВО 1,522879 0,000881
Аслан 1,698970 0,000983
Абашидзе 1,698970 0,000983
могут 0,522879 0,000454
исключить 1,397940 0,000809
окончательно 1,397940 0,000809
дискредитирует 1,698970 0,000983
эту 1,000000 0,000579
организацию 1,397940 0,000809
Очевидцы 1,522879 0,000881
крушении 1,698970 0,000983
самолета 1,397940 0,000809
Лужском 1,698970 0,001475
Ленобласти 1,522879 0,001322
Воздушное 1,698970 0,000983
судно 1,698970 0,000983
потерпело 1,698970 0,000983
крушение 1,698970 0,000983
передает 1,221849 0,000707
телеканал 1,154902 0,000668
ссылкой 1,301030 0,000753
очевидцев 1,522879 0,000881
Экс 1,397940 0,001213
главврач 1,698970 0,000983
больницы 1,221849 0,000707
Туле 1,522879 0,000881
попала 1,221849 0,000707
статью 1,301030 0,000753
за 0,180456 0,000366
продажу 1,522879 0,000881
данных 0,657577 0,000381
умерших 1,397940 0,000809
пациентах 1,698970 0,000983
Один 0,853872 0,000494
человек 0,494850 0,000430
погиб 1,301030 0,000753
взрыве 1,397940 0,000809
боеприпасов 1,522879 0,000881
времен 1,096910 0,000952
Второй 1,045757 0,000605
мировой 0,958607 0,000555
стройке 1,522879 0,000881
Чехии 1,397940 0,000809
Кузбасского 1,698970 0,000983
Пабло 1,397940 0,000809
Эскобара 1,698970 0,000983
приговорили 1,522879 0,000881
годам 1,698970 0,000983
колонии 1,397940 0,000809
торговлю 1,698970 0,000983
наркотиками 1,698970 0,000983
Около 1,301030 0,000753
получили 1,045757 0,000605
ранения 1,397940 0,000809
ударе 0,853872 0,000494
Житель 1,522879 0,000881
Краснодарского 1,698970 0,000983
края 1,698970 0,000983
ответит 1,221849 0,000707
суде 1,522879 0,000881
изнасилование 1,698970 0,000983
двоюродной 1,698970 0,000983
шестилетней 1,698970 0,000983
сестры 1,301030 0,000753
Трое 1,698970 0,000983
взрослых 1,000000 0,000579
ребенок 1,154902 0,000668
пострадали 1,397940 0,000809
обрушении 1,698970 0,000983
лифта 1,522879 0,000881
торговом 1,397940 0,000809
центре 0,920819 0,000533
Махачкалы 1,522879 0,000881
Россия 0,455932 0,000264
Джаралла 1,698970 0,001475
деморализации 1,698970 0,000983
солдат 1,096910 0,000635
хотят 0,920819 0,000533
пушечным 1,698970 0,001475
мясом 1,698970 0,001475
украинские 1,096910 0,000952
вооруженные 1,522879 0,000881
формирования 1,221849 0,000707
деморализованы 1,698970 0,000983
осознания 1,522879 0,000881
того 0,853872 0,000494
стали 0,853872 0,000494
собственных 1,397940 0,000809
властей 1,522879 0,001322
крымский 1,698970 0,000983
политолог 1,397940 0,001213
Владимир 0,431798 0,000250
интервью 0,823909 0,000477
специальному 1,698970 0,000983
корреспонденту 1,698970 0,000983
коррупции 1,301030 0,000753
Зеленский 1,154902 0,000668
полностью 0,795880 0,000461
распродал 1,698970 0,000983
страну 1,301030 0,000753
команда 1,096910 0,000635
борцы 1,698970 0,000983
Перенджиев 1,698970 0,000983
высокое 1,522879 0,000881
доверие 1,698970 0,000983
россиян 0,744727 0,000646
Путину 1,522879 0,000881
Американист 1,698970 0,000983
Брутер 1,698970 0,000983
НАТО 0,769551 0,000668
пытается 1,154902 0,000668
глобальное 1,698970 0,000983
доминирование 1,698970 0,000983
сенатор 1,698970 0,000983
Западные 1,698970 0,000983
службы 1,221849 0,000707
манипулируют 1,698970 0,000983
Зеленским 1,698970 0,000983
помощью 0,769551 0,000445
семьи 0,853872 0,000494
Хотят 1,522879 0,000881
взять 1,301030 0,000753
слабо 1,522879 0,000881
россияне 1,154902 0,000668
боятся 1,698970 0,000983
санкционной 1,522879 0,000881
блокады 1,522879 0,000881
Экономист 1,221849 0,001061
исключил 1,698970 0,000983
лекарств 1,154902 0,000668
продовольствия 1,397940 0,000809
Спорт 0,537602 0,000311
Американский 1,221849 0,001061
боец 1,397940 0,001618
MMA 1,522879 0,001322
Стерлинг 1,154902 0,001003
заподозрил 1,397940 0,001213
Петра 1,000000 0,000868
употреблении 1,522879 0,001322
допинга 1,397940 0,000809
смешанных 1,698970 0,000983
единоборств 1,698970 0,000983
Алджамейн 1,522879 0,000881
россиянина 1,522879 0,000881
запрещенных 1,522879 0,000881
веществ 1,397940 0,000809
Представитель 1,397940 0,000809
предположил 1,698970 0,000983
UFC 1,397940 0,000809
принимать 1,301030 0,000753
допинг 1,522879 0,000881
Стивен 1,154902 0,000668
Эй 1,698970 0,000983
Смит 1,154902 0,000668
Леброн 1,698970 0,000983
Джеймс 1,096910 0,000635
является 0,853872 0,000494
величайшим 1,698970 0,000983
игроком 1,698970 0,000983
всех 0,552842 0,000320
ФССР 1,698970 0,000983
отстояла 1,522879 0,000881
право 1,045757 0,000605
саночников 1,397940 0,000809
участие 0,958607 0,000555
международных 1,045757 0,000605
стартах 1,522879 0,000881
Две 1,045757 0,000605
шахматистки 1,154902 0,000668
отказались 1,221849 0,000707
подписывать 1,301030 0,000753
письмо 1,045757 0,000605
FIDE 1,221849 0,000707
против 0,387216 0,000336
Жозе 1,522879 0,000881
Моуринью 1,698970 0,000983
пластиковые 1,698970 0,000983
поля 1,301030 0,000753
Лиге 1,397940 0,000809
конференций 1,698970 0,000983
Чешский 1,522879 0,000881
вратарь 1,522879 0,000881
Авангарда 1,397940 0,000809
Грубец 1,522879 0,000881
покинул 1,096910 0,000635
клуб 0,958607 0,000555
во 0,494850 0,000430
плей 1,397940 0,000809
офф 1,301030 0,000753
КХЛ 1,301030 0,000753
Пилот 1,522879 0,000881
Ferrari 1,522879 0,000881
Леклер 1,698970 0,000983
показал 1,045757 0,000908
лучшее 1,154902 0,000668
второй 0,920819 0,000533
практике 1,221849 0,000707
Гран 1,397940 0,000809
Австралии 1,301030 0,000753
Технологии 0,958607 0,000555
ВКонтакте 0,795880 0,000691
над 0,823909 0,000715
запуском 1,698970 0,000983
магазина 1,397940 0,000809
приложений 1,698970 0,001966
разработчиков 1,397940 0,001213
Компания 1,221849 0,000707
разрабатывает 1,698970 0,000983
собственный 1,698970 0,000983
магазин 1,154902 0,000668
запуск 1,522879 0,000881
которого 0,920819 0,000533
должен 0,886057 0,000513
состояться 1,698970 0,000983
мае 1,221849 0,000707
года 0,356547 0,000206
Специалист 1,397940 0,000809
гаджетам 1,698970 0,000983
Михаил 0,568636 0,000494
Гаглоев 1,698970 0,000983
определил 1,522879 0,000881
лучший 1,045757 0,000605
вариант 1,397940 0,000809
защиты 1,154902 0,000668
экрана 1,522879 0,000881
смартфона 1,397940 0,000809
Премьер 1,154902 0,000668
Мишустин 0,920819 0,000533
предложил 1,045757 0,000605
создать 1,301030 0,000753
альтернативу 1,698970 0,000983
App 1,154902 0,001337
Store 1,154902 0,001337
Play 1,000000 0,000868
Минцифры 1,301030 0,000753
предложило 1,522879 0,000881
аналоги 1,522879 0,000881
сервисов 1,045757 0,000605
Сбер 1,397940 0,000809
подготовил 1,698970 0,000983
решения 0,958607 0,000555
случай 1,397940 0,000809
ограничения 1,221849 0,000707
работы 0,638272 0,000369
Киберпреступники 1,698970 0,000983
VLC 1,698970 0,000983
Media 1,154902 0,000668
Player 1,698970 0,000983
установки 1,397940 0,000809
вредоносного 1,698970 0,000983
загрузчика 1,698970 0,000983
Netflix 1,221849 0,000707
вернулся 1,301030 0,000753
пользователей 0,853872 0,000494
Решение 1,698970 0,001475
латвийских 1,698970 0,000983
событиям 1,397940 0,000809
можно 0,443697 0,000257
назвать 1,221849 0,000707
официальный 1,221849 0,000707
представитель 1,397940 0,000809
Кремля 1,397940 0,000809
создает 1,221849 0,000707
угрозу 1,301030 0,000753
применения 1,522879 0,000881
ПЗРК 1,698970 0,000983
самолетов 1,045757 0,000605
встретился 1,522879 0,000881
главой 1,397940 0,000809
Египта 1,221849 0,000707
обсудил 1,096910 0,000635
ситуацию 1,096910 0,000952
Великобритании 1,522879 0,000881
ввел 1,221849 0,000707
дополнительные 1,096910 0,000635
украинского 1,096910 0,000635
кризиса 1,154902 0,000668
Козырь 1,698970 0,000983
рукаве 1,698970 0,000983
выгодна 1,698970 0,000983
конфронтация 1,698970 0,000983
ТВ 0,657577 0,000381
Шоу 0,744727 0,000431
бизнес 0,657577 0,000381
Моргенштерн 1,301030 0,001129
поклонникам 1,522879 0,000881
паспорт 1,397940 0,000809
гражданина 1,698970 0,001475
Израиля 1,301030 0,001129
Рэпер 1,698970 0,000983
Алишер 1,698970 0,000983
вышел 1,000000 0,000579
связь 0,552842 0,000320
своей 0,853872 0,000494
аудиторией 1,522879 0,000881
социальных 0,769551 0,000445
сетях 0,769551 0,000445
Поводом 1,698970 0,000983
внеочередному 1,698970 0,000983
включению 1,698970 0,000983
артиста 1,397940 0,000809
стала 0,823909 0,000477
новость 1,301030 0,000753
получении 1,522879 0,000881
паспорта 1,698970 0,000983
Астролог 1,522879 0,000881
Егорова 1,522879 0,000881
предрекла 1,698970 0,000983
Анне 1,522879 0,000881
Нетребко 1,096910 0,000635
тяжелые 1,397940 0,000809
времена 1,221849 0,000707
Комик 1,522879 0,000881
Илья 1,045757 0,000605
Соболев 1,301030 0,000753
оскорбительно 1,698970 0,000983
пошутил 1,397940 0,000809
певицей 1,698970 0,000983
Евой 1,698970 0,000983
Польной 1,698970 0,000983
Мать 1,154902 0,000668
Бритни 1,522879 0,000881
Спирс 1,522879 0,000881
намерена 1,096910 0,000635
отсудить 1,698970 0,000983
у 0,387216 0,000336
тысяч 0,744727 0,000431
долларов 1,096910 0,000635
Писательница 1,698970 0,000983
Мария 0,698970 0,000404
Арбатова 1,698970 0,000983
высмеяла 1,698970 0,000983
живущую 1,698970 0,000983
мире 0,468521 0,000271
эльфов 1,397940 0,000809
певицу 1,522879 0,000881
Анну 1,522879 0,000881
Калашникову 1,698970 0,000983
Данилко 1,397940 0,000809
пережил 1,301030 0,000753
нервный 1,301030 0,000753
срыв 1,397940 0,000809
запрета 1,301030 0,000753
выступления 1,522879 0,000881
Актриса 1,301030 0,000753
Александра 0,638272 0,000369
Киселева 1,522879 0,000881
рассказала 0,958607 0,000555
съемках 1,301030 0,000753
Децлом 1,698970 0,000983
сериале 1,096910 0,000635
Погнали 1,522879 0,000881
Локтюхов 1,522879 0,001322
ожидает 1,522879 0,001322
снижения 1,397940 0,001213
доллара 1,045757 0,000908
рублей 0,585027 0,000508
Руководитель 1,522879 0,000881
отдела 1,301030 0,000753
экономического 1,221849 0,000707
отраслевого 1,698970 0,000983
анализа 1,522879 0,000881
ПСБ 1,397940 0,000809
Евгений 0,698970 0,000404
Литва 1,397940 0,000809
потеряет 1,698970 0,000983
миллионы 1,221849 0,000707
евро 0,823909 0,000477
транспортных 1,698970 0,000983
санкций 0,677781 0,000392
Белоруссии 1,154902 0,000668
Япония 0,823909 0,000477
отказаться 1,301030 0,000753
древесины 1,397940 0,000809
водки 1,221849 0,000707
Аксаков 1,698970 0,000983
контролируют 1,698970 0,000983
Российским 1,522879 0,000881
компаниям 1,698970 0,000983
запретили 1,522879 0,000881
покупать 0,886057 0,000513
банкноты 1,698970 0,000983
ценные 1,522879 0,000881
Голубь 1,698970 0,000983
стремится 1,397940 0,000809
реанимировать 1,522879 0,000881
железного 1,522879 0,000881
занавеса 1,698970 0,000983
ФАС 1,045757 0,000605
изучит 1,522879 0,000881
цепочку 1,522879 0,000881
поставок 1,397940 0,000809
ценообразование 1,698970 0,000983
Мираторга 1,522879 0,000881
Редакция 0,769551 0,000445
Контакты 0,455932 0,000264
Вакансии 0,657577 0,000381
Редакционная 1,397940 0,000809
Пользовательское 0,677781 0,000392
соглашение 0,619789 0,000359
Правила 0,853872 0,000494
использования 0,920819 0,000533
материалов 0,585027 0,000677
Материалы 1,045757 0,000605
опубликованные 0,920819 0,000533
сайте 0,431798 0,000250
riafan 1,698970 0,001966
ru 0,187087 0,000217
воспроизведены 1,698970 0,000983
процитированы 1,698970 0,000983
СМИ 0,481486 0,000279
При 0,769551 0,000668
допускается 1,045757 0,000605
переработка 1,698970 0,000983
исключением 1,522879 0,000881
сокращений 1,698970 0,000983
сохраняющих 1,698970 0,000983
смысл 1,221849 0,000707
публикации 0,823909 0,000477
Цитирование 1,698970 0,000983
републикация 1,698970 0,000983
видео 0,568636 0,000329
графических 1,698970 0,000983
требует 1,096910 0,000635
письменного 1,000000 0,000579
разрешения 0,853872 0,000494
проводится 1,522879 0,000881
обязательным 1,698970 0,000983
размещением 1,698970 0,000983
логотипа 1,698970 0,000983
гиперссылки 1,522879 0,000881
любом 1,154902 0,000668
цитировании 1,522879 0,000881
активная 1,522879 0,000881
ссылка 1,154902 0,000668
обязательна 1,154902 0,000668
