Коммерсантъ 1,522879 0,003514
последние 0,769551 0,000507
новости 0,420216 0,002078
России 0,251812 0,001660
и 0,075721 0,000649
мира 0,537602 0,000709
Реклама 0,387216 0,000638
в 0,070581 0,001140
Ъ 1,698970 0,002800
www 0,698970 0,000691
kommersant 1,698970 0,001680
ru 0,187087 0,000185
ad 1,698970 0,001680
FM 1,301030 0,001286
Закрыть 1,000000 0,000989
меню 1,045757 0,000689
Меню 1,221849 0,000805
сайта 0,522879 0,000345
Редакция 0,769551 0,000507
Радио 0,958607 0,000632
Русфонд 1,698970 0,001120
Банкротства 1,698970 0,001120
Партнерские 1,698970 0,001680
проекты 0,698970 0,000691
Картотека 1,698970 0,001120
Конференции 1,301030 0,000858
Университетъ 1,698970 0,001120
Подписка 0,853872 0,000563
Фотоагентство 1,698970 0,001120
Газета 1,096910 0,000723
Weekend 1,698970 0,004480
Приложения 1,154902 0,000761
Автопилот 1,522879 0,001506
Наука 0,638272 0,000631
Деньги 1,221849 0,002014
Регионы 1,154902 0,000761
Экономика 0,568636 0,000562
Политика 0,443697 0,000439
Мир 0,698970 0,001152
Бизнес 0,853872 0,001126
Финансы 1,154902 0,001142
Потребительский 1,397940 0,002765
рынок 1,096910 0,002531
Телекоммуникации 1,698970 0,002240
Общество 0,638272 0,001052
Происшествия 0,823909 0,000815
Культура 0,638272 0,000631
Спорт 0,537602 0,000709
Hi 1,301030 0,001286
Tech 1,522879 0,001506
Авто 0,853872 0,000563
Стиль 1,000000 0,001648
Темы 1,522879 0,001004
Тенденции 1,522879 0,001004
Мультимедиа 1,397940 0,001382
Интервью 0,638272 0,000421
Справочники 1,698970 0,001120
Самое 1,000000 0,001318
читаемое 1,154902 0,001523
E 0,920819 0,001214
mail 0,721246 0,000713
рассылки 1,301030 0,001286
Москва 0,508638 0,000335
Санкт 0,795880 0,000525
Петербург 0,920819 0,000607
Воронеж 1,221849 0,000805
Екатеринбург 1,000000 0,000659
Ижевск 1,221849 0,000805
Казань 0,823909 0,000543
Краснодар 1,000000 0,000659
Красноярск 1,221849 0,000805
Нижний 0,853872 0,000563
Новгород 0,886057 0,000584
Новосибирск 1,045757 0,000689
Пермь 1,096910 0,000723
Ростов 0,958607 0,000632
на 0,075721 0,000948
Дону 1,000000 0,000659
Самара 1,221849 0,000805
Саратов 1,221849 0,000805
Уфа 1,154902 0,000761
Челябинск 1,154902 0,000761
Ярославль 1,154902 0,000761
Предыдущая 1,698970 0,001120
страница 1,221849 0,001208
IMOEX 1,698970 0,001120
Валютный 1,522879 0,001004
прогноз 1,301030 0,000858
Военная 1,301030 0,001715
операция 1,000000 0,001318
Украине 0,537602 0,001240
Свежий 1,221849 0,000805
Отчет 1,397940 0,000922
правительства 1,221849 0,001611
Мишустина 1,397940 0,000922
Госдуме 1,045757 0,000689
Санкции 1,301030 0,001286
против 0,387216 0,000383
Подбор 1,522879 0,001004
вклада 1,698970 0,001120
топ 1,221849 0,000805
банках 1,397940 0,001382
Эксклюзивы 1,397940 0,000922
Пандемия 1,301030 0,000858
Андрей 0,552842 0,000547
Колесников 1,698970 0,001120
о 0,136677 0,001126
Владимире 1,397940 0,000922
Путине 1,522879 0,001004
Следующая 1,522879 0,001004
Сюжет 1,221849 0,001208
Песков 0,744727 0,000736
объяснил 0,769551 0,000761
что 0,187087 0,000555
говорил 1,397940 0,002304
потерях 1,096910 0,001085
российской 0,958607 0,000948
армии 1,045757 0,001379
исходя 1,698970 0,001680
из 0,167491 0,000607
данных 0,657577 0,000650
Минобороны 0,698970 0,000691
ООН 0,823909 0,000815
мировые 1,522879 0,001004
цены 0,823909 0,001086
продовольствие 1,154902 0,001142
достигли 1,154902 0,001142
рекордных 1,522879 0,001506
показателей 1,698970 0,001680
Politico 1,698970 0,001120
Шольц 1,301030 0,000858
откладывает 1,522879 0,001004
поставки 1,301030 0,000858
танков 1,221849 0,000805
несмотря 1,301030 0,000858
давление 1,154902 0,000761
зеленых 1,698970 0,001120
Св 1,698970 0,001120
ДП 1,698970 0,001120
Весь 0,920819 0,000607
сюжет 1,096910 0,000723
Главные 0,769551 0,000507
Что 0,346787 0,000686
происходит 0,920819 0,000607
после 0,397940 0,000262
ввода 1,522879 0,001004
войск 1,154902 0,000761
Украину 1,301030 0,000858
День 0,795880 0,000525
й 1,045757 0,000689
Украина 0,698970 0,000461
отвергает 1,698970 0,001120
возможность 0,769551 0,000507
заключения 1,522879 0,001004
перемирия 1,698970 0,001120
Автодор 1,698970 0,001120
анонсировал 1,522879 0,001004
рост 1,221849 0,000805
тарифов 1,522879 0,001004
проезд 1,522879 0,001004
по 0,124939 0,000700
платным 1,698970 0,001120
дорогам 1,522879 0,001004
Полиция 1,397940 0,000922
задержала 1,522879 0,001004
подозреваемого 1,397940 0,000922
нападении 1,096910 0,000723
главреда 1,096910 0,000723
Новой 1,045757 0,001034
газеты 0,958607 0,000632
Муратова 1,154902 0,000761
ЦБ 0,795880 0,000525
снизил 0,698970 0,000461
ключевую 0,677781 0,000447
ставку 0,657577 0,000433
с 0,102373 0,000540
до 0,244125 0,000241
Великобритания 1,301030 0,000858
Япония 0,823909 0,000815
расширили 1,522879 0,001004
санкции 0,744727 0,000491
Мировые 1,154902 0,000761
Онлайн 0,769551 0,001015
кинотеатры 1,397940 0,000922
готовятся 1,301030 0,000858
к 0,207608 0,000547
замещению 1,522879 0,001004
иностранного 1,522879 0,001004
контента 1,397940 0,000922
Прокуратура 1,397940 0,000922
отсудила 1,698970 0,001120
полсотни 1,698970 0,001120
объектов 1,301030 0,000858
незаконно 1,698970 0,001120
оказавшихся 1,698970 0,001120
банкротящемся 1,698970 0,001120
ФГУПе 1,698970 0,001120
ФСОЭксклюзив 1,698970 0,001120
Как 0,301030 0,000992
платформа 1,397940 0,000922
для 0,119186 0,000354
коммерции 1,698970 0,001120
Авито 1,698970 0,002240
помогает 1,221849 0,000805
предпринимателям 1,698970 0,001120
Партнерский 1,522879 0,003012
проект 0,744727 0,000982
Вся 0,886057 0,004381
лента 1,045757 0,001379
Предыдущий 1,698970 0,003360
слайд 1,698970 0,006160
Фотофакт 1,698970 0,002800
Гроб 1,522879 0,001506
телом 1,397940 0,001382
Владимира 0,721246 0,000951
Жириновского 0,657577 0,000867
привезли 1,698970 0,001680
похороны 1,301030 0,001286
траурном 1,698970 0,001680
универсале 1,698970 0,001680
Aurus 1,221849 0,001208
Lafet 1,698970 0,001680
В 0,167491 0,000386
берлинском 1,698970 0,001680
Трептов 1,698970 0,001680
парке 1,522879 0,001506
осквернили 1,397940 0,001382
советский 1,522879 0,001506
памятник 1,096910 0,001085
Воин 1,698970 0,001680
освободитель 1,698970 0,001680
цитат 1,698970 0,001680
основателя 1,522879 0,002008
ЛДПР 0,744727 0,000982
Только 0,958607 0,000948
жить 0,958607 0,002844
Жить 1,301030 0,001286
красиво 1,397940 0,001382
смело 1,698970 0,001680
хорошо 1,221849 0,001208
смерти 0,744727 0,000736
не 0,142668 0,001035
думать 1,301030 0,001286
И 0,408935 0,000404
ни 0,744727 0,000736
коем 1,522879 0,001506
случае 0,920819 0,000910
ставить 1,698970 0,001680
цель 1,397940 0,001382
за 0,180456 0,000892
я 0,522879 0,000862
умру 1,698970 0,001680
За 0,568636 0,000562
буду 1,301030 0,001286
себе 0,619789 0,000817
Владимир 0,431798 0,000569
Жириновский 0,677781 0,001117
Цифра 1,522879 0,001506
дня 0,494850 0,001468
трлн 1,698970 0,001680
рублей 0,585027 0,000964
столько 1,221849 0,001208
имеют 1,698970 0,001680
россияне 1,154902 0,001142
своих 0,657577 0,000650
криптокошельках 1,698970 0,001680
данным 1,221849 0,001208
График 1,221849 0,001208
Какие 0,721246 0,000951
дроны 1,698970 0,001680
США 0,508638 0,000671
передали 1,698970 0,001680
Цитата 1,698970 0,001680
Пытки 1,698970 0,001680
избиения 1,698970 0,001680
правосудие 1,698970 0,001680
а 0,327902 0,000865
угнетение 1,698970 0,001680
препятствовать 1,698970 0,001680
этому 1,096910 0,001085
долг 1,698970 0,001680
подобные 1,397940 0,001382
деяния 1,698970 0,001680
харам 1,698970 0,001680
Эмир 1,698970 0,001680
запрещенного 1,698970 0,001680
РФ 0,568636 0,000750
Талибана 1,698970 0,001680
запретил 1,154902 0,001142
издеваться 1,698970 0,001680
над 0,823909 0,001086
задержанными 1,698970 0,001680
Следующий 1,698970 0,003360
Главное 0,657577 0,000433
Пиво 1,698970 0,001120
бродит 1,522879 0,001004
вокруг 1,221849 0,001208
сырья 1,698970 0,001680
Участники 1,522879 0,001004
рынка 1,096910 0,000723
просят 1,301030 0,001286
заместить 1,698970 0,001120
импорт 1,096910 0,000723
хмеля 1,698970 0,001120
Петр 1,000000 0,000659
Ян 1,397940 0,000922
Алджамейн 1,522879 0,001004
Стерлинг 1,154902 0,000761
переходят 1,522879 0,001506
от 0,193820 0,000192
слов 1,096910 0,000723
бою 1,397940 0,000922
Российский 0,853872 0,000844
боец 1,397940 0,000922
дождался 1,698970 0,001120
шанса 1,698970 0,001120
вернуть 1,000000 0,000989
чемпионский 1,698970 0,001120
титул 1,522879 0,001004
Подрядчики 1,698970 0,001120
выходят 1,698970 0,001120
стройки 1,698970 0,001120
Они 0,886057 0,000876
отказываются 1,698970 0,001120
участвовать 1,221849 0,000805
госконтрактах 1,698970 0,001120
Инвесторы 1,522879 0,001004
вышли 1,397940 0,000922
кризис 1,096910 0,001446
вложат 1,698970 0,001120
средства 1,154902 0,000761
потребительский 1,698970 0,001120
сектор 1,397940 0,000922
Сервисы 1,301030 0,000858
снаряжают 1,698970 0,001120
магазин 1,154902 0,000761
Российские 0,920819 0,000607
разработчики 1,698970 0,001120
конкурируют 1,698970 0,001120
создание 1,096910 0,000723
замены 1,397940 0,000922
App 1,154902 0,000761
Store 1,154902 0,000761
Google 0,744727 0,000736
Play 1,000000 0,000659
Мнение 1,221849 0,002014
Юрий 0,795880 0,000525
Литвиненко 1,698970 0,001120
том 0,568636 0,000750
как 0,251812 0,000498
госсайты 1,698970 0,001120
притворились 1,698970 0,001120
чайниками 1,698970 0,001120
Александр 0,468521 0,000309
Габуев 1,698970 0,001120
логике 1,698970 0,001120
подхода 1,698970 0,001120
Запада 1,000000 0,000659
санкциям 1,221849 0,000805
Секретарь 1,522879 0,001004
Совбеза 1,522879 0,001004
Николай 0,744727 0,000491
Патрушев 1,698970 0,001120
ситуации 1,000000 0,000659
Корейского 1,698970 0,001120
полуострова 1,698970 0,001120
Фото 0,886057 0,000876
Видео 0,431798 0,000427
Спецпроекты 0,657577 0,000650
Подкасты 0,744727 0,000491
Наглядно 1,698970 0,001120
Фотогалерея 1,698970 0,006160
Прощание 0,958607 0,000632
Владимиром 0,677781 0,000447
Жириновским 0,585027 0,000386
Кадры 1,301030 0,001286
церемонии 1,397940 0,000922
World 1,397940 0,000922
Press 1,154902 0,000761
Photo 1,522879 0,001004
Победители 1,397940 0,000922
фотопремии 1,698970 0,001120
Мы 0,537602 0,000354
говорим 1,698970 0,001120
партия 1,301030 0,000858
подразумеваем 1,698970 0,001120
складывалась 1,698970 0,001120
судьба 0,958607 0,000632
места 1,045757 0,000689
событий 0,853872 0,000563
апреля 0,301030 0,000198
Яркие 1,698970 0,001120
кадры 1,000000 0,000659
четверга 1,698970 0,001120
Помощь 1,045757 0,000689
получил 0,958607 0,000632
дальше 0,886057 0,000584
знаю 1,096910 0,000723
Жители 1,397940 0,000922
Мариуполя 0,853872 0,000563
выстроились 1,522879 0,001004
очередь 1,301030 0,000858
продуктами 1,522879 0,001004
Вестник 1,698970 0,001120
История 0,494850 0,000816
фильма 0,795880 0,000525
который 0,508638 0,000335
принес 1,522879 0,001004
СССР 0,795880 0,000525
первый 0,769551 0,000507
Оскар 1,000000 0,000659
повлиял 1,522879 0,001004
ход 1,045757 0,001034
Второй 1,045757 0,000689
мировой 0,958607 0,000948
войны 0,744727 0,000736
Богатейшие 1,698970 0,001680
люди 0,677781 0,000447
планеты 1,096910 0,000723
Топ 0,958607 0,000948
версии 1,000000 0,000989
Forbes 1,397940 0,001382
бизнесмены 1,522879 0,001004
Все 0,148742 0,000196
сложнее 1,397940 0,000922
снимать 1,301030 0,000858
кино 0,568636 0,000375
человеке 1,522879 0,001506
Барри 1,301030 0,001286
Левинсон 1,698970 0,001120
его 0,376751 0,000621
фильмы 0,886057 0,000584
Сначала 1,301030 0,000858
подумай 1,698970 0,001120
потом 0,920819 0,000607
сделай 1,698970 0,001120
шаг 1,397940 0,000922
поступок 1,698970 0,001120
Это 0,537602 0,000354
принцип 1,522879 0,002008
шахмат 1,301030 0,000858
Жизнь 0,823909 0,000543
карьера 1,522879 0,001004
Кирсана 1,698970 0,001120
Илюмжинова 1,698970 0,001120
Грэмми 1,698970 0,001120
прошло 1,221849 0,000805
награждение 1,698970 0,001120
Европа 0,853872 0,000844
решила 1,154902 0,001142
возиться 1,698970 0,001680
Россией 0,795880 0,000787
Европейцы 1,698970 0,001680
идут 1,301030 0,001286
Газ 1,397940 0,001843
плывет 1,522879 0,002008
обход 1,698970 0,002240
Ближний 1,698970 0,001680
Восток 1,301030 0,001286
берется 1,522879 0,001506
конфликт 1,154902 0,001142
Европе 0,886057 0,000876
Ситуация 1,154902 0,001142
больше 0,638272 0,000631
чем 0,420216 0,000416
очередной 1,301030 0,001286
экономический 1,522879 0,001506
рубрика 1,522879 0,006023
Немобилизационное 1,698970 0,001120
предписание 1,698970 0,001120
Михаил 0,568636 0,000375
Мишустин 0,920819 0,000607
дал 1,221849 0,000805
парламенту 1,522879 0,001004
отчет 1,221849 0,000805
прошедшем 1,698970 0,001120
годе 1,698970 0,001120
текущей 1,698970 0,001120
стратегии 1,522879 0,001004
Ковид 1,522879 0,001004
торопится 1,698970 0,001120
выход 1,096910 0,001085
МВФ 1,698970 0,001120
предупреждает 1,522879 0,001004
долгосрочных 1,698970 0,001120
последствиях 1,698970 0,001120
пандемии 1,397940 0,000922
Соцподдержка 1,698970 0,001120
ищет 1,096910 0,001085
доходы 1,698970 0,001120
Правительство 1,522879 0,001004
готовит 1,154902 0,000761
новый 0,552842 0,001093
порядок 1,154902 0,000761
оценки 1,397940 0,000922
состояний 1,698970 0,001120
нуждающихся 1,698970 0,001120
россиян 0,744727 0,000491
Европейская 1,397940 0,000922
промышленность 1,698970 0,001680
держится 1,698970 0,001120
оптимизм 1,522879 0,001004
Мониторинг 1,522879 0,001004
экономики 1,045757 0,001034
Льгота 1,698970 0,001120
собственности 1,154902 0,000761
интеллектом 1,698970 0,001120
Госдума 1,397940 0,000922
освободила 1,698970 0,001120
регистрируемые 1,698970 0,001120
бренды 1,221849 0,000805
технологии 1,000000 0,000659
налога 1,698970 0,001120
Дискредитация 1,698970 0,001120
вплоть 1,522879 0,001004
эмиграции 1,522879 0,001004
На 0,283997 0,000468
московских 1,221849 0,000805
муниципальных 1,698970 0,001120
депутатов 1,698970 0,001120
заводят 1,698970 0,001120
дела 1,045757 0,000689
критику 1,698970 0,001120
спецоперации 0,744727 0,000491
Пивоваров 1,698970 0,001120
понял 1,301030 0,000858
обвинения 1,301030 0,000858
Суд 1,154902 0,000761
отказался 1,397940 0,000922
доследование 1,698970 0,001120
дело 0,886057 0,001168
экс 1,221849 0,000805
главы 1,045757 0,000689
Открытой 1,397940 0,000922
Этот 1,000000 0,000659
день 0,585027 0,000386
они 0,657577 0,000433
приближали 1,698970 0,001120
могли 1,045757 0,000689
Депутаты 1,698970 0,001120
обсудили 1,522879 0,001506
премьером 1,698970 0,001120
борьбу 1,397940 0,000922
санкциями 1,096910 0,000723
победу 1,397940 0,001382
Последний 0,920819 0,000910
первых 0,853872 0,000563
Умер 1,096910 0,000723
Вместо 1,397940 0,000922
печати 1,522879 0,001004
Внесен 1,698970 0,001120
законопроект 1,154902 0,000761
позволяющий 1,522879 0,001004
генпрокурору 1,698970 0,001120
отзывать 1,698970 0,001120
лицензии 1,522879 0,001506
СМИ 0,481486 0,000793
Исключение 1,522879 0,001004
прав 0,920819 0,000607
приостановили 1,698970 0,001120
членство 1,698970 0,001120
Совете 1,397940 0,000922
правам 1,301030 0,000858
человека 0,568636 0,000562
она 0,744727 0,000491
хлопнула 1,698970 0,001120
дверью 1,397940 0,000922
С 0,455932 0,000451
нами 1,154902 0,000761
блок 1,397940 0,000922
НАТО 0,769551 0,000507
хочет 1,000000 0,000659
втягиваться 1,698970 0,001120
бои 1,397940 0,000922
Востоке 1,522879 0,001004
но 0,481486 0,000476
может 0,397940 0,000393
расшириться 1,698970 0,001120
Севере 1,698970 0,001120
Стамбул 1,522879 0,001004
оказался 0,920819 0,000607
лучше 0,958607 0,000632
Минска 1,698970 0,001120
МИД 0,920819 0,000607
обвинил 1,698970 0,001120
Киев 0,920819 0,000607
подрыве 1,698970 0,001680
переговорного 1,698970 0,001120
процесса 1,698970 0,001120
Токио 1,397940 0,000922
понимает 1,221849 0,000805
русски 1,397940 0,000922
обвиняет 1,698970 0,001120
Москву 0,886057 0,000584
двусторонних 1,698970 0,001120
отношений 1,045757 0,000689
Он 0,721246 0,000475
был 0,481486 0,000317
громоотводом 1,698970 0,001120
националистов 0,958607 0,000632
других 0,795880 0,000525
потенциальных 1,698970 0,001120
критиков 1,154902 0,000761
справа 1,397940 0,000922
Зарубежные 1,221849 0,000805
вспоминают 1,698970 0,001120
предприниматель 1,698970 0,001120
проверить 1,045757 0,000689
любую 1,698970 0,001120
бизнес 0,657577 0,000650
гипотезу 1,698970 0,001120
Заместитель 1,522879 0,001004
гендиректора 1,522879 0,001004
Иван 0,744727 0,000491
Гуз 1,698970 0,001120
новые 0,508638 0,000503
условия 0,958607 0,000948
меняют 1,698970 0,001120
Ниша 1,698970 0,001120
грамотно 1,522879 0,001004
распорядиться 1,698970 0,001120
накоплениями 1,698970 0,001120
материал 1,045757 0,001034
Переносимая 1,698970 0,001120
легкость 1,698970 0,001120
ExpertBook 1,698970 0,001680
Почему 0,522879 0,000345
ASUS 1,698970 0,001120
B 1,221849 0,000805
идеальный 1,522879 0,001004
помощник 1,522879 0,001004
предпринимателя 1,698970 0,001120
конференция 1,221849 0,001208
Амнистия 1,698970 0,001120
капиталов 1,698970 0,001120
Серия 1,154902 0,000761
открытых 1,522879 0,001004
эфиров 1,698970 0,001120
Рубли 1,698970 0,001120
отмерят 1,698970 0,001120
километрами 1,698970 0,001120
Авиакомпании 1,698970 0,001120
поддержат 1,522879 0,001004
только 0,309804 0,000204
выполненные 1,698970 0,001120
перевозки 1,522879 0,001004
Нафта 1,698970 0,001120
топит 1,698970 0,001120
ТАИФ 1,698970 0,001120
НК 1,698970 0,001120
Завод 1,698970 0,001120
останавливается 1,698970 0,001120
невыкупа 1,698970 0,001120
продукции 1,522879 0,001004
потребителем 1,698970 0,001120
Эстония 1,301030 0,000858
Финляндия 1,154902 0,000761
планируют 1,096910 0,000723
получать 0,886057 0,000584
через 0,585027 0,000386
терминал 1,698970 0,001120
СПГ 1,698970 0,001120
Уголь 1,698970 0,001120
юанем 1,698970 0,001120
братья 1,397940 0,000922
навек 1,698970 0,001120
Китай 1,096910 0,000723
оплатил 1,698970 0,001120
российское 1,397940 0,001382
сырье 1,698970 0,001120
своей 0,853872 0,000563
валюте 1,522879 0,001004
комбайны 1,698970 0,001120
хотят 0,920819 0,000607
обнулить 1,698970 0,001120
пошлину 1,698970 0,001120
Минсельхоз 1,698970 0,001120
видит 1,221849 0,000805
необходимость 1,522879 0,001004
снижении 1,301030 0,000858
нагрузки 1,397940 0,000922
аграриев 1,698970 0,001120
разменяли 1,698970 0,001120
валюту 1,301030 0,000858
клиенты 1,522879 0,001004
российских 0,468521 0,000618
банков 1,301030 0,000858
юани 1,698970 0,001120
Вас 1,221849 0,000805
здесь 0,744727 0,000491
сберегало 1,698970 0,001120
каким 1,154902 0,000761
отношением 1,698970 0,001120
сталкиваются 1,397940 0,000922
выходцы 1,698970 0,001120
европейских 1,221849 0,000805
Заместитесь 1,698970 0,001120
миллионы 1,221849 0,000805
Подсанкционные 1,698970 0,001120
брокеры 1,698970 0,001120
тасуют 1,698970 0,001120
клиентские 1,698970 0,001120
массы 1,698970 0,001120
Давление 1,522879 0,001004
укрепило 1,698970 0,001120
рубль 1,045757 0,000689
Курс 0,886057 0,000584
доллара 1,045757 0,000689
откатился 1,698970 0,001120
значениям 1,522879 0,001004
середины 1,522879 0,001004
февраля 0,853872 0,000563
Фактор 1,698970 0,001120
санкций 0,677781 0,000447
Рынок 1,221849 0,000805
факторинга 1,698970 0,001120
закрыл 1,698970 0,001120
последний 1,096910 0,000723
беспроблемный 1,698970 0,001120
квартал 1,397940 0,000922
Торговля 1,698970 0,001120
немного 1,397940 0,000922
сбрендила 1,698970 0,001120
Уходящие 1,522879 0,001004
западные 1,397940 0,000922
марки 1,045757 0,001034
заменить 1,522879 0,001004
будет 0,387216 0,000255
нечем 1,522879 0,001004
Не 0,481486 0,000476
смотря 1,698970 0,001120
Наметился 1,698970 0,001120
дефицит 1,221849 0,000805
контактных 1,698970 0,001120
линз 1,698970 0,001120
газировно 1,698970 0,001120
то 0,537602 0,000354
же 0,721246 0,000475
самое 1,301030 0,000858
PepsiCo 1,698970 0,001120
думают 1,397940 0,000922
спецнапитках 1,698970 0,001120
Пивовары 1,698970 0,001120
меряются 1,698970 0,001120
литрами 1,698970 0,001120
Небольшие 1,698970 0,001120
производители 1,397940 0,000922
сниженном 1,698970 0,001120
акцизе 1,698970 0,001120
Бренды 1,698970 0,001120
собственного 1,397940 0,000922
замещения 1,698970 0,001120
Ozon 1,698970 0,001120
планирует 1,154902 0,000761
создать 1,301030 0,000858
торговые 1,698970 0,001120
Кассир 1,522879 0,001004
ру 0,886057 0,001752
попросил 1,301030 0,000858
афишировать 1,698970 0,001120
Билетный 1,698970 0,001120
оператор 1,698970 0,001120
уточнил 1,397940 0,000922
аргументы 1,522879 0,001004
делу 1,000000 0,001318
Яндекса 1,397940 0,000922
найдется 1,397940 0,000922
запрещена 1,397940 0,000922
реклама 1,154902 0,000761
сервисов 1,045757 0,000689
американской 1,301030 0,000858
компании 0,677781 0,000447
Данным 1,698970 0,001120
закрывают 1,698970 0,001120
границу 1,522879 0,001004
Личной 1,698970 0,001120
информации 0,698970 0,000461
усложнят 1,698970 0,001120
рубеж 1,221849 0,000805
Компании 1,045757 0,000689
подсели 1,698970 0,001120
антивирус 1,698970 0,001120
спешит 1,698970 0,001120
серьезно 1,221849 0,000805
инвестировать 1,698970 0,001120
кибербезопасность 1,698970 0,001120
Процессоры 1,698970 0,001120
изоляции 1,397940 0,000922
российские 0,958607 0,000632
власти 1,045757 0,001034
будут 0,638272 0,000421
перезапускать 1,698970 0,001120
электронную 1,522879 0,001004
Новости 0,221849 0,000146
компаний 1,045757 0,001034
АО 0,795880 0,000787
Газпромбанк 1,522879 0,001506
открыл 1,301030 0,000858
центр 0,638272 0,000421
банковского 1,698970 0,001120
сопровождения 1,698970 0,001120
Новосибирске 1,698970 0,001120
Архангельский 1,698970 0,001120
ЦБК 1,698970 0,001120
инвестиции 1,397940 0,000922
АЦБК 1,698970 0,001120
году 0,602060 0,000397
составили 1,397940 0,000922
около 1,000000 0,000659
млн 0,886057 0,000876
Банки 1,397940 0,002304
проанализировал 1,698970 0,001120
ипотечного 1,698970 0,001120
страхования 1,698970 0,001120
марте 1,045757 0,001034
Аудитория 1,698970 0,001120
Telegram 0,769551 0,000507
канала 1,000000 0,000659
выросла 1,698970 0,001120
раза 1,301030 0,000858
Людям 1,522879 0,001004
инвалидностью 1,522879 0,001004
поверят 1,698970 0,001120
слово 0,886057 0,000584
введут 1,698970 0,001120
правила 0,958607 0,000632
установления 1,522879 0,001004
подтверждения 1,522879 0,001004
инвалидности 1,698970 0,001120
Издание 1,698970 0,001120
запустят 1,698970 0,001120
Журналисты 1,522879 0,001004
одного 0,795880 0,000525
ведущих 1,301030 0,000858
объявили 1,522879 0,001506
старте 1,698970 0,001120
самостоятельного 1,698970 0,001120
проекта 0,886057 0,000584
пределами 1,397940 0,000922
страны 0,638272 0,000421
Евгений 0,698970 0,000461
Ройзман 1,698970 0,001120
коллекционирует 1,698970 0,001120
штрафы 1,698970 0,001120
Экс 1,397940 0,001382
мэра 1,522879 0,001004
Екатеринбурга 1,698970 0,001120
третий 1,397940 0,000922
раз 0,698970 0,000691
оштрафовали 1,522879 0,001004
дискредитацию 1,522879 0,001004
Москве 0,455932 0,000301
наказано 1,698970 0,001120
хорошеть 1,698970 0,001120
Столичные 1,522879 0,001004
конкурсы 1,301030 0,000858
благоустройству 1,698970 0,001120
млрд 1,221849 0,000805
руб 1,154902 0,000761
Верховный 1,698970 0,001120
суд 1,301030 0,001286
разобрался 1,698970 0,001120
политическом 1,522879 0,001004
убийстве 1,397940 0,000922
Спустя 1,698970 0,001120
лет 0,366532 0,000242
реабилитированы 1,698970 0,001120
сотрудники 1,698970 0,001120
НКВД 1,698970 0,001120
осужденные 1,698970 0,001120
гибели 1,301030 0,000858
Сергея 0,920819 0,000607
Кирова 1,698970 0,001120
Отсутствие 1,698970 0,001120
помешало 1,698970 0,001120
переводам 1,698970 0,001120
Возбуждено 1,698970 0,001120
выводе 1,698970 0,001120
средств 1,301030 0,000858
ККБ 1,698970 0,001120
Песчаные 1,698970 0,001120
сомелье 1,698970 0,001120
Свидетель 1,698970 0,001120
защиты 1,154902 0,000761
братьев 1,301030 0,000858
Магомедовых 1,698970 0,001120
рассказал 0,619789 0,000409
строился 1,698970 0,001120
стадион 1,522879 0,001004
чемпионату 1,698970 0,001120
футболу 1,397940 0,000922
Финансисту 1,698970 0,001120
предъявили 1,154902 0,000761
счет 1,000000 0,000659
глава 0,958607 0,000632
ОФК 1,698970 0,001120
банка 1,301030 0,000858
этот 0,795880 0,000525
обвиняется 1,698970 0,001120
растрате 1,698970 0,001120
мошенничестве 1,522879 0,001004
точки 1,221849 0,000805
Точкой 0,958607 0,000632
У 0,431798 0,000285
Украинских 1,522879 0,001004
командиров 1,698970 0,001120
следствие 1,301030 0,000858
Прокуратуру 1,698970 0,001120
вернули 1,522879 0,001004
медцентру 1,698970 0,001120
Орловский 1,698970 0,001120
вернул 1,522879 0,001004
надзорному 1,698970 0,001120
органу 1,522879 0,001004
хищении 1,698970 0,001120
Другие 0,958607 0,000632
старики 1,522879 0,001004
Pink 1,397940 0,000922
Floyd 1,397940 0,000922
записала 1,522879 0,001004
новую 0,769551 0,000507
песню 1,397940 0,000922
Перечные 1,698970 0,001120
ценности 1,397940 0,000922
Вышел 1,397940 0,000922
альбом 1,522879 0,001004
Red 1,522879 0,001004
Hot 1,698970 0,001120
Chili 1,698970 0,001120
Peppers 1,698970 0,001120
Видно 1,698970 0,001120
птицу 1,698970 0,001120
налету 1,698970 0,001120
прокате 1,397940 0,000922
Скрежет 1,154902 0,000761
Ханны 1,698970 0,001120
Бергхольм 1,698970 0,001120
бокс 1,397940 0,000922
душу 1,397940 0,000922
положит 1,698970 0,001120
Выходит 1,698970 0,001120
Гарри 1,045757 0,000689
Хафт 1,221849 0,000805
бой 1,096910 0,000723
Левинсона 1,397940 0,000922
Шведский 1,698970 0,001120
бунт 1,698970 0,001120
Вышла 1,698970 0,001120
книга 0,958607 0,000632
солистке 1,698970 0,001120
Roxette 1,698970 0,001120
Мари 1,221849 0,000805
Фредрикссон 1,698970 0,001120
Барселона 1,301030 0,000858
вписалась 1,698970 0,001120
тренд 1,397940 0,000922
Она 0,958607 0,000632
свела 1,698970 0,001120
вничью 1,397940 0,000922
первую 0,958607 0,000632
встречу 1,522879 0,001004
Айнтрахтом 1,522879 0,001004
финала 1,221849 0,000805
Лиги 1,397940 0,000922
Европы 0,920819 0,000607
Трактор 1,698970 0,001120
увяз 1,698970 0,001120
обороне 1,698970 0,001120
Металлург 1,397940 0,000922
одержал 1,698970 0,001120
волевую 1,698970 0,001120
Челябинске 1,397940 0,000922
Футбольные 1,698970 0,001120
клубы 1,397940 0,000922
попали 1,397940 0,000922
под 0,376751 0,000373
контроль 1,221849 0,000805
расходов 1,698970 0,001120
UEFA 1,698970 0,001120
утвердил 1,221849 0,000805
финансовый 1,522879 0,001004
регламент 1,522879 0,001004
деятельности 1,000000 0,000659
команд 1,522879 0,001004
Манчестерцы 1,698970 0,001120
выбрали 1,522879 0,001004
крепкого 1,698970 0,001120
дешевого 1,397940 0,000922
Наставник 1,698970 0,001120
Аякса 1,698970 0,001120
Эрик 1,397940 0,000922
тен 1,698970 0,001120
Хаг 1,698970 0,001120
возглавит 1,698970 0,001120
Манчестер 1,698970 0,001120
Юнайтед 1,698970 0,001120
Карим 1,698970 0,001120
Бензема 1,397940 0,000922
жжет 1,698970 0,001120
хет 1,397940 0,000922
триком 1,698970 0,001120
Нападающий 1,522879 0,001004
Реала 1,698970 0,001120
забил 1,522879 0,001004
три 0,853872 0,000563
гола 1,698970 0,001120
Челси 1,522879 0,001004
Лиге 1,397940 0,000922
чемпионов 1,397940 0,000922
Провести 1,698970 0,001120
время 0,366532 0,000242
Говорят 1,397940 0,000922
нет 0,619789 0,000409
бумаги 1,096910 0,001085
это 0,292430 0,000193
вежливости 1,397940 0,000922
хватило 1,397940 0,000922
Бунину 1,698970 0,001120
Ахматовой 1,397940 0,000922
Бабелю 1,698970 0,001120
другим 1,397940 0,000922
Наша 1,154902 0,000761
Аляска 1,698970 0,001120
Фотофакты 1,698970 0,001120
русское 1,698970 0,001120
наследие 1,397940 0,000922
крупнейшего 1,522879 0,001004
штата 1,698970 0,001120
Семейство 1,698970 0,001120
острых 1,522879 0,001004
Образы 1,522879 0,001004
внеэкранная 1,698970 0,001120
жизнь 0,537602 0,000354
героев 1,045757 0,000689
криминальной 1,698970 0,001120
драмы 1,522879 0,001004
фильмов 0,795880 0,000525
эпоху 1,522879 0,001004
экономического 1,221849 0,001208
кризиса 1,154902 0,000761
Выбор 0,886057 0,000584
Ксении 1,522879 0,001004
Рождественской 1,698970 0,001120
Над 1,301030 0,000858
злобой 1,698970 0,001120
Книги 0,795880 0,000525
столкновении 1,698970 0,001120
со 0,387216 0,000255
злом 1,698970 0,001120
которые 0,431798 0,000285
стоит 0,677781 0,000447
перечитать 1,698970 0,001120
Популярное 0,853872 0,000563
садоводство 1,698970 0,001120
такое 0,638272 0,000421
техника 1,301030 0,000858
заземления 1,698970 0,001120
Фрейду 1,698970 0,001120
Зеркало 1,522879 0,001004
пророка 1,522879 0,001004
Игорь 0,823909 0,000543
Гулин 1,698970 0,001120
кем 1,221849 0,000805
у 0,387216 0,000255
Тарковского 1,397940 0,000922
оказывается 1,221849 0,000805
русский 0,920819 0,000607
вне 1,301030 0,000858
О 0,207608 0,000205
свидетельствовании 1,698970 0,001120
дураков 1,698970 0,001680
Сенате 1,698970 0,001120
законы 1,522879 0,001004
были 0,769551 0,000507
писаны 1,698970 0,001120
элитных 1,698970 0,001120
Квентин 1,698970 0,001120
перемен 1,301030 0,000858
касимовские 1,698970 0,001120
активисты 1,698970 0,001120
попробовали 1,698970 0,001120
режиссера 1,154902 0,000761
Тарантино 1,522879 0,001004
роль 1,000000 0,000659
градозащитника 1,698970 0,001120
Пулитцер 1,698970 0,001120
все 0,292430 0,000289
руки 1,154902 0,000761
бедный 1,698970 0,001120
еврейский 1,698970 0,001120
мальчик 1,154902 0,000761
придумал 1,522879 0,001004
мы 0,468521 0,000309
любим 1,397940 0,000922
ненавидим 1,698970 0,001120
Грузинский 1,698970 0,001120
большевик 1,698970 0,001120
турецкой 1,698970 0,001120
национальности 1,698970 0,001120
писала 1,698970 0,001120
пресса 1,698970 0,001120
об 0,292430 0,000193
Иосифе 1,698970 0,001120
Сталине 1,397940 0,000922
год 0,568636 0,000375
избрания 1,698970 0,001120
генсеком 1,698970 0,001120
Война 0,920819 0,000607
велась 1,522879 0,001004
знаком 1,522879 0,001004
огульного 1,698970 0,001120
взаимного 1,698970 0,001120
озлобления 1,698970 0,001120
величайшая 1,698970 0,001120
всеобщая 1,698970 0,001120
ненависть 1,698970 0,001120
отражалась 1,698970 0,001120
пленных 1,397940 0,000922
Майские 1,698970 0,001120
Во 0,886057 0,000584
сколько 0,920819 0,000607
обойдется 1,397940 0,000922
путешествие 1,096910 0,000723
праздники 0,886057 0,000584
Нефтяной 1,698970 0,001120
гамбит 1,698970 0,001120
Геополитическая 1,698970 0,001120
ситуация 1,301030 0,000858
ведет 1,096910 0,000723
дефициту 1,698970 0,001120
Перенастройка 1,698970 0,001120
властность 1,698970 0,001120
Какую 1,522879 0,001004
модель 1,045757 0,000689
выберет 1,698970 0,001120
Россия 0,455932 0,000301
разгар 1,397940 0,000922
санкционной 1,522879 0,001004
Будущее 1,698970 0,001120
Сибирью 1,698970 0,001120
Новые 0,552842 0,000364
перспективы 1,397940 0,000922
развития 0,721246 0,000475
региона 1,221849 0,000805
КЭФ 1,698970 0,001120
Апрельские 1,522879 0,001004
тезисы 1,698970 0,001120
Коммерческая 1,522879 0,001004
недвижимость 1,221849 0,000805
Лента 0,920819 0,000910
Загрузка 1,522879 0,006023
Благотворительный 1,522879 0,001004
фонд 1,522879 0,001004
Коммерсанте 1,698970 0,001120
Архив 1,096910 0,000723
Контакты 0,455932 0,000301
Вакансии 0,657577 0,000433
iOS 1,000000 0,000659
Android 0,958607 0,000632
Обратная 0,585027 0,000386
связь 0,552842 0,000364
Правовая 0,920819 0,000607
информация 0,638272 0,000421
материалы 0,537602 0,000532
пометкой 1,397940 0,000922
Промо 1,397940 0,000922
Официальное 1,698970 0,001120
сообщение 1,045757 0,000689
опубликованы 1,397940 0,000922
коммерческой 1,522879 0,001004
основе 0,958607 0,000632
