Телеканал 0,769551 0,003312
Москва 0,508638 0,016784
Доверие 1,698970 0,014625
Прислать 1,522879 0,008740
видео 0,568636 0,006527
о 0,136677 0,000588
телеканале 1,221849 0,007012
передачи 1,301030 0,005600
контакты 1,522879 0,006555
как 0,251812 0,001084
смотреть 0,769551 0,003312
телепрограмма 1,397940 0,006017
лица 1,397940 0,008023
канала 1,000000 0,005739
Акции 1,522879 0,006555
Медиа 0,958607 0,004126
M 1,154902 0,004971
RU 0,886057 0,003814
Агентство 1,522879 0,006555
FM 1,301030 0,009333
Радио 0,958607 0,004126
Москвы 0,744727 0,003205
Capital 1,522879 0,006555
Новые 0,552842 0,001586
и 0,075721 0,002607
мир 0,552842 0,004759
антироссийские 1,397940 0,004011
санкции 0,744727 0,002137
меры 1,000000 0,002869
поддержки 0,823909 0,002364
новинки 0,886057 0,002542
ВДНХ 1,698970 0,004875
COVID 1,096910 0,004721
в 0,070581 0,001215
Китае 1,397940 0,006017
Звезды 0,823909 0,002364
советского 1,397940 0,004011
экрана 1,522879 0,004370
Берегись 1,522879 0,004370
автомобиля 1,000000 0,002869
Эльдар 1,522879 0,004370
Рязанов 1,522879 0,004370
погода 1,397940 0,004011
столице 1,522879 0,004370
Тайны 1,221849 0,005259
кино 0,568636 0,001632
Нина 1,221849 0,003506
Русланова 1,698970 0,004875
Николай 0,744727 0,002137
Губенко 1,698970 0,004875
Станислав 1,154902 0,003314
Садальский 1,698970 0,004875
Это 0,537602 0,004628
наш 1,045757 0,009002
город 1,096910 0,009443
коммунальщики 1,698970 0,004875
начали 0,958607 0,002751
уборку 1,698970 0,007313
столицы 1,301030 0,005600
после 0,397940 0,001142
зимы 1,397940 0,004011
нашей 0,853872 0,002450
эстрады 1,698970 0,004875
кто 0,494850 0,001420
запрещал 1,698970 0,004875
петь 1,397940 0,004011
Майе 1,698970 0,004875
Кристалинской 1,698970 0,004875
столичные 1,698970 0,004875
ЗАГСы 1,698970 0,004875
подарят 1,698970 0,004875
молодоженам 1,698970 0,004875
бесплатную 1,522879 0,004370
фотосессию 1,698970 0,004875
началась 1,221849 0,003506
проходка 1,698970 0,004875
второго 1,221849 0,003506
тоннеля 1,698970 0,004875
на 0,075721 0,000543
Солнцевской 1,698970 0,004875
линии 1,522879 0,006555
метро 1,096910 0,004721
столичном 1,698970 0,004875
вышел 1,000000 0,002869
й 1,045757 0,003001
поезд 1,522879 0,004370
уход 1,522879 0,004370
из 0,167491 0,000721
жизни 0,443697 0,001273
Владимира 0,721246 0,002070
Жириновского 0,657577 0,001887
отмена 1,698970 0,007313
комендантского 1,698970 0,007313
часа 1,154902 0,004971
Перу 1,397940 0,006017
открытие 1,301030 0,003733
соцдома 1,698970 0,004875
Москворечье 1,698970 0,004875
Все 0,148742 0,000640
Лица 1,221849 0,003506
Мистика 1,301030 0,003733
за 0,180456 0,000518
пределами 1,397940 0,004011
нашего 0,958607 0,002751
сознания 1,698970 0,004875
программе 1,045757 0,003001
Раскрывая 1,698970 0,004875
мистические 1,698970 0,004875
тайны 1,154902 0,003314
Настройки 1,221849 0,003506
телеэфира 1,397940 0,004011
О 0,207608 0,000596
Доверьте 1,698970 0,004875
нам 0,657577 0,001887
свое 0,721246 0,002070
свободное 1,397940 0,004011
время 0,366532 0,001052
вы 0,420216 0,001206
не 0,142668 0,001842
пожалеете 1,698970 0,004875
Долой 1,698970 0,004875
субботнюю 1,698970 0,004875
будничные 1,698970 0,004875
борщи 1,698970 0,004875
мы 0,468521 0,001344
будем 1,221849 0,003506
учить 1,522879 0,004370
вас 0,823909 0,003546
гладить 1,698970 0,004875
воротнички 1,698970 0,004875
вязать 1,698970 0,004875
крючком 1,698970 0,004875
Просто 1,301030 0,003733
садитесь 1,698970 0,004875
поудобнее 1,698970 0,004875
отдыхайте 1,698970 0,004875
Мы 0,537602 0,001543
отобрали 1,698970 0,004875
для 0,119186 0,000513
лучшие 0,886057 0,002542
детективные 1,698970 0,004875
сериалы 0,920819 0,002642
самые 0,721246 0,002070
любимые 1,221849 0,003506
советские 1,096910 0,003148
фильмы 0,886057 0,002542
Выходные 1,397940 0,004011
по 0,124939 0,000538
будням 1,397940 0,004011
праздники 0,886057 0,002542
выходным 1,698970 0,004875
Секреты 1,221849 0,003506
вечной 1,698970 0,004875
молодости 1,397940 0,004011
спа 1,698970 0,004875
процедуры 1,522879 0,004370
выходя 1,698970 0,004875
дома 0,744727 0,002137
приятное 1,698970 0,004875
общение 1,522879 0,004370
с 0,102373 0,000294
самыми 1,301030 0,003733
популярными 1,698970 0,004875
людьми 1,154902 0,003314
ненавязчивая 1,698970 0,004875
сервировка 1,698970 0,004875
самых 0,585027 0,001679
оригинальных 1,698970 0,004875
блюд 1,698970 0,004875
И 0,408935 0,001173
жизнь 0,537602 0,001543
слезы 1,397940 0,004011
любовь 0,698970 0,002006
круглые 1,698970 0,004875
сутки 0,795880 0,002284
Без 0,920819 0,002642
перерыва 1,698970 0,004875
Быт 1,698970 0,004875
или 0,301030 0,000864
быт 1,522879 0,004370
Домашние 1,522879 0,004370
обязанности 1,698970 0,004875
подождут 1,522879 0,004370
Помните 1,397940 0,004011
женщина 1,000000 0,002869
должна 0,958607 0,004126
быть 0,431798 0,001239
счастливой 1,698970 0,004875
больше 0,638272 0,001831
никому 1,301030 0,003733
ничего 1,045757 0,003001
Жизнь 0,823909 0,002364
без 0,387216 0,001111
проблем 1,154902 0,003314
только 0,309804 0,000889
нашем 1,000000 0,002869
канале 1,045757 0,003001
г 0,602060 0,001728
ул 1,000000 0,002869
Правды 1,522879 0,004370
стр 1,096910 0,003148
Новости 0,221849 0,000637
Факс 1,698970 0,004875
E 0,920819 0,005284
mail 0,721246 0,004139
news 1,154902 0,003314
m 1,397940 0,006017
ru 0,187087 0,000805
Отдел 1,397940 0,004011
PR 1,221849 0,003506
Promo 1,522879 0,004370
pr 1,397940 0,004011
Гостевой 1,698970 0,004875
отдел 1,397940 0,004011
gostevoymoskva 1,698970 0,004875
gmail 1,698970 0,004875
com 0,744727 0,002137
Вконтакте 1,045757 0,004501
Одноклассники 0,823909 0,003546
Youtube 1,522879 0,006555
Давайте 1,397940 0,004011
дружить 1,698970 0,004875
Читайте 1,096910 0,003148
социальных 0,769551 0,002208
сетях 0,769551 0,002208
Больше 0,886057 0,002542
показывать 1,301030 0,003733
закрыть 1,096910 0,003148
Записывая 1,698970 0,004875
ролик 1,301030 0,003733
Доверия 1,698970 0,004875
забудьте 1,698970 0,007313
Представиться 1,698970 0,004875
самом 0,886057 0,002542
начале 1,096910 0,003148
рассказа 1,522879 0,006555
назвать 1,221849 0,003506
район 1,397940 0,004011
котором 1,045757 0,003001
Вы 0,619789 0,001778
находитесь 1,522879 0,004370
Постарайтесь 1,698970 0,004875
чтобы 0,481486 0,001382
Ваш 1,096910 0,003148
рассказ 1,221849 0,003506
был 0,481486 0,001382
наглядным 1,698970 0,004875
интересным 1,397940 0,004011
кратким 1,698970 0,004875
Продолжительностью 1,698970 0,004875
более 0,585027 0,001679
чем 0,420216 0,001206
одна 1,096910 0,003148
две 0,795880 0,002284
минуты 1,301030 0,003733
Не 0,481486 0,001382
конце 1,397940 0,004011
сказать 1,154902 0,003314
это 0,292430 0,000839
наше 1,221849 0,003506
телевидение 1,397940 0,004011
Форма 1,221849 0,003506
обратной 1,301030 0,003733
связи 0,455932 0,001308
Имя 1,154902 0,003314
Контакт 1,301030 0,003733
Сообщение 1,221849 0,003506
Файл 1,522879 0,004370
Код 1,397940 0,004011
подтверждения 1,522879 0,004370
Пожалуйста 1,096910 0,003148
введите 1,397940 0,004011
текст 1,045757 0,003001
изображенный 1,698970 0,004875
картинке 1,698970 0,004875
внизу 1,698970 0,004875
Отправить 1,045757 0,003001
