Российская 1,096910 0,000772
газета 1,397940 0,000984
Новости 0,221849 0,000234
Курс 0,886057 0,000624
евро 0,823909 0,000580
упал 1,154902 0,000813
ниже 0,920819 0,000972
рублей 0,585027 0,000412
впервые 0,744727 0,000524
с 0,102373 0,000792
июля 0,958607 0,000675
года 0,356547 0,001004
Песков 0,744727 0,001572
назвал 0,795880 0,001400
постыдным 1,397940 0,000984
решение 0,853872 0,001202
Латвии 1,221849 0,000860
по 0,124939 0,000835
мая 0,823909 0,000870
Посольство 1,698970 0,001196
России 0,251812 0,001329
заявило 1,301030 0,000916
протест 1,522879 0,001072
Японии 0,958607 0,000675
из 0,167491 0,000589
за 0,180456 0,000444
высылки 1,698970 0,001196
дипломатов 0,958607 0,000675
Посла 1,522879 0,001072
Польши 1,096910 0,000772
в 0,070581 0,001416
Москве 0,455932 0,001283
Краевского 1,698970 0,001196
вызвали 1,397940 0,000984
МИД 0,920819 0,000648
блестящим 1,397940 0,000984
отчет 1,221849 0,000860
правительства 1,221849 0,000860
Госдуме 1,045757 0,001104
Путин 0,721246 0,000508
пригласил 1,397940 0,000984
президента 0,958607 0,001012
Туркменистана 1,698970 0,001196
посетить 1,045757 0,001104
РФ 0,568636 0,001200
визитом 1,522879 0,001072
В 0,167491 0,001591
Кузбассе 1,221849 0,000860
заблокированных 1,522879 0,001072
шахте 1,045757 0,000736
горняков 1,522879 0,001072
вывели 1,301030 0,001373
на 0,075721 0,000613
поверхность 1,301030 0,000916
Минск 1,522879 0,001072
и 0,075721 0,001226
Пенза 1,221849 0,000860
намечают 1,522879 0,001072
дополнительные 1,096910 0,001158
ориентиры 1,698970 0,001196
делового 1,522879 0,001072
партнерства 1,698970 0,001196
Басурин 1,045757 0,001104
Жертвами 1,698970 0,001196
удара 0,823909 0,000870
ВСУ 0,744727 0,001048
Краматорску 0,744727 0,000786
стали 0,853872 0,000901
около 1,000000 0,000704
человек 0,494850 0,000522
Мираторг 1,096910 0,001158
прокомментировал 1,154902 0,000813
антикартельную 1,522879 0,001608
проверку 1,221849 0,001290
отношении 0,853872 0,000901
компании 0,677781 0,001431
РПЦ 1,698970 0,001196
Церковный 1,698970 0,001196
штаб 1,522879 0,001072
адресной 1,698970 0,001196
помощи 1,045757 0,001104
беженцам 1,522879 0,001072
открыт 1,397940 0,000984
РЖД 1,522879 0,001072
зафиксировали 1,397940 0,000984
стоимость 1,301030 0,000916
билетов 1,154902 0,000813
Сапсаны 1,522879 0,001072
Удар 1,154902 0,000813
вокзалу 0,853872 0,001202
Краматорске 0,823909 0,000870
был 0,481486 0,000508
провокацией 1,154902 0,001219
украинских 0,795880 0,000840
силовиков 1,522879 0,001072
Турчак 1,397940 0,000984
посоветовал 1,221849 0,000860
чиновникам 1,397940 0,000984
Донбасс 0,886057 0,000624
прежде 1,096910 0,001158
чем 0,420216 0,000591
давать 1,522879 0,001072
комментарии 1,000000 0,001056
теме 1,045757 0,000736
У 0,431798 0,000608
Путина 0,886057 0,000624
Жириновского 0,657577 0,000926
были 0,769551 0,000542
доверительные 1,698970 0,001196
отношения 1,045757 0,000736
Михаил 0,568636 0,000400
Мишустин 0,920819 0,001620
простился 1,045757 0,000736
Владимиром 0,677781 0,000715
Жириновским 0,585027 0,000618
Япония 0,823909 0,000580
вводит 1,301030 0,000916
запрет 1,154902 0,000813
российскую 1,096910 0,000772
водку 1,522879 0,001072
Бирюков 1,522879 0,001072
Стартовали 1,698970 0,001196
работы 0,638272 0,000674
капремонту 1,698970 0,001196
корпуса 1,522879 0,001072
Боткинской 1,522879 0,001072
больницы 1,221849 0,000860
Лукашенко 1,397940 0,001476
подтвердил 1,397940 0,000984
миролюбивый 1,698970 0,001196
характер 1,301030 0,000916
белорусского 1,698970 0,001196
народа 1,221849 0,000860
Миронов 1,397940 0,000984
предложил 1,045757 0,001104
отменить 1,397940 0,000984
ЕГЭ 1,154902 0,000813
нехватки 1,522879 0,001072
бумаги 1,096910 0,000772
Мировые 1,154902 0,001219
цены 0,823909 0,001450
продовольствие 1,154902 0,001625
подскочили 1,698970 0,001793
до 0,244125 0,000601
максимума 1,698970 0,001793
нанесли 1,096910 0,000772
удар 0,920819 0,000648
Точкой 0,958607 0,000675
Украинские 1,000000 0,000704
шахматистки 1,154902 0,000813
Музычук 1,221849 0,000860
отказались 1,221849 0,000860
подписывать 1,301030 0,000916
требование 1,698970 0,001793
исключить 1,397940 0,000984
Россию 0,568636 0,001000
FIDE 1,221849 0,000860
Джабаров 1,698970 0,001793
Резолюция 1,698970 0,001793
членству 1,698970 0,001793
СПЧ 0,920819 0,000972
ООН 0,823909 0,001160
выстрел 1,698970 0,001793
Запада 1,000000 0,001056
себе 0,619789 0,000654
ногу 1,397940 0,001476
Беларусь 1,154902 0,000813
будет 0,387216 0,000545
Россией 0,795880 0,000840
при 0,468521 0,000659
любых 1,096910 0,000772
сложностях 1,397940 0,000984
трудностях 1,301030 0,000916
Власть 1,221849 0,001720
Экономика 0,568636 0,001000
регионах 1,154902 0,001219
мире 0,468521 0,000495
Происшествия 0,823909 0,000870
Общество 0,638272 0,001797
Спорт 0,537602 0,000567
Культура 0,638272 0,001123
Русское 1,301030 0,002747
оружие 1,154902 0,002438
Автопарк 1,698970 0,002391
Диджитал 1,698970 0,001196
Кинократия 1,698970 0,002391
Живущие 1,698970 0,001196
Сити 1,221849 0,000860
Стиль 1,000000 0,001056
жизни 0,443697 0,000781
Все 0,148742 0,000209
рубрики 1,221849 0,001290
Документы 1,096910 0,001158
Спецпроекты 0,657577 0,000463
Наши 0,886057 0,000935
издания 0,886057 0,000935
Газета 1,096910 0,000772
РГ 1,698970 0,001793
неделя 1,397940 0,000984
Родина 1,301030 0,001373
Тематические 1,522879 0,001608
приложения 1,045757 0,001104
Союз 1,154902 0,000813
Энергетический 1,698970 0,001196
кризис 1,096910 0,000772
Европе 0,886057 0,000624
не 0,142668 0,000502
закончится 0,958607 0,000675
этом 0,585027 0,001441
году 0,602060 0,000424
Стало 1,301030 0,000916
известно 1,000000 0,000704
о 0,136677 0,000866
новых 0,508638 0,000537
уловках 1,698970 0,001196
телефонных 1,522879 0,001072
мошенников 1,301030 0,000916
связи 0,455932 0,000321
санкциями 1,096910 0,000772
Эльмар 1,698970 0,002391
Мусаев 1,698970 0,002391
Достижения 1,698970 0,001793
современной 0,958607 0,001012
онкологии 1,522879 0,001608
позволяют 1,698970 0,001793
избавлять 1,698970 0,001793
людей 0,698970 0,000738
от 0,193820 0,000546
тяжелейшего 1,698970 0,001793
рака 1,397940 0,001476
Свежий 1,221849 0,000860
номер 0,920819 0,000648
заявил 0,744727 0,001572
об 0,292430 0,000617
агрессивности 1,698970 0,001196
НАТО 0,769551 0,001895
Кремле 1,045757 0,000736
убеждены 1,698970 0,001196
агрессивном 1,301030 0,000916
характере 1,301030 0,000916
Это 0,537602 0,000378
оборонительный 1,522879 0,001072
альянс 1,397940 0,000984
любое 1,698970 0,001196
расширение 1,698970 0,001196
его 0,376751 0,000530
деятельности 1,000000 0,001407
влияния 1,698970 0,001196
несут 1,397940 0,000984
дополнительной 1,522879 0,001072
безопасности 0,958607 0,000675
стабильности 1,522879 0,001072
пресс 0,886057 0,000935
секретарь 1,221849 0,000860
Дмитрий 0,602060 0,000424
Нам 1,301030 0,000916
казалось 1,301030 0,001373
что 0,187087 0,000395
Жириновский 0,677781 0,000715
вечен 1,698970 0,001793
прощаются 1,301030 0,000916
лидером 1,154902 0,000813
ЛДПР 0,744727 0,000786
проходит 1,000000 0,000704
прощание 1,221849 0,000860
Мы 0,537602 0,000378
провожаем 1,698970 0,001196
последний 1,096910 0,000772
путь 1,000000 0,000704
великого 1,301030 0,000916
человека 0,568636 0,000400
нашего 0,958607 0,000675
учителя 1,221849 0,000860
Невозможно 1,698970 0,001196
поверить 1,301030 0,000916
то 0,537602 0,000378
произошло 1,045757 0,000736
нам 0,657577 0,000463
всем 0,853872 0,000601
признался 1,397940 0,000984
руководителя 1,698970 0,001793
фракции 1,698970 0,001793
Леонид 0,958607 0,001012
Слуцкий 1,698970 0,001196
МО 1,522879 0,001072
Заявления 1,522879 0,001608
якобы 1,301030 0,001373
российском 1,000000 0,000704
ударе 0,853872 0,000601
являются 1,045757 0,000736
нанесении 1,301030 0,000916
ракетного 1,397940 0,000984
железнодорожному 1,397940 0,000984
Краматорска 1,045757 0,000736
Донецкой 1,221849 0,000860
области 0,721246 0,000508
соответствуют 1,522879 0,001072
действительности 1,397940 0,000984
Об 0,698970 0,001968
сообщили 0,958607 0,001687
Минобороны 0,698970 0,001230
Там 1,096910 0,000772
подчеркнули 1,522879 0,001072
ракеты 1,221849 0,000860
Точка 0,795880 0,000560
применяются 1,397940 0,000984
только 0,309804 0,000218
украинскими 1,096910 0,000772
военными 1,301030 0,000916
Банк 1,045757 0,001104
снизил 0,698970 0,000492
ключевую 0,677781 0,000715
ставку 0,657577 0,000694
годовых 0,886057 0,000935
принял 1,000000 0,000704
снизить 1,301030 0,000916
службе 0,920819 0,000648
регулятора 1,698970 0,001196
ЦБ 0,795880 0,000560
допускают 1,698970 0,001196
возможность 0,769551 0,000542
продолжения 1,221849 0,000860
снижения 1,397940 0,000984
ключевой 1,397940 0,000984
ставки 1,154902 0,000813
ближайших 1,698970 0,001196
заседаниях 1,698970 0,001196
Академик 1,698970 0,001196
Румянцев 1,698970 0,001793
осудил 1,698970 0,001196
отказ 1,096910 0,000772
немецкой 1,522879 0,001072
работать 1,045757 0,000736
больными 1,698970 0,001196
детьми 1,096910 0,000772
Осознанное 1,698970 0,001196
отключение 1,698970 0,001196
пациентов 1,522879 0,001072
медицинской 1,522879 0,001072
руками 1,397940 0,000984
медиков 1,522879 0,001072
медицинского 1,698970 0,001196
сообщества 1,522879 0,001072
является 0,853872 0,000601
геноцидом 1,698970 0,001196
академик 1,301030 0,000916
Александр 0,468521 0,000495
комментируя 1,698970 0,001196
Miltenyi 1,698970 0,001196
Biotec 1,698970 0,001196
приостановить 1,698970 0,001196
поставку 1,301030 0,000916
оборудования 1,397940 0,000984
материалов 0,585027 0,000618
для 0,119186 0,000336
лечения 1,522879 0,001072
детей 0,431798 0,000304
онкологическими 1,698970 0,001196
заболеваниями 1,698970 0,001196
Власти 1,000000 0,000704
Сербии 1,221849 0,000860
обратятся 1,698970 0,001196
появления 1,522879 0,001072
истребителя 1,301030 0,000916
рядом 1,045757 0,001104
гражданским 1,522879 0,001072
самолетом 1,301030 0,001373
Сербия 1,397940 0,000984
намерена 1,096910 0,000772
запросить 1,698970 0,001196
официальную 1,522879 0,001072
информацию 0,721246 0,000508
истребителе 1,522879 0,001072
появившемся 1,698970 0,001196
пассажирским 1,522879 0,001072
Air 1,397940 0,000984
Serbia 1,522879 0,001072
который 0,508638 0,000537
направлялся 1,698970 0,001196
Белграда 1,522879 0,001072
Москву 0,886057 0,000624
Самолет 1,397940 0,000984
предположительно 1,698970 0,001196
летел 1,698970 0,001196
всего 0,744727 0,000786
километр 1,698970 0,001196
пассажирского 1,698970 0,001196
борта 1,698970 0,001196
рассказал 0,619789 0,000872
Вучич 1,301030 0,000916
марте 1,045757 0,000736
мировые 1,522879 0,001072
базовое 1,522879 0,001072
выросли 1,301030 0,000916
сразу 0,795880 0,000560
достигли 1,154902 0,000813
самого 1,045757 0,001104
высокого 1,698970 0,001196
уровня 1,221849 0,000860
как 0,251812 0,000177
минимум 1,301030 0,000916
Продовольственной 1,698970 0,001196
сельскохозяйственной 1,698970 0,001196
организации 1,096910 0,001158
Товары 1,698970 0,001196
Малый 1,522879 0,001608
средний 1,522879 0,001072
бизнес 0,657577 0,000926
сможет 1,096910 0,000772
приобрести 1,397940 0,000984
отечественный 1,301030 0,000916
софт 1,522879 0,001072
со 0,387216 0,000545
скидкой 1,301030 0,000916
Началась 1,698970 0,001196
программа 0,958607 0,000675
компенсации 1,522879 0,001072
половины 1,397940 0,000984
стоимости 1,301030 0,000916
покупки 1,397940 0,001476
отечественного 1,397940 0,000984
ПО 1,522879 0,001072
малого 1,698970 0,001196
среднего 1,698970 0,001196
бизнеса 1,000000 0,000704
Компаниям 1,698970 0,001196
требуется 1,397940 0,000984
предоставления 1,698970 0,001196
дополнительных 1,522879 0,001072
документов 1,154902 0,001219
отчетности 1,698970 0,001196
Единственное 1,698970 0,001196
нахождение 1,698970 0,001196
реестре 1,698970 0,001196
МСП 1,522879 0,001072
Бизнес 0,853872 0,000901
Роспотребнадзоре 1,698970 0,001196
объяснили 1,397940 0,000984
сколько 0,920819 0,000648
сахара 1,698970 0,001793
можно 0,443697 0,000468
съедать 1,698970 0,001196
ежедневно 1,522879 0,001072
среднем 1,522879 0,001072
один 0,721246 0,000761
россиянин 1,522879 0,001072
съедает 1,522879 0,001072
г 0,602060 0,001059
сутки 0,795880 0,000560
или 0,301030 0,000212
кг 1,698970 0,001196
год 0,568636 0,000400
намного 1,522879 0,001072
больше 0,638272 0,000449
нормального 1,698970 0,001196
потребления 1,522879 0,001072
эксперты 1,096910 0,000772
Роспотребнадзора 1,522879 0,001072
ВОЗ 1,522879 0,001608
рекомендует 1,301030 0,000916
сократить 1,522879 0,001072
ежедневное 1,698970 0,001196
потребление 1,698970 0,001196
свободных 1,698970 0,001196
сахаров 1,698970 0,001196
менее 1,154902 0,000813
суммарного 1,698970 0,001196
энергопотребления 1,698970 0,001196
Здоровье 0,853872 0,000901
лет 0,366532 0,000387
назад 0,721246 0,000761
Екатерина 0,920819 0,000972
II 1,221849 0,001290
издала 1,698970 0,001793
указ 1,522879 0,001608
создании 1,522879 0,001608
народных 1,397940 0,001476
школ 1,397940 0,001968
апреля 0,301030 0,000636
во 0,494850 0,000522
всех 0,552842 0,000389
городах 1,221849 0,000860
первых 0,853872 0,000601
публичных 1,397940 0,000984
бесплатных 1,397940 0,000984
после 0,397940 0,000280
основанных 1,698970 0,001196
годом 1,397940 0,000984
ранее 1,221849 0,000860
Петербурге 1,045757 0,000736
Минцифры 1,301030 0,002289
составило 1,698970 0,001793
список 0,823909 0,001450
российских 0,468521 0,001154
аналогов 1,522879 0,002679
зарубежных 1,000000 0,001056
сервисов 1,045757 0,001104
разработало 1,698970 0,001793
перечень 1,397940 0,001476
иностранных 0,886057 0,001247
интернет 0,657577 0,000926
ресурсов 1,301030 0,001831
попали 1,397940 0,001476
соцсети 1,154902 0,002032
мессенджеры 1,698970 0,001793
образовательные 1,522879 0,001608
ресурсы 1,154902 0,001219
сервисы 1,154902 0,002438
бронирования 1,698970 0,001793
другие 0,677781 0,000954
СМИ 0,481486 0,000508
рассекретило 1,522879 0,001072
документы 1,221849 0,001290
зверствах 1,221849 0,000860
бандеровцев 1,698970 0,001196
время 0,366532 0,000258
ВОВ 1,301030 0,000916
послевоенные 1,698970 0,001196
годы 0,853872 0,000601
опубликовало 1,397940 0,000984
еще 0,408935 0,000432
одну 1,096910 0,000772
часть 0,795880 0,000560
рассекреченных 1,698970 0,001196
Они 0,886057 0,000624
описывают 1,698970 0,001196
ход 1,045757 0,000736
операций 1,301030 0,000916
которые 0,431798 0,000456
проводили 1,522879 0,001072
части 0,920819 0,000648
Красной 1,397940 0,000984
Армии 1,301030 0,000916
органы 1,397940 0,000984
внутренних 1,698970 0,001196
дел 1,301030 0,001373
выявлению 1,698970 0,001196
ликвидации 1,698970 0,001196
националистических 1,698970 0,001196
банд 1,698970 0,001196
История 0,494850 0,000348
На 0,283997 0,000500
Украине 0,537602 0,000946
спецоперации 0,744727 0,001048
отличились 1,522879 0,001072
четверо 1,522879 0,001072
военнослужащих 1,522879 0,001608
рассказали 0,744727 0,000786
героях 1,698970 0,001196
военной 1,221849 0,001290
Четыре 1,154902 0,000813
совершили 1,698970 0,001196
подвиги 1,154902 0,000813
будут 0,638272 0,000449
отмечены 1,698970 0,001196
госнаградами 1,698970 0,001196
Безопасность 1,221849 0,000860
Армия 1,000000 0,000704
Пресс 0,657577 0,000463
релизы 1,154902 0,000813
компаний 1,045757 0,000736
ПСБ 1,397940 0,001968
обсудил 1,096910 0,000772
профессиональным 1,301030 0,000916
сообществом 1,522879 0,001072
инициативы 1,522879 0,001072
развития 0,721246 0,000508
импортозамещения 1,154902 0,000813
диверсификации 1,522879 0,001072
меры 1,000000 0,000704
поддержки 0,823909 0,000580
участников 1,000000 0,000704
госзакупок 1,397940 0,000984
подписал 1,522879 0,001072
ряд 1,397940 0,000984
соглашений 1,522879 0,001072
малым 1,698970 0,001196
средним 1,698970 0,001196
бизнесом 1,698970 0,001196
форуме 1,221849 0,000860
Госзаказ 1,698970 0,001196
Юридическая 1,221849 0,001290
консультация 1,397940 0,001476
Аркадий 1,522879 0,001072
И 0,408935 0,000288
Краснодар 1,000000 0,000704
Правильное 1,397940 0,000984
оформление 1,397940 0,000984
трейдинга 1,698970 0,001196
Хочу 0,920819 0,000648
открыть 1,698970 0,001196
оказанию 1,698970 0,001196
трейдерских 1,698970 0,001196
услуг 1,397940 0,000984
Любое 0,886057 0,000624
физическое 1,698970 0,001196
лицо 1,301030 0,000916
через 0,585027 0,000412
меня 0,721246 0,000508
может 0,397940 0,000560
приобретать 1,698970 0,001196
валюту 1,301030 0,000916
бирже 1,301030 0,000916
сниженной 1,698970 0,001196
ставке 1,698970 0,001196
Что 0,346787 0,000488
мне 0,853872 0,000601
необходимо 0,920819 0,000648
оформления 1,522879 0,001072
Отвечает 1,522879 0,001072
Лидия 1,301030 0,000916
Шевцова 1,698970 0,001196
Банки 1,397940 0,000984
Порядок 1,397940 0,001476
повышения 1,301030 0,000916
процентных 1,698970 0,001196
ставок 1,522879 0,001072
кредитам 1,698970 0,001196
Налоги 1,522879 0,001072
Налогообложение 1,698970 0,001196
вступлении 1,698970 0,001196
наследство 1,522879 0,001072
продажей 1,698970 0,001196
Авто 0,853872 0,000901
авто 1,096910 0,000772
у 0,387216 0,000272
несовершеннолетнего 1,698970 0,001196
Точное 1,698970 0,001196
указание 1,698970 0,001196
состава 1,397940 0,000984
косметике 1,522879 0,001072
тонкости 1,397940 0,000984
Digital 1,301030 0,001373
Роскомнадзор 0,823909 0,000870
объяснил 0,769551 0,000542
какие 0,795880 0,000560
Google 0,744727 0,000786
подлежат 1,397940 0,000984
маркировке 1,698970 0,001196
Spotify 1,301030 0,000916
полностью 0,795880 0,000560
закроется 1,698970 0,001196
запретил 1,154902 0,000813
рекламу 1,096910 0,000772
Ежемесячная 1,698970 0,001196
аудитория 1,397940 0,000984
Рунета 1,698970 0,001196
превысила 1,698970 0,001196
миллионов 1,045757 0,000736
УАЗе 1,522879 0,001072
могут 0,522879 0,000552
начать 1,045757 0,000736
собирать 1,397940 0,000984
кроссоверы 1,522879 0,001072
Chery 1,221849 0,001720
УАЗ 1,522879 0,001072
помочь 1,045757 0,000736
друг 0,795880 0,000560
другу 1,045757 0,000736
китайцам 1,698970 0,001196
нужны 0,920819 0,000648
мощности 1,522879 0,001072
локализации 1,698970 0,001196
выпуска 1,397940 0,000984
своих 0,657577 0,000463
кроссоверов 1,522879 0,001072
а 0,327902 0,000231
УАЗу 1,698970 0,001196
нужно 0,721246 0,000508
найти 0,698970 0,000492
партнера 1,522879 0,001072
инвестора 1,522879 0,001072
одном 0,958607 0,000675
лице 1,522879 0,001072
чтобы 0,481486 0,000339
выжить 1,397940 0,000984
Сети 1,301030 0,000916
появились 1,522879 0,001608
фото 0,657577 0,000694
которых 0,677781 0,000477
кузов 1,522879 0,001072
модели 1,221849 0,000860
прогоняют 1,698970 0,001196
конвейеру 1,698970 0,001196
Ульяновского 1,698970 0,001196
автозавода 1,698970 0,001196
Российский 0,853872 0,000601
автопром 1,397940 0,000984
Госавтоинспекция 1,522879 0,001072
Москвы 0,744727 0,000524
разъяснила 1,522879 0,001072
порядок 1,154902 0,000813
регистрации 0,638272 0,000449
автомобилей 1,000000 0,001056
иностранцами 1,522879 0,001072
Минпромторг 1,397940 0,000984
ждет 0,853872 0,000601
улучшения 1,698970 0,001196
ситуации 1,000000 0,000704
продажами 1,522879 0,001072
сообщил 0,823909 0,000580
рекорде 1,698970 0,001196
ремонте 1,698970 0,001196
дорог 1,154902 0,000813
всю 0,823909 0,000580
историю 0,795880 0,000560
Lada 1,522879 0,001072
Granta 1,698970 0,001196
Vesta 1,522879 0,001072
вновь 0,823909 0,000580
самыми 1,301030 0,000916
продаваемыми 1,698970 0,001196
автомобилями 1,698970 0,001196
Украина 0,698970 0,000492
получить 0,769551 0,000542
словацкие 1,698970 0,001196
колесные 1,698970 0,001793
САУ 1,698970 0,001196
Zuzana 1,698970 0,001793
Словакия 1,522879 0,001072
поставить 1,397940 0,000984
вооруженным 1,698970 0,001196
формированиям 1,698970 0,001196
Украины 0,721246 0,000761
самоходные 1,698970 0,001196
установки 1,397940 0,000984
М 0,744727 0,000524
вооружении 1,522879 0,001072
словацкой 1,698970 0,001196
армии 1,045757 0,000736
имеется 1,698970 0,001196
шестнадцать 1,522879 0,001072
таких 1,096910 0,000772
машин 1,096910 0,000772
принятых 1,698970 0,001196
вооружение 1,522879 0,001608
почти 0,853872 0,000601
четверть 1,698970 0,001196
века 0,721246 0,000508
Мировой 1,698970 0,001196
арсенал 1,522879 0,001072
Опубликованы 1,522879 0,001072
трофейных 1,698970 0,001196
NLAW 1,698970 0,001196
инструкцией 1,698970 0,001196
эксплуатации 1,301030 0,000916
Офицер 1,522879 0,001072
основных 1,397940 0,000984
повреждениях 1,698970 0,001196
техники 1,221849 0,000860
ходе 1,000000 0,000704
Да 0,823909 0,000580
красавец 1,397940 0,000984
кадры 1,000000 0,000704
передового 1,698970 0,001196
наводчика 1,698970 0,001196
ВС 1,045757 0,000736
Военнослужащий 1,698970 0,001196
показал 1,045757 0,000736
захваченные 1,698970 0,001196
Изюме 1,522879 0,001072
образцы 1,698970 0,001196
иностранного 1,522879 0,001072
оружия 1,397940 0,000984
Наука 0,638272 0,000449
Когда 0,602060 0,000424
речь 1,301030 0,000916
идет 0,958607 0,000675
онкологических 1,698970 0,001196
заболеваниях 1,698970 0,001196
говорят 1,000000 0,000704
раке 1,698970 0,001793
желудка 1,698970 0,001196
печени 1,698970 0,001196
груди 1,397940 0,000984
поджелудочной 1,698970 0,001196
железы 1,698970 0,001196
почек 1,698970 0,001196
Куда 1,154902 0,000813
реже 1,522879 0,001072
костей 1,698970 0,001196
Но 0,619789 0,000436
ситуация 1,301030 0,000916
несколько 0,795880 0,000560
иная 1,698970 0,001196
ведущих 1,301030 0,000916
онкологов 1,698970 0,001196
Самарские 1,698970 0,001196
ученые 1,221849 0,000860
создали 1,397940 0,000984
наноспутник 1,698970 0,001196
поможет 0,886057 0,000624
освоении 1,522879 0,001072
Арктики 1,522879 0,001072
Как 0,301030 0,000530
преодолеть 1,522879 0,001072
зависимость 1,522879 0,001072
импорта 1,522879 0,001072
критических 1,698970 0,001196
областях 1,698970 0,001196
экономики 1,045757 0,000736
Российские 0,920819 0,000648
космонавты 1,698970 0,001196
приземлении 1,698970 0,001196
запахах 1,698970 0,001196
космоса 1,154902 0,000813
Ученый 1,698970 0,001196
признаки 1,397940 0,000984
критического 1,698970 0,001196
изменения 1,397940 0,000984
климата 1,522879 0,001072
Гид 1,397940 0,000984
парк 1,301030 0,000916
посмотреть 1,000000 0,000704
ТВ 0,657577 0,000463
к 0,207608 0,000219
летию 1,221849 0,000860
дня 0,494850 0,000522
рождения 0,677781 0,000715
Беллы 1,397940 0,001476
Ахмадулиной 1,522879 0,001608
исполнится 1,698970 0,001196
Телеканал 0,769551 0,000542
Россия 0,455932 0,000481
покажет 1,221849 0,000860
памятной 1,698970 0,001196
дате 1,522879 0,001072
программы 0,823909 0,000580
Больше 0,886057 0,000624
любовь 0,698970 0,000492
Игра 1,045757 0,000736
бисер 1,698970 0,001196
Первый 0,853872 0,000601
канал 0,920819 0,000648
повторит 1,698970 0,001196
показ 1,301030 0,000916
документального 1,397940 0,000984
фильма 0,795880 0,000840
А 0,376751 0,000398
напоследок 1,522879 0,001072
я 0,522879 0,000368
скажу 1,698970 0,001196
Литература 1,301030 0,000916
завершились 1,698970 0,001196
съемки 1,221849 0,000860
Сестры 1,301030 0,000916
жанре 1,522879 0,001072
пост 1,045757 0,000736
хоррор 1,301030 0,000916
Литературный 1,301030 0,000916
музей 1,000000 0,000704
открыл 1,301030 0,000916
выставку 1,397940 0,000984
отце 1,698970 0,001196
сыне 1,397940 0,000984
Тарковских 1,698970 0,001196
Подмосковье 1,221849 0,000860
открыли 1,397940 0,000984
Музей 1,154902 0,000813
школы 0,853872 0,000601
детства 1,154902 0,000813
экраны 1,397940 0,000984
выйдет 1,522879 0,001072
фильм 0,823909 0,000580
нашем 1,000000 0,000704
первом 1,096910 0,000772
Оскаре 1,221849 0,000860
работу 0,823909 0,000580
фронтовых 1,522879 0,001072
кинооператоров 1,698970 0,001196
Главное 0,657577 0,000463
сегодня 0,677781 0,000477
США 0,508638 0,000358
под 0,376751 0,000265
санкций 0,677781 0,000477
против 0,387216 0,000545
операции 0,920819 0,000648
оборудованием 1,397940 0,000984
ФАС 1,045757 0,000736
начала 0,769551 0,000542
предупредила 1,698970 0,001196
распространении 1,698970 0,001196
заразного 1,698970 0,001196
штамма 1,397940 0,000984
коронавируса 0,886057 0,000624
ХЕ 1,397940 0,000984
ОАК 1,221849 0,000860
построит 1,698970 0,001196
самолетов 1,045757 0,000736
Ту 1,154902 0,000813
Рябков 1,698970 0,001196
связанными 1,698970 0,001196
между 0,823909 0,000580
собой 0,823909 0,000580
темы 0,920819 0,000648
ДСНВ 1,698970 0,001196
Под 1,096910 0,000772
Харьковом 1,397940 0,000984
росгвардейцы 1,698970 0,001196
уничтожили 1,301030 0,000916
артиллерийское 1,698970 0,001196
противника 1,221849 0,000860
Видео 0,431798 0,000912
Фото 0,886057 0,000624
невозможности 1,522879 0,001608
закрыть 1,096910 0,001158
Феномен 1,698970 0,001793
Ушел 1,397940 0,001476
выдающийся 1,522879 0,001608
российский 0,886057 0,000935
политик 1,522879 0,001608
столице 1,522879 0,001608
Болгарии 1,301030 0,001373
прошел 1,397940 0,001476
массовый 1,522879 0,001608
антиамериканский 1,698970 0,001793
митинг 1,397940 0,001476
Афинах 1,698970 0,001793
прошли 1,698970 0,001793
митинги 1,698970 0,001793
дороговизны 1,698970 0,001793
вовлечения 1,698970 0,001793
страны 0,638272 0,000674
события 0,795880 0,001120
открылась 1,522879 0,001608
выставка 1,221849 0,001290
посвященная 1,522879 0,001608
преступлениям 1,698970 0,001793
Каким 1,397940 0,001476
обновленный 1,698970 0,001793
Театр 0,920819 0,000972
Малой 1,522879 0,001608
Бронной 1,698970 0,001793
украинский 1,397940 0,001476
национализм 1,522879 0,001608
стал 0,585027 0,000618
квазирелигией 1,698970 0,001793
Ветеран 1,522879 0,001608
Великой 1,045757 0,001104
Отечественной 1,154902 0,001219
попросила 1,698970 0,001793
внуков 1,698970 0,001793
добить 1,698970 0,001793
нацистов 1,301030 0,001373
Проекты 1,096910 0,000772
Уничтожение 1,698970 0,001196
штаба 1,522879 0,001072
Ониксами 1,698970 0,001196
считать 1,397940 0,000984
сенсацией 1,698970 0,001196
смотреть 0,769551 0,000542
кино 0,568636 0,000400
вместо 0,744727 0,000524
Ампира 1,698970 0,001196
V 0,958607 0,000675
лауреат 1,397940 0,000984
Оскара 1,522879 0,001072
Мегрэ 1,397940 0,000984
Мнения 1,000000 0,000704
Пока 1,301030 0,000916
Ленин 1,301030 0,000916
работоспособен 1,698970 0,001196
никто 1,096910 0,000772
другой 1,000000 0,000704
мог 1,301030 0,000916
претендовать 1,698970 0,001196
политическое 1,397940 0,000984
лидерство 1,397940 0,000984
Радзиховский 1,698970 0,001196
политолог 1,397940 0,000984
допустить 1,698970 0,001196
дефицита 1,397940 0,000984
лекарств 1,154902 0,000813
Андрей 0,552842 0,000389
Исаев 1,698970 0,001196
первый 0,769551 0,000542
зампред 1,698970 0,001196
ЕР 1,522879 0,001072
Новые 0,552842 0,000389
Федеральный 1,522879 0,002143
закон 1,221849 0,001720
N 1,698970 0,001793
ФЗ 1,522879 0,001608
О 0,207608 0,000438
внесении 1,522879 0,001608
изменений 1,397940 0,001476
статью 1,301030 0,001831
Федерального 1,522879 0,002143
закона 1,045757 0,001472
банках 1,397940 0,000984
банковской 1,698970 0,001196
оперативно 1,522879 0,001072
розыскной 1,698970 0,001196
особенностях 1,698970 0,001196
прохождения 1,698970 0,001196
федеральной 1,698970 0,001196
государственной 1,522879 0,001072
гражданской 1,522879 0,001072
службы 1,221849 0,000860
системе 1,522879 0,001072
Министерства 1,096910 0,000772
Российской 0,769551 0,002437
Федерации 0,795880 0,001120
Чрезвычайном 1,698970 0,001196
Полномочном 1,698970 0,001196
После 0,795880 0,000560
иностранном 1,698970 0,001793
государстве 1,522879 0,001608
Постоянном 1,698970 0,001196
представителе 1,698970 0,001793
постоянном 1,698970 0,001196
наблюдателе 1,698970 0,001196
международной 1,154902 0,000813
ФГБУ 1,698970 0,002391
Редакция 0,769551 0,001354
газеты 0,958607 0,001687
Рубрикатор 1,698970 0,001196
проекты 0,698970 0,000738
Квадратный 1,698970 0,001196
метр 1,698970 0,001196
Дубль 1,698970 0,001196
дв 1,397940 0,000984
Ушли 1,522879 0,001072
рассвете 1,698970 0,001196
спецпроекты 1,522879 0,001072
Совместные 1,698970 0,001196
Пушкинский 1,301030 0,000916
конкурс 0,920819 0,000648
Стань 1,698970 0,001196
журналистом 1,698970 0,001196
Миссия 1,522879 0,001072
выполнима 1,698970 0,001196
МГИМО 1,397940 0,000984
газетой 1,698970 0,001196
Звезды 0,823909 0,000580
Победы 1,000000 0,000704
Год 0,958607 0,000675
литературы 0,920819 0,000648
Китай 1,096910 0,000772
газете 1,397940 0,000984
Реклама 0,387216 0,000272
Подписка 0,853872 0,000901
Медиацентр 1,698970 0,001196
Сервисы 1,301030 0,000916
RSS 0,853872 0,000601
Контакты 0,455932 0,000321
Вакансии 0,657577 0,000463
Обратная 0,585027 0,000412
связь 0,552842 0,000389
Использование 1,045757 0,000736
Сведения 1,698970 0,001196
доходах 1,698970 0,001196
Обязательная 1,698970 0,001196
публикации 0,823909 0,000580
информация 0,638272 0,000449
Интернет 0,823909 0,000580
портал 0,823909 0,000580
зарегистрирован 1,522879 0,001072
Роскомнадзоре 1,698970 0,001196
Номер 1,522879 0,001072
свидетельства 1,397940 0,000984
ЭЛ 0,823909 0,000580
ФС 0,522879 0,000368
Учредитель 0,698970 0,000492
Главный 0,585027 0,000412
редактор 0,585027 0,000412
Фронин 1,698970 0,001196
web 1,301030 0,000916
rg 1,698970 0,001196
ru 0,187087 0,000132
несет 1,301030 0,000916
ответственности 1,154902 0,000813
мнения 1,221849 0,000860
высказанные 1,522879 0,001072
комментариях 1,522879 0,001072
читателей 0,958607 0,000675
Создание 1,154902 0,000813
поддержка 1,045757 0,000736
сайта 0,522879 0,000552
WEB 1,522879 0,001072
МАСТЕРСКАЯ 1,698970 0,001196
Дизайн 1,301030 0,000916
AGIMA 1,698970 0,001196
