Инвестидеи 1,698970 0,003374
рекомендации 1,221849 0,003640
и 0,075721 0,001504
прогнозы 1,221849 0,006067
брокерских 1,698970 0,003374
компаний 1,045757 0,003115
Инвест 1,698970 0,011810
Идеи 1,698970 0,008436
Что 0,346787 0,000689
будет 0,387216 0,000769
с 0,102373 0,001118
долларом 1,522879 0,003025
Биржевой 1,522879 0,003025
курс 0,920819 0,002743
руб 1,154902 0,003441
Бюджетный 1,698970 0,003374
Потенциал 1,698970 0,003374
Помогаем 1,698970 0,003374
инвесторам 1,522879 0,003025
найти 0,698970 0,001388
идеи 1,154902 0,006881
выбрать 1,096910 0,002179
брокера 1,698970 0,003374
проверить 1,045757 0,002077
аналитика 1,301030 0,002584
от 0,193820 0,000962
ведущих 1,301030 0,002584
участников 1,000000 0,001986
рынка 1,096910 0,003268
Эксклюзивные 1,698970 0,003374
предложения 1,301030 0,002584
Независимая 1,698970 0,003374
статистика 1,301030 0,002584
рейтинг 1,301030 0,002584
идей 1,397940 0,009718
за 0,180456 0,000896
неделю 0,920819 0,002743
в 0,070581 0,000701
базе 1,221849 0,003640
поставщиков 1,698970 0,005061
инвесторов 1,522879 0,007561
доверяют 1,522879 0,004537
Инвестиционные 1,698970 0,003374
Отслеживаем 1,698970 0,003374
выполнение 1,522879 0,003025
прогнозов 1,698970 0,003374
Гонки 1,522879 0,003025
Гонконге 1,698970 0,003374
Финам 1,698970 0,005061
могу 1,221849 0,010920
заработать 1,522879 0,015123
Текущая 1,698970 0,015184
доходность 1,698970 0,015184
Голосование 1,221849 0,010920
Верю 1,698970 0,015184
Не 0,481486 0,004303
верю 1,301030 0,011628
подробнее 1,698970 0,015184
Граждане 1,698970 0,003374
не 0,142668 0,001558
сдавайте 1,698970 0,003374
валюту 1,301030 0,002584
PRAVDA 1,698970 0,005061
Invest 1,522879 0,006049
Алюминий 1,698970 0,003374
можно 0,443697 0,000881
согнуть 1,698970 0,003374
но 0,481486 0,000956
трудно 1,698970 0,003374
сломать 1,698970 0,003374
РСХБ 1,698970 0,003374
Брокер 1,698970 0,003374
ЛУКОЙЛ 1,698970 0,003374
запасы 1,522879 0,003025
дивиденды 1,698970 0,005061
перспективы 1,397940 0,002776
Газпромбанк 1,522879 0,003025
Инвестиции 1,301030 0,002584
А 0,376751 0,000748
прокатиться 1,698970 0,003374
ли 0,397940 0,001186
нам 0,657577 0,001306
Lyft 1,698970 0,003374
БКС 1,698970 0,003374
Twitter 0,853872 0,001696
инвестируем 1,698970 0,003374
Илоном 1,522879 0,003025
ITI 1,698970 0,003374
Capital 1,522879 0,003025
Распадская 1,698970 0,003374
правильный 1,301030 0,002584
уголь 1,522879 0,003025
зрения 1,397940 0,002776
Главная 0,823909 0,001636
IT 0,920819 0,001829
компания 0,958607 0,001904
РФ 0,568636 0,001129
со 0,387216 0,000769
скидкой 1,301030 0,002584
Сигналы 1,522879 0,003025
РЦБ 1,698970 0,003374
смотреть 0,769551 0,003057
все 0,292430 0,001162
Лига 1,221849 0,002427
Оценивайте 1,522879 0,003025
аналитиков 1,698970 0,010123
зарабатывайте 1,698970 0,003374
призы 1,397940 0,002776
СМИ 0,481486 0,000956
о 0,136677 0,000679
нас 0,508638 0,001010
Точные 1,522879 0,003025
советы 1,154902 0,002294
как 0,251812 0,001000
сервис 0,958607 0,003808
выбирает 1,221849 0,002427
лучшие 0,886057 0,001760
по 0,124939 0,000620
акциям 1,698970 0,003374
Если 0,769551 0,002293
понимаешь 1,698970 0,003374
кто 0,494850 0,000983
лох 1,698970 0,005061
то 0,537602 0,001068
ты 0,886057 0,001760
Можно 1,000000 0,001986
на 0,075721 0,000827
чужих 1,397940 0,002776
инвестиционных 1,397940 0,005553
идеях 1,698970 0,003374
Сервис 1,397940 0,002776
заставить 1,522879 0,003025
брокеров 1,698970 0,005061
делать 0,920819 0,001829
качественную 1,698970 0,003374
аналитику 1,698970 0,003374
ТОП 0,958607 0,001904
сервисов 1,045757 0,003115
для 0,119186 0,000710
где 0,537602 0,001068
выбирать 1,522879 0,003025
акции 1,045757 0,002077
вести 1,045757 0,002077
портфель 1,698970 0,003374
Московская 1,301030 0,002584
биржа 1,698970 0,003374
определила 1,698970 0,003374
победителей 1,154902 0,002294
конкурсов 1,522879 0,003025
Призовые 1,698970 0,003374
фонды 1,397940 0,002776
На 0,283997 0,000564
Петербургский 1,698970 0,003374
оценивает 1,522879 0,003025
будущем 1,045757 0,002077
котировок 1,698970 0,003374
Карта 1,096910 0,002179
цифровых 1,221849 0,002427
частного 1,698970 0,003374
массового 1,698970 0,003374
инвестора 1,522879 0,003025
Полезные 1,522879 0,003025
ресурсы 1,154902 0,002294
трейдеров 1,698970 0,003374
Высокая 1,522879 0,003025
вовлеченность 1,698970 0,003374
лояльность 1,698970 0,003374
данным 1,221849 0,002427
Яндекса 1,397940 0,002776
Инсайдер 1,698970 0,005061
радар 1,698970 0,006749
Сделки 1,698970 0,003374
инсайдеров 1,698970 0,003374
умных 1,522879 0,003025
денег 1,096910 0,002179
Название 1,221849 0,002427
Сделка 1,698970 0,003374
Дата 1,301030 0,002584
Объем 1,522879 0,003025
сделки 1,522879 0,006049
Изменение 1,698970 0,003374
цены 0,823909 0,001636
даты 1,698970 0,003374
Bandwidth 1,698970 0,011810
Inc 1,154902 0,008028
Carreker 1,698970 0,003374
Marina 1,698970 0,003374
C 1,000000 0,002979
Покупка 1,522879 0,010586
декабря 0,886057 0,006159
Morken 1,698970 0,003374
David 1,698970 0,003374
A 0,886057 0,001760
Roush 1,698970 0,003374
Lukas 1,698970 0,003374
M 1,154902 0,002294
Ross 1,698970 0,003374
Kade 1,698970 0,003374
Bailey 1,698970 0,003374
Brian 1,698970 0,003374
D 1,096910 0,002179
Murdock 1,698970 0,003374
John 1,698970 0,003374
Инвесторы 1,522879 0,003025
говорят 1,000000 0,001986
Отзывы 1,301030 0,002584
наших 0,823909 0,001636
пользователей 0,853872 0,002544
Стать 1,397940 0,002776
успешным 1,698970 0,003374
инвестором 1,698970 0,003374
Телеграм 1,221849 0,002427
сервисе 1,522879 0,003025
Конкурсы 1,045757 0,002077
Брокерам 1,698970 0,003374
аналитикам 1,522879 0,003025
Партнерская 1,522879 0,003025
программа 0,958607 0,001904
Idei 1,698970 0,003374
Awards 1,397940 0,002776
Юридическая 1,221849 0,002427
информация 0,638272 0,001902
справка 1,522879 0,003025
Написать 1,096910 0,002179
Тарифы 1,397940 0,002776
Пожелания 1,698970 0,003374
Статистика 1,154902 0,002294
Фонд 1,301030 0,002584
Байбеки 1,698970 0,003374
YouTube 0,823909 0,001636
Опционы 1,698970 0,003374
NEW 1,698970 0,003374
Вся 0,886057 0,001760
сайте 0,431798 0,001286
invest 1,698970 0,011810
idei 1,698970 0,011810
ru 0,187087 0,001301
далее 1,397940 0,002776
Сайт 1,301030 0,007752
носит 1,698970 0,003374
исключительно 1,301030 0,002584
образовательный 1,698970 0,003374
научный 1,397940 0,002776
характер 1,301030 0,002584
является 0,853872 0,002544
рекомендацией 1,698970 0,003374
или 0,301030 0,001495
предложением 1,522879 0,003025
к 0,207608 0,000412
совершению 1,698970 0,003374
сделок 1,698970 0,005061
финансовыми 1,397940 0,005553
инструментами 1,698970 0,006749
Вы 0,619789 0,001846
можете 0,795880 0,001581
следовать 1,522879 0,004537
прогнозам 1,698970 0,003374
свой 0,721246 0,001432
страх 1,522879 0,003025
риск 1,698970 0,003374
Компании 1,045757 0,002077
аналитики 1,698970 0,003374
которых 0,677781 0,001346
размещены 1,522879 0,003025
являются 1,045757 0,002077
независимыми 1,698970 0,003374
создателей 1,522879 0,003025
сайта 0,522879 0,001558
лицами 1,301030 0,003876
агрегатором 1,698970 0,003374
информации 0,698970 0,002776
размещенной 1,397940 0,004165
указанными 1,698970 0,003374
интернет 0,657577 0,001306
ресурсах 1,522879 0,003025
прочих 1,698970 0,003374
источниках 1,698970 0,003374
а 0,327902 0,001302
также 0,494850 0,001966
публичных 1,397940 0,002776
данных 0,657577 0,002612
сделках 1,698970 0,003374
ценными 1,522879 0,003025
бумагами 1,522879 0,003025
другими 1,221849 0,002427
Клиенты 1,698970 0,003374
могут 0,522879 0,001038
получать 0,886057 0,002640
подписке 1,397940 0,002776
иные 1,698970 0,003374
раньше 1,221849 0,002427
позже 1,221849 0,002427
того 0,853872 0,001696
они 0,657577 0,001306
были 0,769551 0,001528
опубликованы 1,397940 0,002776
Сайте 1,522879 0,003025
берет 1,301030 0,002584
себя 0,552842 0,001098
обязательство 1,698970 0,003374
корректировать 1,698970 0,003374
аналитические 1,397940 0,002776
данные 0,721246 0,001432
инвестиционные 1,698970 0,003374
связи 0,455932 0,000906
утратой 1,698970 0,003374
актуальности 1,522879 0,003025
содержащейся 1,698970 0,003374
них 0,769551 0,001528
при 0,468521 0,000931
выявлении 1,698970 0,003374
несоответствия 1,698970 0,003374
приводимых 1,698970 0,003374
действительности 1,397940 0,002776
Администрация 1,221849 0,002427
несет 1,301030 0,002584
ответственности 1,154902 0,002294
содержание 1,522879 0,003025
последствия 1,096910 0,002179
использования 0,920819 0,001829
том 0,568636 0,001129
числе 1,045757 0,002077
любые 0,886057 0,001760
возможные 1,522879 0,003025
убытки 1,522879 0,003025
участвует 1,522879 0,003025
во 0,494850 0,000983
взаимоотношениях 1,698970 0,003374
предоставляя 1,698970 0,003374
только 0,309804 0,000615
публикации 0,823909 0,001636
отслеживания 1,698970 0,003374
согласны 1,301030 0,002584
данными 1,522879 0,003025
условиями 1,221849 0,002427
немедленно 1,522879 0,003025
покиньте 1,698970 0,003374
используйте 1,698970 0,003374
размещенную 1,698970 0,003374
нем 0,958607 0,001904
информацию 0,721246 0,001432
Персональная 1,397940 0,002776
консультация 1,397940 0,002776
этой 0,744727 0,001479
инвестидее 1,698970 0,003374
эксперта 1,522879 0,003025
Ваше 1,221849 0,002427
имя 0,886057 0,001760
Ваш 1,096910 0,003268
E 0,920819 0,002743
mail 0,721246 0,002149
телефон 0,853872 0,001696
ПРЕДПОЧТИТЕЛЬНЫЙ 1,698970 0,003374
СПОСОБ 1,698970 0,003374
СВЯЗИ 1,698970 0,003374
Согласен 1,522879 0,003025
передачу 1,698970 0,003374
брокеру 1,698970 0,003374
персональных 0,769551 0,001528
Хочу 0,920819 0,001829
новые 0,508638 0,001010
инвестидеи 1,698970 0,003374
Оставить 1,522879 0,003025
заявку 1,522879 0,003025
Заявка 1,522879 0,003025
отправлена 1,397940 0,002776
Менеджер 1,522879 0,003025
свяжется 1,698970 0,003374
Вами 1,698970 0,003374
ближайшее 1,397940 0,002776
время 0,366532 0,000728
Продолжить 1,397940 0,002776
