Iterate 1,698970 0,001152
faster 1,698970 0,009215
innovate 1,698970 0,002304
together 1,522879 0,003097
GitLab 1,522879 0,038201
Talk 1,522879 0,005162
to 0,886057 0,006007
an 1,154902 0,003915
expert 1,522879 0,005162
Get 1,221849 0,007455
free 1,522879 0,004130
trial 1,522879 0,004130
Product 1,301030 0,005292
the 0,958607 0,009749
DevOps 1,301030 0,017641
Platform 1,522879 0,007227
Explore 1,397940 0,004739
Install 1,698970 0,005759
How 1,397940 0,002843
compares 1,698970 0,003456
Solutions 1,522879 0,004130
By 1,698970 0,005759
Organization 1,698970 0,003456
Type 1,522879 0,003097
Enterprise 1,397940 0,002843
Small 1,397940 0,002843
business 1,522879 0,004130
Public 1,522879 0,003097
sector 1,698970 0,003456
Use 1,397940 0,002843
Case 1,522879 0,004130
Continuous 1,698970 0,005759
integration 1,522879 0,003097
CI 1,301030 0,005292
CD 1,301030 0,002646
Source 1,301030 0,005292
code 1,221849 0,002485
management 1,698970 0,005759
Out 1,522879 0,003097
of 0,920819 0,004994
box 1,522879 0,003097
pipelines 1,698970 0,003456
Security 1,397940 0,003791
DevSecOps 1,698970 0,004607
Agile 1,522879 0,003097
development 1,221849 0,003313
Value 1,698970 0,003456
stream 1,522879 0,003097
GitOps 1,698970 0,003456
The 0,721246 0,002445
Resources 1,397940 0,007582
Getting 1,397940 0,002843
started 1,301030 0,003528
Industry 1,698970 0,003456
topics 1,522879 0,003097
and 0,958607 0,016248
trends 1,698970 0,003456
docs 1,397940 0,002843
Learn 1,221849 0,009940
Blog 1,397940 0,003791
Services 1,397940 0,003791
Additional 1,522879 0,003097
resources 1,698970 0,008063
People 1,698970 0,003456
Working 1,522879 0,003097
remotely 1,698970 0,003456
Community 1,221849 0,004970
programs 1,522879 0,003097
Upcoming 1,522879 0,003097
events 1,397940 0,002843
Developer 1,221849 0,002485
survey 1,698970 0,003456
results 1,397940 0,002843
Partners 1,397940 0,012321
Meet 1,522879 0,003097
Our 1,301030 0,003528
partners 1,698970 0,005759
Customer 1,522879 0,004130
case 1,522879 0,007227
studies 1,698970 0,004607
Technology 1,397940 0,003791
Find 1,522879 0,008260
a 0,920819 0,013110
technology 1,397940 0,005687
partner 1,397940 0,009478
Become 1,397940 0,004739
Channel 1,698970 0,004607
channel 1,698970 0,006911
Pricing 1,522879 0,004130
Support 1,221849 0,006627
Contact 1,221849 0,004970
support 1,301030 0,005292
Login 1,698970 0,002304
Free 1,522879 0,002065
Trial 1,522879 0,002065
Discover 1,698970 0,005759
all 1,154902 0,002349
in 1,000000 0,006780
one 1,221849 0,003313
software 1,301030 0,006174
delivery 1,698970 0,003456
See 1,522879 0,006195
repositories 1,522879 0,002065
action 1,522879 0,002065
with 1,096910 0,008924
projects 1,397940 0,002843
package 1,397940 0,001896
run 1,221849 0,001657
complete 1,301030 0,002646
solution 1,301030 0,002646
why 1,522879 0,003097
we 1,397940 0,005687
re 1,301030 0,002646
best 1,301030 0,001764
Adopt 1,698970 0,004607
platform 1,397940 0,005687
for 1,045757 0,005672
endless 1,698970 0,002304
possibilities 1,698970 0,002304
that 1,154902 0,001566
grows 1,698970 0,002304
you 1,096910 0,002975
Trusted 1,698970 0,004607
by 1,000000 0,004746
government 1,698970 0,002304
Loved 1,698970 0,002304
developers 1,397940 0,002843
Automate 1,522879 0,003097
everything 1,397940 0,001896
accelerate 1,522879 0,002065
deployment 1,698970 0,002304
Build 1,397940 0,001896
future 1,397940 0,001896
shared 1,522879 0,002065
history 1,698970 0,002304
single 1,522879 0,006195
commit 1,698970 0,002304
Integrate 1,698970 0,002304
security 1,301030 0,005292
deliver 1,698970 0,002304
continuously 1,522879 0,002065
Keep 1,397940 0,001896
your 1,154902 0,003132
methodology 1,698970 0,002304
gain 1,698970 0,002304
functionality 1,698970 0,002304
Visualize 1,698970 0,002304
what 1,397940 0,002843
works 1,522879 0,002065
optimize 1,698970 0,002304
rest 1,698970 0,002304
Simplify 1,698970 0,002304
IT 0,920819 0,001249
style 0,823909 0,001117
automation 1,397940 0,001896
Develop 1,522879 0,002065
secure 1,522879 0,002065
our 1,301030 0,008821
quick 1,522879 0,002065
start 1,698970 0,002304
checklist 1,698970 0,002304
cross 1,698970 0,002304
functional 1,698970 0,002304
insights 1,698970 0,002304
Access 1,698970 0,003456
step 1,522879 0,003097
tutorials 1,522879 0,002065
guides 1,397940 0,001896
Watch 1,698970 0,003456
videos 1,698970 0,002304
self 1,522879 0,002065
driven 1,522879 0,002065
demos 1,698970 0,002304
Read 1,522879 0,006195
up 1,221849 0,001657
on 1,096910 0,003718
releases 1,522879 0,003097
contributions 1,522879 0,002065
more 1,154902 0,012528
services 1,522879 0,002065
Download 1,522879 0,002065
knowledge 1,522879 0,002065
expand 1,522879 0,002065
production 1,397940 0,001896
how 1,301030 0,003528
work 1,221849 0,002485
better 1,522879 0,004130
wherever 1,698970 0,002304
contributor 1,698970 0,002304
startup 1,698970 0,002304
grants 1,698970 0,002304
meetups 1,698970 0,002304
webinars 1,698970 0,002304
conferences 1,698970 0,002304
through 1,301030 0,001764
eyes 1,698970 0,002304
practitioners 1,698970 0,002304
Check 1,522879 0,002065
out 1,221849 0,002485
top 1,154902 0,001566
companies 1,301030 0,002646
trust 1,698970 0,002304
cloud 1,522879 0,002065
other 1,301030 0,001764
integrators 1,698970 0,002304
Join 1,397940 0,001896
ecosystem 1,522879 0,002065
resellers 1,698970 0,002304
providers 1,698970 0,002304
Grow 1,698970 0,002304
alongside 1,698970 0,002304
experts 1,698970 0,002304
where 1,397940 0,001896
when 1,397940 0,001896
offer 1,698970 0,002304
documents 1,698970 0,002304
instructions 1,698970 0,002304
has 1,522879 0,002065
arrived 1,698970 0,002304
Deliver 1,698970 0,003456
collaboration 1,522879 0,002065
demo 1,522879 0,002065
benefits 1,522879 0,002065
AWS 1,698970 0,002304
Webcast 1,698970 0,002304
Collaboration 1,698970 0,002304
without 1,397940 0,002843
Boundaries 1,698970 0,002304
Faster 1,698970 0,002304
Delivery 1,522879 0,002065
study 1,698970 0,005759
advances 1,698970 0,002304
open 1,221849 0,001657
science 1,522879 0,002065
education 1,698970 0,002304
at 1,221849 0,002485
Te 1,698970 0,002304
Herenga 1,698970 0,002304
Waka 1,698970 0,002304
Victoria 1,698970 0,002304
University 1,522879 0,002065
Wellington 1,698970 0,002304
Work 1,522879 0,002065
efficiently 1,698970 0,002304
Identify 1,698970 0,002304
blockers 1,698970 0,002304
address 1,397940 0,001896
them 1,301030 0,001764
immediately 1,698970 0,002304
tool 1,522879 0,002065
Focus 1,522879 0,002065
delivering 1,698970 0,002304
value 1,397940 0,001896
not 1,154902 0,001566
maintaining 1,698970 0,002304
integrations 1,698970 0,002304
Reduce 1,698970 0,002304
risk 1,522879 0,002065
cost 1,698970 0,002304
compliance 1,698970 0,005759
compromising 1,698970 0,002304
speed 1,698970 0,004607
or 1,154902 0,001566
spend 1,698970 0,002304
use 1,154902 0,002349
worldwide 1,698970 0,002304
loved 1,698970 0,002304
customer 1,698970 0,002304
Goldman 1,698970 0,002304
Sachs 1,698970 0,002304
increases 1,698970 0,002304
build 1,397940 0,002843
demolishing 1,698970 0,002304
toolchain 1,698970 0,002304
complexity 1,698970 0,002304
adopters 1,698970 0,002304
first 1,301030 0,001764
week 1,698970 0,002304
feature 1,698970 0,003456
builds 1,522879 0,003097
per 1,522879 0,002065
day 1,522879 0,002065
Fanatics 1,698970 0,002304
successful 1,698970 0,002304
transition 1,698970 0,002304
empowers 1,698970 0,002304
innovation 1,698970 0,002304
cycles 1,698970 0,002304
migrated 1,698970 0,002304
months 1,698970 0,002304
need 1,301030 0,001764
patches 1,698970 0,002304
Ticketmaster 1,698970 0,002304
spends 1,698970 0,002304
less 1,397940 0,001896
time 1,154902 0,002349
improving 1,698970 0,002304
their 1,397940 0,001896
products 1,698970 0,002304
x 1,221849 0,001657
Weekly 1,698970 0,002304
mobile 1,301030 0,001764
is 1,096910 0,004462
users 1,698970 0,002304
have 1,221849 0,001657
spoken 1,698970 0,002304
ranks 1,522879 0,002065
as 1,221849 0,003313
G 1,221849 0,001657
Leader 1,698970 0,002304
across 1,522879 0,002065
categories 1,698970 0,002304
We 1,221849 0,002485
take 1,522879 0,003097
seriously 1,698970 0,003456
SOC 1,698970 0,003456
Certification 1,522879 0,003097
ISO 1,698970 0,002304
IEC 1,698970 0,002304
CSA 1,698970 0,003456
Cloud 1,301030 0,001764
Provider 1,698970 0,002304
STAR 1,698970 0,002304
Level 1,522879 0,002065
GDPR 1,522879 0,002065
Compliance 1,522879 0,003097
VPAT 1,698970 0,002304
At 1,522879 0,002065
because 1,397940 0,001896
know 1,698970 0,002304
much 1,522879 0,002065
accessibility 1,698970 0,002304
matter 1,698970 0,002304
customers 1,522879 0,002065
stakeholders 1,698970 0,002304
about 1,301030 0,002646
New 1,154902 0,001566
features 1,301030 0,001764
every 1,397940 0,001896
month 1,522879 0,002065
released 1,522879 0,002065
epic 1,698970 0,003456
linking 1,698970 0,002304
integrated 1,522879 0,002065
training 1,397940 0,001896
s 0,823909 0,001676
new 1,000000 0,001356
streamlined 1,698970 0,002304
way 1,397940 0,001896
delivered 1,698970 0,002304
application 1,698970 0,002304
Manage 1,698970 0,002304
SubgroupsAudit 1,698970 0,002304
EventsAudit 1,698970 0,002304
ReportsCompliance 1,698970 0,002304
ManagementDevOps 1,698970 0,002304
ReportsValue 1,698970 0,002304
Stream 1,698970 0,002304
Management 1,301030 0,005292
Plan 1,522879 0,002065
Team 1,522879 0,003097
PlanningPortfolio 1,698970 0,002304
ManagementService 1,698970 0,002304
DeskRequirements 1,698970 0,002304
ManagementQuality 1,698970 0,002304
ManagementDesign 1,698970 0,002304
Create 1,397940 0,001896
Code 1,221849 0,003313
ManagementCode 1,698970 0,002304
ReviewWikiWeb 1,698970 0,002304
IDESnippets 1,698970 0,002304
Verify 1,698970 0,002304
Integration 1,698970 0,002304
Testing 1,698970 0,002304
CoveragePerformance 1,698970 0,002304
TestingMerge 1,698970 0,002304
TrainsReview 1,698970 0,002304
AppsSecrets 1,698970 0,002304
Package 1,698970 0,003456
RegistryContainer 1,698970 0,002304
RegistryHelm 1,698970 0,002304
Chart 1,698970 0,002304
RegistryDependency 1,698970 0,002304
ProxyGit 1,698970 0,002304
LFS 1,698970 0,002304
Secure 1,522879 0,002065
SASTSecret 1,698970 0,002304
DetectionCode 1,698970 0,002304
QualityDASTAPI 1,698970 0,002304
SecurityFuzz 1,698970 0,002304
TestingDependency 1,698970 0,002304
ScanningLicense 1,698970 0,002304
ComplianceVulnerability 1,698970 0,002304
Release 1,698970 0,002304
DeliveryPagesAdvanced 1,698970 0,002304
DeploymentsFeature 1,698970 0,002304
FlagsRelease 1,698970 0,002304
EvidenceRelease 1,698970 0,002304
OrchestrationEnvironment 1,698970 0,002304
Configure 1,698970 0,002304
Auto 1,698970 0,002304
DevOpsKubernetes 1,698970 0,002304
ManagementDeployment 1,698970 0,002304
ManagementChatOpsInfrastructure 1,698970 0,002304
Monitor 1,698970 0,002304
MetricsIncident 1,698970 0,002304
ManagementOn 1,698970 0,002304
call 1,522879 0,002065
Schedule 1,698970 0,002304
ManagementTracingError 1,698970 0,002304
TrackingProduct 1,698970 0,002304
Analytics 1,397940 0,001896
Protect 1,698970 0,002304
Container 1,522879 0,002065
ScanningSecurity 1,698970 0,002304
Orchestration 1,698970 0,002304
Compare 1,397940 0,001896
tools 1,301030 0,002646
maturity 1,698970 0,002304
What 1,221849 0,002485
stopping 1,698970 0,002304
from 1,221849 0,001657
transforming 1,698970 0,002304
process 1,522879 0,002065
here 1,397940 0,001896
help 1,301030 0,002646
today 1,301030 0,001764
Try 1,698970 0,002304
FREE 1,698970 0,002304
Ask 1,522879 0,002065
us 1,397940 0,001896
anything 1,397940 0,001896
Why 1,522879 0,002065
Lifecycle 1,698970 0,002304
Is 1,522879 0,002065
it 1,221849 0,001657
any 1,221849 0,001657
good 1,522879 0,002065
Releases 1,698970 0,002304
All 1,154902 0,002349
Remote 1,698970 0,002304
Newsletter 1,522879 0,002065
Events 1,397940 0,001896
Webcasts 1,698970 0,002304
Topics 1,522879 0,002065
Training 1,698970 0,002304
Docs 1,397940 0,001896
Contribute 1,522879 0,002065
Programs 1,698970 0,002304
Direction 1,698970 0,002304
Open 1,301030 0,002646
Education 1,397940 0,001896
Startups 1,698970 0,002304
Shop 1,397940 0,001896
Forum 1,397940 0,001896
Sales 1,397940 0,001896
options 1,522879 0,002065
Status 1,397940 0,001896
Customers 1,698970 0,002304
Portal 1,698970 0,002304
Company 1,522879 0,002065
About 1,154902 0,001566
Jobs 1,522879 0,002065
Culture 1,698970 0,002304
Leadership 1,522879 0,002065
Press 1,154902 0,001566
Investor 1,698970 0,002304
Relations 1,698970 0,002304
Analysts 1,698970 0,002304
Handbook 1,698970 0,002304
Terms 1,221849 0,001657
Cookies 1,698970 0,002304
Settings 1,698970 0,002304
Privacy 1,154902 0,001566
Git 1,397940 0,001896
trademark 1,698970 0,002304
Software 1,301030 0,001764
Freedom 1,522879 0,002065
Conservancy 1,698970 0,002304
under 1,522879 0,002065
license 1,698970 0,002304
View 1,397940 0,001896
page 1,698970 0,002304
source 1,301030 0,001764
Edit 1,698970 0,002304
Web 1,301030 0,001764
IDE 1,522879 0,002065
please 1,698970 0,002304
contribute 1,522879 0,002065
B 1,221849 0,001657
V 0,958607 0,001300
