Русский 1,045757 0,008665
музей 1,000000 0,010903
AA 1,698970 0,001482
ENG 1,397940 0,001219
Филиалы 1,522879 0,001328
Выберите 1,000000 0,000872
филиал 1,522879 0,002657
Михайловский 1,397940 0,009754
дворец 1,522879 0,016604
Корпус 1,698970 0,005187
Бенуа 1,698970 0,005928
Строгановский 1,698970 0,003705
замок 1,397940 0,004877
Мраморный 1,698970 0,007409
Летний 1,522879 0,003985
сад 1,045757 0,001368
Петра 1,000000 0,005669
I 0,853872 0,004841
Домик 1,698970 0,004446
Павильоны 1,698970 0,002964
Михайловского 1,698970 0,005187
замка 1,698970 0,004446
О 0,207608 0,000362
музее 1,154902 0,007051
Дворцы 1,698970 0,002964
Сады 1,698970 0,002964
Музей 1,154902 0,005037
Людвига 1,397940 0,003658
в 0,070581 0,001631
Русском 1,522879 0,007306
Филиал 1,522879 0,003985
городе 0,958607 0,002508
Малага 1,698970 0,002964
Кемерово 1,301030 0,001702
Справочная 1,301030 0,003404
информация 0,638272 0,001670
Билеты 1,221849 0,003730
Реставрация 1,522879 0,001992
музейных 1,397940 0,002439
ценностей 1,522879 0,001992
Друзья 1,301030 0,002270
Русского 1,698970 0,014819
музея 1,221849 0,014920
Администрация 1,221849 0,002664
Партнеры 1,221849 0,002131
и 0,075721 0,001354
спонсоры 1,698970 0,002964
Пресса 1,397940 0,002439
о 0,136677 0,000358
Противодействие 1,397940 0,002439
коррупции 1,301030 0,002270
Локальные 1,522879 0,001992
нормативные 1,698970 0,002223
акты 1,522879 0,001992
Посетителям 1,522879 0,001992
Часы 1,522879 0,001992
работы 0,638272 0,001113
Лекторий 1,698970 0,004446
Правила 0,853872 0,001117
посещения 1,522879 0,001992
Экскурсии 1,397940 0,001829
Доступный 1,698970 0,002223
детям 1,096910 0,001435
План 1,301030 0,001702
мероприятий 1,096910 0,001435
по 0,124939 0,000490
улучшению 1,698970 0,002964
качества 1,154902 0,001511
деятельности 1,000000 0,001744
оценка 1,397940 0,001829
условий 1,522879 0,002657
труда 1,397940 0,001829
Выставки 1,045757 0,001824
Текущие 1,522879 0,001992
выставки 1,096910 0,004305
Будущие 1,698970 0,002223
Прошедшие 1,698970 0,002223
Постоянные 1,698970 0,002223
экспозиции 1,221849 0,002131
Выездные 1,698970 0,002223
События 0,886057 0,001932
Коллекции 1,154902 0,001511
Издания 1,221849 0,001599
Каталоги 1,522879 0,001992
альбомы 1,698970 0,002223
Научные 1,397940 0,003048
каталоги 1,698970 0,002223
собрания 1,522879 0,001992
сборники 1,522879 0,001992
Буклеты 1,698970 0,002223
Ежегодные 1,698970 0,002223
отчеты 1,698970 0,002223
Мультимедиа 1,397940 0,001829
Проекты 1,096910 0,001435
виртуальный 1,698970 0,002223
Культурно 1,397940 0,001829
выставочные 1,698970 0,002223
центры 1,698970 0,002223
Фестиваль 1,221849 0,001599
Императорские 1,698970 0,002223
сады 1,698970 0,002223
России 0,251812 0,000659
Образование 0,886057 0,001159
Российский 0,853872 0,001117
центр 0,638272 0,001670
музейной 1,698970 0,002223
педагогики 1,698970 0,002223
детского 1,522879 0,001992
творчества 1,397940 0,001829
Студенческий 1,698970 0,002223
клуб 0,958607 0,001254
Консультационно 1,698970 0,002964
методический 1,698970 0,002964
художественных 1,522879 0,003985
музеев 1,096910 0,003827
Российской 0,769551 0,001342
Федерации 0,795880 0,001388
Аспирантура 1,698970 0,002223
Поддержать 1,397940 0,003048
Порядок 1,397940 0,001829
оплаты 1,301030 0,001702
Договор 1,522879 0,001992
пожертвования 1,698970 0,002223
Магазин 1,045757 0,001368
Вячеслав 1,221849 0,001599
Пакулин 1,698970 0,003705
В 0,167491 0,000877
поисках 1,522879 0,001992
стиля 1,522879 0,003321
эпохи 1,154902 0,002015
декабря 0,886057 0,002319
апреля 0,301030 0,001969
наделенный 1,698970 0,002223
уникальным 1,698970 0,002223
ярким 1,698970 0,002223
талантом 1,698970 0,002223
был 0,481486 0,000630
увлечен 1,698970 0,002223
е 1,096910 0,001435
годы 0,853872 0,001117
поисками 1,698970 0,002223
большого 1,522879 0,001992
отдавая 1,698970 0,002223
дань 1,698970 0,002223
общим 1,522879 0,001992
устремлениям 1,698970 0,002223
многих 1,154902 0,001511
художни 1,698970 0,001482
Анна 0,568636 0,000744
Лепорская 1,698970 0,002223
Живопись 1,397940 0,001829
Графика 1,522879 0,001992
Фарфор 1,698970 0,002223
Летом 1,698970 0,002223
года 0,356547 0,000777
коллекцию 1,301030 0,001702
поступило 1,698970 0,002223
дар 1,301030 0,001702
обширное 1,698970 0,002223
собрание 1,397940 0,001829
произведений 0,853872 0,002234
разных 0,920819 0,001606
художников 1,096910 0,001913
получившее 1,698970 0,002223
историографии 1,698970 0,002223
назва 1,698970 0,001482
Семь 1,096910 0,001913
красавиц 1,522879 0,002657
января 0,958607 0,002090
июня 0,920819 0,002409
Выставка 1,301030 0,002837
приуроченная 1,698970 0,001482
к 0,207608 0,000543
летнему 1,522879 0,001328
юбилею 1,397940 0,001219
выдающегося 1,698970 0,001482
азербайджанского 1,698970 0,001482
поэта 1,154902 0,001007
философа 1,397940 0,001219
Низами 1,698970 0,001482
Гянджеви 1,698970 0,001482
представляет 1,301030 0,002837
разные 1,096910 0,000957
виды 1,221849 0,001066
искусства 0,886057 0,002705
объединяя 1,698970 0,001482
несколько 0,795880 0,000694
ЛИКИ 1,698970 0,002223
ЛИЦА 1,522879 0,001992
МОРДЫ 1,698970 0,002223
Московский 1,096910 0,001435
AZ 1,698970 0,002223
Анатолия 1,522879 0,002657
Зверева 1,698970 0,002964
один 0,721246 0,000944
из 0,167491 0,000803
своих 0,657577 0,000860
наиболее 1,096910 0,002392
успешных 1,522879 0,001992
выставочных 1,522879 0,001992
проектов 1,154902 0,001511
Лики 1,698970 0,002223
Лица 1,221849 0,002131
Морды 1,698970 0,002223
приурочена 1,698970 0,002223
летию 1,221849 0,002131
известно 1,000000 0,000872
Коллекция 1,221849 0,002664
петербургских 1,698970 0,002223
собирателей 1,698970 0,002223
братьев 1,301030 0,001702
Якова 1,522879 0,001992
Александровича 1,698970 0,003705
Иосифа 1,522879 0,001992
Ржевских 1,698970 0,002223
марта 0,769551 0,000671
декабре 1,698970 0,001482
известные 1,301030 0,001135
петербургские 1,698970 0,001482
коллекционеры 1,698970 0,001482
Яков 1,397940 0,001219
Александрович 1,698970 0,002223
Иосиф 1,301030 0,001135
Подробнее 0,698970 0,000914
Сохраняя 1,698970 0,001482
историю 0,795880 0,000694
Реставрационным 1,698970 0,001482
мастерским 1,698970 0,001482
лет 0,366532 0,000480
июля 0,958607 0,000836
посвящена 1,698970 0,002223
организации 1,096910 0,000957
первой 1,000000 0,001744
реставрационной 1,698970 0,001482
мастерской 1,698970 0,001482
На 0,283997 0,000495
выставке 1,397940 0,002439
будут 0,638272 0,000557
представлены 1,522879 0,001328
Александр 0,468521 0,000409
Рубцов 1,522879 0,001328
Уникальный 1,698970 0,001482
русский 0,920819 0,000803
художник 1,096910 0,000957
оказавшийся 1,698970 0,001482
волею 1,522879 0,001328
судеб 1,522879 0,001328
певцом 1,698970 0,001482
летописцем 1,698970 0,001482
Туниса 1,698970 0,001482
будет 0,387216 0,000507
представлено 1,698970 0,001482
более 0,585027 0,000765
живописных 1,698970 0,002223
частной 1,698970 0,001482
коллекц 1,698970 0,001482
Тотальный 1,397940 0,001829
диктант 1,397940 0,001829
Мраморном 1,698970 0,002964
дворце 1,522879 0,004649
Приглашаем 1,522879 0,003321
на 0,075721 0,000528
лекцию 1,522879 0,003321
Валентин 1,154902 0,001511
Серов 1,698970 0,002223
Абонемент 1,698970 0,005187
Мастера 1,221849 0,001599
русского 0,769551 0,001007
Цикл 1,397940 0,001829
III 1,154902 0,001511
Художники 1,397940 0,001829
XIХ 1,698970 0,002223
семьи 0,853872 0,001117
Строгановых 1,698970 0,002223
Коллекционеры 1,698970 0,002223
страсть 1,397940 0,001829
судьба 0,958607 0,001254
Древнерусское 1,698970 0,002223
искусство 1,045757 0,006841
ХII 1,698970 0,002223
XVII 1,301030 0,002837
веков 1,154902 0,004533
Постоянная 1,522879 0,016604
экспозиция 1,397940 0,015851
Собрание 1,698970 0,002964
древнерусской 1,698970 0,002223
живописи 1,397940 0,003048
одно 1,045757 0,001368
самых 0,585027 0,000765
крупных 1,522879 0,001992
значительных 1,301030 0,001702
нашей 0,853872 0,001117
стране 0,853872 0,001117
Оно 1,698970 0,002223
включает 1,522879 0,002657
себя 0,552842 0,000723
около 1,000000 0,001308
шести 1,698970 0,002223
тысяч 0,744727 0,000974
икон 1,698970 0,002223
постоянной 1,698970 0,001482
размещенной 1,397940 0,001219
первых 0,853872 0,000745
четырех 1,301030 0,001135
залах 1,698970 0,001482
дворца 1,397940 0,001219
представлена 1,397940 0,001829
часть 0,795880 0,000694
этой 0,744727 0,000650
коллекции 1,301030 0,003404
ценные 1,522879 0,001328
произведения 0,823909 0,001078
XII 1,698970 0,001482
созданные 1,522879 0,001992
важнейших 1,301030 0,001135
центрах 1,698970 0,001482
Древней 1,221849 0,001066
Руси 1,397940 0,001219
Новгороде 1,698970 0,001482
Пскове 1,698970 0,001482
Владимире 1,397940 0,001219
Суздале 1,522879 0,001328
Москве 0,455932 0,000398
Ярославле 1,698970 0,001482
Заказать 1,522879 0,007306
билеты 1,096910 0,004784
Также 1,301030 0,003404
Михайловском 1,522879 0,003321
Русское 1,301030 0,005107
XVIII 1,397940 0,001219
века 0,721246 0,003145
половины 1,397940 0,003048
XIX 1,096910 0,003827
второй 0,920819 0,001205
народное 1,698970 0,001482
XXI 1,154902 0,001511
я 0,522879 0,000456
фотобиеннале 1,698970 0,001482
историко 1,698970 0,002223
архивной 1,698970 0,002223
фотографии 1,154902 0,002015
российских 0,468521 0,000409
Биеннале 1,698970 0,001482
вновь 0,823909 0,000719
малодоступные 1,698970 0,001482
фотоколлекции 1,698970 0,001482
региональных 1,698970 0,001482
показано 1,698970 0,001482
Воронежа 1,698970 0,001482
Ивангорода 1,698970 0,001482
Нижнего 1,221849 0,001066
Новгорода 1,397940 0,001219
Рыбинска 1,698970 0,001482
Рязани 1,698970 0,001482
Симферополя 1,698970 0,001482
Омска 1,522879 0,001328
Пскова 1,698970 0,001482
Углича 1,698970 0,001482
Якутска 1,698970 0,001482
Экспозиция 1,698970 0,002223
строится 1,522879 0,001328
как 0,251812 0,000220
последовательный 1,698970 0,001482
рассказ 1,221849 0,001066
культурной 1,698970 0,001482
бытовой 1,698970 0,001482
политической 1,096910 0,000957
жизни 0,443697 0,000387
х 0,769551 0,001007
годов 1,045757 0,000912
Строгановском 1,698970 0,001482
Минералогический 1,698970 0,001482
кабинет 1,045757 0,000912
ампир 1,698970 0,001482
Декоративно 1,698970 0,002223
прикладное 1,698970 0,002223
времени 0,721246 0,001887
царствования 1,698970 0,001482
императора 1,397940 0,001219
Александра 0,638272 0,000557
известного 1,397940 0,001219
московского 1,522879 0,001328
художника 1,045757 0,001368
феномену 1,698970 0,001482
непарадного 1,698970 0,001482
портрета 1,698970 0,001482
отечественном 1,698970 0,001482
искусстве 1,397940 0,001829
ХХ 1,397940 0,004877
ХХI 1,698970 0,001482
Константин 0,886057 0,000773
Романов 1,301030 0,001135
поэт 1,301030 0,001135
Серебряного 1,698970 0,001482
Мировое 1,698970 0,002223
идеи 1,154902 0,001511
направления 1,301030 0,001702
Современная 1,221849 0,001066
музейная 1,698970 0,001482
Домика 1,698970 0,001482
предметами 1,698970 0,001482
относящимися 1,698970 0,001482
петровскому 1,698970 0,001482
том 0,568636 0,000496
числе 1,045757 0,000912
мемориальными 1,698970 0,001482
Среди 1,221849 0,001066
них 0,769551 0,000671
мундирное 1,698970 0,001482
платье 1,301030 0,001135
красного 1,698970 0,001482
сукна 1,698970 0,001482
трость 1,698970 0,001482
восточной 1,698970 0,001482
отливка 1,698970 0,001482
руки 1,154902 0,001007
с 0,102373 0,000402
оттиска 1,698970 0,001482
сделанного 1,698970 0,001482
липецком 1,698970 0,001482
чугунолитейном 1,698970 0,001482
заводе 1,301030 0,001135
г 0,602060 0,000525
лодка 1,698970 0,001482
верейка 1,698970 0,001482
кресло 1,698970 0,001482
послереволюционного 1,698970 0,001482
Первая 1,096910 0,000957
персональная 1,522879 0,001328
выставка 1,221849 0,001066
призвана 1,698970 0,001482
полно 1,698970 0,001482
многогранно 1,698970 0,001482
представить 1,154902 0,001007
его 0,376751 0,000329
поиски 1,221849 0,001066
открытия 1,397940 0,001219
сфере 0,552842 0,000482
графики 1,522879 0,001328
театрального 1,522879 0,001328
Корпусе 1,698970 0,001482
век 1,000000 0,000872
конца 0,886057 0,000773
начала 0,769551 0,001007
XX 0,958607 0,001254
название 1,397940 0,001219
Архив 1,096910 0,001435
Лепорской 1,698970 0,001482
свыше 1,397940 0,001219
самой 1,000000 0,000872
Анны 1,154902 0,001007
Александровны 1,698970 0,001482
рисунков 1,698970 0,001482
акварелей 1,698970 0,001482
гуашей 1,698970 0,001482
работ 1,397940 0,001219
изделий 1,698970 0,001482
фарфора 1,698970 0,001482
замке 1,397940 0,001829
Парадные 1,698970 0,002223
залы 1,221849 0,002131
Петербургское 1,698970 0,001482
общество 0,958607 0,000836
Романовых 1,698970 0,001482
Портретная 1,698970 0,001482
галерея 1,221849 0,001066
мая 0,823909 0,000719
парадные 1,698970 0,001482
открылись 1,698970 0,001482
после 0,397940 0,000347
масштабной 1,698970 0,001482
реставрации 1,397940 0,001219
Обращаем 1,698970 0,001482
Ваше 1,221849 0,001066
внимание 0,853872 0,000745
что 0,187087 0,000163
связи 0,455932 0,000398
проведением 1,698970 0,001482
дополнительных 1,522879 0,001328
раб 1,698970 0,001482
Классические 1,698970 0,001482
интернационального 1,698970 0,001482
современного 1,221849 0,001066
послевоенного 1,698970 0,001482
до 0,244125 0,000213
столетия 1,522879 0,001328
Образцы 1,698970 0,001482
исторической 1,522879 0,001328
жанровой 1,698970 0,001482
портретной 1,698970 0,001482
пейзажной 1,522879 0,001328
мастеров 1,522879 0,001328
передвижнического 1,698970 0,001482
реализма 1,698970 0,001482
значительного 1,698970 0,001482
явления 1,522879 0,001328
русско 1,698970 0,001482
знакомит 1,397940 0,001219
произведениями 1,698970 0,001482
представляющими 1,698970 0,001482
разнообразие 1,698970 0,001482
тенденций 1,698970 0,001482
русском 1,154902 0,001007
этого 0,619789 0,000541
это 0,292430 0,000255
классицизм 1,698970 0,001482
романтизм 1,522879 0,001328
за 0,180456 0,000157
постоянн 1,698970 0,001482
Мы 0,537602 0,001172
ВКонтакте 0,795880 0,001041
Google 0,744727 0,000650
Arts 1,397940 0,001219
Одноклассниках 1,301030 0,001135
Telegram 0,769551 0,001007
Назад 1,154902 0,001511
Вперед 1,397940 0,001829
The 0,721246 0,000629
State 1,698970 0,001482
Russian 1,301030 0,001135
Museum 1,522879 0,001328
Временное 1,698970 0,001482
закрытие 1,522879 0,001328
залов 1,698970 0,001482
реэкспозицию 1,698970 0,001482
Всероссийский 1,397940 0,001219
семинар 1,698970 0,001482
Социокультурная 1,698970 0,001482
реабилитация 1,698970 0,001482
посетителей 1,221849 0,001066
ментальными 1,698970 0,001482
нарушениями 1,522879 0,001328
учреждениях 1,698970 0,001482
культуры 0,795880 0,001041
образования 1,221849 0,001066
суббота 1,397940 0,001829
художественной 1,301030 0,001135
майолики 1,698970 0,001482
рубежа 1,698970 0,001482
Экскурсия 1,698970 0,001482
ИСКУССТВО 1,698970 0,001482
МАЙОЛИКИ 1,698970 0,001482
ТВОРЧЕСТВЕ 1,698970 0,001482
РУССКИХ 1,698970 0,001482
МАСТЕРОВ 1,698970 0,001482
КОНЦА 1,698970 0,001482
НАЧАЛА 1,698970 0,001482
ВЕКОВ 1,698970 0,001482
Лектор 1,698970 0,002223
кандидат 1,397940 0,001829
искусствоведения 1,698970 0,002223
М 0,744727 0,000974
Д 1,096910 0,000957
Григорьева 1,698970 0,001482
Г 1,045757 0,000912
И 0,408935 0,000357
Семирадский 1,698970 0,001482
Фрина 1,698970 0,001482
празднике 1,698970 0,001482
Посейдона 1,698970 0,001482
Гейши 1,698970 0,001482
гетеры 1,698970 0,001482
куртизанки 1,698970 0,001482
ТАЙНЫЕ 1,698970 0,001482
СМЫСЛЫ 1,698970 0,001482
ИЗВЕСТНЫХ 1,698970 0,001482
КАРТИН 1,698970 0,001482
Ахунов 1,698970 0,001482
Абонементы 1,698970 0,002223
Сезон 0,958607 0,000836
лекции 1,301030 0,001135
можно 0,443697 0,000387
приобрести 1,397940 0,001219
кассах 1,698970 0,001482
Заявки 1,698970 0,001482
занятия 1,221849 0,001066
для 0,119186 0,000208
отдельных 1,698970 0,001482
классов 1,698970 0,001482
групп 1,698970 0,001482
специально 1,221849 0,001066
разработанным 1,698970 0,001482
программам 1,698970 0,001482
выездом 1,698970 0,001482
лекторов 1,698970 0,001482
школы 0,853872 0,000745
другие 0,677781 0,000591
учреждения 1,522879 0,001328
принимаются 1,698970 0,001482
тел 1,301030 0,001135
абонемент 1,698970 0,001482
рекомендует 1,301030 0,001135
Информация 0,886057 0,000773
санитарно 1,698970 0,002223
эпидемиологическим 1,698970 0,001482
нормам 1,698970 0,001482
Оставить 1,522879 0,001328
отзыв 1,397940 0,001219
соблюдению 1,698970 0,001482
организацией 1,698970 0,001482
эпидемиологических 1,698970 0,001482
норм 1,698970 0,001482
Поблагодарите 1,698970 0,001482
или 0,301030 0,000263
направьте 1,698970 0,001482
пожелания 1,698970 0,001482
безопасной 1,698970 0,001482
QR 1,397940 0,001219
коды 1,522879 0,001328
всех 0,552842 0,000482
филиалов 1,698970 0,001482
является 0,853872 0,001117
методической 1,698970 0,001482
базой 1,698970 0,001482
Министерства 1,096910 0,000957
РФ 0,568636 0,000496
страны 0,638272 0,000557
Отдел 1,397940 0,001219
реализует 1,698970 0,001482
межмузейные 1,698970 0,001482
проекты 0,698970 0,000610
образовательные 1,522879 0,001328
программы 0,823909 0,000719
специалистов 1,221849 0,001066
Перейти 1,045757 0,000912
сайт 0,494850 0,000432
Шедевры 1,522879 0,001992
Сборник 1,698970 0,001482
шедевров 1,397940 0,001219
отобранный 1,698970 0,001482
искусствоведами 1,698970 0,001482
позволит 1,522879 0,001328
вам 0,677781 0,000591
составить 1,522879 0,001328
первое 0,886057 0,000773
впечатление 1,698970 0,001482
Начать 1,397940 0,001219
просмотр 1,522879 0,001328
Виртуальные 1,221849 0,001599
прогулки 1,397940 0,001219
туры 1,698970 0,001482
технологии 1,000000 0,000872
панорамной 1,698970 0,001482
съемки 1,221849 0,001066
знакомят 1,698970 0,001482
экспозицией 1,698970 0,001482
временными 1,698970 0,001482
выставками 1,698970 0,001482
интерьерами 1,698970 0,001482
внешним 1,698970 0,001482
обликом 1,698970 0,001482
дворцов 1,522879 0,001328
садов 1,698970 0,001482
Виртуальный 1,522879 0,001328
тур 1,522879 0,001328
музейному 1,698970 0,001482
комплексу 1,698970 0,001482
Проект 1,000000 0,000872
Обратная 0,585027 0,000510
связь 0,552842 0,000482
Одноклассники 0,823909 0,000719
YouTube 0,823909 0,000719
Пользовательское 0,677781 0,000591
соглашение 0,619789 0,000541
Подписка 0,853872 0,000745
новости 0,420216 0,000367
Будьте 1,522879 0,001328
курсе 1,096910 0,000957
новостей 0,619789 0,000541
событий 0,853872 0,000745
выставок 1,397940 0,001219
Разработка 1,522879 0,001328
Студия 1,221849 0,001066
Проектор 1,698970 0,001482
обладателем 1,522879 0,001328
исключительных 1,698970 0,001482
прав 0,920819 0,000803
все 0,292430 0,000383
изображения 1,221849 0,001599
интерьеров 1,698970 0,001482
а 0,327902 0,000286
также 0,494850 0,000432
текстовую 1,698970 0,001482
информацию 0,721246 0,000629
которые 0,431798 0,000377
размещены 1,522879 0,001328
официальном 1,522879 0,001328
сайте 0,431798 0,000565
Использование 1,045757 0,000912
текстов 1,397940 0,001219
изображений 1,397940 0,001219
опубликованных 1,397940 0,001219
возможно 0,920819 0,000803
только 0,309804 0,000270
разрешения 0,853872 0,000745
