Стихи 1,096910 0,007835
ру 0,886057 0,007384
Авторы 0,958607 0,005706
Произведения 1,221849 0,005818
Рецензии 0,920819 0,003289
Поиск 0,619789 0,002214
Магазин 1,045757 0,003735
О 0,207608 0,000741
портале 1,221849 0,008727
Вход 0,657577 0,002348
для 0,119186 0,000426
авторов 0,920819 0,004385
российский 0,886057 0,002110
литературный 1,397940 0,003328
портал 0,823909 0,001962
предоставляющий 1,522879 0,003626
авторам 1,301030 0,007744
возможность 0,769551 0,002748
свободной 1,301030 0,004647
публикации 0,823909 0,003923
произведений 0,853872 0,007116
Подробнее 0,698970 0,005825
о 0,136677 0,001302
На 0,283997 0,001352
сегодняшний 1,522879 0,003626
день 0,585027 0,001393
апреля 0,301030 0,000717
года 0,356547 0,001698
опубликовано 1,522879 0,003626
стихов 1,301030 0,003098
Колонка 1,301030 0,003098
редактора 1,096910 0,002612
Выбор 0,886057 0,002110
редакции 0,481486 0,001146
портала 1,221849 0,004364
стихах 1,397940 0,003328
Марина 0,958607 0,003424
Юрченко 1,698970 0,004045
Виноградова 1,522879 0,003626
Там 1,096910 0,002612
троллейбусный 1,698970 0,004045
парк 1,301030 0,003098
там 0,958607 0,002282
трамвайный 1,698970 0,004045
Владимир 0,431798 0,001028
Мялин 1,698970 0,004045
Подарю 1,698970 0,004045
тебе 1,096910 0,003918
рассветы 1,698970 0,004045
майские 1,301030 0,003098
Саша 1,154902 0,002750
Михайлович 1,698970 0,004045
Уходи 1,698970 0,004045
уходя 1,698970 0,004045
Борис 0,769551 0,001832
Бударин 1,698970 0,004045
Снег 1,522879 0,003626
Игорь 0,823909 0,002943
Григоров 1,698970 0,004045
Рапсодия 1,698970 0,004045
Илья 1,045757 0,002490
Будницкий 1,698970 0,004045
Крадется 1,698970 0,004045
месяц 0,853872 0,002033
не 0,142668 0,000510
спеша 1,698970 0,004045
Анатолий 1,301030 0,003098
Аринин 1,698970 0,004045
Всю 1,698970 0,004045
ночь 1,000000 0,002381
писал 1,522879 0,003626
стихи 1,301030 0,004647
Вадим 1,045757 0,002490
Бакулин 1,698970 0,004045
Пастельное 1,698970 0,004045
Ревский 1,698970 0,004045
Дмитрий 0,602060 0,002150
Избранное 1,397940 0,003328
Вы 0,619789 0,002214
пугаете 1,698970 0,004045
весну 1,301030 0,003098
Диана 1,221849 0,002909
Дмитриева 1,397940 0,003328
Педанэ 1,698970 0,004045
Бродячий 1,698970 0,004045
цирк 1,522879 0,003626
Евгений 0,698970 0,002496
Глушаков 1,698970 0,006068
Пленэр 1,698970 0,004045
Мартовская 1,698970 0,004045
зарисовка 1,698970 0,004045
Виктор 0,795880 0,001895
Никифоров 1,397940 0,003328
Сиринкс 1,698970 0,004045
Увы 1,698970 0,004045
друзья 1,045757 0,002490
выходим 1,698970 0,004045
мы 0,468521 0,001116
из 0,167491 0,000598
моды 1,397940 0,003328
Богданов 1,522879 0,003626
Я 0,508638 0,001817
читала 1,522879 0,003626
Надежда 1,045757 0,003735
Бобко 1,698970 0,006068
Писать 1,698970 0,004045
Юлия 0,823909 0,001962
Погодина 1,698970 0,004045
Инопланетная 1,698970 0,004045
Иван 0,744727 0,001773
Романов 1,301030 0,003098
Клинский 1,698970 0,004045
Весна 1,221849 0,002909
весна 1,221849 0,004364
Алла 1,221849 0,002909
Арцис 1,698970 0,004045
Танец 1,397940 0,003328
в 0,070581 0,000672
Буживале 1,698970 0,004045
Любовь 0,823909 0,001962
Сердечная 1,698970 0,004045
Было 1,698970 0,004045
ли 0,397940 0,000947
было 0,585027 0,001393
Нина 1,221849 0,002909
Дедлова 1,698970 0,004045
Не 0,481486 0,001146
переводи 1,698970 0,004045
Наталья 0,853872 0,002033
Возжаева 1,698970 0,004045
Искрилось 1,698970 0,004045
Наташа 1,301030 0,003098
Корецкая 1,698970 0,004045
Рекомендуемые 1,397940 0,004993
произведения 0,823909 0,002943
публикуется 1,522879 0,003626
сейчас 0,657577 0,001566
них 0,769551 0,001832
сети 0,823909 0,002943
авторы 1,000000 0,003571
Марианна 1,698970 0,004045
Боровкова 1,698970 0,004045
Забирова 1,698970 0,004045
Ольга 0,769551 0,001832
Елена 0,769551 0,001832
Талленика 1,522879 0,003626
Альберт 1,301030 0,003098
Горошко 1,698970 0,004045
Татьяна 1,000000 0,003571
Игнатьева 1,698970 0,004045
Продолжение 1,301030 0,004647
списка 1,397940 0,004993
приглашают 1,397940 0,003328
Добавить 1,154902 0,002750
ваше 1,045757 0,002490
имя 0,886057 0,002110
Весса 1,522879 0,003626
Блюменбаум 1,522879 0,003626
Виталий 1,154902 0,002750
Часов 1,698970 0,004045
Семен 1,522879 0,003626
Вуль 1,698970 0,004045
Василий 1,301030 0,003098
Тихонов 1,522879 0,003626
Из 0,698970 0,001664
Омска 1,522879 0,003626
Булдакова 1,698970 0,004045
Кельх 1,698970 0,004045
Рейтинг 0,958607 0,002282
Ваши 1,221849 0,002909
позиции 1,301030 0,003098
рейтинге 1,301030 0,003098
Апрельские 1,522879 0,003626
зори 1,698970 0,004045
Жюр 1,698970 0,006068
Чем 0,920819 0,002192
пахнет 1,522879 0,003626
ранняя 1,698970 0,004045
Валентина 1,045757 0,002490
Бутрос 1,698970 0,004045
Трепетный 1,698970 0,004045
сон 1,522879 0,003626
Корбут 1,698970 0,004045
смерть 1,154902 0,002750
В 0,167491 0,000798
Жириновского 0,657577 0,001566
Михаил 0,568636 0,001354
Стихоплетов 1,698970 0,004045
обниму 1,698970 0,004045
разлуку 1,522879 0,003626
как 0,251812 0,000600
невесту 1,698970 0,004045
Валентин 1,154902 0,002750
Корнев 1,698970 0,004045
Солнечный 1,522879 0,003626
зайчик 1,698970 0,004045
Сергей 0,468521 0,001116
Файнберг 1,698970 0,004045
Букеты 1,698970 0,004045
слов 1,096910 0,002612
Ставлю 1,698970 0,004045
на 0,075721 0,000811
Весну 1,698970 0,004045
Апрельский 1,698970 0,004045
Просто 1,301030 0,003098
знай 1,522879 0,003626
Сонет 1,522879 0,003626
Анастасия 1,154902 0,002750
Малиновская 1,698970 0,004045
К 0,638272 0,001520
дню 1,698970 0,004045
космонавтики 1,397940 0,003328
Гала 1,301030 0,003098
Смирнова 1,522879 0,003626
Полная 1,301030 0,003098
таблица 1,397940 0,003328
рейтинга 1,301030 0,003098
Антология 1,301030 0,003098
русской 0,744727 0,002660
поэзии 1,221849 0,004364
Издательство 1,221849 0,002909
Российского 1,096910 0,003918
союза 1,301030 0,004647
писателей 1,045757 0,003735
приступило 1,522879 0,003626
к 0,207608 0,000741
формированию 1,522879 0,003626
Антологии 1,301030 0,004647
за 0,180456 0,001289
год 0,568636 0,003385
об 0,292430 0,000696
Премия 1,045757 0,004980
Поэт 1,301030 0,004647
Открыт 1,522879 0,003626
конкурс 0,920819 0,003289
национальной 1,301030 0,003098
литературной 1,397940 0,003328
премии 0,853872 0,008132
Наследие 1,221849 0,002909
Проводится 1,522879 0,003626
соискание 1,522879 0,005439
торжественная 1,522879 0,003626
церемония 1,221849 0,002909
вручения 1,221849 0,002909
состоится 1,096910 0,003918
июне 1,397940 0,003328
Русь 1,397940 0,003328
моя 1,096910 0,002612
Продолжается 1,698970 0,004045
прием 1,221849 0,004364
рукописей 1,522879 0,003626
итоги 1,000000 0,002381
будут 0,638272 0,001520
подведены 1,522879 0,003626
ко 0,958607 0,002282
Дню 0,958607 0,002282
рождения 0,677781 0,001614
Сергея 0,920819 0,002192
Есенина 1,301030 0,003098
Георгиевская 1,397940 0,003328
лента 1,045757 0,002490
Проходит 1,397940 0,003328
Награждение 1,522879 0,003626
победителей 1,154902 0,002750
мая 0,823909 0,001962
канун 1,397940 0,003328
празднования 1,522879 0,003626
Дня 1,096910 0,002612
Победы 1,000000 0,002381
конкурсе 1,397940 0,003328
Проза 1,397940 0,003328
Портал 1,221849 0,004364
предоставляет 1,154902 0,002750
своих 0,657577 0,001566
литературных 1,397940 0,003328
Интернет 0,823909 0,001962
основании 1,301030 0,006195
пользовательского 1,154902 0,002750
договора 1,397940 0,003328
Все 0,148742 0,000531
авторские 1,221849 0,002909
права 0,431798 0,001542
принадлежат 1,096910 0,003918
и 0,075721 0,000451
охраняются 1,221849 0,002909
законом 1,522879 0,003626
Перепечатка 1,301030 0,003098
возможна 1,397940 0,003328
только 0,309804 0,000738
с 0,102373 0,000366
согласия 1,000000 0,002381
его 0,376751 0,001346
автора 0,886057 0,002110
которому 1,221849 0,002909
вы 0,420216 0,001001
можете 0,795880 0,002842
обратиться 1,397940 0,003328
авторской 1,301030 0,003098
странице 1,045757 0,002490
Ответственность 1,397940 0,003328
тексты 1,221849 0,002909
несут 1,397940 0,003328
самостоятельно 1,154902 0,002750
правил 0,958607 0,002282
законодательства 1,000000 0,002381
Российской 0,769551 0,001832
Федерации 0,795880 0,001895
Данные 1,522879 0,003626
пользователей 0,853872 0,002033
обрабатываются 1,522879 0,003626
Политики 1,221849 0,002909
обработки 0,958607 0,002282
персональных 0,769551 0,001832
данных 0,657577 0,001566
также 0,494850 0,001178
посмотреть 1,000000 0,002381
более 0,585027 0,002089
подробную 1,397940 0,003328
информацию 0,721246 0,001717
связаться 1,301030 0,003098
администрацией 1,522879 0,003626
Ежедневная 1,522879 0,003626
аудитория 1,397940 0,003328
порядка 1,301030 0,003098
тысяч 0,744727 0,001773
посетителей 1,221849 0,004364
которые 0,431798 0,001028
общей 1,522879 0,003626
сумме 1,522879 0,003626
просматривают 1,522879 0,003626
двух 0,886057 0,002110
миллионов 1,045757 0,002490
страниц 1,154902 0,002750
по 0,124939 0,000446
данным 1,221849 0,002909
счетчика 1,522879 0,003626
посещаемости 1,522879 0,003626
который 0,508638 0,001211
расположен 1,522879 0,003626
справа 1,397940 0,003328
от 0,193820 0,000461
этого 0,619789 0,001476
текста 1,045757 0,002490
каждой 1,221849 0,002909
графе 1,522879 0,003626
указано 1,522879 0,003626
две 0,795880 0,001895
цифры 1,397940 0,003328
количество 1,154902 0,004125
просмотров 1,221849 0,002909
работает 0,657577 0,001566
под 0,376751 0,000897
эгидой 1,221849 0,002909
