Культура 0,638272 0,001669
РФ 0,568636 0,002230
Портал 1,221849 0,001597
культурного 1,522879 0,002986
наследия 1,522879 0,001991
традиций 1,397940 0,001827
народов 1,221849 0,002396
России 0,251812 0,001810
АФИША 1,698970 0,002221
Вся 0,886057 0,001158
афиша 1,397940 0,001827
Пушкинская 1,301030 0,003401
карта 1,154902 0,003019
Выставки 1,045757 0,001367
События 0,886057 0,001158
онлайн 0,508638 0,001995
Спектакли 1,522879 0,005972
Концерты 1,301030 0,002551
Фестивали 1,301030 0,001701
и 0,075721 0,002326
праздники 0,886057 0,001158
Встречи 1,301030 0,001701
Вам 1,301030 0,010204
может 0,397940 0,003121
понравиться 1,698970 0,013325
В 0,167491 0,000657
кино 0,568636 0,002230
по 0,124939 0,000653
Пушкинской 1,698970 0,003331
карте 1,301030 0,003401
LIVE 1,154902 0,001510
Все 0,148742 0,001264
трансляции 1,301030 0,001701
Расписание 1,221849 0,001597
трансляций 1,522879 0,002986
Архив 1,096910 0,001434
Заявка 1,522879 0,001991
на 0,075721 0,000445
трансляцию 1,301030 0,001701
Стриминговые 1,698970 0,002221
площадки 1,698970 0,003331
Национальный 1,221849 0,001597
проект 0,744727 0,001460
Ромео 1,698970 0,002221
Джульетта 1,522879 0,001991
СПЕЦПРОЕКТЫ 1,698970 0,002221
спецпроекты 1,522879 0,001991
Культурный 1,698970 0,007773
вопрос 0,698970 0,002284
Слово 1,301030 0,002551
дня 0,494850 0,000970
Подкасты 0,744727 0,000973
Школа 1,154902 0,001510
Открываем 1,698970 0,002221
города 0,698970 0,000914
Всероссийские 1,698970 0,002221
акции 1,045757 0,001367
Место 1,522879 0,001991
Даурия 1,698970 0,002221
КИНО 1,522879 0,001991
о 0,136677 0,001787
Фильмы 0,744727 0,001947
Статьи 0,886057 0,005791
Подборки 0,795880 0,004682
фильмов 0,795880 0,002081
Биографии 1,397940 0,007309
актеров 1,221849 0,002396
режиссеров 1,301030 0,001701
Сериал 1,000000 0,001307
Живые 1,522879 0,001991
мемории 1,698970 0,002221
МУЗЕИ 1,698970 0,002221
музеях 1,397940 0,001827
коллекциях 1,522879 0,001991
Каталог 1,301030 0,002551
музеев 1,096910 0,001434
об 0,292430 0,001720
искусстве 1,397940 0,005482
музейных 1,397940 0,001827
коллекций 1,397940 0,001827
художников 1,096910 0,002868
коллекционеров 1,522879 0,001991
Эрмитаж 1,522879 0,001991
Кинопутешествие 1,698970 0,002221
великому 1,698970 0,002221
музею 1,698970 0,002221
МУЗЫКА 1,522879 0,001991
музыке 1,301030 0,003401
музыкальных 1,698970 0,002221
произведений 0,853872 0,001116
концертов 1,221849 0,001597
Виртуальные 1,221849 0,001597
концертные 1,698970 0,002221
залы 1,221849 0,001597
музыкантов 1,397940 0,001827
исполнителей 1,698970 0,002221
Музыкальные 1,698970 0,002221
коллективы 1,698970 0,002221
Концертные 1,522879 0,001991
историй 1,096910 0,001434
жизни 0,443697 0,000870
Петра 1,000000 0,001307
Чайковского 1,301030 0,001701
его 0,376751 0,000739
работах 1,698970 0,002221
ТЕАТР 1,698970 0,002221
театре 1,045757 0,002051
спектаклей 1,397940 0,002741
постановщиков 1,698970 0,002221
театров 1,397940 0,001827
произведениям 1,522879 0,001991
Федора 1,522879 0,001991
Достоевского 1,301030 0,002551
ЛИТЕРАТУРА 1,698970 0,002221
литературе 1,301030 0,003401
Произведения 1,221849 0,001597
классической 1,221849 0,001597
литературы 0,920819 0,001806
русской 0,744727 0,002434
литературную 1,522879 0,001991
тему 1,301030 0,001701
писателей 1,045757 0,001367
критиков 1,154902 0,001510
Библиотеки 1,522879 0,001991
Стихи 1,096910 0,001434
русских 0,853872 0,001116
поэтов 1,301030 0,001701
Самые 0,920819 0,001806
популярные 1,000000 0,001307
классики 1,301030 0,001701
из 0,167491 0,000547
школьной 1,397940 0,002741
программы 0,823909 0,001616
ТРАДИЦИИ 1,698970 0,002221
традициях 1,698970 0,005552
Нематериальное 1,698970 0,002221
культурное 1,698970 0,002221
наследие 1,397940 0,003655
обычаев 1,698970 0,002221
ритуалов 1,698970 0,002221
Религиозное 1,698970 0,002221
Дома 1,045757 0,001367
культуры 0,795880 0,005722
клубы 1,397940 0,001827
Зарубежное 1,698970 0,002221
Как 0,301030 0,000984
появился 1,301030 0,001701
человек 0,494850 0,000647
легенды 1,000000 0,001961
разных 0,920819 0,001204
АРХИТЕКТУРА 1,698970 0,002221
архитектуре 1,698970 0,003331
Архитектурный 1,698970 0,002221
каталог 1,154902 0,001510
памятников 1,698970 0,002221
архитектуры 1,522879 0,002986
архитекторов 1,698970 0,002221
Усадьбы 1,698970 0,002221
Термины 1,522879 0,001991
Век 1,522879 0,001991
ВХУТЕМАСа 1,698970 0,002221
архитектура 1,698970 0,002221
в 0,070581 0,000369
которой 0,886057 0,001158
мы 0,468521 0,000612
живем 1,522879 0,001991
ОБРАЗОВАНИЕ 1,698970 0,002221
образовании 1,301030 0,001701
Лекции 1,522879 0,002986
науке 1,522879 0,001991
лекций 1,522879 0,001991
ученых 1,397940 0,001827
общественных 1,698970 0,002221
деятелей 1,301030 0,001701
Образовательные 1,698970 0,002221
учреждения 1,522879 0,001991
тесты 1,301030 0,001701
Мифы 1,221849 0,001597
Байкале 1,698970 0,002221
Спецпроект 1,301030 0,003401
детям 1,096910 0,001434
Для 0,494850 0,000647
школы 0,853872 0,001116
не 0,142668 0,000186
только 0,309804 0,000405
фильмы 0,886057 0,001737
аудиокниги 1,522879 0,001991
статьи 0,958607 0,001253
произведения 0,823909 0,002693
классиков 1,397940 0,001827
Роман 0,795880 0,001040
река 1,522879 0,001991
Значение 1,698970 0,002221
происхождение 1,698970 0,002221
употребление 1,522879 0,001991
понятия 1,522879 0,001991
современном 1,522879 0,001991
языке 0,886057 0,001158
Занимались 1,698970 0,002221
ли 0,397940 0,000520
до 0,244125 0,000638
революции 1,301030 0,001701
профессиональным 1,301030 0,001701
спортом 1,698970 0,002221
Отвечает 1,522879 0,001991
Анастасия 1,154902 0,001510
Войко 1,698970 0,002221
автор 1,045757 0,001367
портала 1,221849 0,003194
Подборка 1,301030 0,004252
Книги 0,795880 0,001040
любви 0,677781 0,000886
от 0,193820 0,000380
приложения 1,045757 0,001367
НЭБ 1,522879 0,001991
Свет 1,397940 0,001827
Алые 1,698970 0,002221
паруса 1,698970 0,002221
Руслан 1,397940 0,001827
Людмила 0,920819 0,001204
Драма 1,301030 0,001701
охоте 1,522879 0,001991
другие 0,677781 0,001329
романтические 1,397940 0,001827
истории 0,657577 0,001289
Публикация 1,522879 0,006967
Литературные 1,397940 0,001827
дома 0,744727 0,000973
Петербурга 1,154902 0,001510
Где 0,958607 0,001253
Белинский 1,698970 0,002221
благословил 1,698970 0,002221
как 0,251812 0,000494
жители 1,154902 0,001510
творческих 1,522879 0,001991
коммуналок 1,698970 0,002221
проводили 1,522879 0,001991
вечера 1,522879 0,001991
интересных 1,096910 0,002151
каналов 1,698970 0,002221
культуре 1,522879 0,002986
Что 0,346787 0,000453
читать 0,823909 0,001616
советском 1,397940 0,001827
монументальном 1,698970 0,002221
культурные 1,522879 0,001991
городки 1,698970 0,002221
деревни 1,397940 0,001827
поселения 1,698970 0,002221
возрождаются 1,698970 0,002221
благодаря 0,853872 0,001116
просветительским 1,698970 0,002221
проектам 1,698970 0,002221
Советует 1,698970 0,002221
Госфильмофонд 1,698970 0,002221
ко 0,958607 0,001253
Дню 0,958607 0,001253
работника 1,698970 0,002221
отечественных 1,397940 0,001827
людях 1,221849 0,002396
искусства 0,886057 0,002316
современных 1,221849 0,002396
российских 0,468521 0,000612
мультфильмов 1,522879 0,001991
От 0,795880 0,001040
Финника 1,698970 0,002221
Смешариков 1,522879 0,001991
что 0,187087 0,000245
смотреть 0,769551 0,001006
родителям 1,522879 0,001991
с 0,102373 0,000468
детьми 1,096910 0,001434
Большого 1,301030 0,001701
театра 1,154902 0,002265
кукол 1,698970 0,002221
Антиутопия 1,522879 0,001991
Евгения 0,853872 0,001116
Замятина 1,698970 0,002221
повести 1,221849 0,001597
Александра 0,638272 0,000834
Пушкина 1,000000 0,001307
Льва 1,301030 0,001701
Толстого 1,397940 0,001827
Первые 1,096910 0,001434
профессии 1,045757 0,001367
известных 1,096910 0,001434
Кем 1,397940 0,001827
могли 1,045757 0,001367
стать 0,795880 0,001040
Венецианов 1,698970 0,002221
Врубель 1,698970 0,002221
Кандинский 1,698970 0,002221
фактов 1,397940 0,001827
художника 1,045757 0,001367
Константина 1,221849 0,001597
Сомова 1,698970 0,002221
Почему 0,522879 0,000684
работы 0,638272 0,000834
возмущали 1,698970 0,002221
Илью 1,698970 0,002221
Репина 1,522879 0,001991
восхищали 1,698970 0,002221
Кузьму 1,698970 0,002221
Петрова 1,221849 0,001597
Водкина 1,698970 0,002221
реставрации 1,397940 0,001827
Узнайте 1,522879 0,001991
мастера 1,522879 0,001991
возрождают 1,698970 0,002221
поврежденные 1,698970 0,002221
экспонаты 1,522879 0,001991
Новости 0,221849 0,000290
Музеи 1,301030 0,004252
Музее 1,698970 0,002221
телевизионного 1,698970 0,002221
проходят 1,522879 0,001991
Дни 1,522879 0,001991
Шуховской 1,698970 0,002221
башни 1,522879 0,001991
апреля 0,301030 0,001377
Другие 0,958607 0,002506
новости 0,420216 0,001373
Объявлены 1,522879 0,001991
лауреаты 1,522879 0,001991
X 1,045757 0,001367
премии 0,853872 0,001674
The 0,721246 0,000943
Art 1,397940 0,001827
Newspaper 1,698970 0,002221
Russia 1,522879 0,001991
Угличе 1,698970 0,002221
открывается 1,397940 0,001827
тактильная 1,698970 0,002221
модель 1,045757 0,001367
храма 1,522879 0,001991
Царевича 1,698970 0,002221
Димитрия 1,698970 0,002221
Театры 1,154902 0,001510
Театре 1,522879 0,001991
Таганке 1,698970 0,002221
пройдет 1,221849 0,001597
премьера 1,154902 0,001510
Дон 1,522879 0,001991
Кихота 1,698970 0,002221
Пушкинском 1,698970 0,002221
музее 1,154902 0,001510
проходит 1,000000 0,001307
выставка 1,221849 0,001597
Мумии 1,698970 0,002221
Древнего 1,522879 0,001991
Египта 1,221849 0,001597
Искусство 1,221849 0,001597
бессмертия 1,698970 0,002221
Три 0,823909 0,001077
open 1,221849 0,001597
call 1,522879 0,001991
для 0,119186 0,000389
стартовали 1,522879 0,001991
апреле 0,853872 0,001116
Подпишитесь 1,154902 0,001510
рассылку 1,000000 0,001307
КУЛЬТУРА 1,522879 0,001991
А 0,376751 0,000492
также 0,494850 0,000970
читайте 1,221849 0,001597
нас 0,508638 0,000665
социальных 0,769551 0,001006
сетях 0,769551 0,001006
Посетить 1,698970 0,002221
Культурные 1,522879 0,001991
события 0,795880 0,001040
интересные 1,154902 0,001510
места 1,045757 0,002051
достопримечательности 1,522879 0,001991
Читать 0,886057 0,001158
биографии 1,221849 0,001597
книги 0,744727 0,002434
Смотреть 0,721246 0,000943
Отечественные 1,698970 0,002221
зарубежные 1,698970 0,002221
лекции 1,301030 0,002551
концерты 1,522879 0,001991
спектакли 1,522879 0,004977
Live 1,301030 0,002551
апр 1,397940 0,008223
пт 1,397940 0,008223
III 1,154902 0,001510
Открытый 1,397940 0,001827
Форум 1,000000 0,001307
молодых 1,154902 0,001510
библиотекарей 1,522879 0,001991
Библиотека 1,045757 0,001367
идеи 1,154902 0,001510
практики 1,698970 0,002221
Уфимская 1,698970 0,002221
центральная 1,698970 0,002221
городская 1,301030 0,001701
библиотека 1,096910 0,001434
Мастер 1,096910 0,001434
класс 1,301030 0,001701
Балажа 1,698970 0,002221
Бараньяи 1,698970 0,002221
Всероссийский 1,397940 0,001827
конкурс 0,920819 0,001204
артистов 1,301030 0,001701
балета 1,154902 0,001510
хореографов 1,698970 0,002221
Церемония 1,154902 0,001510
вручения 1,221849 0,001597
Общественной 1,698970 0,002221
имени 0,721246 0,001414
Римы 1,698970 0,002221
Баталовой 1,698970 0,002221
Молодость 1,698970 0,002221
нации 1,698970 0,002221
Государственный 1,221849 0,001597
концертный 1,698970 0,002221
зал 1,301030 0,001701
Башкортостан 1,522879 0,001991
Праздничный 1,698970 0,002221
концерт 1,522879 0,001991
Песни 1,045757 0,001367
любимых 1,045757 0,001367
кинофильмов 1,698970 0,002221
Районный 1,698970 0,002221
дом 0,823909 0,001077
Воробьевка 1,698970 0,002221
Арт 1,221849 0,001597
урок 1,522879 0,001991
Создание 1,154902 0,001510
фонограммы 1,698970 0,002221
Валуйский 1,698970 0,002221
дворец 1,522879 0,001991
спорта 0,958607 0,001253
Студенческая 1,698970 0,002221
весна 1,221849 0,001597
Центр 0,920819 0,001204
развития 0,721246 0,000943
села 1,698970 0,002221
Ютановка 1,698970 0,002221
Волк 1,096910 0,001434
семеро 1,522879 0,001991
козлят 1,522879 0,001991
Волоконовская 1,698970 0,002221
детская 1,522879 0,001991
школа 1,397940 0,001827
искусств 1,096910 0,001434
М 0,744727 0,000973
И 0,408935 0,000535
Дейнеко 1,698970 0,002221
Музейная 1,522879 0,001991
гостиная 1,698970 0,002221
Жизнь 0,823909 0,001077
творчество 1,397940 0,002741
жизнь 0,537602 0,000703
Алексеевский 1,698970 0,002221
краеведческий 1,698970 0,002221
музей 1,000000 0,001307
Каталоги 1,522879 0,001991
разделов 1,397940 0,001827
Кино 0,677781 0,001329
Театр 0,920819 0,001806
Музыка 0,795880 0,001561
концерта 1,522879 0,001991
Образование 0,886057 0,001737
Образы 1,522879 0,001991
мест 1,045757 0,002051
учреждений 1,522879 0,001991
литература 1,000000 0,001307
Архитектура 1,301030 0,002551
Открывайте 1,698970 0,003331
загадки 1,522879 0,002986
вместе 0,769551 0,001509
нами 1,154902 0,002265
код 1,096910 0,002151
школьников 1,221849 0,002396
архитектурные 1,698970 0,003331
памятники 1,397940 0,002741
Смотри 1,154902 0,001510
программа 0,958607 0,001253
популяризации 1,698970 0,002221
культурных 1,522879 0,001991
мероприятий 1,096910 0,001434
среди 0,958607 0,001253
молодежи 1,698970 0,002221
Точка 0,795880 0,001040
концентрации 1,698970 0,002221
талантов 1,397940 0,001827
Гений 1,522879 0,001991
Пространство 1,522879 0,001991
новых 0,508638 0,000665
возможностей 1,301030 0,001701
созданное 1,698970 0,002221
базе 1,221849 0,001597
модельной 1,698970 0,002221
муниципальной 1,698970 0,002221
библиотеки 1,397940 0,001827
русскую 1,301030 0,001701
классику 1,522879 0,001991
Вишневый 1,522879 0,001991
сад 1,045757 0,001367
Чехова 1,301030 0,001701
Темные 1,698970 0,002221
аллеи 1,698970 0,002221
Бунина 1,522879 0,001991
детей 0,431798 0,000564
Постановки 1,698970 0,002221
зарубежной 1,522879 0,001991
классике 1,397940 0,001827
кукольные 1,698970 0,002221
мюзиклы 1,698970 0,002221
оперы 1,221849 0,001597
Спецпроекты 0,657577 0,001289
Путеводитель 1,096910 0,001434
Царицыну 1,698970 0,002221
Знакомьтесь 1,698970 0,002221
историей 1,522879 0,001991
усадьбы 1,698970 0,002221
отправляйтесь 1,698970 0,002221
прогулку 1,522879 0,001991
старинному 1,698970 0,002221
парку 1,522879 0,001991
Главные 0,769551 0,001006
художественные 1,698970 0,002221
объединения 1,698970 0,002221
русского 0,769551 0,001006
художники 1,154902 0,001510
поддерживали 1,698970 0,002221
друг 0,795880 0,001040
друга 0,886057 0,001158
искали 1,397940 0,001827
новые 0,508638 0,000665
стили 1,698970 0,002221
бунтовали 1,698970 0,002221
против 0,387216 0,000506
классических 1,698970 0,002221
канонов 1,698970 0,002221
Афиша 0,795880 0,001040
Литература 1,301030 0,001701
Традиции 1,698970 0,002221
гуманитарный 1,698970 0,002221
просветительский 1,698970 0,002221
посвященный 1,397940 0,001827
Мы 0,537602 0,000703
рассказываем 1,522879 0,001991
значимых 1,397940 0,001827
событиях 1,045757 0,001367
музыки 1,221849 0,001597
а 0,327902 0,000429
народных 1,397940 0,001827
памятниках 1,698970 0,002221
нашей 0,853872 0,001116
природы 1,522879 0,001991
формате 1,154902 0,001510
просветительских 1,698970 0,002221
статей 1,301030 0,001701
заметок 1,522879 0,001991
интервью 0,823909 0,001077
тестов 1,698970 0,002221
новостей 0,619789 0,000810
любых 1,096910 0,001434
интернет 0,657577 0,000860
форматах 1,522879 0,001991
О 0,207608 0,000271
проекте 0,657577 0,000860
Открытые 1,301030 0,001701
данные 0,721246 0,000943
Минкультуры 1,397940 0,001827
права 0,431798 0,000564
защищены 0,602060 0,000787
Контакты 0,455932 0,000596
E 0,920819 0,001204
mail 0,721246 0,000943
cultrf 1,698970 0,002221
mkrf 1,698970 0,002221
ru 0,187087 0,000245
Обратная 0,585027 0,000765
связь 0,552842 0,000723
Нашли 1,221849 0,001597
опечатку 1,301030 0,001701
Ctrl 0,958607 0,001253
Enter 0,958607 0,001253
Материалы 1,045757 0,001367
При 0,769551 0,001006
цитировании 1,522879 0,001991
копировании 1,522879 0,001991
материалов 0,585027 0,000765
активная 1,522879 0,001991
гиперссылка 1,397940 0,001827
обязательна 1,154902 0,001510
