Телеканал 0,769551 0,002620
истории 0,657577 0,002239
которыми 1,698970 0,003857
хочется 1,221849 0,002774
поделиться 1,397940 0,003174
img 0,795880 0,001807
height 1,221849 0,002774
width 1,221849 0,002774
alt 0,886057 0,002011
facebook 1,221849 0,004161
pixel 1,698970 0,003857
src 0,795880 0,001807
https 0,721246 0,001637
www 0,698970 0,001587
com 0,744727 0,001691
tr 1,522879 0,003457
id 1,154902 0,002622
amp 1,397940 0,004760
ev 1,522879 0,003457
PageView 1,522879 0,003457
noscript 1,522879 0,003457
Новости 0,221849 0,001259
Истории 0,853872 0,002908
Эфир 0,958607 0,003264
Подмосковье 1,221849 0,006934
Балашиха 1,698970 0,005785
Богородский 1,698970 0,005785
Истра 1,698970 0,005785
Одинцово 1,522879 0,005186
Реутов 1,698970 0,005785
Солнечногорск 1,522879 0,005186
Химки 1,522879 0,005186
Операция 1,221849 0,004161
на 0,075721 0,000688
Украине 0,537602 0,003051
Реклама 0,387216 0,001758
Поиск 0,619789 0,002111
В 0,167491 0,000380
фокусе 1,698970 0,003857
Сегодня 0,677781 0,011540
Украина 0,698970 0,002380
хотела 1,221849 0,002774
сделать 0,920819 0,002090
из 0,167491 0,001521
Краматорска 1,045757 0,002374
вторую 1,698970 0,003857
Бучу 1,698970 0,003857
фото 0,657577 0,001493
последствий 1,522879 0,003457
удара 0,823909 0,002806
Прощание 0,958607 0,002176
с 0,102373 0,000813
Жириновским 0,585027 0,001328
началось 1,522879 0,003457
в 0,070581 0,001763
Москве 0,455932 0,001035
Прямая 1,397940 0,003174
трансляция 1,154902 0,002622
Минобороны 0,698970 0,001587
РФ 0,568636 0,003227
опровергло 1,221849 0,002774
причастность 1,301030 0,002954
к 0,207608 0,000943
ракетному 1,397940 0,003174
удару 1,301030 0,002954
по 0,124939 0,000851
Краматорску 0,744727 0,002536
безопасности 0,958607 0,002176
Воробьев 1,397940 0,003174
поставил 1,522879 0,003457
главные 0,823909 0,001870
задачи 1,301030 0,002954
для 0,119186 0,000406
правоохранителей 1,698970 0,003857
Басурин 1,045757 0,005935
уточнил 1,397940 0,004760
число 1,301030 0,004430
пострадавших 1,522879 0,005186
при 0,468521 0,002659
обстреле 1,522879 0,005186
вокзала 1,397940 0,007934
Краматорске 0,823909 0,004676
минут 0,920819 0,002090
назад 0,721246 0,001637
Жители 1,397940 0,003174
Донбасса 0,886057 0,002011
и 0,075721 0,000516
Украины 0,721246 0,004093
смогут 1,397940 0,003174
работать 1,045757 0,002374
без 0,387216 0,000879
патента 1,698970 0,003857
Обстрел 1,698970 0,005785
во 0,494850 0,001685
время 0,366532 0,001248
эвакуации 1,522879 0,005186
был 0,481486 0,001640
провокацией 1,154902 0,003933
Видео 0,431798 0,000980
дня 0,494850 0,001123
так 0,522879 0,001187
выглядит 1,522879 0,003457
место 0,795880 0,001807
ракетой 1,154902 0,002622
Гром 1,698970 0,003857
грянул 1,698970 0,003857
довольно 1,301030 0,002954
сильно 1,045757 0,002374
мы 0,468521 0,001064
умеем 1,698970 0,003857
креститься 1,698970 0,003857
побеждать 1,522879 0,003457
Эксклюзив 1,045757 0,008309
Вчера 1,045757 0,009496
Дает 1,698970 0,003857
стерилизующий 1,698970 0,003857
иммунитет 1,397940 0,003174
Профессор 1,397940 0,003174
Чумаков 1,522879 0,003457
о 0,136677 0,000931
назальной 1,522879 0,003457
ревакцинации 1,698970 0,003857
от 0,193820 0,000440
коронавируса 0,886057 0,002011
Освобожденным 1,698970 0,003857
регионам 1,698970 0,003857
предрекли 1,522879 0,003457
новое 1,096910 0,002490
будущее 0,795880 0,001807
ВФУ 1,698970 0,003857
тяжелой 1,154902 0,002622
артиллерии 1,698970 0,003857
обстреляли 1,698970 0,003857
Донецкий 1,698970 0,003857
ЛНР 1,221849 0,002774
Лучшие 0,823909 0,001870
Нужен 1,522879 0,003457
трибунал 1,698970 0,003857
чтобы 0,481486 0,001093
украинцы 1,397940 0,003174
могли 1,045757 0,002374
говорить 1,045757 0,002374
свободно 1,698970 0,003857
а 0,327902 0,000744
не 0,142668 0,000972
указке 1,698970 0,003857
На 0,283997 0,000645
нашли 1,045757 0,002374
следы 1,301030 0,002954
присутствия 1,522879 0,003457
европейских 1,221849 0,002774
наемников 0,958607 0,002176
Но 0,619789 0,001407
Донбасс 0,886057 0,002011
оказался 0,920819 0,002090
им 0,602060 0,001367
зубам 1,698970 0,003857
Иностранные 1,397940 0,003174
СМИ 0,481486 0,002186
повернулись 1,698970 0,003857
лицом 1,301030 0,002954
России 0,251812 0,001143
Это 0,537602 0,001220
сигнал 1,698970 0,003857
расколе 1,698970 0,003857
Запада 1,000000 0,003405
Азов 1,154902 0,002622
утопит 1,698970 0,003857
Зеленского 0,958607 0,002176
Выступление 1,397940 0,003174
националистов 0,958607 0,002176
перед 0,920819 0,002090
парламентом 1,522879 0,003457
Греции 1,045757 0,002374
изменит 1,522879 0,003457
отношение 1,045757 0,002374
Правда 1,096910 0,002490
умерла 1,522879 0,003457
первой 1,000000 0,002270
продолжит 1,301030 0,002954
врать 1,522879 0,003457
до 0,244125 0,001386
капитуляции 1,698970 0,003857
вопрос 0,698970 0,001587
кто 0,494850 0,001123
ее 0,508638 0,001155
подпишет 1,698970 0,003857
Он 0,721246 0,001637
говорит 1,154902 0,002622
Вернусь 1,698970 0,003857
я 0,522879 0,001187
еще 0,408935 0,000928
женился 1,522879 0,003457
Друзья 1,301030 0,002954
учителя 1,221849 0,002774
герое 1,397940 0,003174
спецоперации 0,744727 0,001691
Сергее 1,522879 0,003457
Скородинском 1,698970 0,003857
Как 0,301030 0,000683
оформить 1,522879 0,003457
кредитные 1,522879 0,003457
каникулы 1,301030 0,002954
что 0,187087 0,000425
делать 0,920819 0,002090
потере 1,698970 0,003857
работы 0,638272 0,001449
Для 0,494850 0,001123
жителей 0,853872 0,001938
Подмосковья 1,397940 0,003174
заработал 1,522879 0,003457
Объясняем 1,301030 0,002954
марта 0,769551 0,001747
Центробанк 1,221849 0,004161
снизил 0,698970 0,002380
ключевую 0,677781 0,002308
ставку 0,657577 0,002239
ЕГЭ 1,154902 0,003933
предложили 1,301030 0,004430
отменить 1,397940 0,004760
за 0,180456 0,001229
нехватки 1,522879 0,005186
офисной 1,301030 0,004430
бумаги 1,096910 0,003735
Взрывы 1,698970 0,005785
раздались 1,698970 0,005785
Белгородской 1,397940 0,004760
области 0,721246 0,003275
границе 1,301030 0,004430
Украиной 1,045757 0,003561
Его 0,958607 0,003264
сравнивают 1,698970 0,005785
Микеланджело 1,698970 0,005785
Выставка 1,301030 0,004430
картин 1,154902 0,003933
Сушкова 1,522879 0,005186
началась 1,221849 0,004161
Одинцове 1,698970 0,005785
Тарифы 1,397940 0,004760
платных 1,522879 0,005186
трассах 1,698970 0,005785
могут 0,522879 0,002374
вырасти 1,522879 0,005186
инфляции 1,522879 0,005186
апреля 0,301030 0,004100
Роспотребнадзор 1,522879 0,003457
оценил 1,154902 0,002622
риски 1,301030 0,002954
новой 0,769551 0,001747
волны 1,397940 0,003174
ковида 1,397940 0,003174
штамма 1,397940 0,003174
XE 1,221849 0,002774
Обрушение 1,698970 0,003857
породы 1,522879 0,003457
произошло 1,045757 0,002374
шахте 1,045757 0,002374
Кемеровской 1,698970 0,003857
два 0,853872 0,001938
человека 0,568636 0,001291
под 0,376751 0,000855
завалами 1,522879 0,003457
Один 0,853872 0,001938
человек 0,494850 0,001123
погиб 1,301030 0,002954
ДТП 1,301030 0,002954
Якутии 1,698970 0,003857
Медики 1,522879 0,003457
указали 1,698970 0,003857
признаки 1,397940 0,003174
образования 1,221849 0,002774
тромба 1,397940 0,003174
Контакты 0,455932 0,001553
Вакансии 0,657577 0,001493
Вещание 1,397940 0,003174
Антибюрократия 1,698970 0,003857
Artboard 1,698970 0,003857
Любое 0,886057 0,002011
использование 0,795880 0,001807
материалов 0,585027 0,001992
допускается 1,045757 0,002374
только 0,309804 0,000703
соблюдении 1,397940 0,003174
Соглашения 1,698970 0,003857
Все 0,148742 0,000338
права 0,431798 0,000980
защищены 0,602060 0,001367
АО 0,795880 0,002710
Правила 0,853872 0,001938
цитирования 1,698970 0,003857
Мнения 1,000000 0,002270
взгляды 1,522879 0,003457
авторов 0,920819 0,002090
всегда 0,657577 0,001493
совпадают 1,698970 0,003857
точкой 1,698970 0,003857
зрения 1,397940 0,003174
редакции 0,481486 0,001640
Отдельные 1,397940 0,003174
публикации 0,823909 0,001870
содержать 1,154902 0,002622
информацию 0,721246 0,001637
предназначенную 1,397940 0,003174
пользователей 0,853872 0,001938
лет 0,366532 0,000832
Сетевое 0,795880 0,002710
издание 0,657577 0,002239
tv 1,096910 0,004980
ru 0,187087 0,000849
зарегистрировано 0,823909 0,001870
Федеральной 0,619789 0,001407
службе 0,920819 0,002090
надзору 0,619789 0,001407
сфере 0,552842 0,001255
связи 0,455932 0,001553
информационных 0,585027 0,001328
технологий 0,568636 0,001291
массовых 0,568636 0,001291
коммуникаций 0,585027 0,001328
января 0,958607 0,002176
г 0,602060 0,002050
свидетельство 1,301030 0,004430
регистрации 0,638272 0,002173
ЭЛ 0,823909 0,002806
ФС 0,522879 0,001781
перерегистрировано 1,698970 0,003857
со 0,387216 0,000879
сменой 1,522879 0,003457
учредителя 1,522879 0,003457
августа 1,000000 0,002270
Учредитель 0,698970 0,001587
Главный 0,585027 0,001328
редактор 0,585027 0,001328
Погорелова 1,698970 0,003857
Н 0,823909 0,001870
А 0,376751 0,000855
info 0,886057 0,002011
