Коронавирус 0,958607 0,000370
Спорт 0,537602 0,000415
Политика 0,443697 0,000514
Экономика 0,568636 0,000439
Общество 0,638272 0,000492
Колумнисты 1,522879 0,001175
Происшествия 0,823909 0,000636
Выбор 0,886057 0,001367
экспертов 1,096910 0,001270
Доктор 0,853872 0,000659
Семья 1,000000 0,001157
Женские 1,698970 0,001311
секреты 1,096910 0,000846
Путеводитель 1,096910 0,000846
Промокоды 1,221849 0,000943
Звезды 0,823909 0,000636
Здоровье 0,853872 0,000659
Сериалы 1,045757 0,000807
Спецпроекты 0,657577 0,000507
Дефицит 1,522879 0,001763
железа 1,698970 0,001966
Туризм 1,221849 0,000943
Пресс 0,657577 0,000507
центр 0,638272 0,000492
Наука 0,638272 0,000492
Недвижимость 1,045757 0,000807
Подписка 0,853872 0,000659
Рассылка 1,397940 0,001079
Телевизор 1,698970 0,001311
ИНТЕРНЕТ 1,698970 0,001311
МАГАЗИН 1,698970 0,001311
Коллекции 1,154902 0,000891
Олимпийский 1,522879 0,001175
Пекин 1,698970 0,001311
Не 0,481486 0,000372
надо 0,823909 0,000636
бояться 1,397940 0,001079
Надо 1,397940 0,001079
знать 1,000000 0,000772
ЭКОпроекты 1,698970 0,001311
Переходи 1,698970 0,001311
на 0,075721 0,000847
ЗОЖ 1,698970 0,001311
Жить 1,301030 0,001506
ЗОЖно 1,698970 0,001311
Экспедиции 1,698970 0,001311
КП 1,698970 0,001311
Москва 0,508638 0,000589
строится 1,522879 0,001175
Семейные 1,397940 0,001079
ценности 1,397940 0,001079
СТАС 1,698970 0,001311
НАМИН 1,698970 0,001311
ХХХХХХХ 1,698970 0,001311
ЛЕТ 1,698970 0,001311
Быть 1,096910 0,000846
осознанным 1,698970 0,001311
легко 1,045757 0,000807
Гагарин 1,698970 0,001311
Время 1,045757 0,001210
питаться 1,522879 0,001175
правильно 1,154902 0,000891
Финансовые 1,698970 0,001311
итоги 1,000000 0,000772
года 0,356547 0,000688
Национальный 1,221849 0,000943
вопрос 0,698970 0,000539
в 0,070581 0,001634
России 0,251812 0,000874
Попробуй 1,698970 0,001311
Россию 0,568636 0,000878
вкус 1,522879 0,001175
и 0,075721 0,001169
работать 1,045757 0,000807
Дальнем 1,698970 0,001311
Востоке 1,522879 0,001175
Опережая 1,698970 0,001311
время 0,366532 0,000707
РГСУ 1,698970 0,001311
за 0,180456 0,001044
яркой 1,522879 0,001175
карьерой 1,698970 0,001311
Отвечают 1,522879 0,001175
блогеры 1,698970 0,001311
Дзена 1,698970 0,001311
Люди 1,000000 0,001157
грани 1,221849 0,000943
Сохранение 1,698970 0,001311
лесов 1,522879 0,001175
легендарных 1,522879 0,001175
брендов 1,154902 0,000891
Кем 1,397940 0,001079
быть 0,431798 0,000333
Профессии 1,698970 0,001311
будущего 0,823909 0,000636
Тест 0,886057 0,000684
ВИЧ 1,698970 0,001311
Экспедиция 1,698970 0,001311
Россия 0,455932 0,000879
аграрная 1,698970 0,001311
Голосование 1,221849 0,000943
по 0,124939 0,000482
поправкам 1,698970 0,001311
Конституцию 1,698970 0,001311
Промокод 1,397940 0,002157
AliExpress 1,698970 0,001311
М 0,744727 0,000575
видео 0,568636 0,000439
Л 1,096910 0,000846
Этуаль 1,698970 0,001311
Волнения 1,698970 0,001311
США 0,508638 0,000392
Бизнес 0,853872 0,000659
помогает 1,221849 0,001414
Курс 0,886057 0,000684
рубля 1,045757 0,000807
ТОП 0,958607 0,000740
жилые 1,522879 0,001175
комплексы 1,397940 0,001079
лет 0,366532 0,000283
Великой 1,045757 0,000807
Победы 1,000000 0,001543
страна 1,096910 0,000846
возможностей 1,301030 0,001004
ЖКХ 1,301030 0,001004
Энергия 1,698970 0,001311
Экология 1,221849 0,000943
ЭКО 1,698970 0,001311
Москве 0,455932 0,000352
Среда 1,397940 0,001079
для 0,119186 0,000230
жизни 0,443697 0,000342
Хостинг 1,698970 0,001311
Лазерная 1,522879 0,001175
эпиляция 1,522879 0,001175
Капитал 1,698970 0,001311
Нелишние 1,698970 0,001311
деньги 0,958607 0,000740
Правильное 1,397940 0,001079
питание 1,397940 0,001618
Арктика 1,522879 0,001175
Наше 1,154902 0,000891
мясо 1,397940 0,001079
Перевал 1,522879 0,001175
Дятлова 1,522879 0,001175
Диабет 1,698970 0,001311
Отдых 1,522879 0,001175
здоровья 0,958607 0,000740
Боль 1,698970 0,001311
суставах 1,698970 0,001311
Афиша 0,795880 0,000614
Старшее 1,698970 0,001311
поколение 1,154902 0,000891
В 0,167491 0,001228
мире 0,468521 0,000362
Дом 0,698970 0,000539
Живой 1,522879 0,001175
уголок 1,522879 0,001175
История 0,494850 0,000382
современности 1,522879 0,001175
Как 0,301030 0,000465
победить 1,154902 0,000891
рак 1,522879 0,001175
Клуб 1,154902 0,001337
любознательных 1,698970 0,001311
потребителей 1,397940 0,001079
Книжная 1,397940 0,001079
полка 1,301030 0,001506
Культура 0,638272 0,000492
Мама 1,096910 0,000846
малыш 1,698970 0,001311
Наша 1,154902 0,000891
рыба 1,698970 0,001311
Наши 0,886057 0,000684
права 0,431798 0,000666
льготы 1,397940 0,001079
Образование 0,886057 0,000684
Приятного 1,522879 0,001175
аппетита 1,698970 0,001311
Украина 0,698970 0,000539
АВТО 1,698970 0,001311
Умные 1,522879 0,001175
вещи 1,221849 0,000943
Экономические 1,698970 0,001311
форумы 1,522879 0,001175
Есть 0,886057 0,000684
работа 0,920819 0,000711
Гид 1,397940 0,001079
потребителя 1,698970 0,001311
Доброволец 1,698970 0,001311
региона 1,221849 0,001414
Астрахань 1,221849 0,000943
Барнаул 1,397940 0,001079
Белгород 1,221849 0,000943
Биробиджан 1,698970 0,001311
Благовещенск 1,698970 0,001311
Брянск 1,301030 0,001004
Владимир 0,431798 0,000666
Волгоград 1,096910 0,000846
Вологда 1,221849 0,000943
Воронеж 1,221849 0,000943
Дальний 1,397940 0,001079
Восток 1,301030 0,001004
Донецк 1,698970 0,001311
Екатеринбург 1,000000 0,000772
Ижевск 1,221849 0,000943
Иркутск 1,301030 0,001004
Казань 0,823909 0,003179
Калининград 1,096910 0,000846
Калуга 1,301030 0,001004
Камчатка 1,397940 0,001079
Кемерово 1,301030 0,001004
Киров 1,301030 0,001004
Кострома 1,301030 0,001004
Краснодар 1,000000 0,000772
Красноярск 1,221849 0,000943
Крым 1,154902 0,000891
Курск 1,397940 0,001079
Липецк 1,522879 0,001175
Магадан 1,522879 0,001175
Мурманск 1,301030 0,001004
Нижний 0,853872 0,000659
Новгород 0,886057 0,000684
Новосибирск 1,045757 0,000807
Омск 1,221849 0,000943
Орел 1,397940 0,001079
Оренбург 1,221849 0,000943
Пенза 1,221849 0,000943
Пермь 1,096910 0,000846
Псков 1,221849 0,000943
Ростов 0,958607 0,000740
Дону 1,000000 0,000772
Рязань 1,301030 0,001004
Самара 1,221849 0,000943
Санкт 0,795880 0,000614
Петербург 0,920819 0,000711
Саратов 1,221849 0,000943
Сахалин 1,301030 0,001004
Севастополь 1,522879 0,001175
Северный 1,522879 0,001175
Кавказ 1,301030 0,001004
Смоленск 1,301030 0,001004
Сыктывкар 1,698970 0,001311
Тамбов 1,397940 0,001079
Тверь 1,301030 0,001004
Томск 1,221849 0,000943
Тула 1,221849 0,000943
Тюмень 1,221849 0,000943
Улан 1,522879 0,001175
Удэ 1,522879 0,001175
Ульяновск 1,301030 0,001004
Уфа 1,154902 0,000891
Хабаровск 1,397940 0,001079
Челябинск 1,154902 0,000891
Чита 1,301030 0,001004
Чукотка 1,698970 0,001311
Югра 1,522879 0,001175
Якутия 1,522879 0,001175
Ямал 1,397940 0,001079
Ярославль 1,154902 0,000891
Беларусь 1,154902 0,000891
Казахстан 1,154902 0,000891
Кыргызстан 1,522879 0,001175
Молдова 1,522879 0,001175
Возрастная 1,522879 0,001763
категория 1,397940 0,001618
сайта 0,522879 0,002017
отношении 0,853872 0,000659
обработки 0,958607 0,000740
персональных 0,769551 0,000594
данных 0,657577 0,000507
Сетевое 0,795880 0,000921
издание 0,657577 0,000761
сайт 0,494850 0,000573
зарегистрировано 0,823909 0,000954
Роскомнадзором 1,397940 0,001618
свидетельство 1,301030 0,001506
Эл 0,721246 0,001113
ФС 0,522879 0,000605
от 0,193820 0,000449
марта 0,769551 0,003563
г 0,602060 0,001626
Главный 0,585027 0,000677
редактор 0,585027 0,001129
Сунгоркин 1,698970 0,001966
Николаевич 1,397940 0,001618
Шеф 1,397940 0,001618
Носова 1,698970 0,001966
Олеся 1,522879 0,001763
Вячеславовна 1,698970 0,001966
Сообщения 1,221849 0,001414
комментарии 1,000000 0,001929
читателей 0,958607 0,001109
размещаются 1,522879 0,001763
без 0,387216 0,000747
предварительного 1,301030 0,001506
редактирования 1,522879 0,001763
Редакция 0,769551 0,000891
оставляет 1,301030 0,001506
собой 0,823909 0,000954
право 1,045757 0,001210
удалить 1,522879 0,001763
их 0,455932 0,000879
с 0,102373 0,000750
или 0,301030 0,000581
отредактировать 1,522879 0,001763
если 0,698970 0,000809
указанные 1,522879 0,001763
сообщения 1,154902 0,001337
являются 1,045757 0,001210
злоупотреблением 1,522879 0,001763
свободой 1,301030 0,001506
массовой 1,000000 0,001157
информации 0,698970 0,000809
нарушением 1,522879 0,001763
иных 1,522879 0,001763
требований 1,522879 0,001763
закона 1,045757 0,001210
Адрес 0,721246 0,000835
редакции 0,481486 0,000557
ул 1,000000 0,001157
Ямашева 1,522879 0,001763
й 1,045757 0,001614
этаж 1,301030 0,001506
Почтовый 1,698970 0,001966
индекс 1,698970 0,001966
а 0,327902 0,000633
я 0,522879 0,000605
Контактный 1,522879 0,001763
телефон 0,853872 0,000988
Исключительные 1,522879 0,001763
материалы 0,537602 0,000622
размещенные 1,397940 0,001618
интернет 0,657577 0,000761
сайте 0,431798 0,000500
www 0,698970 0,000809
kp 1,522879 0,004113
ru 0,187087 0,000289
соответствии 0,795880 0,000921
законодательством 0,823909 0,000954
Российской 0,769551 0,000891
Федерации 0,795880 0,000921
об 0,292430 0,000338
охране 1,301030 0,001506
результатов 1,397940 0,001618
интеллектуальной 1,096910 0,001270
деятельности 1,000000 0,001157
принадлежат 1,096910 0,001270
АО 0,795880 0,000921
Издательский 1,522879 0,001763
дом 0,823909 0,000954
Комсомольская 1,397940 0,002157
правда 0,958607 0,001479
не 0,142668 0,000275
подлежат 1,397940 0,001618
использованию 1,397940 0,001618
другими 1,221849 0,001414
лицами 1,301030 0,001506
какой 0,886057 0,001026
бы 0,585027 0,000903
то 0,537602 0,000622
ни 0,744727 0,000862
было 0,585027 0,000903
форме 1,221849 0,001414
письменного 1,000000 0,001157
разрешения 0,853872 0,000988
правообладателя 0,886057 0,001026
Приобретение 1,522879 0,001763
авторских 1,045757 0,001210
прав 0,920819 0,001066
связь 0,552842 0,000640
редакцией 1,301030 0,001506
ruПолная 1,698970 0,001311
версия 0,769551 0,000594
Мимишная 1,698970 0,001311
контрабандочка 1,698970 0,001311
щенок 1,698970 0,001311
залез 1,698970 0,001311
машину 1,000000 0,000772
к 0,207608 0,000561
дальнобойщикам 1,698970 0,001311
незаметно 1,698970 0,001311
попал 1,397940 0,001618
из 0,167491 0,000711
Белоруссии 1,154902 0,000891
Хвостатую 1,698970 0,001311
назвали 0,920819 0,000711
Олесей 1,698970 0,001311
теперь 0,677781 0,000784
путешественница 1,698970 0,001311
ищет 1,096910 0,000846
новых 0,508638 0,000589
хозяев 1,698970 0,001311
Татарстане 1,522879 0,005288
Сегодня 0,677781 0,000523
День 0,795880 0,000921
Казани 1,045757 0,004438
впервые 0,744727 0,000862
два 0,853872 0,000988
состоится 1,096910 0,001270
шествие 1,698970 0,001311
Бессмертного 1,698970 0,001311
мэрии 1,698970 0,001311
города 0,698970 0,000809
утвердили 1,698970 0,001311
план 1,221849 0,000943
подготовки 1,000000 0,001157
проведения 1,397940 0,001079
праздничных 1,698970 0,001311
мероприятий 1,096910 0,001270
Мая 1,522879 0,001175
Вчера 1,045757 0,001614
Такое 1,301030 0,001004
мы 0,468521 0,000362
увидели 1,397940 0,001079
Нижнекамске 1,698970 0,001311
врачи 1,221849 0,001886
удалили 1,397940 0,001079
миому 1,698970 0,001311
матке 1,698970 0,001311
пациентки 1,698970 0,001311
неделе 1,154902 0,000891
беременности 1,698970 0,001311
Подобная 1,698970 0,001311
опухоль 1,698970 0,001311
явление 1,522879 0,001175
нередкое 1,698970 0,001311
женщины 0,958607 0,001109
ней 0,823909 0,000636
даже 0,619789 0,000478
рожают 1,698970 0,001311
но 0,481486 0,000929
у 0,387216 0,000747
Розы 1,522879 0,001175
миома 1,698970 0,001311
была 0,744727 0,000575
слишком 1,397940 0,001618
высоко 1,522879 0,001175
быстро 1,221849 0,000943
росла 1,698970 0,001311
Набережных 1,522879 0,001763
Челнах 1,698970 0,001966
спасли 1,397940 0,001079
жизнь 0,537602 0,000622
африканцу 1,698970 0,001311
который 0,508638 0,000785
специально 1,221849 0,000943
этого 0,619789 0,000478
прилетел 1,698970 0,001311
Они 0,886057 0,000684
заменили 1,698970 0,001311
жителю 1,522879 0,001175
Судана 1,698970 0,001311
Мохамеду 1,698970 0,001311
Аббасу 1,698970 0,001311
митральный 1,698970 0,001311
клапан 1,698970 0,001311
Ак 1,522879 0,001175
Барс 1,698970 0,001311
собирается 1,154902 0,000891
вернуть 1,000000 0,000772
Алексея 1,154902 0,000891
Емелина 1,698970 0,001311
Капитан 1,698970 0,001311
Авангарда 1,397940 0,001079
шорт 1,698970 0,001311
лист 1,522879 0,001175
менеджеров 1,522879 0,001175
татарстанского 1,698970 0,001311
хоккейного 1,698970 0,001311
клуба 1,301030 0,001004
апреля 0,301030 0,002671
соцработник 1,698970 0,001311
спасла 1,698970 0,001311
пенсионерку 1,397940 0,001079
горящего 1,397940 0,001079
дома 0,744727 0,000862
ЧП 1,522879 0,001175
произошло 1,045757 0,000807
селе 1,522879 0,001175
Верхняя 1,698970 0,001311
Стерля 1,698970 0,001311
Азнакаевского 1,698970 0,001311
района 1,522879 0,001763
Имя 1,154902 0,000891
Владимира 0,721246 0,000835
Жириновского 0,657577 0,000761
будет 0,387216 0,000598
вписано 1,698970 0,001966
политическую 1,698970 0,001311
историю 0,795880 0,000921
Олег 0,795880 0,000614
Николаев 1,397940 0,001079
Глава 0,698970 0,000809
Чувашии 1,698970 0,003277
заявил 0,744727 0,000575
что 0,187087 0,000289
имя 0,886057 0,000684
школ 1,397940 0,001079
получили 1,045757 0,000807
анонимные 1,522879 0,001175
письма 1,221849 0,000943
угрозами 1,698970 0,001311
Учащихся 1,698970 0,001311
сотрудников 1,397940 0,001079
учреждений 1,522879 0,001175
эвакуировали 1,154902 0,000891
Губернатор 1,698970 0,001311
Ульяновской 1,698970 0,001311
области 0,721246 0,000557
раскритиковал 1,698970 0,001311
ситуацию 1,096910 0,000846
мусором 1,698970 0,001311
Откровенный 1,698970 0,001311
бардак 1,698970 0,001311
По 0,619789 0,000478
словам 1,397940 0,002157
Алексей 0,602060 0,000465
Русских 1,698970 0,001311
утилизация 1,698970 0,001311
отходов 1,522879 0,001175
регионе 1,397940 0,001618
большинстве 1,698970 0,001311
случаев 1,045757 0,001210
проходит 1,000000 0,000772
нарушениями 1,522879 0,001175
парк 1,301030 0,001506
аттракционов 1,698970 0,002622
Кырлай 1,698970 0,003277
хотят 0,920819 0,000711
перенести 1,698970 0,001311
ТЦ 1,522879 0,001175
Парк 1,301030 0,001004
Хаус 1,301030 0,001004
Но 0,619789 0,000478
это 0,292430 0,000226
пока 1,000000 0,000772
один 0,721246 0,000557
вариантов 1,522879 0,001175
C 1,000000 0,000772
стартовала 1,522879 0,001175
ВСЕРОССИЙСКАЯ 1,698970 0,001311
ДЕКАДА 1,698970 0,001311
ПОДПИСКИ 1,698970 0,001311
Стоимость 1,522879 0,001175
подписки 1,397940 0,001079
второе 1,522879 0,001175
полугодие 1,698970 0,001311
июль 1,522879 0,001763
декабрь 1,522879 0,001175
еще 0,408935 0,001104
выгодней 1,698970 0,001311
Исламофобской 1,698970 0,001311
риторики 1,698970 0,001311
него 0,795880 0,000921
больше 0,638272 0,000985
нет 0,619789 0,000717
Муфтий 1,698970 0,001311
Татарстана 1,301030 0,003012
пригласил 1,397940 0,001079
Конора 1,698970 0,001311
Макгрегора 1,698970 0,001311
Ранее 1,221849 0,000943
ирландский 1,522879 0,001175
боец 1,397940 0,001079
пожелал 1,698970 0,001311
мусульманам 1,698970 0,001311
благословенного 1,698970 0,001311
Рамадана 1,698970 0,001311
Рустам 1,698970 0,001966
Минниханов 1,522879 0,001763
встретился 1,522879 0,001175
ответственным 1,522879 0,001175
секретарем 1,698970 0,001311
Комиссии 1,698970 0,001311
делам 1,397940 0,001079
ЮНЕСКО 1,698970 0,001311
вручил 1,698970 0,001311
Григорию 1,698970 0,001311
Орджоникидзе 1,698970 0,001311
медаль 1,698970 0,001311
ордена 1,522879 0,001175
За 0,568636 0,000439
заслуги 1,522879 0,001175
перед 0,920819 0,001421
Республикой 1,698970 0,001311
Татарстан 1,221849 0,000943
потеплеет 1,698970 0,001311
до 0,244125 0,000283
градусов 1,698970 0,001311
дождливо 1,698970 0,001311
На 0,283997 0,000438
дорогах 1,397940 0,001079
ожидается 1,301030 0,001506
гололедица 1,698970 0,001311
местами 1,397940 0,001079
сильная 1,522879 0,001175
Семьям 1,698970 0,001311
военных 0,795880 0,000614
погибших 1,301030 0,001004
ходе 1,000000 0,000772
спецоперации 0,744727 0,000575
Украине 0,537602 0,000622
дополнительно 1,698970 0,001311
выплатят 1,698970 0,001311
миллиона 1,301030 0,001506
рублей 0,585027 0,000903
Деньги 1,221849 0,000943
выделят 1,522879 0,001175
качестве 1,096910 0,000846
единовременной 1,698970 0,001311
выплаты 1,301030 0,001004
поезде 1,154902 0,000891
прибыли 1,397940 0,001618
беженца 1,698970 0,001311
Украины 0,721246 0,000557
среди 0,958607 0,000740
которых 0,677781 0,000523
детей 0,431798 0,000500
Их 1,154902 0,001337
разместили 1,698970 0,001311
санатории 1,698970 0,001311
Ливадия 1,698970 0,001311
гостинице 1,698970 0,001311
Кварт 1,698970 0,001311
отеле 1,397940 0,001079
Корстон 1,522879 0,001175
Промышленники 1,698970 0,001311
энтузиазмом 1,698970 0,001311
встретили 1,698970 0,001311
санкционных 1,301030 0,001004
перемен 1,301030 0,001004
Предприятия 1,698970 0,001311
работают 1,154902 0,001337
спрос 1,698970 0,001311
растет 1,221849 0,000943
условиях 0,886057 0,001026
внешних 1,698970 0,001311
санкций 0,677781 0,000523
промышленный 1,522879 0,001175
комплекс 1,522879 0,001175
взял 1,397940 0,001079
курс 0,920819 0,000711
усиление 1,698970 0,001311
импортозамещения 1,154902 0,000891
под 0,376751 0,000291
эгидой 1,221849 0,000943
экономического 1,221849 0,000943
блока 1,522879 0,001175
республики 1,301030 0,001506
Марина 0,958607 0,000740
Патяшина 1,698970 0,001311
рассказала 0,958607 0,000740
почему 0,494850 0,000382
отменят 1,698970 0,001311
масочный 1,522879 0,001763
режим 1,397940 0,001618
При 0,769551 0,000891
этом 0,585027 0,000677
руководитель 1,397940 0,001079
республиканского 1,698970 0,001311
Роспотребнадзора 1,522879 0,001175
отмечает 1,397940 0,001079
уровень 1,301030 0,001004
заболеваемости 1,301030 0,001004
коронавирусом 1,154902 0,000891
снизился 1,698970 0,001311
У 0,431798 0,000333
нас 0,508638 0,000392
вынужденных 1,522879 0,001175
переселенца 1,698970 0,001311
ДНР 0,823909 0,000636
ЛНР 1,221849 0,000943
распределили 1,698970 0,001311
санаториям 1,698970 0,001311
предоставили 1,698970 0,001311
Детей 1,522879 0,001175
отправят 1,397940 0,001079
садики 1,698970 0,001311
школы 0,853872 0,000659
взрослых 1,000000 0,000772
уже 0,602060 0,000929
готовы 1,154902 0,000891
принять 1,221849 0,000943
работу 0,823909 0,000636
предприятий 1,522879 0,001763
Прощай 1,397940 0,001079
зачем 0,853872 0,000659
разбирают 1,698970 0,001311
единственный 1,397940 0,001079
рабочие 1,522879 0,001175
приступили 1,698970 0,001311
демонтажу 1,698970 0,001311
парке 1,522879 0,001175
Директору 1,698970 0,001311
казанской 1,698970 0,001311
гимназии 1,522879 0,001175
предъявили 1,154902 0,000891
окончательное 1,698970 0,001311
обвинение 1,522879 0,001175
халатности 1,698970 0,001311
которая 0,823909 0,000636
привела 1,522879 0,001175
трагедии 1,221849 0,000943
Амине 1,698970 0,001311
Валеевой 1,698970 0,001311
вменяют 1,698970 0,001311
плохую 1,698970 0,001311
организацию 1,397940 0,001079
охраны 1,397940 0,001079
учебном 1,698970 0,001311
учреждении 1,698970 0,001311
Для 0,494850 0,000382
строительства 1,522879 0,001175
Соборной 1,698970 0,001311
мечети 1,522879 0,001175
выбрана 1,698970 0,001311
территория 1,397940 0,001079
парка 1,698970 0,001311
Там 1,096910 0,000846
начали 0,958607 0,000740
демонтаж 1,698970 0,001311
каруселей 1,698970 0,001311
колеса 1,301030 0,001004
обозрения 1,522879 0,001175
подготовиться 1,698970 0,001311
ЕГЭ 1,154902 0,000891
месяца 0,920819 0,001066
советы 1,154902 0,001337
казанских 1,522879 0,001175
специалистов 1,221849 0,000943
Комсомолка 1,698970 0,001966
собрала 1,698970 0,001311
лучшие 0,886057 0,000684
способы 1,301030 0,001004
экспресс 1,698970 0,001311
стобалльников 1,698970 0,001311
психолога 1,522879 0,001175
минимизации 1,698970 0,001311
тревоги 1,698970 0,001311
стресса 1,522879 0,001175
экзаменами 1,698970 0,001311
Гидрометцентре 1,698970 0,001311
предупредили 1,096910 0,000846
о 0,136677 0,000105
сильных 1,522879 0,001175
осадках 1,698970 0,001311
тумане 1,397940 0,001079
первые 1,000000 0,000772
дни 1,000000 0,000772
Также 1,301030 0,001004
сильный 1,397940 0,001079
ветер 1,301030 0,001004
Проведение 1,698970 0,001311
честь 1,096910 0,000846
Дня 1,096910 0,000846
оценено 1,698970 0,001311
Власти 1,000000 0,000772
ищут 1,301030 0,001506
подрядчика 1,698970 0,001311
смог 1,301030 0,001004
организоватоь 1,698970 0,001311
несколько 0,795880 0,000921
концертов 1,221849 0,000943
салют 1,698970 0,001311
также 0,494850 0,000573
украсить 1,698970 0,001311
улицы 1,301030 0,001004
Она 0,958607 0,000740
заставила 1,698970 0,001311
страдать 1,698970 0,001311
сердце 0,920819 0,000711
ребенка 0,823909 0,000954
Екатерина 0,920819 0,000711
Сушкова 1,522879 0,001175
симбирская 1,698970 0,001311
любовь 0,698970 0,000539
Лермонтова 1,397940 0,001079
которой 0,886057 0,000684
он 0,568636 0,000439
жестоко 1,698970 0,001311
отомстил 1,698970 0,001311
слезы 1,397940 0,001079
Эта 1,397940 0,001079
история 0,721246 0,000557
любви 0,677781 0,000523
мести 1,522879 0,001175
легла 1,698970 0,001311
основу 1,397940 0,001079
неоконченного 1,698970 0,001311
романа 1,096910 0,000846
Княгиня 1,698970 0,001311
Лиговская 1,698970 0,001311
день 0,585027 0,000677
рождения 0,677781 0,000523
Сушковой 1,698970 0,001311
рассказывает 0,958607 0,000740
связывало 1,698970 0,001311
поэта 1,154902 0,000891
кокетку 1,698970 0,001311
Симбирска 1,698970 0,001311
чем 0,420216 0,000486
закончился 1,522879 0,001175
роман 0,920819 0,000711
Ученые 1,154902 0,000891
КФУ 1,698970 0,001311
обещали 1,698970 0,001311
Татарстану 1,698970 0,001311
позднюю 1,698970 0,001311
весну 1,301030 0,001004
холодный 1,522879 0,001175
долгосрочные 1,698970 0,001311
прогнозы 1,221849 0,000943
оправдываются 1,698970 0,001311
всего 0,744727 0,000575
поэтому 0,886057 0,000684
лето 1,045757 0,000807
они 0,657577 0,000507
могут 0,522879 0,000403
подвергнуться 1,698970 0,001311
корректировке 1,698970 0,001311
Режим 1,522879 0,001175
повышенной 1,397940 0,001079
готовности 1,397940 0,001079
COVID 1,096910 0,001270
Марий 1,397940 0,001079
продлен 1,698970 0,001311
мая 0,823909 0,000636
республике 1,522879 0,001175
продолжает 1,045757 0,000807
действовать 1,301030 0,001004
после 0,397940 0,000461
столкновения 1,698970 0,001311
грузовик 1,522879 0,001175
легковушка 1,698970 0,001311
загорелись 1,698970 0,001311
шесть 1,045757 0,001210
человек 0,494850 0,000573
погибли 1,096910 0,000846
смогли 1,397940 0,001079
выбраться 1,698970 0,001311
искореженной 1,698970 0,001311
машины 1,045757 0,000807
Чебоксарах 1,698970 0,001966
четыре 1,000000 0,000772
боролись 1,698970 0,001311
девочки 1,397940 0,001079
родившейся 1,698970 0,001311
весом 1,698970 0,001311
грамм 1,698970 0,001311
Маленькая 1,397940 0,001079
пациентка 1,698970 0,001311
прошла 1,045757 0,000807
через 0,585027 0,000451
операций 1,301030 0,001004
сейчас 0,657577 0,000507
чувствует 1,397940 0,001079
себя 0,552842 0,000427
хорошо 1,221849 0,000943
Погибшему 1,698970 0,001311
уроженцу 1,698970 0,001311
Лениногорска 1,698970 0,001311
присвоено 1,698970 0,001311
звание 1,522879 0,001175
Героя 1,698970 0,001311
Старший 1,397940 0,001079
лейтенант 1,397940 0,001079
Дамир 1,698970 0,001311
Исламов 1,698970 0,001311
был 0,481486 0,000372
выпускником 1,698970 0,001311
Казанского 1,522879 0,001175
танкового 1,698970 0,001311
училища 1,698970 0,001311
Спрос 1,522879 0,001175
квартиры 1,154902 0,000891
новостройках 1,698970 0,001311
месяц 0,853872 0,000659
упал 1,154902 0,001337
Это 0,537602 0,000415
любом 1,154902 0,000891
другом 1,301030 0,001004
городе 0,958607 0,000740
Новости 0,221849 0,000171
ВТБ 1,301030 0,001506
провел 1,221849 0,000943
первую 0,958607 0,000740
сделку 1,698970 0,001311
программе 1,045757 0,000807
поддержки 0,823909 0,000636
системообразующих 1,698970 0,001311
АПК 1,698970 0,001311
Ульяновске 1,698970 0,001311
мужчины 0,920819 0,000711
отбирали 1,698970 0,001311
школьников 1,221849 0,000943
гаджеты 1,522879 0,001175
продавали 1,698970 0,001311
улице 1,221849 0,000943
Подозреваемые 1,698970 0,001311
жители 1,154902 0,000891
Чердаклинского 1,698970 0,001311
Йошкар 1,397940 0,001079
Оле 1,522879 0,001175
рабочий 1,698970 0,001311
третьего 1,397940 0,001079
этажа 1,698970 0,001311
чего 0,795880 0,000614
рухнула 1,698970 0,001311
плита 1,522879 0,001175
Трагедия 1,522879 0,001175
произошла 1,522879 0,001175
во 0,494850 0,000573
демонтажа 1,698970 0,001311
одного 0,795880 0,000921
производственных 1,698970 0,001311
объектов 1,301030 0,001004
подтвердились 1,698970 0,001311
пять 1,301030 0,001004
летальных 1,698970 0,001311
коронавируса 0,886057 0,000684
Скончались 1,698970 0,001311
трое 1,522879 0,001175
мужчин 1,096910 0,000846
две 0,795880 0,000614
Число 1,698970 0,001311
открытых 1,522879 0,001175
вкладов 1,522879 0,001175
банке 1,522879 0,001175
Открытие 1,522879 0,001175
март 1,301030 0,001004
раз 0,698970 0,001079
превысило 1,698970 0,001311
показатели 1,522879 0,001175
февраля 0,853872 0,000659
бесплатном 1,698970 0,001311
концерте 1,522879 0,001175
выступят 1,397940 0,001079
Александр 0,468521 0,000362
Ф 1,154902 0,000891
Скляр 1,522879 0,001175
Джанго 1,698970 0,001311
Мероприятие 1,698970 0,001311
площадке 1,522879 0,001175
Органным 1,698970 0,001311
залом 1,522879 0,001175
выписали 1,698970 0,001311
переболевших 1,698970 0,001311
выявили 1,221849 0,000943
вирус 1,522879 0,001175
Госпитализация 1,698970 0,001311
сутки 0,795880 0,000614
потребовалась 1,698970 0,001311
зараженным 1,698970 0,001311
Из 0,698970 0,000539
обрыва 1,698970 0,001311
провода 1,698970 0,001311
приостановлено 1,698970 0,001311
движение 1,301030 0,001004
троллейбусов 1,698970 0,001311
месте 0,886057 0,000684
произошедшего 1,397940 0,001079
специалисты 1,397940 0,001079
Заботы 1,698970 0,001311
ребят 1,698970 0,001311
детдомов 1,698970 0,001311
наставников 1,698970 0,001311
друзей 1,045757 0,000807
Столица 1,522879 0,001175
присоединится 1,698970 0,001311
всероссийской 1,698970 0,001311
акции 1,045757 0,000807
Детский 1,096910 0,000846
ом 1,698970 0,001311
будсмен 1,698970 0,001311
предложила 1,522879 0,001175
ввести 1,397940 0,001079
обязательную 1,698970 0,001311
медиацию 1,698970 0,001311
при 0,468521 0,000362
разводах 1,698970 0,001311
Так 1,045757 0,000807
ее 0,508638 0,000392
можно 0,443697 0,000342
сохранить 1,000000 0,000772
психологическое 1,698970 0,001311
здоровье 1,045757 0,000807
уволили 1,698970 0,001311
кондуктора 1,698970 0,001311
подрался 1,698970 0,001311
пассажиркой 1,698970 0,001311
высадившего 1,698970 0,001311
Нескольких 1,698970 0,001311
водителей 1,045757 0,000807
общественного 1,301030 0,001004
транспорта 1,301030 0,001004
решено 1,698970 0,001311
лишить 1,522879 0,001175
премии 0,853872 0,000659
езду 1,698970 0,001311
красный 1,522879 0,001175
отказ 1,096910 0,000846
остановки 1,698970 0,001311
поздравил 1,522879 0,001175
ватерполистов 1,698970 0,001311
Синтеза 1,698970 0,001311
победой 1,698970 0,001311
чемпионате 1,522879 0,001175
Казанцы 1,698970 0,001311
стали 0,853872 0,000659
первыми 1,301030 0,001004
этих 0,958607 0,000740
соревнования 1,522879 0,001175
третий 1,397940 0,001079
подряд 1,301030 0,001004
четвертый 1,397940 0,001079
истории 0,657577 0,000507
первый 0,769551 0,000594
выдал 1,698970 0,001311
млн 0,886057 0,000684
ипотеке 1,301030 0,001004
господдержкой 1,698970 0,001311
Результаты 1,522879 0,001175
поиска 1,221849 0,000943
