Телеканал 0,769551 0,000194
МИР 1,522879 0,008443
Официальная 1,698970 0,000856
страница 1,221849 0,000616
телеканала 0,958607 0,000483
Сейчас 0,823909 0,000415
в 0,070581 0,001672
эфире 0,823909 0,000623
Реалити 1,698970 0,001285
шоу 0,657577 0,000663
Дела 1,397940 0,002114
судебные 1,698970 0,002569
Деньги 1,221849 0,000616
верните 1,698970 0,000856
апреля 0,301030 0,003338
Далее 1,301030 0,000656
Битва 1,397940 0,001409
за 0,180456 0,000773
будущее 0,795880 0,000802
Москва 0,508638 0,000897
ПЕРЕДАЧИ 1,698970 0,000856
СКОРО 1,698970 0,001285
В 0,167491 0,001013
ЭФИРЕ 1,522879 0,001151
КИНОМИР 1,698970 0,000856
ТЕЛЕПРОГРАММА 1,522879 0,001151
ЛИЦА 1,522879 0,000768
МИРА 1,698970 0,000856
РАДИО 1,522879 0,000768
О 0,207608 0,000105
КОМПАНИИ 1,522879 0,000768
Игра 1,045757 0,001581
кино 0,568636 0,000573
Отчаянная 1,698970 0,000856
схватка 1,522879 0,000768
главный 1,096910 0,000553
приз 1,698970 0,000856
телевикторине 1,698970 0,000856
Всемирные 1,698970 0,000856
игры 1,000000 0,000504
разума 1,698970 0,000856
с 0,102373 0,000645
Тимуром 1,698970 0,000856
Буриным 1,698970 0,000856
Талантливый 1,698970 0,000856
актер 1,000000 0,000504
и 0,075721 0,001660
любитель 1,698970 0,000856
Достоевского 1,301030 0,000656
пришел 1,397940 0,000705
проверить 1,045757 0,000527
эрудита 1,698970 0,000856
на 0,075721 0,000840
знание 1,397940 0,000705
классической 1,221849 0,000616
литературы 0,920819 0,000464
Все 0,148742 0,000150
как 0,251812 0,000508
у 0,387216 0,000488
людей 0,698970 0,000881
Чем 0,920819 0,000464
животные 1,397940 0,000705
занимаются 1,522879 0,000768
лесу 1,154902 0,000582
весной 1,154902 0,000582
Розенберги 1,698970 0,000856
почему 0,494850 0,000249
шпионов 1,397940 0,000705
казнили 1,698970 0,000856
без 0,387216 0,000488
наличия 1,522879 0,000768
серьезных 1,698970 0,000856
улик 1,698970 0,000856
году 0,602060 0,000759
США 0,508638 0,000256
к 0,207608 0,000209
смертной 1,698970 0,000856
казни 1,522879 0,000768
были 0,769551 0,000582
приговорены 1,698970 0,000856
Этель 1,522879 0,000768
Юлиус 1,698970 0,000856
Розенберг 1,698970 0,000856
американские 1,301030 0,000984
коммунисты 1,698970 0,000856
передавшие 1,698970 0,000856
СССР 0,795880 0,001003
ядерные 1,698970 0,000856
секреты 1,096910 0,000553
Подробности 1,397940 0,000705
программе 1,045757 0,000527
Исторический 1,301030 0,000656
детектив 1,096910 0,000553
Николаем 1,522879 0,000768
Валуевым 1,698970 0,000856
Слабое 1,522879 0,000768
звено 1,698970 0,000856
Здесь 1,096910 0,000553
получают 1,397940 0,000705
деньги 0,958607 0,000725
только 0,309804 0,000468
самые 0,721246 0,000545
умные 1,698970 0,000856
сильные 1,698970 0,000856
тактики 1,698970 0,000856
Мир 0,698970 0,000881
рекомендует 1,301030 0,000656
Выбор 0,886057 0,000447
телезрителей 1,698970 0,000856
Акселератка 1,698970 0,001713
Может 1,397940 0,000705
ли 0,397940 0,000602
вчерашняя 1,698970 0,000856
школьница 1,522879 0,000768
стать 0,795880 0,000401
профессиональным 1,301030 0,000656
сыщиком 1,698970 0,000856
Смотрите 1,221849 0,004927
х 0,769551 0,002327
ф 1,522879 0,004605
телеканале 1,221849 0,004927
Сразу 1,698970 0,000856
после 0,397940 0,000301
получения 1,397940 0,000705
аттестата 1,698970 0,000856
зрелости 1,698970 0,000856
юная 1,522879 0,000768
Нюта 1,698970 0,001285
отправляется 1,221849 0,000924
милицию 1,698970 0,000856
Девушка 1,096910 0,000553
заявляет 1,698970 0,000856
что 0,187087 0,000707
хочет 1,000000 0,000504
работать 1,045757 0,000527
уголовном 1,698970 0,000856
розыске 1,522879 0,000768
К 0,638272 0,000322
удивлению 1,698970 0,000856
оперативников 1,698970 0,000856
она 0,744727 0,001126
стрелять 1,698970 0,000856
умеет 1,301030 0,000656
метко 1,698970 0,000856
драться 1,698970 0,000856
по 0,124939 0,000441
науке 1,522879 0,000768
Вот 0,958607 0,000483
этих 0,958607 0,000725
качеств 1,698970 0,000856
все 0,292430 0,000663
равно 1,221849 0,000616
оказывается 1,221849 0,001540
недостаточно 1,397940 0,000705
чтобы 0,481486 0,000485
ее 0,508638 0,001025
сразу 0,795880 0,000802
взяли 1,698970 0,000856
органы 1,397940 0,000705
Впрочем 1,522879 0,001151
не 0,142668 0,000863
унывает 1,698970 0,000856
решается 1,698970 0,001285
собственное 1,221849 0,000616
расследование 1,397940 0,000705
внедряясь 1,698970 0,000856
шайку 1,698970 0,000856
автоугонщиков 1,698970 0,000856
Но 0,619789 0,002031
даже 0,619789 0,000937
подозревает 1,397940 0,000705
ждет 0,853872 0,000861
Режиссер 1,154902 0,004948
Алексей 0,602060 0,000910
Коронев 1,698970 0,000856
ролях 1,522879 0,006908
Ирина 0,886057 0,000893
Шмелева 1,698970 0,000856
Никита 1,154902 0,001164
Михайловский 1,397940 0,000705
Роман 0,795880 0,000401
Филиппов 1,522879 0,000768
Галина 1,301030 0,000656
Польских 1,698970 0,000856
Петр 1,000000 0,000756
Меркурьев 1,698970 0,001713
др 1,698970 0,007279
Блондинка 1,698970 0,001285
углом 1,698970 0,001285
Комедия 1,096910 0,000553
Владимира 0,721246 0,000364
Бортко 1,397940 0,001057
получилась 1,397940 0,000705
остроумной 1,698970 0,000856
сатирой 1,698970 0,000856
советский 1,522879 0,000768
образ 1,221849 0,000616
жизни 0,443697 0,000895
при 0,468521 0,000472
котором 1,045757 0,000527
важны 1,397940 0,000705
ум 1,698970 0,000856
образование 1,522879 0,000768
а 0,327902 0,000578
умение 1,522879 0,000768
достать 1,698970 0,000856
договориться 1,522879 0,000768
Чиновникам 1,698970 0,000856
это 0,292430 0,000147
понравилось 1,397940 0,000705
И 0,408935 0,001031
обаятельный 1,522879 0,000768
Миронов 1,397940 0,001057
смог 1,301030 0,000656
уговорить 1,698970 0,000856
их 0,455932 0,000460
оставить 1,221849 0,000616
картину 1,522879 0,001151
покое 1,522879 0,000768
Астрофизик 1,698970 0,000856
Николай 0,744727 0,000563
Гаврилович 1,698970 0,000856
Порываев 1,698970 0,001285
никогда 0,958607 0,000483
гнался 1,698970 0,000856
материальным 1,698970 0,000856
достатком 1,698970 0,000856
Наоборот 1,698970 0,000856
главным 1,301030 0,000656
делом 1,301030 0,000656
его 0,376751 0,001139
было 0,585027 0,000590
найти 0,698970 0,000528
доказать 1,522879 0,000768
существование 1,301030 0,000656
внеземных 1,698970 0,000856
цивилизаций 1,397940 0,000705
Бесплодная 1,698970 0,000856
почти 0,853872 0,000430
бесплатная 1,397940 0,000705
работа 0,920819 0,000464
институте 1,698970 0,000856
космических 1,698970 0,001285
исследований 1,301030 0,000656
окончательно 1,397940 0,000705
разочаровала 1,698970 0,000856
Чуть 1,397940 0,000705
спившись 1,698970 0,000856
горя 1,698970 0,000856
устраивается 1,522879 0,000768
грузчиком 1,698970 0,000856
склад 1,522879 0,000768
влюбляется 1,221849 0,000924
симпатичную 1,698970 0,000856
продавщицу 1,698970 0,000856
Надежду 1,698970 0,000856
Модная 1,522879 0,000768
блондинка 1,698970 0,000856
завидная 1,698970 0,000856
невеста 1,698970 0,001285
современным 1,698970 0,000856
меркам 1,698970 0,000856
Сидит 1,698970 0,000856
дефиците 1,522879 0,000768
пробивная 1,698970 0,000856
знакома 1,698970 0,000856
со 0,387216 0,000293
всеми 1,397940 0,000705
нужными 1,522879 0,000768
людьми 1,154902 0,000582
всегда 0,657577 0,000331
достигает 1,698970 0,000856
поставленных 1,698970 0,000856
целей 1,698970 0,000856
Оказывается 1,522879 0,001151
свадьба 1,154902 0,000582
москвичом 1,698970 0,000856
астрофизиком 1,698970 0,000856
ей 1,045757 0,001054
тоже 1,000000 0,000504
будет 0,387216 0,000293
полезна 1,698970 0,000856
Владимир 0,431798 0,000435
Татьяна 1,000000 0,001008
Догилева 1,698970 0,001285
Андрей 0,552842 0,000557
Марк 1,154902 0,000873
Прудкин 1,698970 0,000856
Евгения 0,853872 0,000430
Ханаева 1,698970 0,000856
Елена 0,769551 0,000970
Соловей 1,522879 0,000768
Утро 1,221849 0,000616
путешествий 1,397940 0,000705
Отправляемся 1,698970 0,000856
звездам 1,522879 0,000768
интересной 1,522879 0,000768
компании 0,677781 0,000342
Кассиопея 1,698970 0,001713
Отроки 1,698970 0,001285
во 0,494850 0,000374
Вселенной 1,397940 0,001409
Научная 1,301030 0,000656
фантастика 1,045757 0,000527
Есть 0,886057 0,000447
разум 1,698970 0,000856
границами 1,698970 0,000856
нашего 0,958607 0,000483
земного 1,522879 0,000768
шара 1,522879 0,000768
Существа 1,698970 0,000856
планеты 1,096910 0,000553
из 0,167491 0,000591
созвездия 1,698970 0,001285
Кассиопеи 1,698970 0,000856
отправляют 1,522879 0,000768
Землю 1,522879 0,000768
радиосигнал 1,698970 0,000856
светлые 1,698970 0,000856
умы 1,698970 0,000856
разрабатывают 1,698970 0,000856
проекты 0,698970 0,000352
возможному 1,698970 0,000856
знакомству 1,698970 0,000856
инопланетными 1,698970 0,000856
жителями 1,301030 0,000656
Один 0,853872 0,000430
таких 1,096910 0,000553
энтузиастов 1,698970 0,000856
юный 1,522879 0,000768
изобретатель 1,698970 0,000856
пионер 1,698970 0,000856
Витя 1,522879 0,000768
Середа 1,698970 0,000856
Согласно 1,522879 0,000768
плану 1,698970 0,001285
Кассиопею 1,698970 0,000856
нужно 0,721246 0,000364
отправить 1,221849 0,000924
звездолет 1,698970 0,000856
который 0,508638 0,001154
правда 0,958607 0,000483
достигнет 1,522879 0,000768
цели 1,301030 0,001312
через 0,585027 0,000442
несколько 0,795880 0,000401
десятилетий 1,522879 0,000768
Именно 1,301030 0,000656
поэтому 0,886057 0,001340
экипаж 1,698970 0,000856
корабля 1,397940 0,000705
Заря 1,522879 0,000768
должен 0,886057 0,000447
состоять 1,698970 0,000856
космонавтов 1,698970 0,001285
чей 1,522879 0,000768
возраст 1,301030 0,000656
превышает 1,698970 0,000856
лет 0,366532 0,000277
Итак 1,522879 0,000768
готово 1,698970 0,000856
для 0,119186 0,000360
полета 1,698970 0,000856
перевернет 1,698970 0,000856
наше 1,221849 0,000616
представление 1,397940 0,000705
о 0,136677 0,000276
вот 0,795880 0,000802
незадача 1,698970 0,000856
корабль 1,096910 0,000829
пробрался 1,698970 0,000856
озорник 1,698970 0,000856
хулиган 1,698970 0,000856
немного 1,397940 0,000705
портит 1,698970 0,000856
планы 1,221849 0,000924
Ричард 1,221849 0,000924
Викторов 1,698970 0,001285
Иннокентий 1,698970 0,000856
Смоктуновский 1,698970 0,000856
Лев 1,000000 0,000504
Дуров 1,522879 0,000768
Валерий 1,000000 0,000504
Юрий 0,795880 0,000802
Медведев 1,698970 0,000856
Фантастика 1,096910 0,000553
комедия 1,045757 0,000791
Планета 1,698970 0,000856
Альфа 1,397940 0,000705
шлет 1,698970 0,000856
сигналы 1,522879 0,000768
бедствия 1,698970 0,000856
По 0,619789 0,000312
проекту 1,522879 0,000768
Виктора 1,397940 0,000705
Середы 1,698970 0,000856
туда 1,522879 0,000768
необходимо 0,920819 0,000464
команду 1,522879 0,000768
землян 1,698970 0,000856
Далекий 1,698970 0,000856
путь 1,000000 0,000504
предстоит 1,301030 0,000656
подросткам 1,698970 0,000856
старше 1,000000 0,000504
вновь 0,823909 0,000623
вмешивается 1,698970 0,000856
безответственный 1,698970 0,000856
космический 1,522879 0,000768
заяц 1,698970 0,000856
Лобанов 1,522879 0,000768
значительно 1,397940 0,000705
раньше 1,221849 0,000616
намеченного 1,698970 0,000856
срока 1,698970 0,000856
Миша 1,301030 0,000656
Ершов 1,522879 0,000768
Саша 1,154902 0,000873
Григорьев 1,397940 0,000705
Володя 1,698970 0,000856
Савин 1,698970 0,000856
Басов 1,698970 0,000856
Ольга 0,769551 0,000388
Битюкова 1,698970 0,000856
Мэри 1,154902 0,001164
Поппинс 1,698970 0,001713
до 0,244125 0,000308
свидания 1,221849 0,000924
Любимая 1,698970 0,000856
сказка 1,698970 0,000856
самой 1,000000 0,000756
совершенной 1,698970 0,000856
няне 1,698970 0,000856
мире 0,468521 0,000236
Благородное 1,698970 0,000856
семейство 1,522879 0,000768
Бэнксов 1,698970 0,000856
разыскивает 1,522879 0,000768
добропорядочную 1,698970 0,000856
няню 1,698970 0,000856
своих 0,657577 0,000331
детей 0,431798 0,000326
когда 0,585027 0,000442
казалось 1,301030 0,000984
бы 0,585027 0,000442
пропало 1,698970 0,000856
ним 1,154902 0,000873
неожиданно 1,397940 0,000705
приходит 1,221849 0,000924
Она 0,958607 0,000725
идеально 1,397940 0,000705
соответствует 1,221849 0,000616
строгим 1,698970 0,000856
требованиям 1,698970 0,000856
семьи 0,853872 0,000430
Няня 1,698970 0,000856
находит 1,301030 0,000656
общий 1,221849 0,000616
язык 0,823909 0,000415
детьми 1,096910 0,000553
но 0,481486 0,000728
легко 1,045757 0,000527
заставляет 1,301030 0,000656
исполнять 1,397940 0,000705
песни 1,221849 0,000616
невоспитанного 1,698970 0,000856
мясника 1,698970 0,000856
оживляет 1,698970 0,000856
статую 1,698970 0,001713
утихомиривает 1,698970 0,000856
злую 1,522879 0,000768
мисс 1,522879 0,000768
Эндрю 1,397940 0,000705
Однако 0,958607 0,000483
исчезнет 1,522879 0,000768
так 0,522879 0,000264
же 0,721246 0,000364
внезапно 1,154902 0,000582
появляется 1,397940 0,001057
дует 1,698970 0,000856
ветер 1,301030 0,000656
перемен 1,301030 0,000656
Леонид 0,958607 0,000966
Квинихидзе 1,698970 0,000856
Наталья 0,853872 0,000861
Андрейченко 1,698970 0,000856
Филипп 1,221849 0,000616
Рукавишников 1,698970 0,000856
Анна 0,568636 0,000287
Плисецкая 1,698970 0,000856
Лембит 1,698970 0,000856
Ульфсак 1,698970 0,000856
Альберт 1,301030 0,000656
Филозов 1,698970 0,000856
Вокзал 1,698970 0,001285
двоих 1,221849 0,000924
Там 1,096910 0,000829
где 0,537602 0,000406
пересекаются 1,698970 0,000856
пути 0,886057 0,000447
сердца 1,301030 0,000656
есть 0,568636 0,000430
место 0,795880 0,000401
невероятным 1,698970 0,000856
приключениям 1,698970 0,000856
Как 0,301030 0,000455
встретить 1,698970 0,000856
любовь 0,698970 0,000881
вокзале 1,397940 0,000705
Об 0,698970 0,000352
этом 0,585027 0,000737
уже 0,602060 0,000455
давно 0,823909 0,000415
ироничной 1,698970 0,000856
форме 1,221849 0,000616
рассказал 0,619789 0,000312
легендарный 1,301030 0,000656
Эльдар 1,522879 0,001919
Рязанов 1,522879 0,001919
Свой 1,522879 0,000768
фильм 0,823909 0,001038
режиссер 1,397940 0,000705
назвал 0,795880 0,000401
смешной 1,522879 0,000768
невеселой 1,698970 0,000856
историей 1,522879 0,000768
немногие 1,698970 0,000856
знают 1,301030 0,000656
основу 1,397940 0,000705
сюжета 1,301030 0,000656
легло 1,698970 0,000856
реальное 1,698970 0,000856
происшествие 1,698970 0,000856
Считается 1,698970 0,000856
прототип 1,698970 0,000856
главного 1,045757 0,000527
героя 1,096910 0,000553
известный 1,522879 0,000768
композитор 1,522879 0,000768
Микаэл 1,698970 0,000856
Таривердиев 1,698970 0,000856
Музыкант 1,522879 0,000768
попал 1,397940 0,000705
ДТП 1,301030 0,000656
результате 1,096910 0,000553
которого 0,920819 0,000928
погиб 1,301030 0,000656
пешеход 1,698970 0,000856
хотя 1,301030 0,000656
страшный 1,522879 0,000768
момент 0,920819 0,000696
рулем 1,397940 0,000705
находилась 1,522879 0,000768
подруга 1,522879 0,000768
маэстро 1,698970 0,000856
взял 1,397940 0,000705
вину 1,522879 0,000768
себя 0,552842 0,000697
Невеселыми 1,698970 0,000856
артистов 1,301030 0,000656
оказались 1,154902 0,000873
съемки 1,221849 0,000616
ленты 1,522879 0,000768
морозные 1,698970 0,000856
февральские 1,698970 0,000856
дни 1,000000 0,000504
им 0,602060 0,000303
приходилось 1,397940 0,000705
бегать 1,698970 0,000856
обледенелым 1,698970 0,000856
дорогам 1,522879 0,000768
падать 1,698970 0,000856
ползти 1,698970 0,000856
снегу 1,522879 0,000768
После 0,795880 0,000602
этого 0,619789 0,000625
Людмилы 1,522879 0,000768
Гурченко 1,698970 0,001713
разбиты 1,698970 0,000856
колени 1,522879 0,000768
мучения 1,698970 0,000856
зря 1,522879 0,000768
ведь 1,154902 0,000582
сегодня 0,677781 0,000342
обожают 1,698970 0,000856
миллионы 1,221849 0,000616
зрителей 1,221849 0,000924
Олег 0,795880 0,000401
Басилашвили 1,698970 0,000856
Людмила 0,920819 0,000928
Михалков 1,301030 0,000984
Нонна 1,698970 0,001285
Мордюкова 1,698970 0,001285
Супертеща 1,698970 0,001285
неудачника 1,698970 0,001285
Невероятная 1,698970 0,000856
авантюра 1,698970 0,000856
спортивного 1,698970 0,000856
журналиста 1,522879 0,001151
Сергей 0,468521 0,000590
спортивный 1,397940 0,000705
обозреватель 1,698970 0,000856
живет 1,045757 0,000791
обычной 1,698970 0,000856
жизнью 1,221849 0,000616
Однажды 1,045757 0,000527
журналист 1,154902 0,000582
совершенно 0,886057 0,000447
случайно 1,397940 0,000705
завладевает 1,698970 0,000856
тайным 1,698970 0,000856
шифром 1,698970 0,000856
от 0,193820 0,000293
очень 0,657577 0,000497
важного 1,522879 0,000768
сейфа 1,698970 0,000856
принадлежит 1,522879 0,000768
местной 1,301030 0,000656
мафии 1,698970 0,000856
Теперь 0,958607 0,000483
головой 1,698970 0,000856
Сергея 0,920819 0,000464
охотятся 1,698970 0,000856
бандиты 1,698970 0,000856
Бывшая 1,698970 0,000856
придумала 1,698970 0,000856
ничего 1,045757 0,000527
лучше 0,958607 0,000483
чем 0,420216 0,000212
нарядить 1,698970 0,000856
свою 0,638272 0,000483
маму 1,154902 0,000582
вынужден 1,397940 0,000705
познакомиться 1,522879 0,000768
новым 1,000000 0,000504
женихом 1,698970 0,000856
Леонидом 1,698970 0,000856
представителем 1,522879 0,000768
мафиозного 1,698970 0,000856
клана 1,522879 0,000768
он 0,568636 0,001576
узнает 1,221849 0,000924
жертву 1,522879 0,000768
пудре 1,698970 0,000856
румянах 1,698970 0,000856
закончится 0,958607 0,000483
эта 1,096910 0,000829
история 0,721246 0,000545
вскроется 1,698970 0,000856
обман 1,397940 0,000705
узнаете 1,397940 0,000705
совсем 1,221849 0,000616
скоро 0,958607 0,000483
й 1,045757 0,000527
кнопке 1,698970 0,000856
Райская 1,698970 0,000856
Дмитрий 0,602060 0,000303
Харатьян 1,698970 0,000856
Михаил 0,568636 0,000430
Ефремов 1,397940 0,000705
Нифонтов 1,698970 0,000856
Юлия 0,823909 0,000415
Беретта 1,698970 0,000856
Эвклид 1,698970 0,000856
Кюрдзидис 1,698970 0,000856
Хорохорина 1,698970 0,000856
Кожевникова 1,698970 0,000856
четыре 1,000000 0,000756
руки 1,154902 0,000873
Альфонс 1,698970 0,000856
аферист 1,698970 0,001285
просто 0,657577 0,000331
красавец 1,397940 0,000705
вершит 1,698970 0,000856
судьбы 1,154902 0,001455
одиноких 1,522879 0,000768
женщин 0,920819 0,000464
Франции 1,000000 0,000504
Памяти 1,221849 0,000616
настоящей 1,522879 0,000768
легенды 1,000000 0,000504
французского 1,221849 0,000616
кинематографа 1,522879 0,000768
Жан 1,522879 0,001151
Поля 1,698970 0,000856
Бельмондо 1,698970 0,001285
Александр 0,468521 0,000590
Дюпре 1,698970 0,000856
симпатичный 1,522879 0,000768
мужчина 1,221849 0,000924
совместительству 1,698970 0,000856
Перед 1,096910 0,000553
может 0,397940 0,000401
устоять 1,698970 0,000856
ни 0,744727 0,000375
одна 1,096910 0,000553
богатая 1,698970 0,000856
вдова 1,397940 0,000705
Каждый 1,154902 0,000873
раз 0,698970 0,000352
выдавая 1,698970 0,000856
разных 0,920819 0,000464
персонажей 1,221849 0,000616
изящно 1,522879 0,000768
выколачивает 1,698970 0,000856
них 0,769551 0,000388
состояния 1,522879 0,000768
однажды 1,154902 0,000582
случайным 1,522879 0,000768
образом 1,045757 0,000527
втянут 1,698970 0,000856
дело 0,886057 0,000447
международном 1,522879 0,000768
промышленном 1,698970 0,000856
шпионаже 1,522879 0,000768
Поможет 1,698970 0,000856
находчивость 1,698970 0,000856
хитреца 1,698970 0,000856
выйти 1,301030 0,000984
сухим 1,698970 0,000856
воды 1,154902 0,000582
Жорж 1,698970 0,000856
Лотнер 1,698970 0,000856
Поль 1,522879 0,000768
Мирелла 1,698970 0,000856
Д 1,096910 0,000553
Анджело 1,698970 0,000856
Мишель 1,698970 0,000856
Галабрю 1,698970 0,000856
Карла 1,522879 0,000768
Романелли 1,698970 0,000856
Паоло 1,522879 0,000768
Боначелли 1,698970 0,000856
Знахарь 1,522879 0,001535
Когда 0,602060 0,000303
предательство 1,397940 0,000705
близких 1,397940 0,001057
вынуждает 1,698970 0,000856
отречься 1,698970 0,000856
прошлой 1,522879 0,000768
т 1,154902 0,001455
Герой 1,154902 0,000582
сериала 0,920819 0,000464
настоящий 1,221849 0,000616
баловень 1,698970 0,000856
счастливый 1,522879 0,000768
любимый 1,397940 0,000705
муж 1,154902 0,000582
перспективный 1,698970 0,000856
талантливый 1,522879 0,000768
врач 1,096910 0,000553
Константин 0,886057 0,000670
Разин 1,698970 0,000856
Его 0,958607 0,000483
жизнь 0,537602 0,000677
слажена 1,698970 0,000856
устроена 1,522879 0,000768
ничто 1,698970 0,000856
помешать 1,698970 0,000856
привычному 1,698970 0,000856
ходу 1,698970 0,000856
вещей 1,221849 0,000616
один 0,721246 0,000364
миг 1,522879 0,000768
теряет 1,522879 0,000768
Константина 1,221849 0,000924
обвиняют 1,397940 0,001057
убийстве 1,397940 0,001057
совершал 1,522879 0,000768
Защитить 1,522879 0,000768
сфабрикованном 1,698970 0,000856
деле 0,886057 0,000447
ему 0,853872 0,000646
удается 1,397940 0,000705
решетку 1,698970 0,000856
Осужденный 1,698970 0,000856
остается 1,154902 0,001455
верен 1,522879 0,000768
любимой 1,301030 0,000656
профессии 1,045757 0,000527
зоне 1,397940 0,000705
получает 1,045757 0,000791
кличку 1,522879 0,000768
Вскоре 1,397940 0,000705
второй 0,920819 0,000464
удар 0,920819 0,000464
тюрьме 1,698970 0,000856
случившееся 1,698970 0,000856
вовсе 1,301030 0,000656
роковая 1,522879 0,000768
ошибка 1,522879 0,000768
коварный 1,522879 0,000768
замысел 1,522879 0,000768
Что 0,346787 0,000350
Устроить 1,698970 0,000856
побег 1,522879 0,000768
отомстить 1,522879 0,000768
Вячеслав 1,221849 0,000924
Никифоров 1,397940 0,000705
Армандс 1,698970 0,000856
Нейландс 1,698970 0,000856
Яунземс 1,698970 0,000856
Батурин 1,698970 0,000856
Александра 0,638272 0,000483
Флоринская 1,698970 0,000856
Чиндяйкин 1,698970 0,000856
Кулаков 1,698970 0,000856
Наумов 1,522879 0,000768
Свои 1,698970 0,001713
Нетривиальные 1,698970 0,000856
эксперты 1,096910 0,000553
против 0,387216 0,000195
нетривиальных 1,698970 0,000856
детективных 1,698970 0,000856
загадок 1,698970 0,000856
понедельника 1,397940 0,000705
четверг 1,221849 0,000616
преступник 1,522879 0,000768
оставляет 1,301030 0,000656
улики 1,698970 0,000856
Идеальных 1,698970 0,000856
преступлений 1,221849 0,000616
существует 1,301030 0,000656
выходить 1,397940 0,000705
самых 0,585027 0,000295
замысловатых 1,698970 0,000856
бандитов 1,698970 0,000856
нужны 0,920819 0,000464
лучшие 0,886057 0,000447
профессионалы 1,698970 0,000856
Если 0,769551 0,000388
следы 1,301030 0,000656
остались 1,301030 0,000656
жертве 1,698970 0,000856
придет 1,698970 0,000856
помощь 1,045757 0,000527
опытный 1,698970 0,000856
судмедэксперт 1,522879 0,000768
Микроскопические 1,698970 0,000856
капли 1,522879 0,000768
крови 1,522879 0,000768
подозрительные 1,698970 0,000856
отпечатки 1,698970 0,000856
ботинок 1,698970 0,000856
или 0,301030 0,000228
шин 1,522879 0,000768
Криминалист 1,698970 0,000856
А 0,376751 0,000285
убийца 1,154902 0,000582
следует 1,397940 0,000705
какому 1,522879 0,000768
то 0,537602 0,000677
известному 1,698970 0,000856
лишь 1,096910 0,000553
Для 0,494850 0,000374
случаев 1,045757 0,000527
команде 1,522879 0,000768
психолог 1,397940 0,000705
Собрать 1,698970 0,000856
факты 1,221849 0,000616
воедино 1,522879 0,000768
Работа 1,221849 0,000616
внимательного 1,698970 0,000856
дознавателя 1,698970 0,000856
если 0,698970 0,000352
кажется 1,045757 0,000527
преступление 1,154902 0,000582
вмешались 1,698970 0,000856
какие 0,795880 0,000401
высшие 1,698970 0,000856
силы 0,958607 0,000483
Справится 1,698970 0,000856
экстрасенс 1,698970 0,000856
У 0,431798 0,000326
каждого 1,522879 0,000768
специалистов 1,221849 0,000616
этой 0,744727 0,000375
команды 1,522879 0,000768
свой 0,721246 0,000364
характер 1,301030 0,000656
свои 0,698970 0,000528
слабости 1,522879 0,000768
суперспособности 1,698970 0,000856
любой 0,853872 0,000430
нас 0,508638 0,000256
они 0,657577 0,000497
обыкновенные 1,522879 0,000768
люди 0,677781 0,000342
Они 0,886057 0,000447
Колпахчиев 1,698970 0,000856
Антон 0,958607 0,000483
Васильев 1,096910 0,000553
Полина 1,096910 0,000553
Маликова 1,698970 0,000856
Игорь 0,823909 0,000623
Лепихин 1,698970 0,000856
Маргарита 1,397940 0,000705
Аброськина 1,698970 0,000856
Горячева 1,698970 0,000856
Формула 1,221849 0,000924
любви 0,677781 0,000854
Влюбиться 1,698970 0,000856
памяти 1,221849 0,000924
мраморную 1,698970 0,001285
Легко 1,698970 0,000856
Знаменитый 1,522879 0,000768
авантюрист 1,522879 0,000768
граф 1,522879 0,001151
Калиостро 1,698970 0,001285
сопровождении 1,522879 0,000768
своей 0,853872 0,000861
весьма 1,397940 0,000705
экстравагантной 1,698970 0,000856
свиты 1,698970 0,000856
прибывает 1,397940 0,001057
Россию 0,568636 0,000430
Удирая 1,698970 0,000856
гвардейцев 1,698970 0,000856
Потемкина 1,698970 0,000856
вся 1,221849 0,000616
развеселая 1,698970 0,000856
компания 0,958607 0,000483
застревает 1,698970 0,000856
российской 0,958607 0,000483
глубинке 1,522879 0,000768
одном 0,958607 0,000483
поместий 1,698970 0,000856
встречает 1,221849 0,000616
таинственного 1,522879 0,000768
юношу 1,698970 0,000856
влюблен 1,522879 0,000768
Он 0,721246 0,000545
надеется 1,698970 0,000856
поможет 0,886057 0,000447
оживить 1,698970 0,000856
случайная 1,698970 0,000856
встреча 1,096910 0,000553
прекрасной 1,397940 0,000705
Марией 1,522879 0,000768
меняет 1,397940 0,000705
Захаров 1,698970 0,000856
Нодар 1,698970 0,000856
Мгалоблишвили 1,698970 0,000856
Валюшкина 1,698970 0,000856
Михайлов 1,397940 0,000705
Абдулов 1,522879 0,000768
Семен 1,522879 0,000768
Фарада 1,698970 0,000856
Женитьба 1,698970 0,001713
Бальзаминова 1,698970 0,001713
Тонкая 1,698970 0,000856
ироничная 1,698970 0,000856
пьесам 1,698970 0,000856
Николая 1,154902 0,000873
Островского 1,698970 0,001285
любимыми 1,698970 0,000856
актерами 1,698970 0,000856
главных 0,853872 0,000430
XIX 1,096910 0,000553
век 1,000000 0,000504
Мелкий 1,698970 0,000856
московский 1,397940 0,000705
чиновник 1,698970 0,000856
Бальзаминов 1,698970 0,000856
вместе 0,769551 0,000388
маменькой 1,698970 0,000856
мечтает 1,397940 0,000705
женитьбе 1,698970 0,000856
обязательно 1,301030 0,000656
богатой 1,522879 0,000768
сваха 1,698970 0,000856
сообщением 1,522879 0,000768
подходящей 1,698970 0,000856
невесте 1,698970 0,000856
сватовство 1,698970 0,001285
заканчивается 1,397940 0,000705
выдворением 1,698970 0,000856
Бальзаминовых 1,698970 0,000856
дома 0,744727 0,000375
предполагаемой 1,698970 0,000856
суженой 1,698970 0,000856
отчаяния 1,698970 0,000856
герой 0,958607 0,000483
решает 1,221849 0,000616
приударить 1,698970 0,000856
двумя 1,096910 0,000553
невестами 1,698970 0,000856
несмотря 1,301030 0,000984
бесконечные 1,522879 0,000768
насмешки 1,698970 0,000856
добивается 1,698970 0,000856
Отметим 1,698970 0,000856
трилогии 1,522879 0,000768
снимался 1,522879 0,000768
Суздале 1,522879 0,000768
одной 0,958607 0,000483
жемчужин 1,698970 0,000856
Золотого 1,522879 0,000768
кольца 1,698970 0,000856
Причем 1,522879 0,000768
Георгию 1,698970 0,000856
Вицину 1,698970 0,000856
сыграл 1,397940 0,000705
летнего 1,301030 0,000656
съемок 1,301030 0,000656
перед 0,920819 0,000464
каждой 1,221849 0,000616
сценой 1,698970 0,000856
актера 1,221849 0,000616
долго 1,000000 0,000504
тщательно 1,522879 0,000768
гримировали 1,698970 0,000856
выглядел 1,698970 0,000856
моложе 1,522879 0,000768
Позже 1,397940 0,000705
Вицин 1,698970 0,001285
шутил 1,698970 0,000856
называется 1,397940 0,000705
забальзамированного 1,698970 0,000856
Воинов 1,698970 0,000856
Георгий 1,522879 0,001151
Шагалова 1,698970 0,000856
Надежда 1,045757 0,000527
Румянцева 1,698970 0,000856
Жестокий 1,698970 0,001285
романс 1,698970 0,001285
безжалостная 1,698970 0,000856
толкает 1,522879 0,000768
отчаянные 1,522879 0,000768
поступки 1,698970 0,000856
Лариса 1,154902 0,000873
Огудалова 1,698970 0,000856
Паратов 1,698970 0,000856
Юлий 1,698970 0,000856
Карандышев 1,698970 0,000856
Готовы 1,522879 0,000768
встретиться 1,698970 0,000856
ними 1,154902 0,000582
посмотреть 1,000000 0,000504
легендарную 1,522879 0,000768
экранизацию 1,522879 0,000768
великой 1,522879 0,000768
классики 1,301030 0,000656
На 0,283997 0,000215
берегах 1,301030 0,000656
Волги 1,698970 0,000856
романсы 1,522879 0,000768
цыгане 1,698970 0,000856
отчаяние 1,698970 0,000856
которая 0,823909 0,000415
сильнее 1,522879 0,000768
такая 1,154902 0,000582
хрупкая 1,698970 0,000856
хрусталь 1,698970 0,000856
сказал 1,301030 0,000656
главные 0,823909 0,000415
герои 1,045757 0,000527
фильма 0,795880 0,000401
река 1,522879 0,000768
Волга 1,698970 0,000856
пароход 1,698970 0,000856
Ласточка 1,698970 0,000856
потому 0,958607 0,000483
именно 0,920819 0,000464
наиболее 1,096910 0,000553
точно 1,154902 0,000582
символизируют 1,698970 0,000856
свободолюбивый 1,698970 0,000856
дух 1,397940 0,000705
Поволжья 1,698970 0,000856
Кстати 1,522879 0,000768
множество 1,397940 0,000705
отрицательных 1,698970 0,000856
отзывов 1,397940 0,000705
кинокритиков 1,698970 0,000856
обрел 1,397940 0,000705
огромную 1,397940 0,000705
популярность 1,522879 0,000768
стал 0,585027 0,000295
лучшим 1,301030 0,000656
итогам 1,698970 0,000856
опроса 1,698970 0,000856
журнала 1,154902 0,000582
Советский 1,301030 0,000656
экран 1,698970 0,000856
Гузеева 1,698970 0,000856
Алиса 1,301030 0,000656
Фрейндлих 1,698970 0,000856
Мягков 1,698970 0,000856
Петренко 1,397940 0,000705
Виктор 0,795880 0,000401
Проскурин 1,698970 0,000856
Чистое 1,698970 0,001285
небо 1,397940 0,001057
Пронзительная 1,698970 0,000856
боль 1,221849 0,000616
разлуку 1,522879 0,000768
Юная 1,397940 0,000705
летчика 1,698970 0,001285
испытателя 1,698970 0,000856
Алексея 1,154902 0,000582
война 1,221849 0,001848
рушит 1,698970 0,000856
надежду 1,522879 0,000768
счастливую 1,698970 0,000856
Известие 1,698970 0,000856
смерти 0,744727 0,000375
любимого 1,301030 0,000656
становится 1,221849 0,000924
девушки 1,096910 0,000553
тяжелым 1,397940 0,000705
испытанием 1,698970 0,000856
Впереди 1,698970 0,000856
неизвестность 1,698970 0,000856
выживает 1,698970 0,000856
попадает 1,397940 0,000705
плен 1,221849 0,000616
изгоем 1,698970 0,000856
исключают 1,698970 0,000856
партии 1,397940 0,000705
лишают 1,522879 0,000768
работы 0,638272 0,000483
Отчаяние 1,698970 0,000856
отсутствие 1,154902 0,000582
веры 1,698970 0,000856
толкают 1,698970 0,000856
пропасть 1,698970 0,000856
сила 1,397940 0,000705
Саши 1,221849 0,000616
способна 1,698970 0,000856
сохранить 1,000000 0,000504
Григорий 1,221849 0,000616
Чухрай 1,698970 0,000856
Нина 1,221849 0,000616
Дробышева 1,698970 0,000856
Евгений 0,698970 0,000705
Урбанский 1,698970 0,000856
Кузьмина 1,522879 0,000768
Виталий 1,154902 0,000582
Коняев 1,698970 0,000856
Куликов 1,698970 0,000856
Князев 1,522879 0,000768
Тальянка 1,698970 0,001285
Ах 1,522879 0,000768
ты 0,886057 0,000447
сделала 1,397940 0,000705
подлая 1,698970 0,000856
Танцовщица 1,698970 0,000856
Джульетта 1,522879 0,001535
русский 0,920819 0,000464
летчик 1,698970 0,000856
Степан 1,522879 0,001535
встретились 1,522879 0,000768
партизанском 1,698970 0,000856
отряде 1,522879 0,000768
Италии 1,154902 0,000582
полюбили 1,698970 0,000856
друг 0,795880 0,000401
друга 0,886057 0,000447
солдата 1,698970 0,000856
немецкой 1,522879 0,000768
оккупации 1,522879 0,000768
погибли 1,096910 0,000553
жена 1,000000 0,000756
сын 0,958607 0,000483
решил 1,000000 0,000504
открыться 1,698970 0,000856
новому 1,301030 0,000656
чувству 1,698970 0,000856
закончилась 1,397940 0,000705
Влюбленные 1,698970 0,000856
приехали 1,698970 0,000856
родную 1,698970 0,000856
деревню 1,301030 0,000656
Степана 1,397940 0,001057
ждал 1,698970 0,000856
неожиданный 1,698970 0,000856
сюрприз 1,397940 0,000705
семья 1,045757 0,000527
выжила 1,698970 0,000856
быть 0,431798 0,000218
теперь 0,677781 0,000342
Две 1,045757 0,000527
жены 1,045757 0,000527
двое 1,397940 0,000705
намерена 1,096910 0,000553
разбивать 1,698970 0,000856
пару 1,221849 0,000616
собирается 1,154902 0,000582
вернуться 0,958607 0,000483
домой 0,958607 0,000483
дочка 1,522879 0,000768
стала 0,823909 0,000415
гражданкой 1,698970 0,000856
забирать 1,698970 0,000856
собой 0,823909 0,000415
нельзя 0,853872 0,000430
Мать 1,154902 0,000582
бросить 1,397940 0,000705
доме 1,000000 0,000504
отца 1,000000 0,000504
первая 1,154902 0,000582
своем 0,823909 0,000415
бане 1,698970 0,000856
новая 1,000000 0,000504
беда 1,698970 0,000856
Японией 1,698970 0,000856
повестку 1,698970 0,000856
вскоре 1,301030 0,000656
него 0,795880 0,000401
похоронка 1,698970 0,000856
среди 0,958607 0,000483
чужих 1,397940 0,000705
практически 1,096910 0,000553
незнакомых 1,698970 0,000856
нередко 1,522879 0,000768
враждебно 1,698970 0,000856
настроенных 1,698970 0,000856
дальше 0,886057 0,000447
Сможет 1,522879 0,000768
здесь 0,744727 0,000563
друзей 1,045757 0,000527
понимание 1,698970 0,000856
Удастся 1,698970 0,000856
обрести 1,522879 0,000768
новую 0,769551 0,000388
родину 1,522879 0,000768
Звездаков 1,698970 0,000856
Мерзликин 1,698970 0,000856
Йоанна 1,698970 0,000856
Моро 1,698970 0,000856
Екатерина 0,920819 0,000464
Гусева 1,522879 0,000768
Раньеро 1,698970 0,000856
монако 1,698970 0,000856
Ди 1,301030 0,000656
Лапио 1,698970 0,000856
Скляр 1,522879 0,000768
Разведчицы 1,698970 0,001285
заставило 1,522879 0,000768
девушек 1,301030 0,001312
тропу 1,698970 0,000856
войны 0,744727 0,000375
апреле 0,853872 0,000430
года 0,356547 0,000270
Москву 0,886057 0,000447
Главное 0,657577 0,000331
управление 1,397940 0,000705
Госбезопасности 1,698970 0,000856
майор 1,522879 0,000768
Воротынников 1,698970 0,001285
Недавно 1,397940 0,000705
получил 0,958607 0,000483
разрешение 1,522879 0,000768
открытие 1,301030 0,000656
разведывательной 1,698970 0,000856
школы 0,853872 0,000430
Киеве 1,397940 0,000705
подбирает 1,698970 0,000856
кадры 1,000000 0,000504
грядущей 1,698970 0,000856
берет 1,301030 0,000656
себе 0,619789 0,000312
помощники 1,522879 0,000768
опытного 1,522879 0,000768
бойца 1,698970 0,000856
Петрова 1,221849 0,000616
некоего 1,698970 0,000856
Команда 1,096910 0,000553
понимает 1,221849 0,000616
горами 1,522879 0,000768
об 0,292430 0,000221
сих 1,096910 0,000553
пор 1,045757 0,000527
запрещается 1,698970 0,000856
говорить 1,045757 0,000527
начинает 1,397940 0,000705
формировать 1,698970 0,000856
собственную 1,301030 0,000656
разведшколу 1,698970 0,000856
ней 0,823909 0,000415
оказываются 1,522879 0,000768
две 0,795880 0,000401
молодые 1,522879 0,000768
курсантки 1,698970 0,000856
Арина 1,522879 0,000768
Прозоровская 1,698970 0,000856
Зоя 1,522879 0,000768
Величко 1,698970 0,000856
службу 1,397940 0,000705
привели 1,522879 0,000768
трагические 1,698970 0,000856
обстоятельства 1,698970 0,000856
Арину 1,698970 0,000856
измене 1,698970 0,000856
родине 1,522879 0,000768
Зою 1,698970 0,000856
совершала 1,698970 0,000856
которое 1,096910 0,000553
пыталась 1,522879 0,000768
предотвратить 1,522879 0,000768
Единственная 1,698970 0,000856
возможность 0,769551 0,000388
обеих 1,522879 0,000768
избежать 1,221849 0,000616
наказания 1,397940 0,000705
оказаться 1,522879 0,000768
новой 0,769551 0,000388
разведшколе 1,698970 0,000856
начать 1,045757 0,000527
чистого 1,698970 0,000856
листа 1,698970 0,000856
переплетутся 1,698970 0,000856
Феликс 1,522879 0,000768
Герчиков 1,698970 0,000856
Светлана 1,045757 0,000791
Иванова 1,397940 0,000705
Устинова 1,522879 0,000768
Анатолий 1,301030 0,000656
Руденко 1,698970 0,000856
Пронин 1,698970 0,000856
Вдовиченков 1,522879 0,000768
Сериалы 1,045757 0,000527
Фильмы 0,744727 0,000375
Новости 0,221849 0,000224
Новые 0,552842 0,000279
истории 0,657577 0,000331
Вся 0,886057 0,000447
лента 1,045757 0,000527
НОВЫЕ 1,522879 0,000768
ЭПИЗОДЫ 1,698970 0,000856
Пьяный 1,522879 0,000768
угнал 1,698970 0,000856
асфальтоукладчик 1,698970 0,000856
отправился 1,522879 0,000768
водкой 1,698970 0,000856
Шесть 1,301030 0,000656
танцев 1,698970 0,000856
Иржи 1,698970 0,000856
Килиана 1,698970 0,000856
театре 1,045757 0,000527
Астана 1,522879 0,000768
опера 1,522879 0,000768
работает 0,657577 0,000331
завод 1,397940 0,000705
производству 1,698970 0,000856
ядерного 1,698970 0,000856
топлива 1,397940 0,000705
Казахстане 1,301030 0,000656
Платежи 1,698970 0,000856
подождут 1,522879 0,000768
уйти 1,221849 0,000616
кредитные 1,522879 0,000768
каникулы 1,301030 0,000656
Код 1,397940 0,000705
ученые 1,221849 0,000616
впервые 0,744727 0,000375
расшифровали 1,698970 0,000856
полный 1,154902 0,000582
геном 1,698970 0,000856
человека 0,568636 0,000287
Последний 0,920819 0,000464
снег 1,221849 0,000616
Центральную 1,698970 0,000856
потепление 1,397940 0,000705
C 1,000000 0,000504
Кухни 1,522879 0,000768
мира 0,537602 0,000406
Готовим 1,397940 0,000705
пулярку 1,698970 0,000856
виноградом 1,698970 0,000856
домашнюю 1,698970 0,000856
лапшу 1,698970 0,000856
перепелкой 1,698970 0,000856
Мастер 1,096910 0,000553
класс 1,301030 0,000656
приготовлению 1,698970 0,000856
деликатесов 1,698970 0,000856
птицы 1,397940 0,000705
провел 1,221849 0,000616
шеф 1,301030 0,000656
повар 1,698970 0,000856
Страхов 1,698970 0,000856
Лица 1,221849 0,000616
Белоголовцев 1,698970 0,000856
Ведущий 1,301030 0,000656
Мобильные 1,397940 0,000705
приложения 1,045757 0,000527
МТРК 1,698970 0,001713
интернет 0,657577 0,000497
портал 0,823909 0,000415
Сетевое 0,795880 0,000401
издание 0,657577 0,000331
Учредитель 0,698970 0,000352
Закрытое 1,698970 0,000856
акционерное 1,698970 0,000856
общество 0,958607 0,000483
Межгосударственная 1,698970 0,001285
телерадиокомпания 1,698970 0,001285
Главный 0,585027 0,000295
редактор 0,585027 0,000295
Батыршин 1,698970 0,000856
Р 1,301030 0,000656
Телефон 1,000000 0,000504
факс 1,698970 0,000856
Коммерческая 1,522879 0,000768
дирекция 1,698970 0,000856
Развитие 1,522879 0,000768
сети 0,823909 0,000623
Обращение 1,698970 0,000856
Компанию 1,698970 0,000856
Реклама 0,387216 0,000195
reklama 1,522879 0,000768
mir 1,698970 0,000856
tv 1,096910 0,000553
Сайт 1,301030 0,000656
Тихонов 1,522879 0,000768
Радио 0,958607 0,000483
Коритич 1,698970 0,000856
PR 1,221849 0,000616
pr 1,397940 0,000705
mirtv 1,698970 0,000856
ru 0,187087 0,000094
корреспонденции 1,698970 0,000856
ул 1,000000 0,000756
Краснобогатырская 1,698970 0,000856
д 0,886057 0,000670
стр 1,096910 0,000553
Юридический 1,698970 0,000856
адрес 0,920819 0,000464
Пятницкая 1,698970 0,000856
была 0,744727 0,000375
создана 1,698970 0,000856
Соглашением 1,698970 0,000856
глав 1,154902 0,000582
государств 1,397940 0,000705
участников 1,000000 0,000504
СНГ 1,522879 0,000768
целях 1,522879 0,000768
освещения 1,698970 0,000856
политического 1,698970 0,000856
экономического 1,221849 0,000616
гуманитарного 1,698970 0,000856
сотрудничества 1,522879 0,000768
формирования 1,221849 0,000616
общего 1,522879 0,000768
информационного 1,698970 0,000856
пространства 1,522879 0,000768
содействия 1,698970 0,000856
международному 1,522879 0,000768
обмену 1,698970 0,000856
информацией 1,397940 0,000705
Онлайн 0,769551 0,000388
трансляция 1,154902 0,000582
эфирного 1,698970 0,000856
потока 1,698970 0,000856
согласования 1,698970 0,000856
строго 1,397940 0,000705
запрещена 1,397940 0,000705
Трансляция 1,221849 0,000616
эфира 1,522879 0,000768
возможна 1,397940 0,000705
исключительно 1,301030 0,000656
использовании 1,221849 0,000616
плеера 1,698970 0,000856
системы 1,301030 0,000656
онлайн 0,508638 0,000256
вещания 1,397940 0,000705
Закрытого 1,698970 0,000856
акционерного 1,698970 0,000856
общества 1,096910 0,000553
Свидетельство 0,721246 0,000545
регистрации 0,638272 0,000322
СМИ 0,481486 0,000243
ЭЛ 0,823909 0,000415
ФС 0,522879 0,000264
июня 0,920819 0,000464
выдано 1,301030 0,000656
Федеральной 0,619789 0,000312
службой 0,744727 0,000375
надзору 0,619789 0,000312
сфере 0,552842 0,000279
связи 0,455932 0,000230
информационных 0,585027 0,000295
технологий 0,568636 0,000287
массовых 0,568636 0,000287
коммуникаций 0,585027 0,000295
права 0,431798 0,000218
любые 0,886057 0,000447
материалы 0,537602 0,000271
опубликованные 0,920819 0,000464
сайте 0,431798 0,000218
защищены 0,602060 0,000303
соответствии 0,795880 0,000401
российским 0,823909 0,000415
международным 1,045757 0,000527
законодательством 0,823909 0,000415
авторском 1,301030 0,000656
праве 1,301030 0,000656
смежных 1,301030 0,000656
правах 1,045757 0,000527
Любое 0,886057 0,000447
использование 0,795880 0,000401
текстовых 1,154902 0,000582
фото 0,657577 0,000331
аудио 1,096910 0,000553
видеоматериалов 1,045757 0,000527
возможно 0,920819 0,000464
согласия 1,000000 0,000504
правообладателя 0,886057 0,000447
