Яндекс 0,638272 0,000912
Новости 0,221849 0,001078
Главные 0,769551 0,000440
новости 0,420216 0,000360
сегодня 0,677781 0,000969
самые 0,721246 0,000412
свежие 1,096910 0,000627
и 0,075721 0,000628
последние 0,769551 0,000660
России 0,251812 0,001368
онлайн 0,508638 0,000291
Найти 0,853872 0,000488
Будьте 1,522879 0,000871
в 0,070581 0,001493
Плюсе 1,698970 0,000971
Войти 0,508638 0,000291
Поиск 0,619789 0,000354
Картинки 1,397940 0,000799
Видео 0,431798 0,000247
Карты 1,397940 0,000799
Маркет 1,397940 0,000799
Переводчик 1,522879 0,000871
Кью 1,698970 0,000971
Диск 1,522879 0,000871
Почта 1,154902 0,000660
Все 0,148742 0,000085
Новостные 1,698970 0,000971
рубрики 1,221849 0,000699
Главное 0,657577 0,000376
Еще 0,585027 0,002509
Казань 0,823909 0,001178
Интересное 1,522879 0,001306
Коронавирус 0,958607 0,000548
Политика 0,443697 0,000381
Общество 0,638272 0,000547
Экономика 0,568636 0,000488
В 0,167491 0,000910
мире 0,468521 0,000402
Спорт 0,537602 0,000461
Происшествия 0,823909 0,000707
Культура 0,638272 0,000547
Технологии 0,958607 0,000822
Наука 0,638272 0,000547
Авто 0,853872 0,000732
Банк 1,045757 0,000897
внепланово 1,698970 0,000971
снизил 0,698970 0,000400
ключевую 0,677781 0,000581
ставку 0,657577 0,000564
до 0,244125 0,000628
годовых 0,886057 0,000760
На 0,283997 0,000406
заседании 1,522879 0,000871
марта 0,769551 0,000660
принял 1,000000 0,001144
решение 0,853872 0,001221
сохранить 1,000000 0,000858
на 0,075721 0,000931
уровне 1,397940 0,000799
Интерфакс 1,522879 0,002177
Песков 0,744727 0,001703
заявил 0,744727 0,004258
что 0,187087 0,001123
Кремле 1,045757 0,000598
ориентируются 1,698970 0,000971
данные 0,721246 0,000412
Минобороны 0,698970 0,000400
о 0,136677 0,000938
потерях 1,096910 0,000627
Украине 0,537602 0,001537
Пресс 0,657577 0,000376
секретарь 1,221849 0,001048
президента 0,958607 0,001644
РФ 0,568636 0,001788
Дмитрий 0,602060 0,001033
когда 0,585027 0,000334
обсуждается 1,698970 0,000971
вопрос 0,698970 0,000400
связанный 1,698970 0,000971
с 0,102373 0,000585
потерями 1,522879 0,000871
берутся 1,522879 0,000871
расчет 1,522879 0,000871
официальные 1,522879 0,000871
сведения 1,221849 0,000699
Министерства 1,096910 0,000627
обороны 1,522879 0,001741
Газета 1,096910 0,000941
Ru 1,397940 0,001199
Евросоюз 1,000000 0,000858
пятый 0,920819 0,000790
пакет 0,853872 0,000732
санкций 0,677781 0,000581
против 0,387216 0,000443
из 0,167491 0,001053
за 0,180456 0,000774
спецоперации 0,744727 0,000639
Европейский 1,301030 0,001116
союз 1,301030 0,001116
Об 0,698970 0,001399
этом 0,585027 0,001003
сообщается 1,522879 0,000871
сайте 0,431798 0,000370
Евросовета 1,698970 0,000971
Lenta 1,397940 0,005595
ru 0,187087 0,001123
Басурин 1,045757 0,001495
при 0,468521 0,000670
ударе 0,853872 0,001221
ВСУ 0,744727 0,000426
по 0,124939 0,000571
Краматорску 0,744727 0,001065
пострадали 1,397940 0,001199
около 1,000000 0,001144
ста 1,522879 0,000871
человек 0,494850 0,000849
При 0,769551 0,000440
киевскими 1,698970 0,000971
силовиками 1,522879 0,000871
ракетой 1,154902 0,000660
Точка 0,795880 0,000455
У 0,431798 0,000370
помимо 1,522879 0,000871
погибших 1,301030 0,000744
представитель 1,397940 0,001599
Народной 1,698970 0,001457
милиции 1,397940 0,001199
ДНР 0,823909 0,000942
Эдуард 1,221849 0,001048
РИА 1,301030 0,005207
Президент 1,000000 0,000858
Путин 0,721246 0,000619
простился 1,045757 0,000897
лидером 1,154902 0,001981
ЛДПР 0,744727 0,001277
Жириновским 0,585027 0,001003
Владимир 0,431798 0,000370
Владимиром 0,677781 0,000581
передает 1,221849 0,001397
корреспондент 1,397940 0,001199
Уроженец 1,698970 0,001457
Казани 1,045757 0,001495
Валерий 1,000000 0,000858
Леонов 1,698970 0,001457
стал 0,585027 0,000502
замглавы 1,397940 0,001199
Минстроя 1,522879 0,001306
Соответствующий 1,522879 0,000871
документ 1,397940 0,000799
опубликовали 1,698970 0,000971
портале 1,221849 0,000699
правовой 1,522879 0,000871
информации 0,698970 0,000599
Аи 1,522879 0,001306
Ф 1,154902 0,000990
ОАК 1,221849 0,001048
запланировала 1,698970 0,000971
произвести 1,397940 0,000799
самолетов 1,045757 0,000897
ТУ 1,522879 0,000871
года 0,356547 0,000714
Объединенная 1,698970 0,000971
авиастроительная 1,698970 0,000971
корпорация 1,698970 0,000971
планирует 1,154902 0,000660
построить 1,301030 0,000744
Ту 1,154902 0,000660
сообщили 0,958607 0,000822
Ростехе 1,397940 0,000799
владеет 1,698970 0,000971
ТАСС 1,397940 0,001998
РБК 1,397940 0,000799
Татарстане 1,522879 0,001306
коронавирусом 1,154902 0,000660
заболели 1,698970 0,000971
еще 0,408935 0,000234
За 0,568636 0,000325
сутки 0,795880 0,000455
зарегистрировали 1,698970 0,000971
новых 0,508638 0,000436
ковид 1,522879 0,000871
случаев 1,045757 0,000598
были 0,769551 0,000660
госпитализированы 1,301030 0,000744
Татар 1,397940 0,000799
информ 1,522879 0,000871
Челнинцы 1,698970 0,000971
пожаловались 1,698970 0,000971
обязательное 1,698970 0,000971
посещение 1,522879 0,000871
платных 1,522879 0,000871
занятий 1,698970 0,000971
Адымнар 1,698970 0,001457
соцсетях 1,045757 0,000598
жители 1,154902 0,000660
Набережных 1,522879 0,000871
Челнов 1,698970 0,000971
возмущены 1,698970 0,000971
тем 1,000000 0,000572
для 0,119186 0,000409
обучения 1,301030 0,000744
полилингвальной 1,698970 0,000971
гимназии 1,522879 0,000871
необходимо 0,920819 0,000526
посещать 1,698970 0,000971
платные 1,522879 0,000871
занятия 1,221849 0,000699
татарского 1,397940 0,000799
английского 1,522879 0,000871
языков 1,522879 0,000871
якобы 1,301030 0,000744
без 0,387216 0,000221
которых 0,677781 0,000388
учреждение 1,698970 0,000971
не 0,142668 0,000326
зачисляют 1,698970 0,000971
Челнинские 1,698970 0,000971
известия 1,698970 0,000971
неделю 0,920819 0,000790
подешевели 1,522879 0,001306
бензин 1,301030 0,001116
АИ 1,698970 0,001457
дизельное 1,698970 0,001457
топливо 1,397940 0,001199
сообщает 1,301030 0,002232
Татарстанстат 1,698970 0,000971
Министерство 1,301030 0,000744
отвергло 1,698970 0,000971
информацию 0,721246 0,001031
ракетном 1,397940 0,001199
Россией 0,795880 0,000455
Министерстве 1,698970 0,000971
отвергли 1,397940 0,000799
распространяемую 1,698970 0,000971
Украиной 1,045757 0,000598
со 0,387216 0,000553
стороны 1,301030 0,001488
объяснил 0,769551 0,000440
отсутствие 1,154902 0,001651
почетного 1,522879 0,001306
караула 1,397940 0,001199
прощании 1,397940 0,000799
Путина 0,886057 0,000760
кладбище 1,221849 0,000699
во 0,494850 0,000566
время 0,366532 0,000210
прощания 1,045757 0,001196
у 0,387216 0,000553
гроба 1,522879 0,000871
Жириновского 0,657577 0,000376
было 0,585027 0,000502
солдат 1,096910 0,000627
Московский 1,096910 0,000627
Комсомолец 1,522879 0,000871
Напавшим 1,698970 0,000971
главреда 1,096910 0,000627
Новой 1,045757 0,001495
газеты 0,958607 0,001370
Муратова 1,154902 0,001651
оказался 0,920819 0,000526
летний 1,045757 0,000598
бизнесмен 1,221849 0,000699
Установлена 1,698970 0,000971
личность 1,397940 0,000799
мужчины 0,920819 0,000526
который 0,508638 0,000436
облил 1,698970 0,000971
краской 1,397940 0,001599
главного 1,045757 0,001196
редактора 1,096910 0,001254
Дмитрия 1,301030 0,001116
вагоне 1,522879 0,000871
поезда 1,301030 0,000744
ФАН 1,522879 0,000871
Премьер 1,154902 0,001321
Украины 0,721246 0,000825
национализации 1,522879 0,000871
всего 0,744727 0,000426
российского 0,823909 0,001413
имущества 1,522879 0,000871
стране 0,853872 0,000732
министр 1,221849 0,001397
Денис 0,853872 0,000488
Шмыгаль 1,698970 0,000971
все 0,292430 0,000334
российское 1,397940 0,000799
имущество 1,301030 0,000744
будет 0,387216 0,000443
национализировано 1,698970 0,000971
компенсации 1,522879 0,000871
потерь 1,522879 0,000871
от 0,193820 0,000388
боевых 1,301030 0,001116
действий 1,301030 0,000744
Свердловские 1,698970 0,000971
врачи 1,221849 0,000699
имплантировали 1,698970 0,000971
девочке 1,698970 0,001457
подростку 1,698970 0,000971
подавляющее 1,698970 0,000971
боль 1,221849 0,000699
устройство 1,698970 0,000971
Врачи 1,397940 0,000799
нейрохирургического 1,698970 0,000971
отделения 1,698970 0,000971
Областной 1,698970 0,000971
детской 1,397940 0,000799
клинической 1,522879 0,000871
больницы 1,221849 0,000699
Екатеринбурге 1,522879 0,000871
провели 1,397940 0,000799
уникальную 1,301030 0,001116
операцию 1,522879 0,000871
летней 1,301030 0,000744
которой 0,886057 0,001013
был 0,481486 0,000413
хронический 1,698970 0,000971
болевой 1,698970 0,000971
синдром 1,397940 0,000799
Тагил 1,397940 0,000799
Сити 1,221849 0,000699
ру 0,886057 0,000760
Подрубрики 1,698970 0,003886
Армия 1,000000 0,000572
оружие 1,154902 0,000660
Военная 1,301030 0,000744
операция 1,000000 0,000572
Умер 1,096910 0,000627
Жириновский 0,677781 0,000388
Отчет 1,397940 0,000799
Правительства 1,522879 0,000871
результатах 1,522879 0,000871
деятельности 1,000000 0,000572
год 0,568636 0,000325
Украинский 1,301030 0,000744
кризис 1,096910 0,000627
Генассамблея 1,698970 0,000971
ООН 0,823909 0,001178
компании 0,677781 0,000775
ЕС 0,920819 0,000790
получили 1,045757 0,000897
необходимые 1,221849 0,001048
разъяснения 1,698970 0,001457
об 0,292430 0,000502
оплате 1,522879 0,001741
газа 1,221849 0,002096
Компании 1,045757 0,000598
покупатели 1,698970 0,000971
Европе 0,886057 0,000760
которая 0,823909 0,000707
должна 0,958607 0,000822
конвертироваться 1,698970 0,000971
рубли 1,301030 0,000744
пятницу 1,096910 0,000627
журналистам 1,522879 0,000871
пресс 0,886057 0,000760
назвал 0,795880 0,000683
поддержку 1,000000 0,000572
друзьями 1,301030 0,000744
исключения 1,397940 0,000799
ее 0,508638 0,000291
СПЧ 0,920819 0,000790
результатом 1,522879 0,000871
принуждения 1,522879 0,000871
Как 0,301030 0,000258
позднее 1,522879 0,000871
заместитель 1,397940 0,000799
постоянного 1,698970 0,000971
представителя 1,698970 0,000971
Геннадий 1,221849 0,000699
Кузьмин 1,522879 0,000871
Россия 0,455932 0,000521
приняла 1,397940 0,000799
досрочном 1,698970 0,000971
прекращении 1,397940 0,000799
членства 1,221849 0,000699
Глава 0,698970 0,001399
Чечни 1,698970 0,001457
Кадыров 0,958607 0,000822
освобождении 1,301030 0,000744
Мариуполя 0,853872 0,000488
националистов 0,958607 0,000548
процентов 1,154902 0,000990
Мариуполь 1,096910 0,000627
освобожден 1,154902 0,000660
телеграм 1,698970 0,000971
канале 1,045757 0,000598
глава 0,958607 0,000822
Рамзан 1,698970 0,000971
убеждена 1,522879 0,001306
агрессивном 1,301030 0,001116
а 0,327902 0,000281
оборонительном 1,698970 0,001457
характере 1,301030 0,001116
НАТО 0,769551 0,000660
прежнему 1,301030 0,000744
Канцлер 1,698970 0,001457
Германии 1,000000 0,001429
Шольц 1,301030 0,001116
отложил 1,522879 0,001306
поставках 1,522879 0,002177
танков 1,221849 0,001048
несмотря 1,301030 0,001488
давление 1,154902 0,000990
Олаф 1,698970 0,000971
современных 1,221849 0,000699
ряда 1,522879 0,000871
высокопоставленных 1,698970 0,000971
немецких 1,522879 0,000871
чиновников 1,522879 0,000871
Реклама 0,387216 0,000443
ЖКХ 1,301030 0,000744
Религия 1,301030 0,000744
Экология 1,221849 0,000699
Здоровье 0,853872 0,000488
Путешествия 1,154902 0,000660
Транспорт 1,397940 0,000799
Шоу 0,744727 0,000426
бизнес 0,657577 0,000376
Вакцинация 1,522879 0,000871
коронавируса 0,886057 0,000507
Эвакуация 1,522879 0,000871
жителей 0,853872 0,000732
Донбасса 0,886057 0,000507
Россию 0,568636 0,000650
Снос 1,698970 0,000971
московских 1,221849 0,000699
пятиэтажек 1,698970 0,000971
Колонном 1,154902 0,000990
зале 1,096910 0,000941
Дома 1,045757 0,000897
Союзов 1,045757 0,000897
началась 1,221849 0,000699
церемония 1,221849 0,000699
Церемония 1,154902 0,000660
проходит 1,000000 0,000572
Москве 0,455932 0,000261
объявил 1,221849 0,001397
полной 1,301030 0,000744
заморозке 1,522879 0,000871
активов 1,397940 0,000799
четырех 1,301030 0,001116
ключевых 1,522879 0,001306
российских 0,468521 0,000402
банков 1,301030 0,001116
полностью 0,795880 0,000455
заморозил 1,522879 0,000871
активы 1,522879 0,000871
Совет 1,301030 0,000744
ФАС 1,045757 0,001196
начала 0,769551 0,000660
антикартельную 1,522879 0,000871
проверку 1,221849 0,001048
отношении 0,853872 0,000732
Мираторга 1,522879 0,000871
цен 0,958607 0,001644
мясо 1,397940 0,000799
Федеральная 1,522879 0,000871
антимонопольная 1,698970 0,000971
служба 1,301030 0,001116
торговой 1,522879 0,000871
Мираторг 1,096910 0,000627
изучит 1,522879 0,000871
цепочку 1,522879 0,000871
поставки 1,301030 0,000744
мяса 1,698970 0,000971
проведет 1,698970 0,001457
оценку 1,397940 0,000799
ценообразования 1,698970 0,000971
эту 1,000000 0,000572
продукцию 1,522879 0,000871
говорится 1,522879 0,000871
сообщении 1,698970 0,000971
ведомства 1,698970 0,000971
Экономист 1,221849 0,001048
Петровская 1,698970 0,001457
допустила 1,698970 0,000971
продление 1,522879 0,000871
майских 1,301030 0,001116
выходных 1,522879 0,001306
сохранения 1,698970 0,000971
рабочих 1,221849 0,000699
мест 1,045757 0,000598
Продление 1,698970 0,000971
дней 0,744727 0,000426
поможет 0,886057 0,000507
рабочие 1,522879 0,000871
места 1,045757 0,000598
считает 1,000000 0,000572
заведующая 1,698970 0,000971
кафедрой 1,522879 0,000871
бухучета 1,698970 0,000971
аудита 1,698970 0,000971
статистики 1,698970 0,000971
экономического 1,221849 0,000699
факультета 1,397940 0,000799
РУДН 1,698970 0,000971
Мария 0,698970 0,000400
Российская 1,096910 0,000627
газета 1,397940 0,000799
начал 1,000000 0,000858
маркировать 1,301030 0,001116
ресурсы 1,154902 0,000990
Google 0,744727 0,001703
как 0,251812 0,000216
нарушителей 1,301030 0,001116
законодательства 1,000000 0,000858
Поисковик 1,698970 0,000971
Яндекса 1,397940 0,000799
требованию 1,698970 0,000971
Роскомнадзора 1,522879 0,000871
РКН 1,698970 0,000971
Интерфаксу 1,698970 0,000971
службе 0,920819 0,000526
Энергетика 1,522879 0,000871
Котировки 1,301030 0,000744
Недвижимость 1,045757 0,000598
Финансы 1,154902 0,000660
Цены 1,221849 0,001048
газ 1,154902 0,000990
Локтюхов 1,522879 0,001306
доллар 1,154902 0,000660
может 0,397940 0,000569
снизиться 1,698970 0,000971
рублей 0,585027 0,000669
мер 1,522879 0,001306
ЦБ 0,795880 0,000683
добавил 1,522879 0,000871
курс 0,920819 0,000526
доллара 1,045757 0,000598
вполне 1,522879 0,000871
опуститься 1,698970 0,000971
Центробанка 1,698970 0,000971
сообщила 1,397940 0,001199
Booking 1,301030 0,000744
com 0,744727 0,000426
назначенного 1,698970 0,000971
штрафа 1,522879 0,001306
млрд 1,221849 0,000699
ноябре 1,698970 0,000971
суд 1,301030 0,000744
подтвердил 1,397940 0,000799
размер 1,522879 0,000871
апреля 0,301030 0,000258
компания 0,958607 0,000548
отчиталась 1,522879 0,000871
его 0,376751 0,000323
уплате 1,522879 0,000871
бюджет 1,522879 0,000871
агентства 1,397940 0,001199
рыболовству 1,698970 0,001457
Савельев 1,698970 0,001457
рост 1,221849 0,000699
рыбу 1,698970 0,001457
связан 1,698970 0,000971
сокращением 1,698970 0,000971
экспорта 1,397940 0,000799
Информационного 1,698970 0,000971
Александр 0,468521 0,000402
беседе 1,522879 0,000871
радио 1,096910 0,000627
Sputnik 1,301030 0,001116
предупредил 1,397940 0,001199
россиян 0,744727 0,000639
росте 1,522879 0,000871
Минэкономики 1,698970 0,000971
ФРГ 1,522879 0,002177
заявило 1,301030 0,000744
готовности 1,397940 0,000799
платить 1,096910 0,000627
только 0,309804 0,000177
евро 0,823909 0,000707
долларах 1,522879 0,001306
Берлин 1,698970 0,000971
ожидает 1,522879 0,000871
дальнейших 1,698970 0,000971
деталей 1,698970 0,000971
вопросу 1,522879 0,000871
оплаты 1,301030 0,000744
позиция 1,698970 0,000971
остается 1,154902 0,000660
неизменной 1,698970 0,000971
оплата 1,698970 0,000971
проводиться 1,698970 0,000971
заявила 1,301030 0,000744
министерства 1,698970 0,000971
экономики 1,045757 0,001196
Анника 1,698970 0,000971
Айнхорн 1,698970 0,000971
Tokyo 1,698970 0,000971
Gas 1,698970 0,000971
предупредили 1,096910 0,000941
сбоях 1,698970 0,000971
случае 0,920819 0,000526
выхода 1,000000 0,000572
Японии 0,958607 0,000822
Сахалина 1,698970 0,000971
Выход 1,301030 0,000744
нефтегазового 1,698970 0,000971
проекта 0,886057 0,000507
Сахалин 1,301030 0,000744
привести 1,301030 0,000744
к 0,207608 0,000297
перебоям 1,698970 0,000971
Токио 1,397940 0,000799
Министр 1,698970 0,000971
заполненности 1,698970 0,000971
газохранилищ 1,698970 0,000971
страны 0,638272 0,000547
Газохранилища 1,698970 0,000971
заполнены 1,698970 0,000971
они 0,657577 0,000376
заполняются 1,698970 0,000971
день 0,585027 0,000334
Роберт 1,221849 0,000699
Хабек 1,698970 0,000971
RT 1,522879 0,000871
русском 1,154902 0,000660
Зеленский 1,154902 0,000660
неонацистские 1,698970 0,000971
боевики 1,522879 0,000871
выступили 1,397940 0,000799
парламенте 1,221849 0,001048
Греции 1,045757 0,000897
Выступление 1,397940 0,000799
Владимира 0,721246 0,000412
Зеленского 0,958607 0,000548
боевиков 1,522879 0,000871
батальона 1,522879 0,000871
Азов 1,154902 0,000660
организация 1,397940 0,000799
деятельность 1,301030 0,000744
запрещена 1,397940 0,000799
вызвало 1,522879 0,000871
скандал 1,301030 0,000744
среди 0,958607 0,000548
греческих 1,522879 0,000871
политиков 1,301030 0,000744
пишет 1,522879 0,001306
греческое 1,698970 0,000971
интернет 0,657577 0,000376
издание 0,657577 0,000564
IN 1,698970 0,000971
ИА 1,522879 0,001306
Красная 1,301030 0,000744
Весна 1,221849 0,000699
Бывший 1,301030 0,000744
врач 1,096910 0,000627
Белого 1,522879 0,000871
дома 0,744727 0,000426
Джексон 1,301030 0,000744
состояние 1,301030 0,001116
Байдена 1,397940 0,001199
опасным 1,301030 0,000744
нацбезопасности 1,698970 0,000971
США 0,508638 0,000727
Когнитивное 1,698970 0,000971
американского 1,301030 0,000744
Джо 1,301030 0,000744
настолько 1,301030 0,000744
ухудшилось 1,522879 0,000871
поведение 1,221849 0,000699
стало 1,000000 0,000858
представлять 1,698970 0,000971
опасность 1,397940 0,000799
национальной 1,301030 0,000744
безопасности 0,958607 0,000548
National 1,698970 0,001457
Review 1,522879 0,001306
Дауэрти 1,698970 0,001457
многие 1,096910 0,000941
католики 1,698970 0,001457
хотят 0,920819 0,000790
воевать 1,522879 0,001306
solenka 1,698970 0,000971
info 0,886057 0,000760
Solenka 1,698970 0,000971
Focus 1,522879 0,001306
немцы 1,301030 0,000744
чаще 1,154902 0,000990
сталкиваются 1,397940 0,001199
финансовыми 1,397940 0,001199
трудностями 1,698970 0,001457
роста 1,221849 0,001048
энергию 1,698970 0,001457
Немецкие 1,698970 0,000971
граждане 1,522879 0,000871
Online 1,301030 0,000744
Автоспорт 1,698970 0,000971
Баскетбол 1,397940 0,000799
Футбол 1,154902 0,000990
Хоккей 1,154902 0,000660
Фигурное 1,397940 0,000799
катание 1,397940 0,000799
Киберспорт 1,522879 0,000871
Волейбол 1,397940 0,000799
Биатлон 1,301030 0,000744
Теннис 1,397940 0,000799
Единоборства 1,698970 0,000971
Регулярный 1,698970 0,000971
чемпионат 1,397940 0,000799
НХЛ 1,221849 0,001048
КХЛ 1,301030 0,000744
Лига 1,221849 0,000699
Европы 0,920819 0,000526
УЕФА 1,522879 0,000871
Чемпионат 1,522879 0,000871
Англии 1,698970 0,000971
футболу 1,397940 0,000799
Олимп 1,522879 0,000871
ФНЛ 1,522879 0,000871
Украинские 1,000000 0,000858
шахматистки 1,154902 0,000660
Музычук 1,221849 0,001048
отказались 1,221849 0,000699
подписать 1,698970 0,001457
петицию 1,698970 0,000971
отстранению 1,397940 0,000799
FIDE 1,221849 0,001048
Украинских 1,522879 0,000871
шахматисток 1,522879 0,000871
Анну 1,522879 0,000871
Марию 1,698970 0,000971
исключат 1,698970 0,000971
Львовской 1,698970 0,000971
областной 1,698970 0,000971
федерации 1,522879 0,001741
шахмат 1,301030 0,000744
отказ 1,096910 0,000627
призыв 1,301030 0,000744
отстранить 1,698970 0,000971
белорусов 1,698970 0,000971
турниров 1,397940 0,000799
под 0,376751 0,000323
эгидой 1,221849 0,000699
Всемирной 1,698970 0,000971
шахматной 1,522879 0,000871
Нападающий 1,522879 0,001306
Динамо 1,522879 0,001306
Н 0,823909 0,000707
Жи 1,522879 0,001306
очень 0,657577 0,000376
любят 1,096910 0,000627
Африке 1,397940 0,000799
европейских 1,221849 0,000699
странах 1,045757 0,000598
где 0,537602 0,000307
я 0,522879 0,000299
играл 1,221849 0,000699
московского 1,522879 0,000871
сборной 1,301030 0,000744
Камеруна 1,698970 0,000971
Клинтон 1,698970 0,000971
рассказал 0,619789 0,000886
африканцев 1,698970 0,000971
президенту 1,698970 0,000971
Владимиру 1,397940 0,000799
Путину 1,522879 0,000871
Финская 1,698970 0,000971
лыжная 1,698970 0,000971
ассоциация 1,522879 0,000871
выступила 1,698970 0,000971
переизбрания 1,397940 0,000799
Вяльбе 1,301030 0,001116
совет 1,096910 0,000941
FIS 1,301030 0,001116
Финской 1,698970 0,000971
лыжной 1,698970 0,000971
ассоциации 1,397940 0,000799
Маркку 1,698970 0,000971
Хаапасалми 1,698970 0,000971
Елена 0,769551 0,000440
быть 0,431798 0,000247
переизбрана 1,698970 0,000971
Международной 1,522879 0,000871
лыжного 1,698970 0,000971
спорта 0,958607 0,000548
Sport 1,698970 0,000971
Овечкин 1,522879 0,000871
после 0,397940 0,000341
проведенной 1,698970 0,000971
смены 1,698970 0,000971
льду 1,301030 0,000744
попросил 1,301030 0,000744
тренера 1,397940 0,000799
водку 1,522879 0,000871
новом 0,853872 0,000488
материале 1,522879 0,000871
Sportbox 1,698970 0,000971
рассказали 0,744727 0,000639
самых 0,585027 0,000334
интересных 1,096910 0,000627
забавных 1,698970 0,000971
моментах 1,698970 0,000971
долгой 1,698970 0,000971
карьере 1,221849 0,000699
одного 0,795880 0,000683
лучших 1,096910 0,000627
снайперов 1,698970 0,000971
капитана 1,698970 0,000971
Вашингтон 1,221849 0,000699
Кэпиталз 1,698970 0,000971
Александра 0,638272 0,000365
Овечкина 1,698970 0,000971
CT 1,698970 0,000971
news 1,154902 0,000990
Шимон 1,698970 0,001457
Грубец 1,522879 0,001306
Чехии 1,397940 0,000799
него 0,795880 0,000683
требовали 1,522879 0,000871
покинуть 1,698970 0,001457
Авангард 1,522879 0,000871
Чешский 1,522879 0,000871
вратарь 1,522879 0,000871
омского 1,698970 0,000971
Авангарда 1,397940 0,000799
давили 1,698970 0,000971
требуя 1,698970 0,000971
Inc 1,154902 0,000660
Представитель 1,397940 0,001199
Киев 0,920819 0,000526
эвакуацию 1,698970 0,000971
Краматорска 1,045757 0,000598
потом 0,920819 0,000526
ударил 1,301030 0,000744
Точкой 0,958607 0,000548
военные 0,920819 0,000526
организовали 1,698970 0,000971
провокацию 1,397940 0,000799
железнодорожной 1,522879 0,000871
станции 1,221849 0,000699
Краматорске 0,823909 0,000471
там 0,958607 0,000822
погибли 1,096910 0,000627
Полиция 1,397940 0,000799
задержала 1,522879 0,000871
подозреваемого 1,397940 0,000799
нападении 1,096910 0,000627
Сотрудники 1,522879 0,000871
МВД 1,154902 0,000660
нашли 1,045757 0,000598
задержали 1,154902 0,000660
мужчин 1,096910 0,000627
напавших 1,522879 0,000871
РЕН 1,522879 0,000871
ТВ 0,657577 0,000376
Волоконовского 1,698970 0,001457
района 1,522879 0,001306
Белгородской 1,397940 0,000799
области 0,721246 0,001031
Сергей 0,468521 0,000402
Бикетов 1,698970 0,001457
сообщил 0,823909 0,001413
взрывах 1,522879 0,000871
инциденте 1,698970 0,000971
личной 1,522879 0,000871
странице 1,045757 0,000598
ВКонтакте 0,795880 0,000455
литовском 1,522879 0,001306
Мариямполе 1,522879 0,001306
облили 1,698970 0,000971
памятник 1,096910 0,000627
советским 1,301030 0,001116
воинам 1,397940 0,001199
Памятник 1,397940 0,000799
городе 0,958607 0,000548
облит 1,698970 0,000971
Литва 1,397940 0,000799
ссылкой 1,301030 0,000744
департамент 1,397940 0,000799
полиции 1,221849 0,000699
Литвы 1,522879 0,000871
Обвиняемого 1,698970 0,000971
взятках 1,522879 0,001306
бизнесмена 1,698970 0,001457
Бориса 1,154902 0,000990
Шпигеля 1,698970 0,001457
вновь 0,823909 0,000707
доставили 1,397940 0,000799
больницу 1,522879 0,000871
СИЗО 1,397940 0,001199
Российского 1,096910 0,000627
арестованного 1,698970 0,000971
делу 1,000000 0,000572
бывшему 1,522879 0,000871
губернатору 1,698970 0,000971
Пензенской 1,698970 0,000971
Ивану 1,698970 0,000971
Белозерцеву 1,698970 0,000971
госпитализировали 1,698970 0,000971
Театры 1,154902 0,000660
Музыка 0,795880 0,000455
Кино 0,677781 0,000388
Анна 0,568636 0,000488
Нетребко 1,096910 0,000941
участвует 1,522879 0,000871
фестивале 1,154902 0,000990
Звезды 0,823909 0,000707
белых 1,522879 0,001306
ночей 1,522879 0,001306
Мариинского 1,522879 0,000871
театра 1,154902 0,000660
Оперная 1,698970 0,000971
дива 1,522879 0,000871
участвовать 1,221849 0,000699
Мариинский 1,522879 0,000871
театр 1,221849 0,000699
мая 0,823909 0,000471
июль 1,522879 0,000871
Ревизор 1,698970 0,000971
Британская 1,301030 0,001116
рок 1,397940 0,001199
группа 1,154902 0,000990
Pink 1,397940 0,001199
Floyd 1,397940 0,001199
впервые 0,744727 0,001065
лет 0,366532 0,000524
выпустила 1,698970 0,001457
песню 1,397940 0,001199
новую 0,769551 0,000440
Андрей 0,552842 0,000316
Данилко 1,397940 0,000799
пережил 1,301030 0,000744
нервный 1,301030 0,000744
срыв 1,397940 0,000799
запрета 1,301030 0,000744
выступления 1,522879 0,000871
Музыкальный 1,397940 0,000799
журналист 1,154902 0,000660
Алексей 0,602060 0,000344
Остудин 1,698970 0,000971
интервью 0,823909 0,000471
Московскому 1,698970 0,000971
Комсомольцу 1,698970 0,000971
чем 0,420216 0,000240
занимается 1,397940 0,000799
артист 1,221849 0,000699
ненавидящий 1,698970 0,000971
ГЛАС 1,698970 0,000971
RU 0,886057 0,000507
Певцов 1,698970 0,001457
хочет 1,000000 0,000572
снять 1,301030 0,000744
эфира 1,522879 0,000871
шоу 0,657577 0,000564
Андрея 1,221849 0,001048
Малахова 1,698970 0,001457
хотел 1,221849 0,000699
бы 0,585027 0,000502
убрать 1,397940 0,000799
телеэфира 1,397940 0,000799
программу 1,301030 0,000744
Прямой 0,823909 0,000471
эфир 0,795880 0,000455
подобные 1,397940 0,000799
ей 1,045757 0,000598
Культуромания 1,698970 0,000971
Певец 1,698970 0,000971
Турецкий 1,698970 0,001457
прокомментировал 1,154902 0,000660
ситуацию 1,096910 0,000627
эфире 0,823909 0,000471
Вечернего 1,698970 0,000971
Аллой 1,698970 0,000971
Довлатовой 1,698970 0,000971
певец 1,522879 0,000871
продюсер 1,698970 0,000971
Михаил 0,568636 0,000488
обозначил 1,522879 0,000871
свою 0,638272 0,000365
позицию 1,522879 0,000871
ситуации 1,000000 0,000572
разворачивается 1,522879 0,000871
международной 1,154902 0,000660
арене 1,397940 0,000799
iReactor 1,698970 0,000971
Игры 0,886057 0,000507
Гаджеты 1,301030 0,000744
Интернет 0,823909 0,000471
Мишустин 0,920819 0,000790
разработке 1,522879 0,000871
аналога 1,698970 0,001457
App 1,154902 0,000990
Store 1,154902 0,000990
Play 1,000000 0,001144
лету 1,522879 0,000871
лично 1,301030 0,000744
следит 1,698970 0,000971
разработкой 1,522879 0,000871
Коммерсантъ 1,522879 0,000871
Смартфон 1,522879 0,000871
Xiaomi 1,522879 0,001741
X 1,045757 0,000897
процессором 1,698970 0,000971
Snapdragon 1,698970 0,000971
выходит 0,958607 0,000548
Компания 1,221849 0,000699
начале 1,096910 0,000941
продаж 1,096910 0,000627
своего 0,920819 0,000526
нового 0,769551 0,000440
смартфона 1,397940 0,000799
флагманской 1,698970 0,000971
линейки 1,522879 0,000871
Superplanshet 1,698970 0,000971
Россиян 1,397940 0,000799
способе 1,698970 0,000971
кражи 1,522879 0,000871
данных 0,657577 0,000940
через 0,585027 0,000502
знакомых 1,397940 0,000799
WhatsApp 1,397940 0,001199
Пользователи 1,698970 0,000971
случайным 1,522879 0,000871
образом 1,045757 0,000598
могут 0,522879 0,000299
заразить 1,698970 0,000971
вирусом 1,698970 0,000971
чужие 1,397940 0,000799
смартфоны 1,698970 0,000971
пересылая 1,698970 0,000971
вирусный 1,698970 0,000971
контент 1,522879 0,000871
различные 1,698970 0,000971
чаты 1,698970 0,000971
эксперт 1,221849 0,000699
кибербезопасности 1,698970 0,000971
Лаборатории 1,522879 0,000871
Касперского 1,698970 0,000971
Галов 1,698970 0,000971
Общественная 1,522879 0,000871
новостей 0,619789 0,000354
Научный 1,397940 0,001199
институт 1,154902 0,000990
Росатома 1,397940 0,001199
подготовит 1,698970 0,001457
инфраструктуру 1,397940 0,001199
прототипа 1,522879 0,001306
термоядерного 1,522879 0,001306
реактора 1,522879 0,001306
будущего 0,823909 0,000471
удалил 1,522879 0,000871
приложения 1,045757 0,000897
кодом 1,397940 0,000799
сбора 1,154902 0,000660
млн 0,886057 0,000507
пользователей 0,853872 0,000732
Android 0,958607 0,000548
Скотт 1,397940 0,000799
Уэстовер 1,698970 0,000971
уточнил 1,397940 0,000799
содержащие 1,698970 0,000971
программное 1,698970 0,000971
обеспечение 1,301030 0,000744
Measurement 1,698970 0,000971
Systems 1,698970 0,000971
удалены 1,698970 0,000971
магазина 1,397940 0,000799
сбор 1,522879 0,000871
вне 1,301030 0,000744
установленных 1,698970 0,000971
правил 0,958607 0,000548
Forbes 1,397940 0,000799
Космос 1,522879 0,000871
Древнее 1,698970 0,000971
чилийское 1,698970 0,000971
цунами 1,698970 0,001457
напугало 1,698970 0,000971
местных 1,397940 0,000799
После 0,795880 0,000455
местные 1,522879 0,000871
охотники 1,397940 0,000799
собиратели 1,698970 0,000971
стали 0,853872 0,000732
меньше 1,154902 0,000660
времени 0,721246 0,000412
проводить 1,397940 0,000799
побережья 1,522879 0,000871
переместились 1,698970 0,000971
дальше 0,886057 0,000507
вглубь 1,522879 0,000871
оставаясь 1,522879 0,000871
течение 1,096910 0,000627
или 0,301030 0,000172
более 0,585027 0,000334
письменности 1,698970 0,000971
помощью 0,769551 0,000440
можно 0,443697 0,000254
передать 1,397940 0,000799
катастрофе 1,698970 0,000971
FBM 1,698970 0,001457
The 0,721246 0,000412
Guardian 1,522879 0,000871
электрические 1,698970 0,000971
импульсы 1,698970 0,000971
грибов 1,698970 0,000971
напоминают 1,698970 0,000971
структуру 1,522879 0,000871
языка 1,096910 0,000627
человека 0,568636 0,000325
Ученые 1,154902 0,000660
грибы 1,522879 0,000871
действительно 1,221849 0,000699
передают 1,522879 0,000871
друг 0,795880 0,000455
другу 1,045757 0,000598
виде 1,397940 0,000799
электрических 1,698970 0,000971
импульсов 1,698970 0,000971
гифы 1,698970 0,000971
нитевидных 1,698970 0,000971
структур 1,522879 0,000871
находящихся 1,698970 0,000971
землей 1,698970 0,000971
Медиа 0,958607 0,000548
Поток 1,698970 0,000971
Институте 1,522879 0,001306
ядерной 1,397940 0,001199
физики 1,698970 0,001457
изучили 1,698970 0,000971
бронзовые 1,698970 0,000971
предметы 1,522879 0,000871
Амурской 1,522879 0,000871
имени 0,721246 0,000412
Г 1,045757 0,000598
И 0,408935 0,000234
Будкера 1,698970 0,000971
СО 1,698970 0,000971
РАН 1,301030 0,000744
определили 1,698970 0,000971
состав 1,301030 0,000744
сплавов 1,698970 0,000971
бронзовых 1,698970 0,000971
предметов 1,522879 0,000871
Западного 1,698970 0,000971
Приамурья 1,698970 0,000971
раннего 1,522879 0,001306
железного 1,522879 0,000871
века 0,721246 0,000619
Средневековья 1,698970 0,000971
конец 1,301030 0,000744
XI 1,698970 0,000971
веков 1,154902 0,000660
нашей 0,853872 0,000488
эры 1,698970 0,000971
XIII 1,698970 0,000971
XVII 1,301030 0,000744
Порт 1,397940 0,000799
Амур 1,698970 0,000971
Принстоне 1,698970 0,000971
добавили 1,698970 0,000971
кремний 1,698970 0,000971
квантовый 1,698970 0,000971
компьютер 1,698970 0,000971
приблизив 1,698970 0,000971
точность 1,698970 0,000971
вычислений 1,698970 0,000971
научно 1,397940 0,000799
технической 1,522879 0,000871
Phys 1,698970 0,000971
org 1,522879 0,000871
размещен 1,698970 0,000971
материал 1,045757 0,000598
описывающий 1,698970 0,000971
достижение 1,698970 0,000971
физиков 1,698970 0,000971
Принстонского 1,698970 0,000971
университета 1,301030 0,000744
которые 0,431798 0,000247
добились 1,522879 0,000871
почти 0,853872 0,000488
точности 1,698970 0,000971
использовании 1,221849 0,000699
двухкубитного 1,698970 0,000971
квантового 1,698970 0,000971
устройства 1,301030 0,000744
основе 0,958607 0,000548
кремния 1,698970 0,000971
Бристольском 1,698970 0,000971
университете 1,698970 0,000971
создали 1,397940 0,000799
роборуку 1,698970 0,001457
тактильным 1,698970 0,000971
пальцем 1,698970 0,000971
роботов 1,397940 0,000799
Профессор 1,397940 0,000799
Натан 1,301030 0,000744
Лепор 1,698970 0,000971
отметил 1,397940 0,000799
смогли 1,397940 0,000799
разработать 1,698970 0,000971
используя 1,397940 0,000799
многолетние 1,698970 0,000971
исследования 1,397940 0,000799
изучения 1,397940 0,000799
человеческих 1,522879 0,000871
конечностей 1,698970 0,000971
Yakutsk 1,698970 0,000971
Автозавод 1,698970 0,000971
УАЗ 1,522879 0,000871
начать 1,045757 0,000598
серийное 1,698970 0,000971
производство 1,301030 0,000744
кроссовера 1,221849 0,000699
Chery 1,221849 0,001048
Tiggo 1,698970 0,000971
Напомним 1,522879 0,000871
переговорах 1,397940 0,000799
Соллерс 1,698970 0,000971
касающихся 1,698970 0,000971
совместного 1,397940 0,000799
производства 1,154902 0,000660
автомобилей 1,000000 0,000572
развития 0,721246 0,000412
технологий 0,568636 0,000325
электротранспорта 1,698970 0,000971
известно 1,000000 0,000572
февраля 0,853872 0,000488
Автоновости 1,301030 0,001860
дня 0,494850 0,000707
дешеветь 1,397940 0,001199
автомобили 1,045757 0,001495
пробегом 1,397940 0,000799
апреле 0,853872 0,000488
фоне 1,154902 0,000660
укрепления 1,221849 0,000699
рубля 1,045757 0,000598
падения 1,221849 0,000699
ажиотажного 1,698970 0,000971
спроса 1,397940 0,000799
начали 0,958607 0,000548
Илон 1,301030 0,001116
Маск 1,301030 0,001116
представил 1,221849 0,001048
обновленную 1,698970 0,001457
версию 1,301030 0,001116
пикапа 1,698970 0,001457
Tesla 1,221849 0,001397
Cybertruck 1,522879 0,001306
заводе 1,301030 0,000744
Техасе 1,698970 0,000971
Основатель 1,698970 0,000971
гендиректор 1,397940 0,000799
электрического 1,522879 0,000871
АВТОВАЗ 1,522879 0,001306
расширил 1,522879 0,001306
моторную 1,698970 0,001457
гамму 1,698970 0,001457
LADA 1,301030 0,001116
Largus 1,397940 0,001199
Cross 1,397940 0,001199
универсала 1,698970 0,000971
повышенной 1,397940 0,000799
проходимости 1,698970 0,000971
двух 0,886057 0,000507
позиций 1,397940 0,000799
Автостат 1,698970 0,000971
Минпромторга 1,698970 0,000971
Мантуров 1,397940 0,000799
цены 0,823909 0,000471
Aurus 1,221849 0,001048
придется 1,045757 0,000598
повысить 1,397940 0,000799
люксового 1,698970 0,000971
бренда 1,522879 0,000871
вырастут 1,698970 0,000971
работают 1,154902 0,000660
Информация 0,886057 0,000507
СМИ 0,481486 0,000551
База 1,522879 0,000871
Пользовательское 0,677781 0,000388
соглашение 0,619789 0,000354
Обратная 0,585027 0,000334
связь 0,552842 0,000316
Сейчас 0,823909 0,000471
Статистика 1,154902 0,000660
Справка 1,221849 0,000699
