портал 0,769551 0,003018
домашний 1,221849 0,009583
официальный 0,958607 0,007518
сайт 0,455932 0,003576
телеканала 0,958607 0,007518
прямой 0,769551 0,006036
эфир 0,677781 0,007974
телепрограмма 0,853872 0,006697
сериалы 0,769551 0,006036
фильмы 0,638272 0,005006
эфире 0,823909 0,012924
рекомендуем 1,221849 0,019166
посмотреть 0,920819 0,010833
черно 1,698970 0,013325
белая 1,096910 0,008603
любовь 0,585027 0,004588
доктор 0,769551 0,006036
надежда 1,000000 0,007843
цыганка 1,522879 0,011944
мама 1,000000 0,007843
великолепный 1,698970 0,013325
век 0,920819 0,007222
империя 1,301030 0,010204
кесем 1,698970 0,013325
смотреть 0,552842 0,006504
все 0,124939 0,001960
шоу 0,508638 0,003989
проекты 0,657577 0,005157
порча 1,698970 0,013325
давай 1,698970 0,013325
разведемся 1,698970 0,013325
беременные 1,698970 0,013325
после 0,356547 0,002796
рублево 1,698970 0,013325
бирюлево 1,698970 0,013325
реальная 1,154902 0,009058
мистика 0,958607 0,007518
еще 0,327902 0,003858
новости 0,173925 0,001364
рецепты 1,221849 0,009583
гороскопы 1,301030 0,010204
отношения 0,958607 0,007518
мода 1,154902 0,009058
красота 0,853872 0,006697
здоровье 0,744727 0,005841
психология 0,958607 0,007518
семья 0,823909 0,006462
диеты 1,301030 0,010204
дом 0,522879 0,004101
тесты 0,823909 0,006462
темы 0,886057 0,006949
подборки 0,769551 0,006036
more 1,045757 0,008202
tv 0,920819 0,007222
смотрите 1,000000 0,015686
онлайн 0,387216 0,006074
не 0,136677 0,001608
пропустите 1,522879 0,011944
закрыть 0,823909 0,006462
как 0,187087 0,002201
готовиться 1,522879 0,011944
предстоящему 1,698970 0,013325
материнству 1,698970 0,013325
какие 0,494850 0,003881
каждая 1,698970 0,013325
серия 0,920819 0,007222
сериала 0,920819 0,007222
проводница 1,698970 0,013325
это 0,251812 0,002962
принято 1,397940 0,010964
считать 1,397940 0,010964
что 0,161151 0,001264
рождение 1,397940 0,016446
ребенка 0,823909 0,009693
делит 1,522879 0,011944
жизнь 0,455932 0,005364
создание 0,853872 0,006697
семьи 0,853872 0,006697
главные 0,585027 0,004588
события 0,638272 0,005006
семейная 1,154902 0,009058
стала 0,769551 0,006036
пресной 1,698970 0,013325
пропала 1,522879 0,011944
радость 1,154902 0,009058
видели 1,221849 0,009583
ли 0,387216 0,003037
вы 0,376751 0,002955
когда 0,397940 0,003121
нибудь 1,301030 0,010204
четыре 0,795880 0,006242
разъяренные 1,698970 0,013325
невесты 1,698970 0,013325
отцы 1,301030 0,010204
дети 0,677781 0,005316
просто 0,602060 0,004722
название 1,096910 0,008603
телефоне 1,522879 0,011944
планшете 1,522879 0,011944
социальных 0,769551 0,006036
сетях 0,769551 0,006036
напишите 1,154902 0,009058
нам 0,619789 0,004861
контакты 0,431798 0,003387
рекламодателям 1,301030 0,010204
пользовательское 0,657577 0,005157
соглашение 0,619789 0,004861
конфиденциальность 1,522879 0,011944
правообладатели 1,698970 0,013325
дистрибуция 1,698970 0,013325
телеканал 0,677781 0,005316
ао 0,795880 0,006242
новый 0,408935 0,003207
канал 0,769551 0,006036
главная 0,795880 0,006242
программа 0,744727 0,005841
видео 0,327902 0,002572
меню 0,886057 0,006949
