welcome 1,522879 0,002460
to 0,886057 0,012167
python 1,221849 0,063165
org 1,522879 0,004920
notice 1,698970 0,002745
while 1,522879 0,004920
javascript 1,000000 0,002423
be 1,045757 0,014360
not 1,096910 0,001772
essential 1,522879 0,002460
for 1,045757 0,013515
this 1,000000 0,002423
website 1,397940 0,003388
your 1,154902 0,007463
interaction 1,698970 0,002745
with 1,096910 0,008860
content 1,301030 0,004204
will 1,397940 0,002258
limited 1,698970 0,002745
please 1,397940 0,002258
turn 1,698970 0,002745
on 1,045757 0,004224
full 1,301030 0,002102
experience 1,397940 0,002258
skip 1,522879 0,002460
close 1,301030 0,002102
psf 1,698970 0,015096
doc 1,397940 0,009034
pypus 1,698970 0,002745
job 1,301030 0,005255
community 1,221849 0,009870
network 1,522879 0,002460
donate 1,698970 0,005489
menu 1,397940 0,002258
search 1,154902 0,001866
site 1,301030 0,003153
go 1,301030 0,003153
a 0,638272 0,008249
small 1,221849 0,001974
large 1,522879 0,002460
reset 1,698970 0,002745
socialize 1,698970 0,002745
facebook 0,823909 0,001331
twitter 0,769551 0,001243
chat 1,522879 0,002460
irc 1,698970 0,005489
about 1,154902 0,006530
application 1,397940 0,003388
quote 1,698970 0,004117
get 1,096910 0,005316
start 1,154902 0,004664
help 1,221849 0,003948
brochure 1,698970 0,004117
download 1,522879 0,006151
all 1,096910 0,005316
release 1,301030 0,003153
source 1,221849 0,003948
code 1,154902 0,005597
window 1,096910 0,002658
maco 1,301030 0,003153
other 1,221849 0,007896
platform 1,154902 0,002799
license 1,397940 0,003388
alternative 1,698970 0,004117
implementation 1,522879 0,003690
documentation 1,522879 0,004920
audio 1,522879 0,003690
visual 1,301030 0,003153
talk 1,221849 0,002961
beginner 1,397940 0,005646
s 0,721246 0,005826
guide 1,221849 0,007896
developer 1,096910 0,004430
faq 1,397940 0,003388
non 1,522879 0,003690
english 1,096910 0,002658
pep 1,698970 0,005489
index 1,522879 0,004920
book 1,397940 0,003388
essay 1,698970 0,004117
diversity 1,698970 0,005489
mailing 1,698970 0,004117
list 1,522879 0,014761
forum 1,301030 0,003153
annual 1,698970 0,004117
impact 1,397940 0,003388
report 1,397940 0,004517
conference 1,522879 0,003690
special 1,397940 0,003388
interest 1,522879 0,003690
group 1,397940 0,007904
logo 1,698970 0,004117
wiki 1,522879 0,003690
merchandise 1,698970 0,004117
award 1,301030 0,003153
of 0,853872 0,008277
conduct 1,698970 0,004117
involved 1,698970 0,004117
shared 1,397940 0,003388
story 1,397940 0,006775
success 1,698970 0,005489
art 1,045757 0,002534
business 1,301030 0,003153
education 1,397940 0,003388
engineering 1,397940 0,003388
government 1,397940 0,003388
scientific 1,698970 0,005489
software 1,154902 0,006530
development 1,096910 0,005316
news 0,920819 0,008926
newsletter 1,522879 0,003690
pycon 1,698970 0,006862
event 1,301030 0,014713
user 1,221849 0,004935
archive 1,522879 0,006151
submit 1,698970 0,005489
launch 1,522879 0,002460
interactive 1,698970 0,002745
shell 1,397940 0,002258
fibonaccus 1,698970 0,002745
series 1,397940 0,002258
up 1,000000 0,002423
n 1,301030 0,005255
def 1,698970 0,002745
fib 1,698970 0,004117
b 0,958607 0,003872
print 1,698970 0,009606
end 1,698970 0,002745
function 1,397940 0,007904
define 1,522879 0,004920
core 1,397940 0,003388
extensible 1,698970 0,002745
program 1,154902 0,004664
allow 1,522879 0,002460
mandatory 1,698970 0,002745
optional 1,698970 0,002745
argument 1,698970 0,005489
keyword 1,698970 0,002745
even 1,522879 0,002460
arbitrary 1,698970 0,002745
more 1,045757 0,010981
in 0,958607 0,008518
comprehension 1,698970 0,002745
fruit 1,698970 0,010979
banana 1,698970 0,005489
apple 1,096910 0,003544
lime 1,698970 0,005489
loud 1,698970 0,004117
upper 1,698970 0,002745
enumerate 1,698970 0,004117
compound 1,698970 0,004117
datum 1,045757 0,002534
type 1,221849 0,002961
known 1,522879 0,002460
as 1,221849 0,002961
array 1,522879 0,002460
language 1,221849 0,005922
are 1,154902 0,006530
one 0,958607 0,001549
that 1,096910 0,004430
understand 1,397940 0,002258
can 1,221849 0,003948
slice 1,522879 0,002460
manipulate 1,698970 0,002745
build 1,221849 0,001974
simple 1,301030 0,005255
arithmetic 1,698970 0,002745
classic 1,522879 0,002460
division 1,698970 0,004117
return 1,397940 0,002258
float 1,698970 0,002745
floor 1,698970 0,002745
intuitive 1,522879 0,002460
interpretation 1,698970 0,002745
calculation 1,522879 0,002460
expression 1,698970 0,002745
syntax 1,698970 0,004117
straightforward 1,698970 0,002745
operator 1,698970 0,002745
work 1,221849 0,003948
expected 1,522879 0,002460
parenthesis 1,698970 0,002745
used 1,397940 0,002258
grouping 1,698970 0,002745
math 1,397940 0,002258
output 1,698970 0,002745
unicode 1,522879 0,002460
hello 1,522879 0,003690
i 0,769551 0,001865
m 1,096910 0,002658
input 1,522879 0,003690
assignment 1,698970 0,002745
name 1,221849 0,004935
what 1,221849 0,002961
hi 1,301030 0,003153
quick 1,397940 0,002258
easy 1,397940 0,004517
learn 1,221849 0,005922
experienced 1,698970 0,004117
programmer 1,698970 0,004117
any 1,221849 0,001974
pick 1,698970 0,002745
very 1,522879 0,002460
quickly 1,698970 0,004117
find 1,301030 0,002102
clean 1,698970 0,002745
indentation 1,698970 0,002745
structure 1,522879 0,002460
whet 1,698970 0,002745
appetite 1,698970 0,002745
our 1,221849 0,003948
overview 1,522879 0,002460
loop 1,698970 0,002745
number 1,397940 0,005646
product 1,221849 0,006909
flow 1,522879 0,004920
you 0,958607 0,003872
d 0,920819 0,001488
expect 1,698970 0,002745
know 1,397940 0,002258
usual 1,698970 0,002745
control 1,397940 0,003388
statement 1,698970 0,004117
speak 1,698970 0,002745
if 1,154902 0,001866
range 1,301030 0,002102
some 1,397940 0,002258
its 1,397940 0,003388
own 1,221849 0,001974
twist 1,698970 0,002745
course 1,397940 0,002258
tool 1,221849 0,001974
let 1,522879 0,002460
integrate 1,522879 0,002460
system 1,301030 0,003153
effectively 1,698970 0,002745
contribute 1,301030 0,003153
today 1,221849 0,001974
thon 1,698970 0,002745
spring 1,522879 0,002460
fundraiser 1,698970 0,002745
show 1,522879 0,002460
love 1,221849 0,001974
now 1,221849 0,003948
whether 1,397940 0,002258
re 1,301030 0,003153
new 0,920819 0,002231
or 1,154902 0,002799
it 0,823909 0,001331
use 1,096910 0,003544
installer 1,522879 0,002460
available 1,522879 0,007381
version 1,522879 0,002460
latest 1,522879 0,003690
standard 1,698970 0,002745
library 1,397940 0,002258
along 1,698970 0,002745
tutorial 1,397940 0,002258
online 1,154902 0,001866
looking 1,397940 0,002258
have 1,221849 0,001974
related 1,522879 0,002460
position 0,853872 0,001379
trying 1,522879 0,002460
hire 1,698970 0,002745
relaunch 1,698970 0,002745
run 1,221849 0,001974
board 1,522879 0,002460
place 1,522879 0,002460
executive 1,698970 0,002745
director 1,698970 0,002745
deb 1,698970 0,002745
nicholson 1,698970 0,002745
last 1,522879 0,002460
alpha 1,698970 0,002745
out 1,154902 0,001866
schedule 1,522879 0,002460
meta 1,301030 0,002102
deepen 1,698970 0,002745
investment 1,698970 0,002745
ecosystem 1,522879 0,002460
security 1,301030 0,003153
upcoming 1,522879 0,002460
de 1,154902 0,002799
pydata 1,698970 0,002745
berlin 1,698970 0,002745
pycamp 1,698970 0,002745
spain 1,698970 0,002745
meet 1,522879 0,002460
nzpug 1,698970 0,002745
president 1,698970 0,002745
we 1,045757 0,001689
django 1,397940 0,003388
girl 1,522879 0,002460
groningen 1,698970 0,002745
automate 1,397940 0,002258
repetitive 1,698970 0,002745
task 1,698970 0,002745
leaving 1,698970 0,002745
time 1,096910 0,001772
seo 1,522879 0,003690
effort 1,698970 0,002745
script 1,154902 0,001866
analyse 1,698970 0,002745
broken 1,698970 0,002745
link 1,522879 0,002460
by 1,000000 0,002423
marnix 1,698970 0,002745
munck 1,698970 0,002745
web 1,096910 0,002658
pyramid 1,698970 0,002745
bottle 1,698970 0,002745
tornado 1,698970 0,002745
flask 1,698970 0,002745
py 1,522879 0,002460
gui 1,397940 0,002258
tkint 1,698970 0,002745
pygobject 1,698970 0,002745
pyqt 1,698970 0,002745
pyside 1,698970 0,002745
kivy 1,698970 0,002745
wxpython 1,698970 0,002745
numeric 1,698970 0,002745
scipy 1,698970 0,002745
panda 1,698970 0,002745
ipython 1,698970 0,002745
buildbot 1,698970 0,002745
trac 1,698970 0,002745
roundup 1,698970 0,002745
administration 1,522879 0,002460
ansible 1,522879 0,002460
salt 1,698970 0,002745
openstack 1,698970 0,002745
xonsh 1,698970 0,002745
enhancement 1,698970 0,002745
proposal 1,698970 0,002745
future 1,397940 0,002258
discuss 1,397940 0,002258
here 1,301030 0,002102
rss 0,823909 0,001331
foundation 1,522879 0,004920
mission 1,698970 0,002745
promote 1,698970 0,002745
protect 1,522879 0,002460
advance 1,301030 0,002102
support 1,045757 0,001689
facilitate 1,698970 0,002745
growth 1,698970 0,002745
diverse 1,698970 0,002745
international 1,698970 0,002745
become 1,301030 0,002102
member 1,698970 0,002745
back 1,522879 0,003690
top 1,000000 0,002423
issue 1,397940 0,003388
tracker 1,698970 0,002745
dev 1,397940 0,002258
mentorship 1,522879 0,002460
general 1,522879 0,002460
contact 1,221849 0,001974
initiative 1,522879 0,002460
bug 1,698970 0,002745
status 1,397940 0,002258
copyright 1,096910 0,001772
legal 1,698970 0,002745
privacy 1,096910 0,001772
policy 1,522879 0,002460
powered 1,698970 0,002745
heroku 1,698970 0,002745
