федеральный 0,508638 0,000517
агентство 1,096910 0,001486
новость 0,161151 0,000327
no 1,301030 0,000881
лента 0,677781 0,000459
эксклюзив 0,823909 0,000558
пресс 0,552842 0,000936
центр 0,455932 0,000618
армия 0,657577 0,000668
политик 0,366532 0,001614
экономика 0,522879 0,000885
общество 0,468521 0,000476
происшествие 0,769551 0,000782
весь 0,107905 0,000512
мир 0,387216 0,000787
фан 1,301030 0,011896
подвергнуться 1,221849 0,000828
ddo 1,698970 0,001151
атака 0,920819 0,000624
настоящее 1,096910 0,000743
время 0,327902 0,000777
сайт 0,173925 0,000236
работать 0,431798 0,000439
ограничить 1,397940 0,000947
режим 0,958607 0,000649
актуальный 0,823909 0,000558
басурин 1,045757 0,001417
заявить 0,677781 0,001607
что 0,161151 0,000709
удар 0,494850 0,001005
точка 0,585027 0,001783
вокзал 0,698970 0,000947
краматорск 0,602060 0,001835
произвести 1,301030 0,001322
украина 0,455932 0,004169
апрель 0,275724 0,013072
политолог 1,096910 0,002229
дудчак 1,698970 0,002877
планктон 1,698970 0,002301
который 0,236572 0,000641
поедать 1,698970 0,002301
европа 0,585027 0,001783
сша 0,508638 0,001033
историк 1,221849 0,001655
дометие 1,698970 0,002301
завольский 1,698970 0,002301
назвать 0,568636 0,002311
некрофильский 1,698970 0,002301
пропаганда 1,301030 0,002203
киев 0,744727 0,001765
после 0,356547 0,000604
провокация 0,823909 0,001953
буча 0,920819 0,001247
истина 1,096910 0,000743
не 0,136677 0,000602
соответствовать 1,154902 0,000782
интерес 0,886057 0,000600
запад 0,721246 0,001465
вассерман 1,698970 0,001151
объяснить 0,677781 0,001377
почему 0,366532 0,000993
youtube 0,721246 0,000488
запретить 0,619789 0,001259
брифинг 1,522879 0,001031
мид 0,853872 0,001446
рф 0,568636 0,002118
днр 0,823909 0,001116
фирменный 1,522879 0,001031
почерк 1,397940 0,000947
жестокость 1,522879 0,001031
украинский 0,522879 0,002656
военный 0,522879 0,001771
боец 0,920819 0,001559
вс 0,698970 0,004261
обнаружить 0,958607 0,000649
вещество 1,301030 0,001762
оставить 0,823909 0,000558
позиция 1,045757 0,002479
донбасс 0,657577 0,001336
российский 0,229148 0,001319
найти 0,356547 0,000362
бросить 0,886057 0,000600
военнослужащий 1,301030 0,000881
литовкин 1,698970 0,001726
фото 0,568636 0,000578
место 0,481486 0,000489
падение 1,096910 0,000743
подтверждать 1,221849 0,000828
причастность 1,221849 0,000828
отвод 1,698970 0,001151
сила 0,698970 0,000710
два 0,346787 0,000587
направленье 1,698970 0,001151
позволить 1,301030 0,000881
завершить 0,958607 0,000649
окружение 1,397940 0,000947
народный 0,744727 0,001009
милиция 1,221849 0,000828
еще 0,327902 0,000222
перейти 0,744727 0,000504
сторона 0,886057 0,000900
республика 0,958607 0,000649
мочь 0,236572 0,000561
ударить 1,000000 0,000677
ракета 0,823909 0,000558
кассетный 1,698970 0,001151
заряд 1,698970 0,001151
пушилин 1,096910 0,000743
сообщить 0,585027 0,000991
применение 1,301030 0,001322
для 0,107905 0,000877
минобороны 0,698970 0,000473
британия 1,096910 0,000743
попытка 0,886057 0,000600
сдержать 1,522879 0,001031
продвижение 1,154902 0,000782
район 0,853872 0,001157
изюм 1,522879 0,001547
провалиться 1,698970 0,001151
карта 0,657577 0,000668
ход 0,769551 0,000521
спецоперация 0,657577 0,000891
событие 0,455932 0,001390
ликвидация 1,522879 0,002579
пункт 1,221849 0,001241
сбор 0,920819 0,000935
наемник 0,920819 0,000935
под 0,376751 0,000765
одесса 0,958607 0,000974
международный 0,508638 0,000689
редакция 0,366532 0,000745
рассказывать 0,698970 0,000473
главное 0,327902 0,000222
рамка 1,045757 0,000708
россия 0,214670 0,001817
денацификация 1,522879 0,001031
защита 0,823909 0,000837
гражданский 0,920819 0,000624
население 0,920819 0,000624
этот 0,173925 0,000825
час 0,769551 0,000521
произойти 0,886057 0,001500
брать 1,221849 0,000828
контроль 1,000000 0,000677
завод 0,958607 0,000649
блокировать 1,698970 0,001151
угледар 1,698970 0,001151
новомихайловка 1,698970 0,001151
объект 1,000000 0,000677
харьков 1,154902 0,000782
работа 0,431798 0,000439
пво 1,698970 0,001151
шахтерск 1,698970 0,001151
баз 1,045757 0,000708
гсмо 1,522879 0,001031
националист 0,920819 0,000935
мариуполь 0,744727 0,001765
новое 0,214670 0,000218
факт 0,769551 0,001042
топливный 1,522879 0,001031
склад 1,301030 0,000881
тероборона 1,698970 0,001151
получить 0,420216 0,000427
артиллерия 1,397940 0,000947
венгрия 1,096910 0,000743
недовольный 1,522879 0,001031
слово 0,552842 0,000374
зеленский 0,886057 0,001500
массировать 1,698970 0,001151
обстрел 1,301030 0,000881
донецкий 1,096910 0,000743
трофей 1,698970 0,001151
герой 0,552842 0,000374
z 1,221849 0,000828
сергей 0,408935 0,000831
скородинский 1,522879 0,001547
старший 0,721246 0,000488
лейтенант 1,221849 0,000828
александра 0,443697 0,000301
солоп 1,698970 0,001151
константин 0,769551 0,000521
вшивок 1,698970 0,001151
артур 1,301030 0,000881
жуков 1,397940 0,000947
дмитрия 0,602060 0,001223
сигулин 1,698970 0,001151
каурдак 1,698970 0,001151
чернявский 1,698970 0,001151
проблема 0,698970 0,000473
избиратель 1,698970 0,001151
чем 0,387216 0,000656
обернуться 1,221849 0,001241
антироссийский 0,886057 0,000900
санкция 0,537602 0,000910
европейский 0,744727 0,000757
находиться 0,823909 0,000558
преддверие 1,397940 0,000947
шторм 1,397940 0,000947
уже 0,568636 0,000578
пара 1,096910 0,000743
месяц 0,537602 0,000364
она 0,356547 0,000362
столкнуться 1,000000 0,000677
лицо 0,537602 0,000546
страшный 1,000000 0,000677
последствие 0,920819 0,000624
экономико 1,698970 0,001151
политический 0,721246 0,000977
агрессия 1,397940 0,000947
отношение 0,481486 0,000652
тогда 1,045757 0,000708
покрыться 1,698970 0,001151
пятно 1,522879 0,001031
протест 1,154902 0,000782
уверенный 1,522879 0,001031
депутат 1,221849 0,003724
госдума 0,823909 0,002232
олег 0,721246 0,000488
морозов 1,397940 0,001420
свой 0,301030 0,000714
он 0,455932 0,000309
озвучить 1,522879 0,001547
беседа 1,301030 0,001322
авиапром 1,698970 0,001151
ответить 0,853872 0,000867
харакири 1,698970 0,001151
грозить 1,045757 0,000708
ес 0,920819 0,001559
отказ 0,886057 0,000600
уголь 0,886057 0,000900
болевой 1,522879 0,001031
эмбарго 1,301030 0,000881
энергоноситель 1,698970 0,001151
иза 0,167491 0,000454
евросоюз 0,853872 0,000578
колумнистый 1,397940 0,001894
геннадия 1,221849 0,000828
онищенко 1,698970 0,001151
специально 1,221849 0,004965
доктор 0,721246 0,000488
медицинский 1,096910 0,000743
наука 0,431798 0,000292
академик 1,221849 0,000828
ран 1,301030 0,000881
всего 0,721246 0,004396
публикация 0,769551 0,004951
елена 0,698970 0,000710
панин 1,698970 0,001151
директор 1,045757 0,000708
институт 0,886057 0,000600
русстрат 1,698970 0,001151
эдгард 1,698970 0,002301
запашный 1,522879 0,002579
артист 0,886057 0,001500
гендиректор 1,154902 0,000782
большой 0,657577 0,001113
московский 0,657577 0,001113
государственный 0,721246 0,000488
цирк 1,301030 0,002203
вадима 1,045757 0,000708
манукян 1,522879 0,001547
блогер 1,045757 0,002125
общественный 0,744727 0,000504
деятель 1,221849 0,001655
денис 0,853872 0,000578
майдан 1,698970 0,001151
николай 0,568636 0,000385
валуев 1,522879 0,001031
франц 1,301030 0,000881
клинц 1,698970 0,001726
глава 0,522879 0,000708
союз 0,677781 0,000459
ветеран 1,301030 0,000881
афганистан 1,522879 0,001031
виталия 1,154902 0,000782
милон 1,698970 0,001151
армена 1,698970 0,001151
гаспарян 1,698970 0,001151
писатель 0,721246 0,000488
ольга 0,721246 0,000488
ковитидеть 1,698970 0,001726
член 1,000000 0,000677
совет 0,568636 0,000385
федерация 0,698970 0,000473
драпеко 1,698970 0,001151
пиночет 1,698970 0,001726
печь 1,698970 0,001726
печенье 1,522879 0,001547
автор 0,522879 0,000354
telegram 0,744727 0,000504
канал 0,508638 0,000517
pinochet 1,698970 0,001151
echo 1,698970 0,001151
америкаить 1,698970 0,001151
номеръий 1,698970 0,001726
мфан 1,698970 0,001151
тг 1,698970 0,001151
мост 1,522879 0,001031
босфор 1,698970 0,001151
турция 1,000000 0,000677
немецкий 0,886057 0,000600
орел 1,301030 0,000881
германий 0,958607 0,000974
австрия 1,522879 0,001031
швейцария 1,221849 0,000828
крыло 1,154902 0,000782
война 0,522879 0,000531
боев 1,397940 0,000947
авиация 1,154902 0,000782
голос 0,958607 0,001623
мордора 1,698970 0,002877
блог 0,795880 0,000539
политика 0,638272 0,000432
видео 0,327902 0,000333
использовать 0,568636 0,000770
метод 1,045757 0,001771
борьба 0,721246 0,000733
нацист 1,221849 0,001241
продемонстрировать 1,698970 0,001726
ведение 1,397940 0,001420
прицельный 1,698970 0,001726
огонь 1,000000 0,001016
войско 1,045757 0,001417
прощание 0,744727 0,001261
владимир 0,301030 0,000510
жириновский 0,431798 0,001024
вести 0,657577 0,000668
прямой 0,619789 0,000630
трансляция 0,721246 0,000733
день 0,236572 0,000481
история 0,283997 0,000289
праздник 0,677781 0,000689
человек 0,259637 0,000791
устроить 1,000000 0,001016
зритель 0,920819 0,000935
открытый 0,853872 0,000867
репетиция 1,698970 0,001726
побывать 1,397940 0,001420
съемка 0,920819 0,001247
клип 1,154902 0,001173
певица 1,000000 0,002370
наташа 1,221849 0,001241
власов 1,698970 0,001726
длинный 1,397940 0,001420
ночь 0,721246 0,000733
судьба 0,657577 0,000668
художник 0,744727 0,000757
военкор 1,698970 0,002301
альгис 1,698970 0,001726
микульскиснуть 1,698970 0,001726
продолжать 0,795880 0,000809
встречаться 1,154902 0,001173
затронуть 1,522879 0,001547
железнодорожный 0,958607 0,000974
туризм 1,045757 0,001062
новый 0,244125 0,000331
тренд 1,154902 0,001564
путешествие 0,677781 0,000689
интервью 0,522879 0,000531
эксперт 0,568636 0,000578
кошкин 1,698970 0,001726
уничтожать 1,522879 0,001547
народ 0,853872 0,000867
ради 1,045757 0,000708
обвинение 1,000000 0,000677
адрес 0,537602 0,000364
когда 0,397940 0,000270
заходить 1,221849 0,000828
город 0,397940 0,000270
а 0,221849 0,000225
преступление 0,744727 0,000504
списывать 1,698970 0,001151
такой 0,397940 0,000404
мнение 0,602060 0,001223
высказать 1,221849 0,000828
полковник 1,522879 0,001031
запас 1,221849 0,000828
заведующий 1,522879 0,001031
кафедра 1,301030 0,000881
политология 1,397940 0,000947
социология 1,397940 0,000947
экономический 0,920819 0,000935
университет 1,096910 0,000743
оно 0,397940 0,000539
ть 0,552842 0,000374
плеханов 1,698970 0,001151
андрей 0,508638 0,000517
алексей 0,552842 0,000562
селиванов 1,397940 0,001420
инфовойне 1,698970 0,001151
тоталитарность 1,698970 0,001151
опережать 1,522879 0,001031
нацистский 1,221849 0,000828
рейх 1,522879 0,001031
яна 0,920819 0,001247
иванилов 1,698970 0,001151
мы 0,229148 0,000310
нужно 0,698970 0,000710
много 0,301030 0,000204
исполнять 1,221849 0,000828
русский 0,318759 0,000432
музыка 0,602060 0,000408
чаща 1,154902 0,000782
петь 1,154902 0,000782
романс 1,397940 0,000947
глинка 1,522879 0,001031
чайковский 1,301030 0,000881
рахманинов 1,397940 0,000947
урман 1,698970 0,001151
рассказать 0,366532 0,000745
зверство 1,221849 0,000828
пря 0,387216 0,001049
отступление 1,397940 0,000947
волноваха 1,698970 0,001151
комитет 1,301030 0,000881
гд 1,698970 0,001151
охрана 1,045757 0,000708
здоровье 0,602060 0,000408
хубез 1,698970 0,001151
житель 0,602060 0,000612
мужество 1,397940 0,000947
стойкость 1,698970 0,001151
запалить 1,698970 0,001151
душить 0,823909 0,000558
март 0,698970 0,000710
офицер 1,301030 0,000881
лнр 1,221849 0,000828
украинец 1,154902 0,000782
воевать 1,000000 0,000677
аморальный 1,522879 0,001031
террорист 1,096910 0,000743
дирижер 1,522879 0,001031
матвиенко 1,522879 0,001031
чтобы 0,408935 0,000415
завоевать 1,397940 0,001420
сначала 1,000000 0,000677
колумнистика 1,698970 0,001151
отмена 1,096910 0,001114
культура 0,468521 0,000635
новомодный 1,698970 0,001151
руководитель 1,096910 0,001114
эпидемия 1,397940 0,000947
разразиться 1,698970 0,001151
авторский 0,744727 0,000504
колонка 1,698970 0,001151
подчеркнуть 1,301030 0,000881
гордиться 1,698970 0,001151
быть 0,161151 0,000218
искусство 0,744727 0,000504
поддерживать 1,096910 0,000743
решение 0,619789 0,001469
проведение 1,221849 0,000828
напоминать 1,522879 0,001031
совпадать 1,522879 0,001031
эксцесс 1,522879 0,001031
исполнитель 1,221849 0,000828
пропагандист 1,698970 0,001151
кома 0,958607 0,000649
ананасный 1,698970 0,001151
вод 0,886057 0,000600
романа 0,585027 0,000396
носик 1,698970 0,001151
проявление 1,698970 0,001151
настоящий 0,795880 0,000809
патриотизм 1,301030 0,000881
сенатор 1,698970 0,001726
шольца 1,698970 0,001151
следовать 0,920819 0,000624
прислушаться 1,698970 0,001151
немец 1,301030 0,001322
нежелающий 1,698970 0,001151
давление 1,000000 0,000677
так 0,481486 0,000326
кто 0,346787 0,000235
же 0,721246 0,000488
виноватый 1,522879 0,001031
тома 0,522879 0,000354
стать 0,301030 0,000510
жить 0,585027 0,000792
бедный 0,958607 0,000649
колонок 1,154902 0,001173
они 0,309804 0,000210
любить 0,537602 0,000364
роман 1,000000 0,000677
носиков 1,698970 0,001151
современный 0,537602 0,000546
ханс 1,522879 0,001031
гюнтер 1,698970 0,001151
нужный 0,552842 0,000374
штангенциркуль 1,698970 0,001151
финляндия 1,045757 0,001062
разрешить 1,096910 0,001114
вернуть 0,823909 0,001116
задержать 0,886057 0,000900
граница 0,769551 0,000782
музейный 1,096910 0,001114
экспонат 1,154902 0,001173
финский 1,221849 0,000828
власть 0,638272 0,001081
страна 0,387216 0,000525
служба 0,431798 0,000439
министерство 1,000000 0,000677
иностранный 0,721246 0,000977
дело 0,481486 0,000489
яндекс 0,585027 0,000396
начало 0,638272 0,000432
маркировка 1,301030 0,000881
поисковый 1,301030 0,000881
ресурс 0,853872 0,000578
google 0,744727 0,001009
как 0,187087 0,000190
нарушитель 1,096910 0,000743
закон 0,657577 0,000445
григория 1,221849 0,000828
лепс 1,522879 0,001031
покойный 1,698970 0,001151
патриот 1,301030 0,001762
песок 0,698970 0,001894
постыдный 1,301030 0,001762
латвия 1,045757 0,001062
посвятить 0,958607 0,001298
победа 0,677781 0,000918
происходить 0,769551 0,000782
врач 0,853872 0,000578
стародумов 1,698970 0,001151
шумоподавление 1,698970 0,001151
наушник 1,522879 0,001031
приводить 1,397940 0,000947
головной 1,698970 0,001151
боль 1,000000 0,000677
миронов 1,096910 0,000743
дефицит 0,886057 0,000900
бумага 0,886057 0,000900
возможный 0,769551 0,000521
причина 0,853872 0,000578
срыв 1,301030 0,001322
егэ 1,154902 0,000782
год 0,236572 0,000320
чрезмерный 1,698970 0,001151
употребление 1,397940 0,001894
банан 1,698970 0,001151
способный 1,221849 0,000828
вызвать 0,920819 0,000624
синдром 1,397940 0,000947
раздражить 1,698970 0,001151
кишечник 1,698970 0,001151
путин 0,602060 0,000612
приехать 1,045757 0,000708
ранний 1,000000 0,001016
другой 0,356547 0,000362
президент 0,698970 0,000710
владимр 1,698970 0,001151
прибыть 1,154902 0,000782
церемония 0,823909 0,000558
лидер 0,744727 0,000504
лдпр 0,744727 0,000504
остальной 1,397940 0,000947
мешать 1,221849 0,000828
желать 1,397940 0,000947
проводить 0,886057 0,000600
секретарь 1,096910 0,000743
государство 0,958607 0,000649
лишение 1,301030 0,000881
членство 1,000000 0,000677
спчий 0,920819 0,000935
оон 0,823909 0,000558
повышать 1,522879 0,001031
добавить 0,823909 0,000558
стоимость 1,000000 0,001355
орган 1,045757 0,000708
блестящий 1,096910 0,000743
отчет 0,958607 0,000649
правительство 0,853872 0,000578
футболист 1,397940 0,000947
случай 0,568636 0,000578
дискриминация 1,522879 0,001031
бояться 1,000000 0,001016
говорить 0,537602 0,000364
родной 0,920819 0,000624
язык 0,568636 0,000385
давно 0,769551 0,000521
эмигрант 1,522879 0,001031
пожаловаться 1,154902 0,001173
русофобия 1,301030 0,001322
роля 0,744727 0,000504
осознать 1,301030 0,000881
конец 0,657577 0,000445
переговоры 0,958607 0,000974
скандал 0,958607 0,000649
мигрант 1,522879 0,001031
будущее 0,602060 0,000408
обсудить 0,958607 0,000974
медиацентр 1,522879 0,001031
представить 0,744727 0,000504
проект 0,259637 0,000264
соглашение 0,443697 0,000451
налицо 1,522879 0,001031
отход 1,397940 0,001420
важный 0,602060 0,000408
предложение 0,853872 0,000578
зафиксировать 1,096910 0,000743
встреча 0,638272 0,000432
стамбул 1,045757 0,000708
министр 1,154902 0,001173
лавров 1,000000 0,001016
его 0,346787 0,000470
демонстрировать 1,522879 0,001031
недоговороспособность 1,698970 0,001151
линия 1,221849 0,000828
затягивание 1,698970 0,001151
даже 0,602060 0,000408
подрыв 1,522879 0,001031
достигаемый 1,698970 0,001151
пониманье 1,698970 0,001151
блокада 1,221849 0,001241
калининград 0,920819 0,000624
высылка 1,154902 0,000782
дипломат 0,886057 0,000600
итог 0,769551 0,000521
неделя 0,522879 0,000354
режиссер 0,823909 0,000837
надеина 1,698970 0,001726
плюс 1,154902 0,000782
уход 0,853872 0,000578
зарубежный 0,769551 0,000521
кинопрокатчик 1,698970 0,001151
публицист 1,397940 0,001420
антипов 1,698970 0,001151
считать 0,744727 0,000504
тема 0,585027 0,000396
самый 0,251812 0,000171
оплачивать 1,522879 0,001031
уехать 1,045757 0,000708
дождаться 1,301030 0,000881
удобный 0,920819 0,000624
случать 1,698970 0,001151
призвать 1,045757 0,000708
лишить 1,154902 0,000782
финансирование 1,698970 0,001151
творческий 1,000000 0,000677
работник 1,154902 0,000782
критиковать 1,698970 0,001151
сво 1,522879 0,001031
аслана 1,698970 0,001151
абашидзе 1,698970 0,001151
исключить 1,221849 0,001241
окончательно 1,397940 0,000947
дискредитировать 1,397940 0,000947
организация 0,769551 0,000521
очевидец 1,301030 0,001322
крушение 1,522879 0,001547
самолет 0,721246 0,000733
лужский 1,698970 0,001726
ленобласть 1,522879 0,001547
воздушный 1,397940 0,000947
судно 1,522879 0,001031
потерпеть 1,698970 0,001151
передавать 1,154902 0,000782
телеканал 0,585027 0,000396
ссылка 0,698970 0,000710
экс 1,096910 0,001114
главврач 1,698970 0,001151
больница 1,045757 0,000708
тула 1,096910 0,000743
попасть 0,823909 0,000558
продажа 0,657577 0,000445
данный 0,455932 0,000309
умерший 1,397940 0,000947
пациент 1,154902 0,000782
один 0,356547 0,000241
погиб 1,301030 0,000881
взрыв 0,958607 0,000649
боеприпас 1,397940 0,000947
второй 0,602060 0,000612
мировой 0,721246 0,000488
стройка 1,221849 0,000828
чехия 1,221849 0,000828
кузбасский 1,522879 0,001031
пабнуть 1,397940 0,000947
эскобара 1,698970 0,001151
приговорить 1,397940 0,000947
колония 1,221849 0,000828
торговля 1,301030 0,000881
наркотик 1,301030 0,000881
около 0,886057 0,000600
ранение 1,397940 0,000947
краснодарский 1,522879 0,001031
край 1,000000 0,000677
суд 0,795880 0,000539
изнасилование 1,698970 0,001151
двоюродный 1,522879 0,001031
шестилетний 1,522879 0,001031
сестра 0,795880 0,000539
трое 1,301030 0,000881
взрослый 0,920819 0,000624
ребенок 0,259637 0,000176
пострадать 1,096910 0,000743
обрушение 1,397940 0,000947
лифт 1,301030 0,000881
торговый 0,958607 0,000649
махачкала 1,221849 0,000828
джаралла 1,698970 0,001726
деморализация 1,698970 0,001151
солдат 0,769551 0,000521
хотеть 0,387216 0,000393
пушечный 1,522879 0,001547
мясо 1,301030 0,001322
вооружить 1,397940 0,000947
формирование 1,000000 0,000677
деморализовать 1,698970 0,001151
осознание 1,522879 0,001031
тот 0,376751 0,000255
собственный 0,795880 0,000809
крымский 1,698970 0,001151
специальный 0,744727 0,000504
корреспондент 1,154902 0,000782
коррупция 1,096910 0,000743
полностью 0,795880 0,000539
распродать 1,698970 0,001151
команда 0,795880 0,000539
борец 1,698970 0,001151
перенджий 1,698970 0,001151
высокий 0,721246 0,000488
доверие 1,522879 0,001031
россиянин 0,602060 0,001019
путина 1,301030 0,000881
американист 1,698970 0,001151
брутер 1,698970 0,001151
нато 0,769551 0,000782
пытаться 0,744727 0,000504
глобальный 1,301030 0,000881
доминирование 1,698970 0,001151
западный 0,823909 0,000558
манипулировать 1,698970 0,001151
помощь 0,481486 0,000326
семья 0,552842 0,000374
взять 0,958607 0,000649
слабо 1,397940 0,000947
санкционный 0,886057 0,000600
экономист 1,221849 0,001241
лекарство 0,886057 0,000600
продовольствие 1,045757 0,000708
спорт 0,397940 0,000270
американский 0,585027 0,000594
mma 1,522879 0,001547
стерлинг 1,154902 0,001173
заподозрить 1,301030 0,001322
петр 0,958607 0,000974
допинг 1,301030 0,001322
смешанный 1,698970 0,001151
единоборство 1,522879 0,001031
алджамейн 1,522879 0,001031
представитель 0,920819 0,000935
предположить 1,698970 0,001151
ufc 1,397940 0,000947
принимать 0,886057 0,000600
стивен 1,045757 0,000708
смит 1,000000 0,000677
леброн 1,698970 0,001151
джеймс 0,958607 0,000649
являться 0,721246 0,000488
великий 0,619789 0,000420
игрок 1,301030 0,000881
фсср 1,698970 0,001151
отстоять 1,522879 0,001031
право 0,292430 0,000198
саночник 1,154902 0,000782
участие 0,677781 0,000459
старт 1,096910 0,000743
шахматистка 1,096910 0,000743
отказаться 0,853872 0,000867
подписывать 1,301030 0,000881
письмо 0,795880 0,000539
fide 1,221849 0,000828
против 0,387216 0,000393
жозе 1,522879 0,001031
моуринья 1,698970 0,001151
пластиковый 1,698970 0,001151
поле 1,221849 0,000828
лига 0,958607 0,000649
конференция 0,853872 0,000578
чешский 1,221849 0,000828
вратарь 1,301030 0,000881
авангард 1,221849 0,000828
грубец 1,522879 0,001031
покинуть 0,853872 0,000578
клуб 0,657577 0,000445
пль 1,397940 0,000947
офф 1,221849 0,000828
кхла 1,301030 0,000881
пилот 1,522879 0,001031
ferrari 1,522879 0,001031
леклер 1,698970 0,001151
показать 0,522879 0,000531
хороший 0,408935 0,000415
практика 1,096910 0,000743
гран 1,397940 0,000947
австралия 1,154902 0,000782
технология 0,408935 0,000277
вконтакт 0,638272 0,000648
запуск 1,096910 0,001114
магазин 0,619789 0,000630
приложение 0,657577 0,000891
разработчик 1,096910 0,001114
компания 0,443697 0,000451
разрабатывать 1,397940 0,000947
должен 0,677781 0,000459
состояться 0,920819 0,000624
мая 0,677781 0,000459
специалист 0,920819 0,000624
гаджеты 1,096910 0,000743
михаил 0,568636 0,000578
гаглой 1,698970 0,001151
определить 0,920819 0,000624
вариант 0,920819 0,000624
экран 0,958607 0,000649
смартфон 1,045757 0,000708
премьер 0,638272 0,000432
мишустин 0,886057 0,000600
предложить 0,744727 0,000757
создать 0,619789 0,000420
альтернатива 1,221849 0,000828
app 1,000000 0,001355
store 1,096910 0,001486
play 1,000000 0,001016
минцифра 1,301030 0,000881
аналог 1,154902 0,000782
сервис 0,537602 0,000364
сбер 1,397940 0,000947
подготовить 1,221849 0,000828
ограничение 0,920819 0,000624
киберпреступник 1,698970 0,001151
vlc 1,698970 0,001151
medium 1,154902 0,000782
player 1,397940 0,000947
установка 1,301030 0,000881
вредоносный 1,698970 0,001151
загрузчик 1,698970 0,001151
netflix 1,221849 0,000828
вернуться 0,638272 0,000432
пользователь 0,657577 0,000445
латвийский 1,698970 0,001151
можно 0,420216 0,000285
официальный 0,537602 0,000364
кремль 0,769551 0,000521
создавать 1,000000 0,000677
угроза 0,958607 0,000649
пзрк 1,698970 0,001151
встретиться 1,154902 0,000782
главый 1,397940 0,000947
египет 1,154902 0,000782
ситуация 0,657577 0,000668
великобритания 1,096910 0,000743
ввести 0,721246 0,000488
дополнительный 0,853872 0,000578
кризис 0,795880 0,000539
козырь 1,698970 0,001151
рукав 1,698970 0,001151
выгодный 1,096910 0,000743
конфронтация 1,698970 0,001151
тв 0,657577 0,000445
шоу 0,508638 0,000344
бизнес 0,468521 0,000317
моргенштерн 1,221849 0,001241
поклонник 1,221849 0,000828
паспорт 1,221849 0,001241
гражданин 0,769551 0,000782
израиль 1,000000 0,001016
рэпер 1,221849 0,000828
алишер 1,698970 0,001151
выйти 0,568636 0,000385
связь 0,309804 0,000210
аудитория 1,096910 0,000743
социальный 0,522879 0,000354
сеть 0,443697 0,000301
повод 1,000000 0,000677
внеочередной 1,698970 0,001151
включение 1,698970 0,001151
получение 1,045757 0,000708
астролог 1,397940 0,000947
егоров 1,522879 0,001031
предречь 1,301030 0,000881
анна 0,537602 0,000546
нетребко 1,096910 0,000743
тяжелый 0,744727 0,000504
комик 1,221849 0,000828
илья 0,795880 0,000539
соболев 1,301030 0,000881
оскорбительный 1,698970 0,001151
пошутить 1,397940 0,000947
ева 1,000000 0,000677
польный 1,698970 0,001151
мать 0,721246 0,000488
бритни 1,522879 0,001031
спирс 1,522879 0,001031
намерить 1,096910 0,000743
отсудить 1,522879 0,001031
тысяча 0,568636 0,000385
доллар 0,698970 0,000947
писательница 1,522879 0,001031
мария 0,657577 0,000445
арбатов 1,698970 0,001151
высмеять 1,522879 0,001031
миро 0,337242 0,000228
эльф 1,301030 0,000881
калашников 1,522879 0,001031
данилко 1,397940 0,000947
пережить 1,000000 0,000677
нервный 1,154902 0,000782
запрет 0,795880 0,000539
выступление 1,154902 0,000782
актриса 1,000000 0,000677
александр 0,602060 0,000408
киселев 1,522879 0,001031
децлый 1,698970 0,001151
сериал 0,494850 0,000335
погнать 1,522879 0,001031
локтюх 1,522879 0,001547
ожидать 0,958607 0,000974
снижение 1,000000 0,001016
рубль 0,455932 0,000463
отдел 1,000000 0,000677
отраслевой 1,698970 0,001151
анализ 1,154902 0,000782
псба 1,397940 0,000947
евгенья 0,698970 0,000473
литва 1,221849 0,000828
потерять 0,823909 0,000558
миллион 0,537602 0,000364
евро 0,769551 0,000521
транспортный 1,301030 0,000881
белоруссия 1,000000 0,000677
япония 0,698970 0,000473
древесина 1,397940 0,000947
водка 1,045757 0,000708
аксаков 1,698970 0,001151
контролировать 1,522879 0,001031
покупать 0,823909 0,000558
банкнот 1,698970 0,001151
ценный 1,221849 0,000828
голубь 1,522879 0,001031
стремиться 1,154902 0,000782
реанимировать 1,522879 0,001031
железный 1,000000 0,000677
занавес 1,698970 0,001151
фас 1,045757 0,000708
изучить 1,301030 0,000881
цепочка 1,522879 0,001031
поставка 0,920819 0,000624
ценообразование 1,522879 0,001031
мираторга 1,045757 0,000708
контакт 0,387216 0,000262
вакансия 0,657577 0,000445
редакционный 1,397940 0,000947
пользовательский 0,552842 0,000374
править 0,638272 0,000432
использование 0,408935 0,000277
материал 0,292430 0,000495
опубликовать 0,494850 0,000335
riafan 1,698970 0,002301
ru 0,180456 0,000244
воспроизвести 1,698970 0,001151
процитировать 1,698970 0,001151
сми 0,468521 0,000317
допускаться 1,045757 0,000708
переработка 1,522879 0,001031
исключение 0,958607 0,000649
сокращение 1,397940 0,000947
сохранять 1,397940 0,000947
смысл 0,958607 0,000649
цитирование 1,301030 0,001322
републикация 1,698970 0,001151
графический 1,397940 0,000947
требовать 0,886057 0,000600
письменный 0,958607 0,000649
разрешение 0,769551 0,000521
проводиться 1,096910 0,000743
обязательный 0,886057 0,000900
размещение 0,853872 0,000578
логотип 1,301030 0,000881
гиперссылка 1,045757 0,000708
любой 0,420216 0,000285
активный 1,000000 0,000677
