новость 0,161151 0,000512
спорт 0,397940 0,012633
wi 1,522879 0,014504
fus 1,397940 0,013314
ru 0,180456 0,002292
футбол 1,045757 0,006640
город 0,397940 0,002527
мм 1,397940 0,008876
бокс 1,096910 0,006965
биатлон 1,221849 0,007758
лыжа 1,522879 0,009669
хоккей 1,096910 0,006965
другой 0,356547 0,002264
барселона 1,301030 0,008261
не 0,136677 0,001302
смочь 0,537602 0,003413
финал 0,920819 0,005846
лига 0,958607 0,006086
европа 0,585027 0,003714
победить 1,096910 0,006965
айнтрахта 1,698970 0,010787
играть 0,920819 0,005846
меньшинство 1,698970 0,010787
фестиваль 0,721246 0,004579
чудо 0,823909 0,005231
голов 1,397940 0,008876
ретро 1,301030 0,008261
комбинация 1,397940 0,008876
барс 1,397940 0,008876
проклятье 1,301030 0,008261
ром 1,397940 0,008876
главное 0,327902 0,003123
иза 0,167491 0,001595
матч 1,221849 0,011637
л 0,795880 0,005053
лк 1,397940 0,008876
вернуться 0,638272 0,004053
ли 0,387216 0,002459
хэмилтон 1,698970 0,010787
топ 0,677781 0,004303
интрига 1,397940 0,008876
гран 1,397940 0,008876
пря 0,387216 0,002459
австралия 1,154902 0,007333
снова 0,744727 0,004728
голдобин 1,522879 0,014504
шайба 1,522879 0,009669
николай 0,568636 0,003610
принести 1,096910 0,006965
металлург 1,301030 0,008261
победа 0,677781 0,004303
челябинск 1,045757 0,006640
v 0,795880 0,005053
чемпионат 1,154902 0,007333
россия 0,214670 0,002726
спортивный 0,886057 0,005626
бизнес 0,468521 0,002975
состояться 0,920819 0,005846
москва 0,292430 0,001857
апрель 0,275724 0,001751
юлий 0,823909 0,005231
канакин 1,698970 0,010787
один 0,356547 0,002264
самый 0,251812 0,001599
красивый 0,958607 0,006086
скелетонистка 1,698970 0,010787
миро 0,337242 0,002141
заработать 1,045757 0,006640
первый 0,346787 0,002202
миллион 0,537602 0,003413
год 0,236572 0,003004
глава 0,522879 0,003320
уефа 1,522879 0,014504
видеть 0,698970 0,004438
основанье 1,698970 0,010787
прекращать 1,698970 0,010787
трансляция 0,721246 0,004579
прокомментировать 0,958607 0,006086
возможный 0,769551 0,004886
заявка 1,154902 0,007333
ч 1,301030 0,008261
соглашение 0,443697 0,002817
обратный 0,508638 0,003229
связь 0,309804 0,002951
ооо 0,853872 0,005421
вать 1,698970 0,048542
фай 1,698970 0,048542
средство 0,920819 0,005846
массовый 0,508638 0,004844
информация 0,327902 0,002082
сетевой 0,585027 0,011143
издание 0,468521 0,008924
зарегистрировать 0,619789 0,003935
федеральный 0,508638 0,003229
служба 0,431798 0,002742
надзор 0,619789 0,003935
сфера 0,537602 0,003413
информационный 0,481486 0,003057
технология 0,408935 0,002596
коммуникация 0,568636 0,003610
роскомнадзор 0,698970 0,004438
регистрационный 1,397940 0,008876
номер 0,795880 0,005053
эл 0,494850 0,003142
фс 0,522879 0,003320
июнь 0,823909 0,005231
название 1,000000 0,006349
учредитель 0,657577 0,004175
соучредитель 1,397940 0,008876
сми 0,468521 0,007437
общество 0,468521 0,002975
ограниченный 1,522879 0,009669
ответственность 0,886057 0,005626
главный 0,346787 0,002202
редактор 0,508638 0,003229
чегорский 1,698970 0,010787
н 0,769551 0,004886
а 0,221849 0,001409
телефон 0,568636 0,003610
редакция 0,366532 0,003491
адрес 0,537602 0,003413
электронный 0,619789 0,003935
почта 0,602060 0,003823
editor 1,522879 0,009669
sport 1,522879 0,009669
wifo 1,698970 0,010787
для 0,107905 0,000685
полноценный 1,221849 0,007758
функционирование 1,522879 0,009669
сайт 0,173925 0,001104
необходимо 0,920819 0,005846
включить 0,958607 0,006086
javascript 1,000000 0,006349
