новости 0,173925 0,000751
россии 0,251812 0,002175
мира 0,537602 0,001548
последние 0,568636 0,000819
события 0,638272 0,001838
сегодня 0,443697 0,000639
mail 0,721246 0,002596
ru 0,180456 0,000520
мой 0,769551 0,001108
мир 0,431798 0,000933
одноклассники 0,823909 0,001186
вконтакте 0,638272 0,000919
игры 0,744727 0,001072
знакомства 1,221849 0,001759
поиск 0,494850 0,000713
проекты 0,657577 0,001420
все 0,124939 0,000180
выход 0,958607 0,001380
регистрация 0,657577 0,000947
вход 0,619789 0,000892
s 0,721246 0,001558
rb 1,698970 0,008562
sitezone 1,698970 0,008562
brandsafety 1,698970 0,009785
минобороны 0,698970 0,002013
опровергли 1,301030 0,001873
заявления 1,000000 0,001440
киева 1,045757 0,001506
ударе 0,853872 0,001229
краматорску 0,744727 0,001608
ведомство 1,698970 0,002446
заявило 1,301030 0,001873
что 0,161151 0,002436
месте 0,886057 0,001276
удара 0,823909 0,001186
найдены 1,698970 0,002446
обломки 1,522879 0,002193
ракеты 1,154902 0,001663
точка 0,795880 0,001146
которые 0,431798 0,000622
применяет 1,698970 0,002446
всу 0,744727 0,001608
владимир 0,431798 0,000933
путин 0,721246 0,001039
простился 1,045757 0,001506
владимиром 0,677781 0,001464
жириновским 0,585027 0,001264
подоляк 1,698970 0,002446
украина 0,698970 0,001510
не 0,136677 0,000295
пойдет 1,698970 0,002446
временное 1,522879 0,002193
перемирие 1,698970 0,002446
россией 0,795880 0,001146
европа 0,853872 0,001844
назвала 1,301030 0,002810
срок 1,096910 0,002369
отказа 1,301030 0,002810
российского 0,698970 0,001510
угля 1,000000 0,002160
коста 1,397940 0,003019
рике 1,397940 0,003019
боинг 1,522879 0,003289
dhl 1,698970 0,003669
при 0,387216 0,000836
посадке 1,698970 0,003669
разломился 1,522879 0,003289
надвое 1,698970 0,003669
видео 0,327902 0,000708
фас 1,045757 0,001506
проводит 1,397940 0,002013
проверку 1,221849 0,001759
компании 0,619789 0,001339
мираторг 1,096910 0,001579
минфин 1,096910 0,001579
внес 1,397940 0,002013
правительство 1,096910 0,001579
проект 0,568636 0,000819
цифровых 1,221849 0,001759
валютах 1,397940 0,002013
рудковская 1,522879 0,002193
высказалась 1,522879 0,002193
поводу 1,301030 0,001873
скандала 1,397940 0,002013
вокруг 1,045757 0,001506
chanel 1,154902 0,001663
мвд 1,154902 0,001663
возбудило 1,698970 0,002446
дело 0,721246 0,001039
отношении 0,853872 0,001229
гендиректора 1,522879 0,002193
оборонного 1,698970 0,002446
завода 1,522879 0,002193
сша 0,508638 0,000732
сняли 1,397940 0,002013
санкции 0,721246 0,001558
поставку 1,301030 0,001873
интернет 0,522879 0,001129
оборудования 1,397940 0,002013
россию 0,568636 0,001638
конору 1,698970 0,002446
макгрегору 1,397940 0,002013
предъявили 1,154902 0,001663
шесть 0,958607 0,001380
новых 0,494850 0,000713
обвинений 1,301030 0,001873
казани 1,045757 0,003764
республики 1,154902 0,001663
татарстан 1,221849 0,002639
мск 1,301030 0,006557
иа 1,522879 0,002193
татар 1,221849 0,001759
информ 1,522879 0,002193
минниханов 1,522879 0,002193
поздравил 1,522879 0,002193
ватерпольный 1,698970 0,002446
клуб 0,795880 0,001146
синтез 1,522879 0,002193
они 0,585027 0,000842
заняли 1,301030 0,001873
регулярном 1,698970 0,002446
чемпионате 1,522879 0,002193
второе 1,301030 0,001873
место 0,744727 0,001072
однако 0,886057 0,001276
финале 1,397940 0,002013
четырех 1,301030 0,001873
стали 0,795880 0,001719
победителями 1,698970 0,002446
новым 0,920819 0,001326
замглавы 1,301030 0,001873
минстроя 1,522879 0,002193
стал 0,585027 0,000842
выходец 1,522879 0,002193
из 0,167491 0,000724
татарстана 1,301030 0,001873
откроются 1,698970 0,002446
авиарейсы 1,698970 0,002446
сочи 0,920819 0,001326
минеральные 1,698970 0,002446
воды 1,096910 0,001579
город 0,769551 0,001108
казань 0,823909 0,001186
kzn 1,698970 0,002446
казанский 1,522879 0,002193
компрессорный 1,698970 0,002446
завод 1,301030 0,001873
успешный 1,522879 0,002193
пример 1,698970 0,002446
импортозамещения 1,154902 0,001663
мэр 1,221849 0,001759
обсудил 1,096910 0,001579
руководством 1,397940 0,002013
предприятия 1,301030 0,001873
возможности 0,958607 0,001380
модернизации 1,698970 0,002446
увеличения 1,698970 0,002446
рабочих 1,221849 0,001759
мест 1,045757 0,001506
планируют 1,096910 0,002369
произвести 1,397940 0,003019
самолетов 1,045757 0,001506
ту 1,000000 0,002160
прибывшие 1,698970 0,002446
переселенцы 1,698970 0,002446
получат 1,522879 0,002193
гражданство 1,698970 0,002446
рф 0,568636 0,001638
политика 0,387216 0,000558
тасс 1,397940 0,004026
турчак 1,397940 0,003019
посоветовал 1,221849 0,002639
чиновникам 1,301030 0,002810
посетить 1,000000 0,001440
донбасс 0,886057 0,001276
прежде 1,045757 0,002259
чем 0,387216 0,001394
давать 1,522879 0,003289
комментарии 1,000000 0,002160
теме 1,045757 0,001506
москва 0,508638 0,001099
апреля 0,283997 0,000409
секретарь 1,154902 0,002494
генсовета 1,698970 0,002446
единой 1,522879 0,002193
андрей 0,552842 0,000796
российским 0,795880 0,001146
лично 1,301030 0,001873
съездить 1,698970 0,002446
территорию 1,221849 0,001759
донбасса 0,886057 0,001914
пообщаться 1,698970 0,002446
мирным 1,698970 0,002446
населением 1,522879 0,002193
ситуации 1,000000 0,001440
сми 0,468521 0,000675
турции 1,154902 0,001663
хотят 0,886057 0,001276
выдвинуть 1,698970 0,002446
эрдогана 1,698970 0,002446
нобелевскую 1,698970 0,002446
премию 1,397940 0,002013
усилия 1,522879 0,002193
украине 0,537602 0,002709
свыше 1,301030 0,001873
тыс 1,096910 0,001579
человек 0,420216 0,000605
прибыли 1,397940 0,002013
украины 0,721246 0,001558
вс 1,000000 0,001440
эвакуировали 1,154902 0,001663
более 0,494850 0,000713
мирных 1,397940 0,002013
жителей 0,853872 0,001229
херсонской 1,154902 0,001663
области 0,721246 0,001558
экономика 0,568636 0,000819
риа 1,301030 0,002810
япония 0,823909 0,001780
ввела 1,301030 0,001873
против 0,387216 0,000558
сбербанка 1,698970 0,002446
альфа 1,397940 0,003019
банка 1,221849 0,001759
токио 1,301030 0,001873
апр 1,397940 0,002013
включит 1,698970 0,002446
свой 0,721246 0,001039
санкционный 1,301030 0,001873
список 0,769551 0,001108
крупные 1,221849 0,001759
российские 0,744727 0,001072
банки 1,301030 0,001873
сбербанк 1,397940 0,002013
банк 0,920819 0,001326
а 0,221849 0,000319
вводит 1,301030 0,001873
запрет 1,096910 0,001579
новые 0,337242 0,000486
инвестиции 1,096910 0,001579
заявил 0,744727 0,002145
ходе 1,000000 0,002160
пресс 0,638272 0,001379
конференции 0,958607 0,001380
премьер 0,853872 0,001229
министр 1,221849 0,001759
страны 0,638272 0,000919
фумио 1,522879 0,002193
кисида 1,522879 0,002193
ростехе 1,397940 0,002013
рассказали 0,744727 0,001072
сколько 0,769551 0,001662
года 0,356547 0,000513
аналитики 1,522879 0,002193
предсказали 1,397940 0,002013
рублю 1,698970 0,002446
укрепление 1,301030 0,001873
апреле 0,853872 0,001229
мае 1,221849 0,001759
ритейлеры 1,698970 0,002446
делать 0,920819 0,001989
запасы 1,397940 0,002013
продуктов 1,301030 0,001873
случай 1,301030 0,001873
повышенного 1,522879 0,002193
спроса 1,397940 0,002013
общество 0,494850 0,000713
наука 0,585027 0,000842
разработана 1,698970 0,002446
методика 1,698970 0,002446
позволяющая 1,698970 0,002446
омолодить 1,698970 0,002446
клетки 1,698970 0,002446
кожи 1,522879 0,003289
лет 0,366532 0,000528
она 0,657577 0,000947
позволяет 1,301030 0,001873
временно 1,698970 0,002446
включить 1,154902 0,001663
эмбриональные 1,698970 0,002446
гены 1,698970 0,002446
клетках 1,698970 0,002446
человека 0,537602 0,000774
сообщили 0,958607 0,001380
институте 1,397940 0,002013
бабрэма 1,698970 0,002446
reuters 1,301030 0,001873
узнал 1,301030 0,001873
убежище 1,698970 0,002446
для 0,107905 0,000233
яхт 1,522879 0,002193
россиян 0,744727 0,001072
под 0,376751 0,000542
санкциями 1,096910 0,001579
мальдивах 1,698970 0,002446
чего 0,769551 0,001108
пьянеют 1,698970 0,002446
птицы 1,301030 0,001873
блогеру 1,698970 0,002446
хованскому 1,522879 0,002193
вернули 1,522879 0,002193
ведомости 1,698970 0,002446
песков 0,744727 0,001608
объяснил 0,769551 0,001108
заявление 1,221849 0,001759
значительных 1,301030 0,002810
потерях 1,096910 0,002369
рамках 1,154902 0,001663
спецоперации 0,744727 0,003217
президента 0,920819 0,001326
дмитрий 0,602060 0,000867
говоря 1,301030 0,001873
российской 0,585027 0,001264
армии 0,920819 0,001326
опирался 1,397940 0,002013
данные 0,677781 0,000976
погибшем 1,698970 0,002446
военном 1,698970 0,002446
кадыров 0,958607 0,001380
мариуполь 1,096910 0,001579
освобожден 1,154902 0,001663
процентов 1,154902 0,001663
украинские 0,823909 0,001186
войска 1,221849 0,001759
нанесли 1,096910 0,001579
удар 0,823909 0,001186
точкой 0,920819 0,001326
сообщило 1,698970 0,002446
уничтожении 1,698970 0,002446
вооружения 1,522879 0,002193
техники 1,221849 0,001759
резервов 1,698970 0,002446
донецкой 1,221849 0,001759
справки 1,698970 0,002446
как 0,187087 0,000673
россия 0,455932 0,000656
отреагировали 1,698970 0,002446
украинской 1,096910 0,001579
буче 0,958607 0,001380
карточки 1,522879 0,009867
чему 0,886057 0,001276
пришли 1,154902 0,001663
киев 0,920819 0,001326
переговорах 1,397940 0,002013
дворце 1,522879 0,002193
османских 1,698970 0,002446
султанов 1,698970 0,002446
каковы 1,698970 0,003669
итоги 0,823909 0,001780
первого 1,000000 0,001440
месяца 0,920819 0,001326
стелс 1,301030 0,001873
омикрон 1,522879 0,002193
принесет 1,698970 0,002446
новую 0,769551 0,001108
волну 1,397940 0,002013
эпидемии 1,522879 0,002193
он 0,455932 0,000656
давно 0,769551 0,001108
уже 0,568636 0,000819
нами 1,096910 0,001579
карточек 1,522879 0,005482
суд 1,000000 0,001440
запретил 1,154902 0,001663
instagram 1,154902 0,001663
facebook 0,823909 0,001186
это 0,251812 0,000544
значит 1,096910 0,001579
пользователей 0,823909 0,001186
закончились 1,522879 0,002193
три 0,619789 0,000892
недели 0,744727 0,001072
специальной 1,698970 0,002446
военной 1,221849 0,002639
операции 0,920819 0,001326
двух 0,853872 0,001229
недель 1,397940 0,002013
лимит 1,698970 0,002446
снятие 1,698970 0,002446
наличной 1,698970 0,002446
валюты 1,301030 0,001873
банковских 1,698970 0,002446
вкладов 1,522879 0,002193
работает 0,657577 0,000947
уход 1,096910 0,001579
visa 1,397940 0,003019
mastercard 1,397940 0,003019
вопросы 0,638272 0,000919
ответы 1,000000 0,001440
россиянам 1,154902 0,001663
путевками 1,698970 0,002446
авиабилетами 1,698970 0,002446
завершилась 1,301030 0,001873
первая 0,886057 0,001276
неделя 1,154902 0,001663
будет 0,387216 0,000558
российскими 1,154902 0,001663
картами 1,522879 0,002193
фоторепортажи 1,397940 0,002013
прощание 0,886057 0,001276
скончался 1,221849 0,001759
жириновский 0,677781 0,000976
пламенная 1,522879 0,002193
борьба 1,221849 0,001759
франции 1,000000 0,001440
спасают 1,522879 0,002193
виноградники 1,698970 0,002446
пожар 1,301030 0,001873
нефтебазе 1,522879 0,002193
белгороде 1,397940 0,002013
взрывная 1,698970 0,002446
волна 1,522879 0,002193
весенний 1,301030 0,001873
фестиваль 0,958607 0,001380
холи 1,698970 0,002446
индии 1,397940 0,002013
названа 1,301030 0,001873
мисс 1,045757 0,001506
японии 0,958607 0,001380
произошло 1,045757 0,001506
сильное 1,698970 0,002446
землетрясение 1,698970 0,002446
москве 0,455932 0,000656
отменили 1,522879 0,002193
масочный 1,522879 0,002193
режим 1,301030 0,001873
переговоры 1,045757 0,001506
тесты 0,823909 0,001186
короткий 1,698970 0,002446
тест 0,795880 0,007449
армейским 1,698970 0,002446
традициям 1,698970 0,002446
правда 0,769551 0,001108
или 0,292430 0,000421
миф 1,522879 0,002193
вы 0,376751 0,001899
знаете 1,221849 0,003519
эрмитаже 1,522879 0,002193
угадайте 1,522879 0,004386
автора 0,886057 0,001276
цитаты 1,096910 0,001579
любви 0,677781 0,000976
отличите 1,698970 0,002446
правильные 1,698970 0,002446
стихотворения 1,397940 0,002013
пушкина 1,000000 0,001440
гражданской 1,397940 0,002013
авиации 1,522879 0,002193
откуда 1,000000 0,001440
родом 1,698970 0,002446
эти 0,853872 0,001229
знаменитые 1,397940 0,002013
десерты 1,397940 0,002013
объятиях 1,698970 0,002446
разбираетесь 1,698970 0,002446
ли 0,387216 0,001115
сыре 1,698970 0,002446
понимаете 1,397940 0,002013
журналистский 1,698970 0,002446
сленг 1,397940 0,002013
каком 1,301030 0,001873
языке 0,886057 0,001276
так 0,481486 0,000693
благодарят 1,698970 0,002446
происходит 0,920819 0,001326
этой 0,744727 0,001072
фотографии 1,045757 0,001506
помните 1,397940 0,002013
навигатор 1,522879 0,002193
такое 0,585027 0,004633
коворкинг 1,698970 0,002446
простыми 1,698970 0,008562
словами 1,522879 0,007675
легитимность 1,698970 0,002446
диверсификация 1,698970 0,002446
договор 1,397940 0,002013
цессии 1,698970 0,002446
коллаборация 1,698970 0,002446
когда 0,397940 0,000573
отмечают 1,698970 0,002446
день 0,522879 0,000753
бухгалтера 1,698970 0,002446
эквайринг 1,698970 0,002446
деноминация 1,698970 0,002446
crm 1,698970 0,002446
система 1,096910 0,001579
фрустрация 1,698970 0,002446
зарегистрироваться 1,096910 0,001579
самозанятым 1,698970 0,002446
пошаговая 1,698970 0,002446
инструкция 1,397940 0,002013
стагнация 1,698970 0,002446
div 1,000000 0,006479
class 1,397940 0,006039
js 1,045757 0,001506
module 1,698970 0,003669
data 1,045757 0,003764
slotmodel 1,698970 0,002446
view 1,154902 0,001663
slotview 1,698970 0,002446
id 1,154902 0,001663
подпишитесь 1,096910 0,001579
нас 0,468521 0,000675
реклама 0,346787 0,000499
отменить 1,154902 0,001663
rss 0,823909 0,001186
мобильная 1,000000 0,001440
проекте 0,657577 0,000947
использование 0,619789 0,000892
материалов 0,585027 0,000842
обратная 0,585027 0,000842
связь 0,552842 0,000796
img 0,795880 0,001146
src 0,795880 0,001146
https 0,721246 0,001039
rs 1,397940 0,002013
d 0,920819 0,001326
gif 1,698970 0,002446
rnd 1,522879 0,002193
ts 1,698970 0,002446
sz 1,698970 0,002446
style 0,823909 0,002373
width 1,221849 0,001759
height 1,221849 0,001759
position 0,853872 0,001229
absolute 0,958607 0,001380
visibility 1,522879 0,002193
hidden 1,698970 0,003669
alt 0,886057 0,001276
pulse 1,698970 0,012232
h 1,301030 0,002810
title 1,397940 0,003019
пульс 1,698970 0,002446
p 1,096910 0,001579
in 0,958607 0,001380
lenta 1,397940 0,005032
root 1,698970 0,003669
script 1,301030 0,002810
function 1,397940 0,003019
window 1,221849 0,004398
callback 1,698970 0,004893
var 1,522879 0,002193
currentpageutm 1,698970 0,004893
utmapi 1,698970 0,002446
new 0,920819 0,001326
mediaproject 1,698970 0,002446
news 0,920819 0,001326
null 1,522879 0,002193
lazy 1,698970 0,002446
maxcolumns 1,698970 0,002446
partnerid 1,698970 0,002446
hasheader 1,698970 0,002446
false 1,522879 0,002193
showcardskeletons 1,698970 0,002446
true 1,698970 0,002446
render 1,698970 0,002446
pulseasyncinit 1,698970 0,002446
this 1,000000 0,001440
background 1,698970 0,002446
color 1,698970 0,003669
c 0,721246 0,002077
overflow 1,522879 0,002193
fff 1,698970 0,002446
margin 1,698970 0,002446
px 0,920819 0,001326
text 1,698970 0,002446
align 1,698970 0,002446
center 1,522879 0,002193
