коммерсантъ 1,522879 0,003879
последние 0,568636 0,000414
новости 0,173925 0,001013
россии 0,251812 0,001833
мира 0,537602 0,000783
реклама 0,346787 0,000757
ъ 1,698970 0,003091
www 0,698970 0,000763
kommersant 1,698970 0,001855
ru 0,180456 0,000197
ad 1,698970 0,001855
fm 1,221849 0,001334
закрыть 0,823909 0,000899
меню 0,886057 0,000967
сайта 0,508638 0,000370
редакция 0,744727 0,000542
радио 0,795880 0,000579
русфонд 1,698970 0,001237
банкротства 1,698970 0,001237
партнерские 1,698970 0,001855
проекты 0,657577 0,000718
картотека 1,698970 0,001237
конференции 0,958607 0,000698
университетъ 1,698970 0,001237
подписка 0,823909 0,000600
фотоагентство 1,698970 0,001237
газета 1,045757 0,000761
weekend 1,698970 0,004946
приложения 0,853872 0,000621
автопилот 1,522879 0,001663
наука 0,585027 0,000639
деньги 0,886057 0,001612
регионы 1,000000 0,000728
экономика 0,568636 0,000621
политика 0,387216 0,000423
мир 0,431798 0,000786
бизнес 0,552842 0,001207
финансы 1,096910 0,001198
потребительский 1,397940 0,003561
рынок 1,000000 0,002911
телекоммуникации 1,698970 0,002473
общество 0,494850 0,000900
происшествия 0,823909 0,000899
культура 0,619789 0,000677
спорт 0,468521 0,000682
hi 1,301030 0,001420
tech 1,301030 0,001420
авто 0,769551 0,000560
стиль 0,886057 0,001612
темы 0,886057 0,000645
тенденции 1,522879 0,001108
мультимедиа 1,397940 0,001526
интервью 0,522879 0,000381
справочники 1,698970 0,001237
самое 0,886057 0,001612
читаемое 1,096910 0,001597
e 0,677781 0,000987
mail 0,721246 0,000787
рассылки 1,301030 0,001420
москва 0,508638 0,000370
санкт 0,769551 0,000560
петербург 0,886057 0,000645
воронеж 1,221849 0,000889
екатеринбург 1,000000 0,000728
ижевск 1,221849 0,000889
казань 0,823909 0,000600
краснодар 1,000000 0,000728
красноярск 1,221849 0,000889
нижний 0,853872 0,000621
новгород 0,886057 0,000645
новосибирск 1,045757 0,000761
пермь 1,096910 0,000798
ростов 0,958607 0,000698
дону 1,000000 0,000728
самара 1,221849 0,000889
саратов 1,221849 0,000889
уфа 1,154902 0,000841
челябинск 1,154902 0,000841
ярославль 1,154902 0,000841
предыдущая 1,698970 0,001237
страница 1,096910 0,001198
imoex 1,698970 0,001237
валютный 1,522879 0,001108
прогноз 1,154902 0,000841
военная 1,045757 0,001522
операция 0,853872 0,001243
украине 0,537602 0,001369
свежий 1,154902 0,000841
отчет 1,096910 0,001198
правительства 1,096910 0,001597
мишустина 1,397940 0,001017
госдуме 1,045757 0,000761
санкции 0,721246 0,001050
против 0,387216 0,000423
подбор 1,522879 0,001108
вклада 1,698970 0,001237
топ 0,677781 0,000987
банках 1,397940 0,001526
эксклюзивы 1,397940 0,001017
пандемия 1,301030 0,000947
андрей 0,552842 0,000604
колесников 1,698970 0,001237
владимире 1,397940 0,001017
путине 1,522879 0,001108
следующая 1,397940 0,001017
сюжет 1,000000 0,001456
песков 0,744727 0,000813
объяснил 0,769551 0,000840
что 0,161151 0,000821
говорил 1,397940 0,002544
потерях 1,096910 0,001198
российской 0,585027 0,000639
армии 0,920819 0,001340
исходя 1,698970 0,001855
из 0,167491 0,000670
данных 0,657577 0,000718
минобороны 0,698970 0,000763
оон 0,823909 0,000899
мировые 1,154902 0,001261
цены 0,744727 0,001084
продовольствие 1,154902 0,001261
достигли 1,154902 0,001261
рекордных 1,522879 0,001663
показателей 1,698970 0,001855
politico 1,698970 0,001237
шольц 1,301030 0,000947
откладывает 1,522879 0,001108
поставки 1,301030 0,000947
танков 1,221849 0,000889
несмотря 1,000000 0,000728
давление 1,096910 0,001198
зеленых 1,698970 0,001237
св 1,522879 0,001108
дп 1,698970 0,001237
весь 0,721246 0,000525
главные 0,585027 0,000426
происходит 0,920819 0,000670
после 0,356547 0,000259
ввода 1,522879 0,001108
войск 1,154902 0,000841
украину 1,301030 0,000947
день 0,522879 0,000571
й 1,000000 0,000728
украина 0,698970 0,000509
отвергает 1,698970 0,001237
возможность 0,721246 0,000525
заключения 1,522879 0,001108
перемирия 1,698970 0,001237
автодор 1,698970 0,001237
анонсировал 1,522879 0,001108
рост 1,096910 0,000798
тарифов 1,522879 0,001108
проезд 1,522879 0,001108
платным 1,698970 0,001237
дорогам 1,522879 0,001108
полиция 1,154902 0,000841
задержала 1,522879 0,001108
подозреваемого 1,397940 0,001017
нападении 1,096910 0,000798
главреда 1,096910 0,000798
новой 0,638272 0,000697
газеты 0,958607 0,000698
муратова 1,154902 0,000841
цб 0,795880 0,000579
снизил 0,698970 0,000509
ключевую 0,677781 0,000493
ставку 0,657577 0,000479
великобритания 1,301030 0,000947
япония 0,823909 0,000899
расширили 1,522879 0,001108
онлайн 0,387216 0,000564
кинотеатры 1,301030 0,000947
готовятся 1,221849 0,000889
замещению 1,522879 0,001108
иностранного 1,522879 0,001108
контента 1,397940 0,001017
прокуратура 1,397940 0,001017
отсудила 1,698970 0,001237
полсотни 1,698970 0,001237
объектов 1,301030 0,000947
незаконно 1,698970 0,001237
оказавшихся 1,698970 0,001237
банкротящемся 1,698970 0,001237
фгупе 1,698970 0,001237
фсоэксклюзив 1,698970 0,001237
как 0,187087 0,001021
платформа 1,221849 0,000889
для 0,107905 0,000353
коммерции 1,698970 0,001237
авито 1,698970 0,002473
помогает 1,221849 0,000889
предпринимателям 1,698970 0,001237
партнерский 1,522879 0,003325
проект 0,568636 0,000828
вся 0,769551 0,004201
лента 0,744727 0,001626
предыдущий 1,698970 0,003710
слайд 1,698970 0,006801
фотофакт 1,698970 0,003091
гроб 1,522879 0,001663
телом 1,397940 0,001526
владимира 0,721246 0,001050
жириновского 0,657577 0,000957
привезли 1,698970 0,001855
похороны 1,221849 0,001334
траурном 1,698970 0,001855
универсале 1,698970 0,001855
aurus 1,221849 0,001334
lafet 1,698970 0,001855
берлинском 1,698970 0,001855
трептов 1,698970 0,001855
парке 1,522879 0,001663
осквернили 1,397940 0,001526
советский 1,221849 0,001334
памятник 1,096910 0,001198
воин 1,522879 0,001663
освободитель 1,698970 0,001855
цитат 1,698970 0,001855
основателя 1,522879 0,002217
лдпр 0,744727 0,001084
только 0,283997 0,000413
жить 0,853872 0,003418
красиво 1,397940 0,001526
смело 1,698970 0,001855
хорошо 1,221849 0,001334
смерти 0,744727 0,000813
не 0,136677 0,001194
думать 1,301030 0,001420
ни 0,698970 0,000763
коем 1,522879 0,001663
случае 0,920819 0,001005
ставить 1,698970 0,001855
цель 1,397940 0,001526
я 0,356547 0,000649
умру 1,698970 0,001855
буду 1,301030 0,001420
себе 0,619789 0,000902
владимир 0,431798 0,000629
жириновский 0,677781 0,001233
цифра 1,522879 0,001663
дня 0,443697 0,001453
трлн 1,698970 0,001855
рублей 0,585027 0,001064
столько 1,221849 0,001334
имеют 1,522879 0,001663
россияне 1,000000 0,001092
своих 0,657577 0,000718
криптокошельках 1,698970 0,001855
данным 1,221849 0,001779
график 1,221849 0,001334
какие 0,494850 0,000720
дроны 1,522879 0,001663
сша 0,508638 0,000740
передали 1,698970 0,001855
цитата 1,698970 0,001855
пытки 1,698970 0,001855
избиения 1,698970 0,001855
правосудие 1,698970 0,001855
а 0,221849 0,000646
угнетение 1,698970 0,001855
препятствовать 1,698970 0,001855
этому 1,045757 0,001142
долг 1,522879 0,001663
подобные 1,397940 0,001526
деяния 1,698970 0,001855
харам 1,698970 0,001855
эмир 1,698970 0,001855
запрещенного 1,698970 0,001855
рф 0,568636 0,000828
талибана 1,698970 0,001855
запретил 1,154902 0,001261
издеваться 1,698970 0,001855
задержанными 1,698970 0,001855
следующий 1,397940 0,003052
главное 0,585027 0,000426
пиво 1,698970 0,001237
бродит 1,522879 0,001108
вокруг 1,045757 0,001142
сырья 1,698970 0,001855
участники 1,522879 0,001108
рынка 1,096910 0,000798
просят 1,301030 0,001420
заместить 1,698970 0,001237
импорт 1,096910 0,000798
хмеля 1,698970 0,001237
петр 1,000000 0,000728
ян 1,397940 0,001017
алджамейн 1,522879 0,001108
стерлинг 1,154902 0,000841
переходят 1,522879 0,001663
слов 1,045757 0,000761
бою 1,397940 0,001017
российский 0,619789 0,000677
боец 1,154902 0,000841
дождался 1,698970 0,001237
шанса 1,698970 0,001237
вернуть 1,000000 0,001092
чемпионский 1,698970 0,001237
титул 1,522879 0,001108
подрядчики 1,698970 0,001237
выходят 1,698970 0,001237
стройки 1,698970 0,001237
они 0,585027 0,000852
отказываются 1,698970 0,001237
участвовать 1,221849 0,000889
госконтрактах 1,698970 0,001237
инвесторы 1,397940 0,001017
вышли 1,397940 0,001017
кризис 1,045757 0,001522
вложат 1,698970 0,001237
средства 1,154902 0,000841
сектор 1,301030 0,000947
сервисы 1,045757 0,000761
снаряжают 1,698970 0,001237
магазин 0,795880 0,000579
российские 0,744727 0,000813
разработчики 1,522879 0,001108
конкурируют 1,698970 0,001237
создание 0,853872 0,000621
замены 1,397940 0,001017
app 1,000000 0,000728
store 1,096910 0,000798
google 0,744727 0,000813
play 1,000000 0,000728
мнение 0,886057 0,001612
юрий 0,795880 0,000579
литвиненко 1,698970 0,001237
том 0,522879 0,000761
госсайты 1,698970 0,001237
притворились 1,698970 0,001237
чайниками 1,698970 0,001237
александр 0,468521 0,000341
габуев 1,698970 0,001237
логике 1,698970 0,001237
подхода 1,698970 0,001237
запада 1,000000 0,000728
санкциям 1,154902 0,000841
секретарь 1,154902 0,000841
совбеза 1,522879 0,001108
николай 0,744727 0,000542
патрушев 1,698970 0,001237
ситуации 1,000000 0,000728
корейского 1,698970 0,001237
полуострова 1,698970 0,001237
фото 0,568636 0,000621
видео 0,327902 0,000358
спецпроекты 0,657577 0,000718
подкасты 0,698970 0,000509
наглядно 1,698970 0,001237
фотогалерея 1,698970 0,006801
прощание 0,886057 0,000645
владимиром 0,677781 0,000493
жириновским 0,585027 0,000426
кадры 0,958607 0,001395
церемонии 1,397940 0,001017
world 1,154902 0,000841
press 1,154902 0,000841
photo 1,522879 0,001108
победители 1,221849 0,000889
фотопремии 1,698970 0,001237
мы 0,327902 0,000358
говорим 1,522879 0,001108
партия 1,301030 0,000947
подразумеваем 1,698970 0,001237
складывалась 1,698970 0,001237
судьба 0,920819 0,000670
места 1,000000 0,000728
событий 0,853872 0,000621
апреля 0,283997 0,000207
яркие 1,301030 0,000947
четверга 1,698970 0,001237
помощь 0,823909 0,000600
получил 0,958607 0,000698
дальше 0,853872 0,000621
знаю 1,096910 0,000798
жители 1,000000 0,000728
мариуполя 0,853872 0,000621
выстроились 1,522879 0,001108
очередь 1,301030 0,000947
продуктами 1,522879 0,001108
вестник 1,522879 0,001108
история 0,443697 0,000807
фильма 0,795880 0,000579
который 0,508638 0,000370
принес 1,522879 0,001108
ссср 0,795880 0,000579
первый 0,585027 0,000426
оскар 1,000000 0,000728
повлиял 1,522879 0,001108
ход 1,045757 0,001142
второй 0,769551 0,000560
мировой 0,920819 0,001005
войны 0,698970 0,000763
богатейшие 1,698970 0,001855
люди 0,585027 0,000426
планеты 1,096910 0,000798
версии 0,958607 0,001047
forbes 1,397940 0,001526
бизнесмены 1,522879 0,001108
все 0,124939 0,000273
сложнее 1,397940 0,001017
снимать 1,301030 0,000947
кино 0,455932 0,000332
человеке 1,397940 0,001526
барри 1,301030 0,001420
левинсон 1,698970 0,001237
его 0,346787 0,000631
фильмы 0,638272 0,000465
сначала 1,000000 0,000728
подумай 1,698970 0,001237
потом 0,886057 0,000645
сделай 1,397940 0,001017
шаг 1,397940 0,001017
поступок 1,698970 0,001237
это 0,251812 0,000275
принцип 1,522879 0,002217
шахмат 1,301030 0,000947
жизнь 0,455932 0,000498
карьера 1,154902 0,000841
кирсана 1,698970 0,001237
илюмжинова 1,698970 0,001237
грэмми 1,522879 0,001108
прошло 1,221849 0,000889
награждение 1,397940 0,001017
европа 0,853872 0,000932
решила 1,154902 0,001261
возиться 1,698970 0,001855
россией 0,795880 0,000869
европейцы 1,522879 0,001663
идут 1,301030 0,001420
газ 1,045757 0,001522
плывет 1,522879 0,002217
обход 1,698970 0,002473
ближний 1,698970 0,001855
восток 1,301030 0,001420
берется 1,522879 0,001663
конфликт 1,154902 0,001261
европе 0,886057 0,000967
ситуация 1,000000 0,001456
больше 0,552842 0,000604
чем 0,387216 0,000423
очередной 1,301030 0,001420
экономический 1,522879 0,001663
рубрика 1,522879 0,006650
немобилизационное 1,698970 0,001237
предписание 1,698970 0,001237
михаил 0,568636 0,000414
мишустин 0,920819 0,000670
дал 1,221849 0,000889
парламенту 1,522879 0,001108
прошедшем 1,698970 0,001237
годе 1,698970 0,001237
текущей 1,698970 0,001237
стратегии 1,397940 0,001017
ковид 1,301030 0,000947
торопится 1,698970 0,001237
выход 0,958607 0,001047
мвф 1,698970 0,001237
предупреждает 1,522879 0,001108
долгосрочных 1,698970 0,001237
последствиях 1,698970 0,001237
пандемии 1,397940 0,001017
соцподдержка 1,698970 0,001237
ищет 1,096910 0,001198
доходы 1,698970 0,001237
правительство 1,096910 0,000798
готовит 1,154902 0,000841
новый 0,408935 0,000893
порядок 1,045757 0,000761
оценки 1,221849 0,000889
состояний 1,698970 0,001237
нуждающихся 1,698970 0,001237
россиян 0,744727 0,000542
европейская 1,397940 0,001017
промышленность 1,522879 0,001663
держится 1,698970 0,001237
оптимизм 1,522879 0,001108
мониторинг 1,522879 0,001108
экономики 1,045757 0,001142
льгота 1,698970 0,001237
собственности 1,154902 0,000841
интеллектом 1,698970 0,001237
госдума 1,397940 0,001017
освободила 1,698970 0,001237
регистрируемые 1,698970 0,001237
бренды 1,221849 0,001334
технологии 0,721246 0,000525
налога 1,698970 0,001237
дискредитация 1,698970 0,001237
вплоть 1,522879 0,001108
эмиграции 1,522879 0,001108
московских 1,221849 0,000889
муниципальных 1,698970 0,001237
депутатов 1,698970 0,001237
заводят 1,698970 0,001237
дела 0,920819 0,000670
критику 1,698970 0,001237
спецоперации 0,744727 0,000542
пивоваров 1,698970 0,001237
понял 1,301030 0,000947
обвинения 1,301030 0,000947
суд 1,000000 0,001456
отказался 1,397940 0,001017
доследование 1,698970 0,001237
дело 0,721246 0,001050
экс 1,096910 0,001597
главы 1,045757 0,000761
открытой 1,397940 0,001017
этот 0,698970 0,000763
приближали 1,698970 0,001237
могли 1,045757 0,000761
депутаты 1,698970 0,001237
обсудили 1,522879 0,001663
премьером 1,698970 0,001237
борьбу 1,397940 0,001017
санкциями 1,096910 0,000798
победу 1,301030 0,001420
последний 0,744727 0,001084
первых 0,853872 0,000621
умер 0,958607 0,000698
печати 1,522879 0,001108
внесен 1,522879 0,001108
законопроект 1,154902 0,000841
позволяющий 1,522879 0,001108
генпрокурору 1,698970 0,001237
отзывать 1,698970 0,001237
лицензии 1,522879 0,001663
сми 0,468521 0,000852
исключение 1,221849 0,000889
прав 0,853872 0,000621
приостановили 1,698970 0,001237
членство 1,698970 0,001237
совете 1,397940 0,001017
правам 1,301030 0,000947
человека 0,537602 0,000587
она 0,657577 0,000718
хлопнула 1,698970 0,001237
дверью 1,397940 0,001017
нами 1,096910 0,000798
блок 1,301030 0,000947
нато 0,769551 0,000560
хочет 1,000000 0,000728
втягиваться 1,698970 0,001237
бои 1,301030 0,000947
востоке 1,301030 0,000947
может 0,387216 0,000423
расшириться 1,698970 0,001237
севере 1,522879 0,001108
стамбул 1,522879 0,001108
оказался 0,920819 0,000670
лучше 0,886057 0,000645
минска 1,698970 0,001237
мид 0,886057 0,000645
обвинил 1,698970 0,001237
киев 0,920819 0,000670
подрыве 1,698970 0,001855
переговорного 1,698970 0,001237
процесса 1,698970 0,001237
токио 1,301030 0,000947
понимает 1,221849 0,000889
русски 1,397940 0,001017
обвиняет 1,698970 0,001237
москву 0,886057 0,000645
двусторонних 1,698970 0,001237
отношений 1,045757 0,000761
он 0,455932 0,000332
был 0,468521 0,000341
громоотводом 1,698970 0,001237
националистов 0,958607 0,000698
других 0,795880 0,000579
потенциальных 1,698970 0,001237
критиков 1,154902 0,000841
справа 1,397940 0,001017
зарубежные 1,154902 0,000841
вспоминают 1,698970 0,001237
предприниматель 1,698970 0,001237
проверить 1,045757 0,000761
любую 1,698970 0,001237
гипотезу 1,698970 0,001237
заместитель 1,221849 0,000889
гендиректора 1,522879 0,001108
иван 0,744727 0,000542
гуз 1,698970 0,001237
новые 0,337242 0,000491
условия 0,795880 0,000869
меняют 1,698970 0,001237
ниша 1,698970 0,001237
грамотно 1,522879 0,001108
распорядиться 1,698970 0,001237
накоплениями 1,698970 0,001237
материал 1,045757 0,001142
переносимая 1,698970 0,001237
легкость 1,698970 0,001237
expertbook 1,698970 0,001855
почему 0,366532 0,000267
asus 1,698970 0,001237
b 0,958607 0,000698
идеальный 1,154902 0,000841
помощник 1,397940 0,001017
предпринимателя 1,698970 0,001237
конференция 1,221849 0,001334
амнистия 1,698970 0,001237
капиталов 1,698970 0,001237
серия 0,920819 0,000670
открытых 1,522879 0,001108
эфиров 1,698970 0,001237
рубли 1,221849 0,000889
отмерят 1,698970 0,001237
километрами 1,698970 0,001237
авиакомпании 1,522879 0,001108
поддержат 1,522879 0,001108
выполненные 1,698970 0,001237
перевозки 1,522879 0,001108
нафта 1,698970 0,001237
топит 1,698970 0,001237
таиф 1,698970 0,001237
нк 1,698970 0,001237
завод 1,301030 0,000947
останавливается 1,698970 0,001237
невыкупа 1,698970 0,001237
продукции 1,522879 0,001108
потребителем 1,698970 0,001237
эстония 1,301030 0,000947
финляндия 1,154902 0,000841
планируют 1,096910 0,000798
получать 0,853872 0,000621
терминал 1,698970 0,001237
спг 1,698970 0,001237
уголь 1,397940 0,001017
юанем 1,698970 0,001237
братья 1,154902 0,000841
навек 1,698970 0,001237
китай 1,096910 0,000798
оплатил 1,698970 0,001237
российское 1,397940 0,001526
сырье 1,698970 0,001237
своей 0,853872 0,000621
валюте 1,522879 0,001108
комбайны 1,698970 0,001237
хотят 0,886057 0,000645
обнулить 1,698970 0,001237
пошлину 1,698970 0,001237
минсельхоз 1,698970 0,001237
видит 1,221849 0,000889
необходимость 1,522879 0,001108
снижении 1,301030 0,000947
нагрузки 1,397940 0,001017
аграриев 1,698970 0,001237
разменяли 1,698970 0,001237
валюту 1,301030 0,000947
клиенты 1,397940 0,001017
российских 0,468521 0,000682
банков 1,301030 0,000947
юани 1,698970 0,001237
вас 0,721246 0,000525
здесь 0,698970 0,000509
сберегало 1,698970 0,001237
каким 1,000000 0,000728
отношением 1,698970 0,001237
сталкиваются 1,397940 0,001017
выходцы 1,698970 0,001237
европейских 1,221849 0,000889
заместитесь 1,698970 0,001237
миллионы 1,221849 0,000889
подсанкционные 1,698970 0,001237
брокеры 1,698970 0,001237
тасуют 1,698970 0,001237
клиентские 1,698970 0,001237
массы 1,698970 0,001237
укрепило 1,698970 0,001237
рубль 1,000000 0,000728
курс 0,744727 0,000542
доллара 1,045757 0,000761
откатился 1,698970 0,001237
значениям 1,522879 0,001108
середины 1,522879 0,001108
февраля 0,823909 0,000600
фактор 1,698970 0,001237
санкций 0,677781 0,000493
факторинга 1,698970 0,001237
закрыл 1,698970 0,001237
беспроблемный 1,698970 0,001237
квартал 1,397940 0,001017
торговля 1,698970 0,001237
немного 1,397940 0,001017
сбрендила 1,698970 0,001237
уходящие 1,522879 0,001108
западные 1,301030 0,000947
марки 1,045757 0,001142
заменить 1,522879 0,001108
будет 0,387216 0,000282
нечем 1,397940 0,001017
смотря 1,698970 0,001237
наметился 1,698970 0,001237
дефицит 1,096910 0,000798
контактных 1,698970 0,001237
линз 1,698970 0,001237
газировно 1,698970 0,001237
то 0,522879 0,000381
же 0,721246 0,000525
pepsico 1,698970 0,001237
думают 1,397940 0,001017
спецнапитках 1,698970 0,001237
пивовары 1,698970 0,001237
меряются 1,698970 0,001237
литрами 1,698970 0,001237
небольшие 1,698970 0,001237
производители 1,397940 0,001017
сниженном 1,698970 0,001237
акцизе 1,698970 0,001237
собственного 1,397940 0,001017
замещения 1,698970 0,001237
ozon 1,698970 0,001237
планирует 1,154902 0,000841
создать 1,154902 0,000841
торговые 1,698970 0,001237
кассир 1,522879 0,001108
ру 0,744727 0,001626
попросил 1,301030 0,000947
афишировать 1,698970 0,001237
билетный 1,698970 0,001237
оператор 1,698970 0,001237
уточнил 1,397940 0,001017
аргументы 1,397940 0,001017
делу 1,000000 0,001456
яндекса 1,397940 0,001017
найдется 1,397940 0,001017
запрещена 1,397940 0,001017
сервисов 1,045757 0,000761
американской 1,301030 0,000947
компании 0,619789 0,000677
закрывают 1,698970 0,001237
границу 1,522879 0,001108
личной 1,397940 0,001017
информации 0,698970 0,000509
усложнят 1,698970 0,001237
рубеж 1,221849 0,000889
подсели 1,698970 0,001237
антивирус 1,698970 0,001237
спешит 1,698970 0,001237
серьезно 1,154902 0,000841
инвестировать 1,698970 0,001237
кибербезопасность 1,698970 0,001237
процессоры 1,698970 0,001237
изоляции 1,397940 0,001017
власти 0,769551 0,000840
будут 0,638272 0,000465
перезапускать 1,698970 0,001237
электронную 1,522879 0,001108
компаний 1,045757 0,001142
ао 0,795880 0,000869
газпромбанк 1,522879 0,001663
открыл 1,301030 0,000947
центр 0,537602 0,000391
банковского 1,698970 0,001237
сопровождения 1,698970 0,001237
новосибирске 1,698970 0,001237
архангельский 1,698970 0,001237
цбк 1,698970 0,001237
инвестиции 1,096910 0,000798
ацбк 1,698970 0,001237
году 0,602060 0,000438
составили 1,397940 0,001017
около 0,886057 0,000645
млн 0,886057 0,000967
банки 1,301030 0,002367
проанализировал 1,698970 0,001237
ипотечного 1,698970 0,001237
страхования 1,698970 0,001237
марте 1,045757 0,001142
аудитория 1,301030 0,000947
telegram 0,744727 0,000542
канала 1,000000 0,000728
выросла 1,698970 0,001237
раза 1,301030 0,000947
людям 1,096910 0,000798
инвалидностью 1,522879 0,001108
поверят 1,698970 0,001237
слово 0,795880 0,000579
введут 1,698970 0,001237
правила 0,638272 0,000465
установления 1,522879 0,001108
подтверждения 1,522879 0,001108
инвалидности 1,698970 0,001237
издание 0,638272 0,000465
запустят 1,698970 0,001237
журналисты 1,522879 0,001108
одного 0,769551 0,000560
ведущих 1,301030 0,000947
объявили 1,522879 0,001663
старте 1,698970 0,001237
самостоятельного 1,698970 0,001237
проекта 0,886057 0,000645
пределами 1,397940 0,001017
страны 0,638272 0,000465
евгений 0,698970 0,000509
ройзман 1,698970 0,001237
коллекционирует 1,698970 0,001237
штрафы 1,397940 0,001017
мэра 1,522879 0,001108
екатеринбурга 1,698970 0,001237
третий 1,301030 0,000947
раз 0,698970 0,000763
оштрафовали 1,522879 0,001108
дискредитацию 1,522879 0,001108
москве 0,455932 0,000332
наказано 1,698970 0,001237
хорошеть 1,698970 0,001237
столичные 1,397940 0,001017
конкурсы 0,886057 0,000645
благоустройству 1,698970 0,001237
млрд 1,221849 0,000889
руб 1,154902 0,000841
верховный 1,698970 0,001237
разобрался 1,698970 0,001237
политическом 1,522879 0,001108
убийстве 1,397940 0,001017
лет 0,366532 0,000267
реабилитированы 1,698970 0,001237
сотрудники 1,397940 0,001017
нквд 1,698970 0,001237
осужденные 1,698970 0,001237
гибели 1,301030 0,000947
сергея 0,920819 0,000670
кирова 1,698970 0,001237
отсутствие 1,096910 0,000798
помешало 1,698970 0,001237
переводам 1,698970 0,001237
возбуждено 1,698970 0,001237
выводе 1,698970 0,001237
средств 1,301030 0,000947
ккб 1,698970 0,001237
песчаные 1,698970 0,001237
сомелье 1,698970 0,001237
свидетель 1,698970 0,001237
защиты 1,154902 0,000841
братьев 1,301030 0,000947
магомедовых 1,698970 0,001237
рассказал 0,602060 0,000438
строился 1,698970 0,001237
стадион 1,522879 0,001108
чемпионату 1,698970 0,001237
футболу 1,397940 0,001017
финансисту 1,698970 0,001237
предъявили 1,154902 0,000841
счет 1,000000 0,000728
глава 0,638272 0,000465
офк 1,698970 0,001237
банка 1,221849 0,000889
обвиняется 1,698970 0,001237
растрате 1,698970 0,001237
мошенничестве 1,522879 0,001108
точки 1,096910 0,000798
точкой 0,920819 0,000670
украинских 0,744727 0,000542
командиров 1,698970 0,001237
следствие 1,154902 0,000841
прокуратуру 1,698970 0,001237
вернули 1,522879 0,001108
медцентру 1,698970 0,001237
орловский 1,698970 0,001237
вернул 1,522879 0,001108
надзорному 1,698970 0,001237
органу 1,522879 0,001108
хищении 1,698970 0,001237
другие 0,568636 0,000414
старики 1,397940 0,001017
pink 1,397940 0,001017
floyd 1,397940 0,001017
записала 1,522879 0,001108
новую 0,769551 0,000560
песню 1,397940 0,001017
перечные 1,698970 0,001237
ценности 1,301030 0,000947
вышел 0,920819 0,000670
альбом 1,522879 0,001108
red 1,522879 0,001108
hot 1,698970 0,001237
chili 1,698970 0,001237
peppers 1,698970 0,001237
видно 1,522879 0,001108
птицу 1,698970 0,001237
налету 1,698970 0,001237
прокате 1,397940 0,001017
скрежет 1,096910 0,000798
ханны 1,698970 0,001237
бергхольм 1,698970 0,001237
бокс 1,154902 0,000841
душу 1,397940 0,001017
положит 1,698970 0,001237
выходит 0,920819 0,000670
гарри 1,045757 0,000761
хафт 1,221849 0,000889
бой 1,096910 0,000798
левинсона 1,397940 0,001017
шведский 1,522879 0,001108
бунт 1,698970 0,001237
вышла 1,000000 0,000728
книга 0,886057 0,000645
солистке 1,698970 0,001237
roxette 1,698970 0,001237
мари 1,221849 0,000889
фредрикссон 1,698970 0,001237
барселона 1,301030 0,000947
вписалась 1,698970 0,001237
тренд 1,397940 0,001017
свела 1,698970 0,001237
вничью 1,397940 0,001017
первую 0,958607 0,000698
встречу 1,522879 0,001108
айнтрахтом 1,522879 0,001108
финала 1,221849 0,000889
лиги 1,397940 0,001017
европы 0,920819 0,000670
трактор 1,698970 0,001237
увяз 1,698970 0,001237
обороне 1,698970 0,001237
металлург 1,397940 0,001017
одержал 1,698970 0,001237
волевую 1,698970 0,001237
челябинске 1,397940 0,001017
футбольные 1,698970 0,001237
клубы 1,154902 0,000841
попали 1,397940 0,001017
под 0,376751 0,000411
контроль 1,045757 0,000761
расходов 1,698970 0,001237
uefa 1,698970 0,001237
утвердил 1,221849 0,000889
финансовый 1,221849 0,000889
регламент 1,397940 0,001017
деятельности 1,000000 0,000728
команд 1,522879 0,001108
манчестерцы 1,698970 0,001237
выбрали 1,522879 0,001108
крепкого 1,522879 0,001108
дешевого 1,397940 0,001017
наставник 1,698970 0,001237
аякса 1,698970 0,001237
эрик 1,397940 0,001017
тен 1,698970 0,001237
хаг 1,698970 0,001237
возглавит 1,698970 0,001237
манчестер 1,698970 0,001237
юнайтед 1,698970 0,001237
карим 1,698970 0,001237
бензема 1,397940 0,001017
жжет 1,698970 0,001237
хет 1,397940 0,001017
триком 1,698970 0,001237
нападающий 1,397940 0,001017
реала 1,698970 0,001237
забил 1,522879 0,001108
три 0,619789 0,000451
гола 1,698970 0,001237
челси 1,522879 0,001108
лиге 1,397940 0,001017
чемпионов 1,397940 0,001017
провести 1,045757 0,000761
время 0,356547 0,000259
говорят 0,886057 0,000645
нет 0,537602 0,000391
бумаги 1,096910 0,001198
вежливости 1,397940 0,001017
хватило 1,397940 0,001017
бунину 1,698970 0,001237
ахматовой 1,397940 0,001017
бабелю 1,698970 0,001237
другим 1,397940 0,001017
наша 0,958607 0,000698
аляска 1,698970 0,001237
фотофакты 1,698970 0,001237
русское 1,221849 0,000889
наследие 1,045757 0,000761
крупнейшего 1,522879 0,001108
штата 1,698970 0,001237
семейство 1,397940 0,001017
острых 1,522879 0,001108
образы 1,397940 0,001017
внеэкранная 1,698970 0,001237
героев 1,045757 0,000761
криминальной 1,698970 0,001237
драмы 1,397940 0,001017
фильмов 0,795880 0,000579
эпоху 1,522879 0,001108
экономического 1,221849 0,001334
кризиса 1,154902 0,000841
выбор 0,698970 0,000509
ксении 1,522879 0,001108
рождественской 1,698970 0,001237
злобой 1,698970 0,001237
книги 0,602060 0,000438
столкновении 1,698970 0,001237
злом 1,698970 0,001237
которые 0,431798 0,000314
стоит 0,619789 0,000451
перечитать 1,698970 0,001237
популярное 0,823909 0,000600
садоводство 1,698970 0,001237
такое 0,585027 0,000426
техника 1,154902 0,000841
заземления 1,698970 0,001237
фрейду 1,698970 0,001237
зеркало 1,522879 0,001108
пророка 1,397940 0,001017
игорь 0,823909 0,000600
гулин 1,698970 0,001237
кем 1,045757 0,000761
тарковского 1,397940 0,001017
оказывается 1,154902 0,000841
русский 0,769551 0,000560
вне 1,096910 0,000798
свидетельствовании 1,698970 0,001237
дураков 1,698970 0,001855
сенате 1,698970 0,001237
законы 1,522879 0,001108
были 0,769551 0,000560
писаны 1,698970 0,001237
элитных 1,698970 0,001237
квентин 1,698970 0,001237
перемен 1,301030 0,000947
касимовские 1,698970 0,001237
активисты 1,698970 0,001237
попробовали 1,698970 0,001237
режиссера 1,154902 0,000841
тарантино 1,522879 0,001108
роль 0,958607 0,000698
градозащитника 1,698970 0,001237
пулитцер 1,698970 0,001237
руки 1,154902 0,000841
бедный 1,698970 0,001237
еврейский 1,522879 0,001108
мальчик 1,000000 0,000728
придумал 1,522879 0,001108
любим 1,397940 0,001017
ненавидим 1,698970 0,001237
грузинский 1,522879 0,001108
большевик 1,698970 0,001237
турецкой 1,698970 0,001237
национальности 1,698970 0,001237
писала 1,698970 0,001237
пресса 1,301030 0,000947
иосифе 1,698970 0,001237
сталине 1,397940 0,001017
год 0,508638 0,000370
избрания 1,698970 0,001237
генсеком 1,698970 0,001237
война 0,795880 0,000579
велась 1,522879 0,001108
знаком 1,522879 0,001108
огульного 1,698970 0,001237
взаимного 1,698970 0,001237
озлобления 1,698970 0,001237
величайшая 1,698970 0,001237
всеобщая 1,698970 0,001237
ненависть 1,397940 0,001017
отражалась 1,698970 0,001237
пленных 1,397940 0,001017
майские 1,221849 0,000889
сколько 0,769551 0,000560
обойдется 1,397940 0,001017
путешествие 1,000000 0,000728
праздники 0,823909 0,000600
нефтяной 1,698970 0,001237
гамбит 1,698970 0,001237
геополитическая 1,698970 0,001237
ведет 1,096910 0,000798
дефициту 1,698970 0,001237
перенастройка 1,698970 0,001237
властность 1,698970 0,001237
какую 1,522879 0,001108
модель 1,000000 0,000728
выберет 1,698970 0,001237
россия 0,455932 0,000332
разгар 1,397940 0,001017
санкционной 1,522879 0,001108
будущее 0,769551 0,000560
сибирью 1,698970 0,001237
перспективы 1,221849 0,000889
развития 0,698970 0,000509
региона 1,221849 0,000889
кэф 1,698970 0,001237
апрельские 1,397940 0,001017
тезисы 1,698970 0,001237
коммерческая 1,522879 0,001108
недвижимость 0,886057 0,000645
загрузка 1,397940 0,006105
благотворительный 1,522879 0,001108
фонд 1,154902 0,000841
коммерсанте 1,698970 0,001237
архив 1,000000 0,000728
контакты 0,431798 0,000314
вакансии 0,657577 0,000479
ios 1,000000 0,000728
android 0,958607 0,000698
обратная 0,585027 0,000426
связь 0,552842 0,000402
правовая 0,920819 0,000670
информация 0,552842 0,000402
материалы 0,481486 0,000526
пометкой 1,397940 0,001017
промо 1,301030 0,000947
официальное 1,698970 0,001237
сообщение 0,886057 0,000645
опубликованы 1,221849 0,000889
коммерческой 1,522879 0,001108
основе 0,958607 0,000698
