автоновости 1,221849 0,000582
autonews 1,698970 0,004859
ru 0,180456 0,001806
все 0,124939 0,000417
машинах 1,698970 0,001620
авторынке 1,522879 0,001452
телеканал 0,677781 0,000969
газета 1,045757 0,001495
тренды 1,397940 0,001999
pro 1,154902 0,001651
инвестиции 1,096910 0,001569
авто 0,769551 0,002934
спорт 0,468521 0,000670
недвижимость 0,886057 0,001267
стиль 0,886057 0,001267
национальные 1,397940 0,001999
проекты 0,657577 0,000940
город 0,769551 0,001100
дискуссионный 1,522879 0,002178
клуб 0,795880 0,001138
крипто 1,522879 0,003629
исследования 1,221849 0,001747
кредитные 1,301030 0,001860
рейтинги 1,096910 0,001569
продажа 1,154902 0,001651
бизнеса 1,000000 0,001430
конференции 0,958607 0,002285
спецпроекты 0,657577 0,001567
спб 1,522879 0,003629
проверка 1,096910 0,001569
контрагентов 1,522879 0,002178
библиотека 0,920819 0,001317
подкасты 0,698970 0,000999
политика 0,387216 0,000554
экономика 0,568636 0,000813
общество 0,494850 0,000708
бизнес 0,552842 0,000791
технологии 0,721246 0,001031
медиа 0,769551 0,001100
финансы 1,096910 0,001569
рбк 1,397940 0,005997
компании 0,619789 0,001182
скрыть 1,301030 0,002481
баннеры 1,522879 0,002903
рубрики 1,045757 0,001495
видео 0,327902 0,002032
тест 0,795880 0,006449
драйвы 1,397940 0,007996
гибдд 1,221849 0,006989
новости 0,173925 0,000746
кроссоверы 1,301030 0,003721
lada 1,221849 0,004659
штрафы 1,397940 0,003998
техосмотр 1,698970 0,004859
что 0,161151 0,001920
делать 0,920819 0,003072
вход 0,619789 0,000886
регистрация 0,657577 0,000627
читайте 0,958607 0,001371
баннеров 1,698970 0,001620
подписка 0,823909 0,000785
отключает 1,698970 0,001620
баннерную 1,698970 0,001620
рекламу 1,096910 0,001046
сайтах 1,522879 0,001452
обеспечивает 1,698970 0,001620
его 0,346787 0,000661
корректную 1,698970 0,001620
работу 0,823909 0,000785
всего 0,721246 0,001031
месяц 0,744727 0,001065
для 0,107905 0,000463
х 0,721246 0,001031
устройств 1,221849 0,001165
продлевается 1,698970 0,001620
автоматически 1,397940 0,001333
каждый 0,721246 0,001031
вы 0,376751 0,000898
всегда 0,657577 0,000627
сможете 1,096910 0,001046
отписаться 1,522879 0,001452
поиск 0,494850 0,000472
главное 0,585027 0,000558
меню 0,886057 0,000845
еще 0,327902 0,000781
www 0,698970 0,005997
adv 1,522879 0,013066
rbc 1,522879 0,013792
статьи 0,677781 0,002261
мария 0,698970 0,001999
колесова 1,698970 0,004859
bufori 1,698970 0,002429
eadon 1,698970 0,002429
другие 0,568636 0,001355
таких 1,096910 0,001569
странных 1,221849 0,001747
некрасивых 1,397940 0,001999
не 0,136677 0,000391
видели 1,221849 0,001747
суперкары 1,522879 0,001452
лимузины 1,698970 0,001620
внедорожники 1,522879 0,002178
которые 0,431798 0,000617
стоят 1,397940 0,001333
сотни 1,221849 0,001165
тысяч 0,744727 0,001065
долларов 1,096910 0,001046
зависти 1,698970 0,001620
вызывают 1,698970 0,001620
скорее 1,221849 0,001165
сочувствие 1,698970 0,001620
недели 0,744727 0,000710
toyota 1,397940 0,002665
gr 1,698970 0,001620
corolla 1,698970 0,001620
это 0,251812 0,000960
гроза 1,522879 0,001452
subaru 1,522879 0,001452
wrx 1,698970 0,001620
мощность 1,522879 0,001452
л 0,958607 0,000914
коробка 1,698970 0,001620
передач 1,000000 0,000953
только 0,283997 0,000271
механическая 1,698970 0,001620
привод 1,522879 0,001452
полный 1,000000 0,000953
подробнее 0,677781 0,000646
автомобили 1,045757 0,003988
начали 0,958607 0,001828
дешеветь 1,397940 0,002665
происходит 0,920819 0,002195
вторичном 1,522879 0,002178
рынке 1,301030 0,002481
апреля 0,283997 0,004467
снова 0,744727 0,001065
выгодно 1,698970 0,002429
как 0,187087 0,001427
купить 0,886057 0,002534
иномарку 1,698970 0,002429
границей 1,154902 0,001651
пригнать 1,698970 0,002429
ее 0,508638 0,000727
россию 0,568636 0,000813
топ 0,677781 0,000969
автоподстав 1,698970 0,002429
видеопримеры 1,698970 0,002429
разбор 1,221849 0,002330
экспертов 1,096910 0,002091
бензин 1,301030 0,001860
будет 0,387216 0,000554
ценами 1,522879 0,001452
водителям 1,522879 0,003629
объяснили 1,397940 0,001333
чему 0,886057 0,001267
готовиться 1,522879 0,002178
цены 0,744727 0,002485
ремонт 1,221849 0,001165
шины 1,221849 0,003494
другое 1,045757 0,000997
изменились 1,221849 0,001165
концепты 1,698970 0,002429
реальность 1,000000 0,000953
самых 0,585027 0,001115
крутых 1,522879 0,001452
примеров 1,397940 0,001333
автомагистраль 1,698970 0,002429
чем 0,387216 0,000923
она 0,657577 0,000940
отличается 1,698970 0,002429
других 0,795880 0,001138
дорог 1,154902 0,001651
эпоха 1,301030 0,001240
владимира 0,721246 0,000688
жириновского 0,657577 0,000627
ездил 1,698970 0,001620
лидер 1,000000 0,000953
лдпр 0,744727 0,000710
автопроизводство 1,698970 0,001620
россии 0,251812 0,001440
будут 0,638272 0,000913
выпускать 1,397940 0,001333
упрощенные 1,522879 0,001452
значит 1,096910 0,001046
вторичка 1,698970 0,002429
назвали 0,920819 0,000878
самые 0,619789 0,000886
популярные 0,744727 0,001065
пробегом 1,397940 0,001999
таблица 1,397940 0,001999
статистика 1,045757 0,000997
продаж 1,096910 0,001046
автомобилей 1,000000 0,002383
продажи 1,096910 0,001046
новых 0,494850 0,000472
марте 1,045757 0,000997
упали 1,522879 0,001452
можно 0,420216 0,001001
скидкой 1,301030 0,001240
апреле 0,853872 0,000814
лента 0,744727 0,000710
новостей 0,602060 0,000574
илон 1,301030 0,001240
маск 1,301030 0,001240
рассказал 0,602060 0,000574
разнице 1,698970 0,001620
роботом 1,698970 0,001620
tesla 1,221849 0,002330
терминатором 1,698970 0,001620
smart 1,301030 0,001240
представил 1,221849 0,001165
первый 0,585027 0,000837
кроссовер 1,221849 0,001747
совместной 1,698970 0,001620
разработки 1,522879 0,002178
mercedes 1,301030 0,001860
geely 1,397940 0,001333
власти 0,769551 0,000734
ответили 1,397940 0,001333
частые 1,397940 0,001333
вопросы 0,638272 0,000913
гаражной 1,698970 0,001620
амнистии 1,698970 0,001620
создаст 1,397940 0,001333
полностью 0,795880 0,000759
автономное 1,698970 0,001620
такси 1,301030 0,001240
футуристичным 1,698970 0,001620
дизайном 1,698970 0,001620
largus 1,397940 0,001333
cross 1,301030 0,001240
получил 0,958607 0,001371
новый 0,408935 0,000975
мотор 1,301030 0,001240
разъяснила 1,522879 0,001452
порядок 1,045757 0,000997
покупки 1,301030 0,001240
иностранцами 1,522879 0,001452
минпромторг 1,397940 0,001333
предупредил 1,397940 0,001333
росте 1,522879 0,001452
цен 0,958607 0,000914
aurus 1,221849 0,001165
лишение 1,397940 0,001999
прав 0,853872 0,002035
года 0,356547 0,000340
арест 1,301030 0,001240
напомнила 1,397940 0,001333
грубом 1,522879 0,001452
нарушении 1,301030 0,001240
пдд 1,301030 0,001240
honda 1,522879 0,001452
civic 1,698970 0,001620
type 1,301030 0,001240
r 1,154902 0,001101
установил 1,522879 0,001452
рекорд 1,301030 0,001240
трассы 1,522879 0,001452
формулы 1,698970 0,001620
rolls 1,698970 0,001620
royce 1,698970 0,001620
cullinan 1,698970 0,001620
версию 1,301030 0,001240
тяжелого 1,522879 0,001452
бездорожья 1,698970 0,001620
отзовет 1,698970 0,001620
тыс 1,096910 0,001046
из 0,167491 0,000240
неисправности 1,698970 0,001620
электромоторе 1,698970 0,001620
начала 0,769551 0,000734
массовые 1,522879 0,001452
проверки 1,397940 0,002665
водителей 1,000000 0,001907
каршеринга 1,522879 0,001452
насколько 1,096910 0,001046
подорожали 1,522879 0,001452
запчасти 1,397940 0,001999
примере 1,698970 0,001620
hyundai 1,301030 0,001860
solaris 1,698970 0,001620
ford 1,522879 0,001452
снял 1,221849 0,001165
конвейера 1,698970 0,001620
модель 1,000000 0,000953
mondeo 1,522879 0,001452
после 0,356547 0,000340
почти 0,823909 0,000785
лет 0,366532 0,000699
производства 1,154902 0,001101
эксперты 0,853872 0,001221
рассказали 0,744727 0,000710
подорожало 1,698970 0,001620
автомобилистов 1,522879 0,002178
году 0,602060 0,000861
крутые 1,301030 0,001240
машины 1,000000 0,001430
ради 1,045757 0,000997
которых 0,677781 0,000969
объединялись 1,698970 0,001620
иначе 1,154902 0,001101
их 0,455932 0,000435
бы 0,585027 0,000558
было 0,585027 0,000558
круче 1,698970 0,001620
ferrari 1,522879 0,001452
lamborghini 1,698970 0,001620
история 0,443697 0,000634
забытой 1,522879 0,001452
марки 1,045757 0,000997
iso 1,522879 0,001452
новая 0,677781 0,000646
vesta 1,522879 0,001452
ng 1,698970 0,001620
первые 0,795880 0,001138
впечатления 1,522879 0,001452
видеообзор 1,698970 0,001620
самый 0,769551 0,000734
дерзкий 1,698970 0,001620
saab 1,698970 0,001620
культового 1,397940 0,001333
viggen 1,698970 0,001620
последние 0,568636 0,000813
ссср 0,795880 0,000759
детектив 0,920819 0,000878
азлк 1,698970 0,001620
нами 1,096910 0,001046
смотреть 0,552842 0,000527
какие 0,494850 0,000708
покупать 0,886057 0,001267
дешевых 1,397940 0,002665
хороших 1,397940 0,001333
брендов 1,154902 0,001651
известных 1,045757 0,000997
зарубежных 1,000000 0,000953
стремительно 1,698970 0,001620
взлетели 1,698970 0,001620
цене 1,698970 0,001620
а 0,221849 0,000423
переобуваться 1,698970 0,001620
равно 1,221849 0,001165
надо 0,795880 0,001138
бюджетные 1,698970 0,001620
альтернативы 1,522879 0,001452
стоит 0,619789 0,001182
рассмотреть 1,522879 0,001452
рынок 1,000000 0,001430
алина 1,698970 0,002429
распопова 1,698970 0,002429
maybach 1,698970 0,002429
останется 1,522879 0,001452
дилеры 1,397940 0,001999
предупредили 1,096910 0,001046
дефиците 1,522879 0,001452
роскошных 1,301030 0,001860
машин 1,096910 0,002614
предсказали 1,397940 0,001333
жесткий 1,698970 0,001620
дефицит 1,096910 0,001046
фоне 1,154902 0,001101
санкций 0,677781 0,000646
складов 1,522879 0,001452
продают 1,698970 0,001620
экземпляры 1,698970 0,001620
выросли 1,301030 0,001240
минимум 1,221849 0,001165
два 0,619789 0,000591
раза 1,301030 0,001240
прогнозируют 1,698970 0,001620
интерес 1,301030 0,001240
покупке 1,154902 0,001101
премиума 1,698970 0,001620
россиянами 1,522879 0,001452
снг 1,522879 0,001452
дмитрий 0,602060 0,001722
александров 1,698970 0,004859
сплошные 1,698970 0,002429
себя 0,552842 0,000527
вести 0,853872 0,000814
отвечать 1,522879 0,001452
чего 0,769551 0,001467
нужные 1,397940 0,001333
они 0,585027 0,000558
проводятся 1,522879 0,001452
случае 0,920819 0,000878
встречи 0,886057 0,000845
сотрудниками 1,522879 0,001452
марта 0,721246 0,004125
млн 0,886057 0,000845
рублей 0,585027 0,000558
обзор 1,000000 0,000953
конспекты 1,698970 0,002429
осаго 1,522879 0,003629
правила 0,638272 0,000608
нюансы 1,698970 0,002429
лайфхаки 1,301030 0,001240
подводные 1,698970 0,001620
камни 1,698970 0,001620
компаний 1,045757 0,001495
почему 0,366532 0,000349
сейчас 0,481486 0,000688
автомобиль 1,154902 0,002202
выгоднее 1,698970 0,001620
рассрочку 1,698970 0,001620
февраля 0,823909 0,001964
уверенности 1,698970 0,001620
задает 1,698970 0,001620
новые 0,337242 0,000321
стандарты 1,698970 0,001620
поддержки 0,823909 0,000785
клиентов 1,397940 0,001333
пройдут 1,221849 0,001165
совершенно 0,886057 0,000845
нового 0,769551 0,000734
lexus 1,397940 0,001999
nx 1,522879 0,001452
января 0,920819 0,001317
нассер 1,698970 0,001620
аль 1,397940 0,001333
аттия 1,698970 0,001620
рулем 1,397940 0,001333
hilux 1,698970 0,001620
стал 0,585027 0,000558
победителем 1,698970 0,001620
дакара 1,698970 0,001620
daf 1,698970 0,001620
продолжает 1,045757 0,000997
развивать 1,698970 0,001620
дилерскую 1,698970 0,001620
сеть 1,000000 0,000953
декабря 0,853872 0,002442
ауди 1,698970 0,001620
центре 0,886057 0,000845
север 1,397940 0,001333
завершилась 1,301030 0,001240
реконструкция 1,698970 0,001620
dunlop 1,698970 0,001620
представила 1,301030 0,001240
результаты 1,045757 0,000997
экологической 1,698970 0,001620
деятельности 1,000000 0,000953
игнаси 1,698970 0,001620
монреаль 1,698970 0,001620
создал 1,397940 0,001333
иллюстрации 1,397940 0,001333
честь 1,096910 0,001046
столетия 1,522879 0,001452
завести 1,522879 0,001452
машину 1,000000 0,001907
совет 1,000000 0,001430
производителя 1,522879 0,001452
шоу 0,508638 0,000485
рум 1,698970 0,001620
cadillac 1,397940 0,002665
chevrolet 1,522879 0,001452
открылся 1,397940 0,001333
екатеринбурге 1,522879 0,001452
ноября 1,154902 0,006055
дешевое 1,698970 0,001620
каско 1,698970 0,001620
сэкономить 1,522879 0,001452
дорогой 1,397940 0,001333
секреты 0,920819 0,000878
тонкости 1,397940 0,001333
продлевает 1,698970 0,001620
жизнь 0,455932 0,000435
двигателю 1,698970 0,001620
особенного 1,698970 0,001620
масле 1,522879 0,001452
magnum 1,698970 0,001620
роснефти 1,698970 0,001620
объявил 1,221849 0,001165
победителей 1,154902 0,001101
ежегодного 1,698970 0,001620
конкурса 1,154902 0,001101
дизайнеров 1,397940 0,001333
способов 1,221849 0,002330
сберечь 1,698970 0,001620
двигатель 1,522879 0,001452
вашего 1,154902 0,001101
автомобиля 1,000000 0,000953
заправляемся 1,698970 0,001620
правильно 1,154902 0,001101
нюансов 1,698970 0,001620
должен 0,886057 0,000845
знать 1,000000 0,000953
водитель 1,301030 0,001240
вопросов 1,397940 0,001333
производителю 1,698970 0,001620
топлива 1,397940 0,001333
стеснялись 1,698970 0,001620
спросить 1,397940 0,001333
продолжим 1,698970 0,001620
ездить 1,301030 0,001240
бензине 1,698970 0,001620
электрокарами 1,698970 0,001620
general 1,522879 0,001452
motors 1,522879 0,001452
обозначил 1,522879 0,001452
планы 1,096910 0,001046
ближайшее 1,397940 0,001333
десятилетие 1,522879 0,001452
gm 1,698970 0,001620
запустил 1,522879 0,001452
сервис 0,886057 0,000845
позволяющий 1,522879 0,001452
онлайн 0,387216 0,000369
редакция 0,744727 0,000710
ковбой 1,698970 0,001620
костюме 1,522879 0,001452
три 0,619789 0,000591
мнения 0,886057 0,000845
xt 1,522879 0,002178
просторная 1,698970 0,001620
галерка 1,698970 0,001620
солидный 1,698970 0,001620
внешний 1,698970 0,001620
вид 1,154902 0,001101
умная 1,698970 0,001620
муфта 1,698970 0,001620
жестоковатый 1,698970 0,001620
ход 1,045757 0,000997
редакторы 1,698970 0,001620
рассуждают 1,698970 0,001620
михаил 0,568636 0,000813
конончук 1,698970 0,002429
имиджевые 1,698970 0,001620
пертурбации 1,698970 0,001620
драйв 1,154902 0,002752
porsche 1,522879 0,001452
macan 1,522879 0,001452
давид 1,397940 0,001999
акопян 1,698970 0,002429
сразу 0,795880 0,000759
range 1,301030 0,001240
rover 1,522879 0,001452
velar 1,698970 0,001620
вдруг 1,397940 0,001333
откуда 1,000000 0,000953
ни 0,698970 0,000666
возьмись 1,698970 0,001620
isuzu 1,698970 0,001620
mu 1,698970 0,001620
x 0,853872 0,000814
возвращаемый 1,698970 0,001620
модуль 1,698970 0,001620
staria 1,397940 0,001333
сергей 0,468521 0,000447
смолин 1,698970 0,001620
vin 1,698970 0,002429
код 0,958607 0,001371
где 0,455932 0,000435
он 0,455932 0,000652
находится 1,301030 0,001240
помощью 0,769551 0,001100
проверить 1,045757 0,000997
отвечаем 1,397940 0,001333
нужен 0,886057 0,000845
найти 0,508638 0,000485
сделать 0,886057 0,000845
этим 0,958607 0,000914
кодом 1,397940 0,001333
новинки 0,677781 0,000646
выглядеть 1,221849 0,001165
renault 1,397940 0,001999
logan 1,698970 0,001620
изображения 1,154902 0,001101
агрессивный 1,522879 0,001452
дизайн 0,958607 0,000914
высокий 1,522879 0,001452
клиренс 1,698970 0,001620
комфортный 1,698970 0,001620
салон 1,522879 0,001452
широкая 1,698970 0,001620
моторная 1,698970 0,001620
гамма 1,698970 0,001620
подробности 1,000000 0,000953
самой 1,000000 0,000953
бюджетной 1,698970 0,001620
модели 1,221849 0,001165
полис 1,698970 0,002429
произошли 1,698970 0,001620
важные 0,958607 0,001371
изменения 1,221849 0,001165
цену 1,522879 0,001452
полисов 1,698970 0,001620
начнут 1,522879 0,001452
считать 1,397940 0,001333
обновленному 1,698970 0,001620
коэффициенту 1,698970 0,001620
кбм 1,698970 0,001620
аварийным 1,698970 0,001620
автомобилистам 1,522879 0,001452
придется 1,045757 0,000997
платить 1,096910 0,001046
больше 0,552842 0,000791
дороже 1,397940 0,001333
обойдется 1,397940 0,001333
таксистам 1,698970 0,001620
скидки 1,301030 0,001240
тоже 0,958607 0,000914
работает 0,657577 0,000627
криминал 1,221849 0,001165
спасти 1,154902 0,001651
колеса 1,221849 0,001747
кражи 1,522879 0,002178
важных 1,301030 0,001240
советов 1,397940 0,001333
стоянка 1,698970 0,001620
под 0,376751 0,000359
камерами 1,698970 0,001620
болты 1,698970 0,001620
секретки 1,698970 0,001620
защита 1,221849 0,001165
ниппели 1,698970 0,001620
пара 1,397940 0,001333
доступных 1,397940 0,001333
защитить 1,096910 0,001046
водительских 1,522879 0,001452
лишают 1,522879 0,001452
весной 1,154902 0,001101
опасных 1,522879 0,001452
ситуаций 1,698970 0,001620
проблемы 0,920819 0,000878
разметкой 1,698970 0,001620
грязные 1,522879 0,001452
номера 1,522879 0,001452
опасные 1,221849 0,001165
лекарства 1,221849 0,001165
необходимо 0,920819 0,000878
помнить 1,397940 0,001333
наступлением 1,698970 0,001620
теплой 1,698970 0,001620
погоды 1,522879 0,001452
автоподставы 1,698970 0,001620
мыло 1,698970 0,001620
антиквариат 1,698970 0,001620
зимняя 1,522879 0,001452
одежда 1,698970 0,001620
главные 0,585027 0,000558
способы 1,301030 0,001240
развода 1,301030 0,001240
зачем 0,744727 0,001420
мошенники 1,397940 0,001333
возят 1,698970 0,001620
собой 0,823909 0,000785
предметы 1,397940 0,001333
антиквариата 1,397940 0,001333
преступники 1,698970 0,001620
выбирают 1,522879 0,001452
свою 0,619789 0,000591
жертву 1,522879 0,001452
опасаться 1,698970 0,001620
водителю 1,698970 0,001620
парковке 1,522879 0,001452
торгового 1,522879 0,001452
центра 1,154902 0,001101
мошенникам 1,698970 0,001620
нужны 0,886057 0,000845
премиальные 1,698970 0,001620
когда 0,397940 0,000569
переобувать 1,698970 0,001620
дали 1,221849 0,001165
важный 1,522879 0,001452
оптимальный 1,698970 0,001620
момент 0,920819 0,000878
переобувки 1,698970 0,001620
резины 1,698970 0,001620
летнюю 1,522879 0,001452
может 0,387216 0,000369
ли 0,387216 0,000554
грозить 1,522879 0,001452
штраф 1,397940 0,001333
несвоевременную 1,698970 0,001620
смену 1,397940 0,001333
шин 1,522879 0,001452
техобслуживание 1,698970 0,001620
сколько 0,769551 0,000734
то 0,522879 0,000748
реальные 1,397940 0,001333
незаводские 1,698970 0,001620
альтернативные 1,397940 0,001333
каналы 1,522879 0,001452
поставок 1,397940 0,001333
масло 1,221849 0,001165
руб 1,154902 0,001101
литр 1,522879 0,001452
плановым 1,698970 0,001620
популярных 1,096910 0,001046
российском 1,000000 0,000953
угоны 1,522879 0,001452
угона 1,397940 0,001999
советы 1,045757 0,000997
обезопасить 1,698970 0,001620
обычного 1,698970 0,001620
светодиода 1,698970 0,001620
эффективны 1,698970 0,001620
механические 1,698970 0,001620
блокираторы 1,698970 0,001620
каких 0,958607 0,000914
методах 1,522879 0,001452
защиты 1,154902 0,001101
вспомнить 1,221849 0,001165
оставлять 1,698970 0,001620
салоне 1,522879 0,001452
полицейскую 1,698970 0,001620
фуражку 1,698970 0,001620
материалов 0,585027 0,000558
содержание 1,301030 0,001240
социальные 1,096910 0,001046
сети 0,744727 0,000710
vkontakte 1,221849 0,001165
youtube 0,721246 0,000688
юридическая 1,221849 0,001165
информация 0,552842 0,001054
ограничениях 1,522879 0,001452
правовая 0,920819 0,000878
соблюдении 1,397940 0,001333
авторских 1,045757 0,000997
ао 0,795880 0,000759
росбизнесконсалтинг 1,522879 0,001452
сообщения 1,045757 0,000997
материалы 0,481486 0,000688
сетевого 1,096910 0,001046
издания 0,795880 0,000759
зарегистрировано 0,744727 0,000710
федеральной 0,602060 0,000574
службой 0,744727 0,000710
надзору 0,619789 0,000591
сфере 0,552842 0,000527
связи 0,455932 0,000435
информационных 0,585027 0,000558
технологий 0,568636 0,000542
массовых 0,568636 0,000542
коммуникаций 0,585027 0,000558
роскомнадзор 0,795880 0,000759
номером 1,522879 0,001452
эл 0,494850 0,000472
фс 0,522879 0,000498
сопровождаются 1,522879 0,001452
пометкой 1,397940 0,001333
отдельные 1,397940 0,001333
публикации 0,823909 0,000785
могут 0,508638 0,000485
содержать 1,154902 0,001101
информацию 0,698970 0,000666
предназначенную 1,397940 0,001333
пользователей 0,823909 0,000785
letters 1,522879 0,001452
котировки 1,221849 0,001165
мировых 1,522879 0,001452
финансовых 1,397940 0,001333
инструментов 1,301030 0,001240
предоставлены 1,397940 0,001333
reuters 1,301030 0,001240
отметкой 1,698970 0,001620
публикуются 1,698970 0,001620
правах 1,045757 0,000997
рекламы 0,823909 0,000785
чтобы 0,408935 0,000390
отправить 0,853872 0,000814
редакции 0,443697 0,000423
сообщение 0,886057 0,000845
выделите 1,000000 0,000953
часть 0,744727 0,000710
текста 1,045757 0,000997
статье 1,397940 0,001333
нажмите 0,958607 0,000914
ctrl 0,958607 0,000914
enter 0,958607 0,000914
главная 0,795880 0,000759
