новости 0,173925 0,002040
сегодня 0,443697 0,000946
самые 0,619789 0,001322
свежие 1,000000 0,002132
последние 0,568636 0,001212
россии 0,251812 0,002685
мира 0,537602 0,001719
рамблер 1,698970 0,007245
img 0,795880 0,002545
src 0,795880 0,002545
https 0,721246 0,001538
mc 1,000000 0,002132
yandex 0,958607 0,002044
ru 0,180456 0,000577
watch 0,958607 0,002044
style 0,823909 0,001757
position 0,853872 0,001821
absolute 0,958607 0,002044
left 0,958607 0,002044
px 0,920819 0,001963
alt 0,886057 0,001889
counter 1,397940 0,002981
rambler 1,698970 0,003623
top 1,000000 0,002132
cnt 1,698970 0,003623
pid 1,698970 0,003623
весь 0,721246 0,001538
мире 0,468521 0,005994
москвы 0,744727 0,003970
политика 0,387216 0,006192
общество 0,494850 0,002638
происшествия 0,823909 0,005270
наука 0,585027 0,004990
техника 1,154902 0,009850
шоу 0,508638 0,004338
бизнес 0,552842 0,004715
армия 0,823909 0,011419
игры 0,744727 0,003970
еще 0,327902 0,004894
казани 1,045757 0,002230
пробки 1,397940 0,002981
балла 1,698970 0,003623
usd 1,397940 0,002981
eur 1,397940 0,002981
войти 0,494850 0,001055
почту 1,221849 0,002605
кремль 1,154902 0,003694
высказался 1,154902 0,003694
сроках 1,397940 0,004471
завершения 1,397940 0,004471
спецоперации 0,744727 0,001588
украине 0,537602 0,002293
минут 0,920819 0,004908
назад 0,638272 0,020414
минобороны 0,698970 0,002236
рф 0,568636 0,001212
ответили 1,397940 0,004471
заявления 1,000000 0,002132
киева 1,045757 0,002230
нанесении 1,301030 0,002774
удара 0,823909 0,001757
краматорску 0,744727 0,001588
учениях 1,522879 0,003247
нато 0,769551 0,003282
заметили 1,301030 0,002774
советские 0,958607 0,002044
комплексы 1,397940 0,002981
куб 1,522879 0,003247
обзор 1,000000 0,002132
ино 1,522879 0,003247
сми 0,468521 0,000999
идеальные 1,397940 0,002981
мигранты 1,698970 0,003623
украинцы 1,301030 0,002774
собравшийся 1,698970 0,003623
воевать 1,522879 0,003247
байден 1,522879 0,003247
час 1,000000 0,005330
рассказал 0,602060 0,001284
отношениях 0,886057 0,001889
путина 0,886057 0,001889
жириновского 0,657577 0,003505
показало 1,522879 0,003247
удары 1,221849 0,002605
ракетами 1,221849 0,002605
оникс 1,397940 0,002981
объектам 1,522879 0,003247
всу 0,744727 0,001588
часа 1,154902 0,020931
россия 0,455932 0,000972
ответит 1,221849 0,002605
высылку 1,698970 0,003623
своих 0,657577 0,001402
дипломатов 0,958607 0,002044
из 0,167491 0,000714
японии 0,958607 0,002044
сша 0,508638 0,001627
предсказали 1,397940 0,002981
серьезные 1,301030 0,002774
проблемы 0,920819 0,001963
после 0,356547 0,001140
ухода 1,221849 0,002605
мкс 1,698970 0,003623
кадыров 0,958607 0,003066
сообщил 0,823909 0,002635
освобождении 1,301030 0,002774
мариуполя 0,853872 0,001821
пока 0,920819 0,001963
вы 0,376751 0,000803
спали 1,522879 0,003247
требования 1,301030 0,002774
сербии 1,221849 0,002605
кризис 1,045757 0,002230
отношений 1,045757 0,002230
германии 1,000000 0,002132
моргенштерна 1,698970 0,003623
заподозрили 1,522879 0,003247
получении 1,522879 0,003247
одного 0,769551 0,001641
гражданства 1,522879 0,003247
решили 1,154902 0,002462
национализировать 1,522879 0,003247
все 0,124939 0,000400
имущество 1,301030 0,002774
стране 0,823909 0,001757
лдпр 0,744727 0,001588
партии 1,397940 0,002981
вопрос 0,657577 0,001402
дальнейшей 1,397940 0,002981
работе 1,154902 0,002462
российская 0,886057 0,001889
уничтожила 1,522879 0,003247
центр 0,537602 0,001146
подготовки 1,000000 0,002132
иностранных 0,886057 0,001889
наемников 0,958607 0,002044
одессы 1,698970 0,003623
похоронах 1,522879 0,004871
исполнили 1,698970 0,003623
его 0,346787 0,000739
мечту 1,397940 0,002981
госдуме 1,045757 0,002230
раскрыли 1,522879 0,004871
будущее 0,769551 0,001641
освобожденных 1,397940 0,002981
регионов 1,221849 0,002605
украины 0,721246 0,001538
тюрьмы 1,397940 0,002981
победы 0,920819 0,001963
выборах 1,301030 0,002774
кем 1,045757 0,002230
был 0,468521 0,000999
жириновский 0,677781 0,001445
для 0,107905 0,000230
турции 1,154902 0,002462
пообещал 1,397940 0,002981
боевикам 1,522879 0,003247
азова 1,397940 0,002981
голливудский 1,698970 0,003623
конец 1,154902 0,002462
часов 0,920819 0,005890
крыму 1,301030 0,002774
обратились 1,522879 0,003247
киеву 1,397940 0,002981
призывом 1,698970 0,003623
западе 1,397940 0,002981
новую 0,769551 0,001641
стратегию 1,698970 0,003623
войны 0,698970 0,001490
против 0,387216 0,000826
национализируют 1,698970 0,003623
корабли 1,522879 0,003247
под 0,376751 0,000803
флагом 1,397940 0,002981
глава 0,638272 0,001361
еврокомиссии 1,301030 0,002774
отправилась 1,397940 0,002981
киев 0,920819 0,001963
поезде 1,154902 0,002462
польши 1,096910 0,002339
коже 1,698970 0,003623
побежали 1,698970 0,003623
мурашки 1,698970 0,003623
макрон 1,397940 0,002981
украинского 1,096910 0,003508
кризиса 1,154902 0,003694
литвинова 1,522879 0,003247
письме 1,698970 0,003623
объяснила 1,522879 0,003247
свой 0,721246 0,001538
отъезд 1,698970 0,003623
стала 0,769551 0,001641
известна 1,397940 0,002981
марка 1,397940 0,002981
ритуального 1,698970 0,003623
автомобиля 1,000000 0,002132
кнр 1,522879 0,003247
назвали 0,920819 0,001963
первопричину 1,522879 0,003247
рудковская 1,522879 0,003247
встала 1,698970 0,003623
защиту 1,522879 0,003247
chanel 1,154902 0,002462
новостей 0,602060 0,001284
скандале 1,522879 0,003247
россиянами 1,522879 0,003247
вучич 1,301030 0,002774
угрозе 1,522879 0,003247
истребителя 1,301030 0,002774
следовавшему 1,698970 0,003623
москву 0,886057 0,001889
самолету 1,698970 0,003623
статьи 0,677781 0,003613
видео 0,327902 0,002447
тесты 0,823909 0,006149
фото 0,568636 0,004244
подкасты 0,698970 0,002236
подарки 1,221849 0,002605
праздники 0,823909 0,001757
главное 0,585027 0,001247
финансы 1,096910 0,002339
сравнение 1,397940 0,002981
кредитов 1,522879 0,003247
экономика 0,568636 0,001212
компании 0,619789 0,001322
рынки 1,397940 0,002981
личный 1,000000 0,003198
счет 1,000000 0,003198
недвижимость 0,886057 0,001889
курсы 1,154902 0,002462
валют 1,397940 0,005961
конвертер 1,698970 0,003623
курс 0,744727 0,003970
доллара 1,045757 0,002230
евро 0,769551 0,002461
прогноз 1,154902 0,002462
курса 1,522879 0,003247
выгодный 1,698970 0,003623
обмена 1,698970 0,003623
кросс 1,221849 0,002605
женский 1,154902 0,002462
звезды 0,769551 0,001641
психология 0,958607 0,003066
еда 1,221849 0,002605
любовь 0,585027 0,001247
здоровье 0,744727 0,001588
красота 0,853872 0,001821
гороскопы 1,301030 0,005548
мода 1,154902 0,002462
форум 0,958607 0,002044
дети 0,677781 0,001445
проверено 1,698970 0,003623
себе 0,619789 0,001322
дом 0,522879 0,001115
сад 1,000000 0,002132
своими 1,221849 0,002605
руками 1,397940 0,002981
карантин 1,522879 0,003247
кино 0,455932 0,000972
фильмы 0,638272 0,001361
твсериалы 1,698970 0,003623
актеры 1,301030 0,002774
спорт 0,468521 0,001498
премьер 0,853872 0,001821
лига 1,154902 0,002462
футбол 1,096910 0,002339
хоккей 1,154902 0,002462
теннис 1,397940 0,002981
баскетбол 1,397940 0,002981
легкая 1,397940 0,002981
атлетика 1,522879 0,003247
биатлон 1,301030 0,002774
фигурное 1,397940 0,002981
катание 1,397940 0,002981
лыжный 1,522879 0,003247
шахматы 1,301030 0,002774
летние 1,301030 0,002774
виды 1,154902 0,003694
спорта 0,958607 0,004088
зимние 1,397940 0,002981
волейбол 1,397940 0,002981
гандбол 1,698970 0,003623
около 0,886057 0,001889
олимпиада 1,397940 0,004471
автоновости 1,221849 0,002605
дтптест 1,698970 0,003623
драйвы 1,397940 0,002981
автоэксперт 1,698970 0,003623
промокоды 1,221849 0,002605
wildberries 1,698970 0,003623
rualiexpress 1,698970 0,003623
субботний 1,698970 0,003623
истории 0,552842 0,001179
люди 0,585027 0,001247
вещи 1,154902 0,002462
безумный 1,522879 0,003247
мир 0,431798 0,000921
места 1,000000 0,002132
доктор 0,769551 0,001641
коронавирус 0,958607 0,002044
болезни 1,154902 0,002462
лекарства 1,221849 0,002605
народная 1,522879 0,003247
медицина 0,920819 0,001963
зожвидео 1,698970 0,003623
сонник 1,698970 0,005434
имена 1,154902 0,003694
гадания 1,698970 0,005434
лунный 1,301030 0,004161
гороскоп 1,221849 0,005210
китайский 1,301030 0,002774
приметы 1,522879 0,006494
новый 0,408935 0,001308
год 0,508638 0,003254
заговоры 1,698970 0,003623
чихалка 1,698970 0,003623
народные 1,301030 0,002774
предсказания 1,522879 0,003247
астрошкола 1,698970 0,003623
ванга 1,698970 0,003623
ретроградный 1,698970 0,003623
меркурий 1,698970 0,003623
календарь 1,000000 0,003198
майя 1,522879 0,003247
дизайн 0,958607 0,002044
человека 0,537602 0,001146
восточный 1,397940 0,002981
нумерология 1,698970 0,003623
зодиак 1,698970 0,003623
путешествия 0,958607 0,002044
путешествий 1,397940 0,002981
отдых 1,154902 0,002462
опыт 1,154902 0,002462
заграница 1,698970 0,003623
лайфхаки 1,301030 0,002774
путеводители 1,397940 0,002981
главные 0,585027 0,001247
почта 1,000000 0,002132
поиск 0,494850 0,001055
другие 0,568636 0,001212
полезные 1,221849 0,002605
сервисы 1,045757 0,002230
мобильная 1,000000 0,002132
версия 0,744727 0,001588
проекте 0,657577 0,001402
редакционная 1,397940 0,002981
реклама 0,346787 0,000739
помощь 0,823909 0,001757
вакансии 0,657577 0,001402
пользовательское 0,657577 0,001402
соглашение 0,619789 0,001322
vkontakteodnoklassniki 1,698970 0,003623
telegramrss 1,698970 0,003623
