артефакт 1,522879 0,013971
гид 1,096910 0,030190
музей 0,823909 0,075588
россия 0,214670 0,005908
artefact 1,698970 0,031174
цифровой 0,823909 0,015118
платформа 0,853872 0,015667
интерактивный 1,221849 0,022419
технология 0,408935 0,011255
дополнительный 0,853872 0,015667
реальность 0,823909 0,022676
нацпроект 1,221849 0,033629
минкультуры 1,397940 0,025650
switch 1,522879 0,027943
to 0,886057 0,016258
english 1,096910 0,020127
культура 0,468521 0,021492
присоединиться 1,301030 0,023872
проект 0,259637 0,023820
вход 0,602060 0,011047
для 0,107905 0,001980
выставка 0,769551 0,021180
подборка 0,721246 0,019851
пользователь 0,657577 0,018098
где 0,455932 0,012549
посмотреть 0,853872 0,023501
национальный 0,698970 0,019238
регистрация 0,408935 0,015007
технический 0,853872 0,023501
поддержка 0,537602 0,014796
поиск 0,387216 0,007105
найти 0,356547 0,006542
наца 1,698970 0,031174
войти 0,468521 0,008597
дом 0,356547 0,006542
как 0,187087 0,003433
работать 0,431798 0,007923
дополнить 1,522879 0,027943
