all 1,096910 0,002326
posts 1,698970 0,001544
in 0,958607 0,011326
a 0,698970 0,011011
row 1,698970 0,001029
habr 1,698970 0,002059
how 1,221849 0,006292
to 0,886057 0,020668
become 1,301030 0,001182
author 1,397940 0,000847
streams 1,698970 0,001544
development 1,096910 0,003988
admin 1,698970 0,002059
design 1,522879 0,002768
management 1,301030 0,000788
marketing 1,397940 0,000847
popsci 1,698970 0,001029
search 1,154902 0,001050
profile 1,522879 0,000923
pull 1,522879 0,000923
refresh 1,397940 0,001270
articles 1,522879 0,002307
news 0,920819 0,000837
hubs 1,698970 0,001544
authors 1,698970 0,002059
companies 1,221849 0,001851
everything 1,221849 0,000740
dropdown 1,698970 0,001029
copy 1,522879 0,000923
rss 0,823909 0,000499
link 1,698970 0,001029
show 1,522879 0,001845
first 1,154902 0,001050
new 0,920819 0,001395
top 1,000000 0,000909
rating 1,698970 0,006691
limit 1,698970 0,001029
apply 1,698970 0,001029
danilovmy 1,698970 0,001029
april 1,698970 0,003603
at 1,154902 0,009796
django 1,397940 0,002117
dynamic 1,698970 0,001029
inline 1,698970 0,001544
positioning 1,698970 0,001029
python 1,221849 0,000740
translation 1,698970 0,002059
tutorial 1,698970 0,003088
recently 1,698970 0,001029
i 0,823909 0,006739
ve 1,522879 0,000923
received 1,698970 0,001544
interesting 1,698970 0,001029
request 1,522879 0,001384
from 1,221849 0,002591
client 1,698970 0,001029
about 1,154902 0,004898
one 0,958607 0,002904
of 0,853872 0,015779
our 1,221849 0,000740
projects 1,397940 0,000847
he 1,698970 0,001029
asked 1,698970 0,001029
if 1,154902 0,001749
it 0,823909 0,005990
would 1,698970 0,003088
be 1,301030 0,005124
possible 1,698970 0,001544
component 1,698970 0,001544
above 1,698970 0,001029
other 1,301030 0,001971
fields 1,522879 0,000923
panel 1,698970 0,001029
beginning 1,698970 0,002059
thought 1,698970 0,001544
that 1,096910 0,004652
there 1,522879 0,005997
shouldn 1,698970 0,001029
t 1,000000 0,001818
any 1,221849 0,002221
issue 1,397940 0,001270
with 1,096910 0,008307
though 1,698970 0,001029
was 1,522879 0,003691
no 1,301030 0,003941
easy 1,397940 0,000847
solution 1,301030 0,001577
then 1,397940 0,000847
installing 1,698970 0,001029
another 1,522879 0,001845
battery 1,698970 0,001029
project 1,301030 0,001971
my 1,397940 0,002964
gut 1,698970 0,001029
feeling 1,397940 0,000847
told 1,698970 0,001029
me 1,301030 0,001182
were 1,698970 0,001029
way 1,397940 0,001694
around 1,522879 0,001384
problem 1,397940 0,002541
read 1,522879 0,009688
more 1,045757 0,006970
modeladmin 1,698970 0,001029
inlines 1,698970 0,001029
views 1,698970 0,010808
add 1,397940 0,008893
bookmarks 1,698970 0,010808
comments 1,698970 0,010808
miti 1,698970 0,001544
working 1,522879 0,000923
digital 1,221849 0,001851
infrared 1,698970 0,002059
passive 1,522879 0,001845
motion 1,522879 0,002768
sensor 1,698970 0,002059
pyd 1,698970 0,002059
programming 1,221849 0,001851
microcontrollers 1,698970 0,002059
this 1,000000 0,006362
article 1,698970 0,007720
is 1,096910 0,010633
work 1,221849 0,001481
introduced 1,698970 0,001029
serial 1,698970 0,001544
opposed 1,698970 0,001029
format 1,698970 0,002573
two 1,522879 0,004152
element 1,698970 0,001029
detector 1,698970 0,001029
based 1,698970 0,004117
on 1,045757 0,004118
pyroceramic 1,698970 0,001029
produced 1,698970 0,001029
by 1,000000 0,002424
excelitas 1,698970 0,001029
technologies 1,522879 0,001384
represents 1,698970 0,001029
low 1,698970 0,002059
power 1,522879 0,001845
ua 1,698970 0,001029
v 0,920819 0,000558
source 1,221849 0,002221
voltage 1,698970 0,001029
as 1,221849 0,002961
documentation 1,522879 0,000923
said 1,698970 0,001029
sensible 1,698970 0,001029
elements 1,698970 0,001544
which 1,522879 0,005075
measure 1,698970 0,001544
thermal 1,698970 0,001029
radiation 1,698970 0,001029
stream 1,522879 0,000923
signal 1,698970 0,002573
converted 1,698970 0,001029
value 1,397940 0,001694
using 1,301030 0,001971
sigma 1,698970 0,001029
delta 1,698970 0,001029
dsp 1,698970 0,001029
techniques 1,522879 0,000923
configurable 1,522879 0,000923
detection 1,698970 0,002059
unit 1,698970 0,002059
implemented 1,698970 0,002573
can 1,221849 0,003331
generate 1,698970 0,001029
interrupt 1,698970 0,001029
recognized 1,698970 0,001029
external 1,698970 0,001544
microcontroller 1,698970 0,001544
mcu 1,698970 0,001544
case 1,397940 0,001270
detected 1,698970 0,001029
contributes 1,698970 0,001029
significant 1,698970 0,001544
device 1,698970 0,001029
energy 1,698970 0,001029
efficiency 1,698970 0,001029
increasing 1,698970 0,001544
via 1,698970 0,001029
putting 1,698970 0,001029
sleep 1,698970 0,001029
mode 1,698970 0,001544
periodic 1,698970 0,001029
raw 1,698970 0,001029
data 1,045757 0,001901
its 1,397940 0,001694
analyzing 1,698970 0,002059
necessity 1,698970 0,001029
total 1,698970 0,005147
votes 1,698970 0,005147
parthiba 1,698970 0,001029
comparison 1,698970 0,001544
between 1,522879 0,001384
swiftui 1,698970 0,001544
vs 1,154902 0,000700
uikit 1,698970 0,002059
choosing 1,698970 0,001029
right 1,522879 0,000923
framework 1,522879 0,001845
self 1,397940 0,000847
promo 1,522879 0,000923
has 1,522879 0,002768
been 1,522879 0,001845
lot 1,698970 0,001029
debate 1,698970 0,001029
going 1,522879 0,000923
among 1,698970 0,001029
ios 1,000000 0,001515
developers 1,301030 0,001577
regards 1,698970 0,001029
have 1,221849 0,003701
you 0,958607 0,002904
planning 1,698970 0,001029
develop 1,397940 0,001270
chat 1,522879 0,000923
app 1,000000 0,001818
for 1,045757 0,007603
are 1,154902 0,004198
confused 1,698970 0,001029
should 1,698970 0,002573
opt 1,698970 0,001029
fret 1,698970 0,001029
not 1,096910 0,002326
we 1,221849 0,006292
got 1,522879 0,001384
your 1,154902 0,001399
back 1,522879 0,001845
shall 1,698970 0,001029
discuss 1,522879 0,001384
relevant 1,522879 0,000923
aspects 1,698970 0,001029
revolving 1,698970 0,001029
these 1,522879 0,002307
compare 1,301030 0,001182
them 1,221849 0,002221
detail 1,698970 0,002059
stay 1,522879 0,000923
us 1,221849 0,001110
must 1,522879 0,001384
knowing 1,698970 0,001029
both 1,698970 0,001544
swift 1,301030 0,000788
ui 1,698970 0,001544
frameworks 1,698970 0,001029
however 1,522879 0,000923
like 1,397940 0,002964
provide 1,698970 0,001544
quick 1,397940 0,000847
overview 1,522879 0,001845
understanding 1,522879 0,001384
let 1,698970 0,001544
s 0,721246 0,001529
take 1,221849 0,001481
up 1,000000 0,001818
qqwrst 1,698970 0,001029
journey 1,698970 0,001544
scaling 1,698970 0,001544
production 1,397940 0,001270
elasticsearch 1,698970 0,001544
cluster 1,698970 0,001544
high 1,698970 0,002573
performance 1,397940 0,001270
nosql 1,522879 0,000923
database 1,698970 0,001029
administration 1,522879 0,000923
amazon 1,221849 0,000740
web 1,096910 0,000997
services 1,397940 0,001694
distributed 1,698970 0,001544
systems 1,397940 0,000847
will 1,397940 0,004658
tell 1,522879 0,000923
few 1,397940 0,000847
years 1,698970 0,001029
environment 1,522879 0,000923
vital 1,698970 0,001029
iprice 1,698970 0,001029
technology 1,397940 0,003388
stack 1,397940 0,000847
describe 1,698970 0,001544
challenges 1,522879 0,000923
encountered 1,698970 0,001029
approached 1,698970 0,001029
ivansglazunov 1,698970 0,001029
math 1,397940 0,001270
introduction 1,522879 0,000923
deep 1,522879 0,001384
theory 1,698970 0,001544
sql 1,301030 0,001182
mathematics 1,698970 0,001544
engineering 1,397940 0,000847
core 1,397940 0,001270
mathematical 1,698970 0,001029
bases 1,698970 0,001029
most 1,397940 0,001694
popular 1,397940 0,000847
theories 1,698970 0,001029
associative 1,698970 0,001029
calculating 1,698970 0,001029
electron 1,522879 0,003229
camera 1,698970 0,002059
cpp 1,698970 0,001029
ffmpeg 1,698970 0,002573
c 0,721246 0,000874
macos 1,301030 0,000788
reactjs 1,522879 0,000923
recovery 1,698970 0,001029
sandbox 1,698970 0,003603
example 1,522879 0,001845
react 1,397940 0,000847
js 1,045757 0,000950
native 1,698970 0,001029
addon 1,698970 0,002059
access 1,522879 0,001384
webcamera 1,698970 0,001029
guide 1,397940 0,000847
may 1,698970 0,001544
helpful 1,698970 0,001029
someone 1,522879 0,000923
who 1,698970 0,001029
trying 1,522879 0,000923
find 1,301030 0,001182
they 1,397940 0,002541
need 1,301030 0,001182
use 1,096910 0,002658
library 1,397940 0,000847
or 1,154902 0,002099
code 1,154902 0,002449
looking 1,397940 0,000847
realistic 1,698970 0,001029
simple 1,301030 0,001182
hello 1,522879 0,000923
world 1,154902 0,000700
didn 1,522879 0,000923
succeed 1,698970 0,001029
here 1,301030 0,001577
links 1,522879 0,000923
advance 1,397940 0,000847
https 0,721246 0,001092
github 1,397940 0,001270
com 0,744727 0,001579
khomin 1,698970 0,001544
so 1,397940 0,000847
share 1,397940 0,002117
experience 1,397940 0,001270
kaze 1,698970 0,001029
saga 1,522879 0,000923
march 1,698970 0,006691
queries 1,698970 0,001544
postgresql 1,698970 0,002573
sequential 1,698970 0,002059
scan 1,522879 0,001845
postgres 1,698970 0,001029
professional 1,301030 0,000788
corporate 1,698970 0,001029
blog 1,301030 0,001971
previous 1,522879 0,000923
discussed 1,522879 0,000923
system 1,397940 0,001270
plans 1,522879 0,001384
query 1,698970 0,001029
execution 1,522879 0,001845
collects 1,698970 0,001029
statistics 1,522879 0,000923
select 1,698970 0,001029
best 1,301030 0,001182
plan 1,301030 0,001182
following 1,698970 0,002059
starting 1,522879 0,001384
focus 1,301030 0,000788
what 1,221849 0,001851
actually 1,698970 0,001029
consists 1,698970 0,001544
executed 1,698970 0,001029
demonstrate 1,698970 0,001029
planner 1,698970 0,001544
calculates 1,698970 0,001029
costs 1,698970 0,001544
also 1,698970 0,002573
methods 1,698970 0,001029
affect 1,698970 0,001029
method 1,698970 0,002059
illustration 1,522879 0,000923
lastly 1,698970 0,001029
talk 1,397940 0,001694
parallel 1,698970 0,001029
works 1,522879 0,001845
when 1,397940 0,001270
several 1,698970 0,001029
seemingly 1,698970 0,001029
complicated 1,698970 0,001544
formulas 1,698970 0,001029
later 1,698970 0,001029
don 1,698970 0,001029
memorize 1,698970 0,001029
get 1,154902 0,001399
bottom 1,698970 0,001029
merely 1,698970 0,001029
where 1,397940 0,001270
numbers 1,522879 0,000923
makeman 1,698970 0,001029
riddles 1,698970 0,001029
fast 1,522879 0,001384
fourier 1,698970 0,001544
transform 1,698970 0,001544
algorithms 1,698970 0,001544
sound 1,698970 0,001029
visual 1,301030 0,000788
phase 1,698970 0,002059
magnitude 1,698970 0,002573
interpolation 1,698970 0,001029
pmi 1,698970 0,001029
accurate 1,698970 0,001029
frequency 1,698970 0,001544
harmonics 1,698970 0,001029
resonances 1,698970 0,001029
fft 1,698970 0,001029
algorithm 1,698970 0,003088
important 1,698970 0,001029
tool 1,522879 0,000923
processing 1,698970 0,001544
signals 1,698970 0,001029
various 1,698970 0,001544
nature 1,698970 0,001029
allows 1,522879 0,000923
reconstruct 1,698970 0,001029
spectrum 1,698970 0,001029
into 1,397940 0,002541
domain 1,698970 0,001544
sample 1,698970 0,001029
time 1,096910 0,003323
while 1,522879 0,000923
computationally 1,698970 0,001029
optimized 1,522879 0,000923
modest 1,698970 0,001029
memory 1,522879 0,004152
consumption 1,698970 0,001029
losing 1,698970 0,001029
information 1,397940 0,001270
during 1,698970 0,001544
conversion 1,698970 0,001029
process 1,522879 0,001384
calculations 1,522879 0,000923
reversible 1,698970 0,001029
rounding 1,698970 0,001029
some 1,397940 0,002117
peculiarities 1,698970 0,001029
hinder 1,698970 0,001029
precision 1,698970 0,001029
analysis 1,698970 0,003088
fine 1,698970 0,001029
results 1,397940 0,000847
further 1,698970 0,001029
presents 1,698970 0,001029
effective 1,698970 0,001029
overcome 1,698970 0,001029
such 1,698970 0,002573
inconvenient 1,698970 0,001029
features 1,301030 0,001577
russian 1,301030 0,000788
english 1,096910 0,000665
igorhab 1,698970 0,001029
does 1,522879 0,000923
rust 1,301030 0,001577
treat 1,698970 0,001029
strings 1,698970 0,001544
vectors 1,698970 0,001029
internally 1,698970 0,001029
represented 1,698970 0,001544
ways 1,522879 0,000923
string 1,698970 0,003603
type 1,301030 0,001577
b 0,958607 0,001452
slice 1,698970 0,001029
defined 1,522879 0,000923
struct 1,698970 0,001029
structure 1,522879 0,001384
depending 1,698970 0,001029
arch 1,698970 0,001029
x 0,853872 0,000517
bit 1,698970 0,001544
byte 1,698970 0,001544
pointer 1,698970 0,001029
address 1,397940 0,000847
characters 1,698970 0,001029
stored 1,698970 0,001029
capacity 1,698970 0,001029
length 1,522879 0,000923
master 1,397940 0,000847
gelios 1,698970 0,001029
enabling 1,698970 0,001029
apache 1,698970 0,002059
camel 1,698970 0,001544
metrics 1,698970 0,002059
spring 1,522879 0,001384
boot 1,698970 0,001544
actuator 1,698970 0,001544
prometheus 1,698970 0,001544
website 1,522879 0,000923
java 1,301030 0,000788
described 1,698970 0,001029
problems 1,698970 0,001544
faced 1,698970 0,001029
integration 1,522879 0,000923
collecting 1,698970 0,001029
solve 1,522879 0,000923
haven 1,698970 0,001029
found 1,522879 0,000923
over 1,522879 0,000923
internet 1,397940 0,000847
fotei 1,698970 0,001029
traffic 1,698970 0,002059
mirroring 1,698970 0,002059
through 1,221849 0,000740
hpe 1,698970 0,001544
virtual 1,698970 0,001544
connect 1,397940 0,001270
infrastructure 1,522879 0,000923
network 1,522879 0,001384
hardware 1,522879 0,001384
d 0,920819 0,002232
different 1,522879 0,001845
options 1,522879 0,001384
modules 1,698970 0,001029
try 1,397940 0,000847
answer 1,522879 0,001384
questions 1,397940 0,001270
why 1,397940 0,001270
cases 1,522879 0,001384
engineerdoc 1,698970 0,001029
creating 1,522879 0,001384
weather 1,698970 0,002573
predictions 1,698970 0,001029
flutter 1,522879 0,002307
android 0,958607 0,000581
describes 1,698970 0,001029
real 1,397940 0,001694
prediction 1,698970 0,001544
tomorrow 1,698970 0,001029
io 1,522879 0,000923
api 1,301030 0,000788
single 1,522879 0,001845
screen 1,698970 0,001029
displays 1,698970 0,001029
current 1,397940 0,000847
day 1,397940 0,000847
daily 1,522879 0,000923
forecast 1,698970 0,001029
specific 1,522879 0,001845
location 1,698970 0,001029
re 1,301030 0,000788
open 1,154902 0,001050
kit 1,698970 0,001029
means 1,698970 0,001544
integrated 1,522879 0,000923
beautifully 1,698970 0,001029
desktop 1,522879 0,000923
mobile 1,301030 0,000788
apps 1,522879 0,000923
across 1,522879 0,000923
platforms 1,397940 0,000847
making 1,522879 0,000923
scalable 1,698970 0,001029
radneck 1,698970 0,001029
even 1,522879 0,001384
shell 1,397940 0,002964
scripts 1,522879 0,003229
require 1,698970 0,001029
tests 1,522879 0,002307
tdd 1,522879 0,000923
once 1,301030 0,000788
upon 1,698970 0,001029
moved 1,522879 0,000923
brand 1,698970 0,001029
without 1,397940 0,001694
much 1,522879 0,000923
decided 1,698970 0,001544
devops 1,301030 0,000788
responsibilities 1,698970 0,001029
after 1,522879 0,001845
long 1,522879 0,000923
period 1,698970 0,001029
frontend 1,522879 0,000923
huge 1,698970 0,002059
mono 1,698970 0,001544
repository 1,522879 0,000923
angular 1,522879 0,000923
node 1,522879 0,000923
gives 1,522879 0,000923
rise 1,698970 0,001029
many 1,698970 0,002573
exception 1,698970 0,001029
very 1,522879 0,000923
ci 1,301030 0,001182
cd 1,301030 0,001182
duration 1,522879 0,000923
h 1,301030 0,000788
biggest 1,698970 0,001029
care 1,698970 0,001029
but 1,698970 0,003088
want 1,522879 0,001384
bourne 1,698970 0,001029
again 1,698970 0,001029
cause 1,698970 0,001029
automation 1,397940 0,000847
almost 1,698970 0,001029
entirely 1,698970 0,001029
bash 1,522879 0,001384
context 1,698970 0,001029
repo 1,522879 0,000923
regular 1,698970 0,001029
build 1,301030 0,001182
becomes 1,698970 0,001029
piece 1,522879 0,000923
odd 1,698970 0,001029
stuff 1,698970 0,001029
amount 1,698970 0,001544
logic 1,522879 0,001845
inside 1,698970 0,001029
test 1,397940 0,001694
deploy 1,698970 0,001029
generation 1,698970 0,001029
release 1,397940 0,000847
notes 1,698970 0,001029
collection 1,522879 0,000923
logs 1,698970 0,001029
regardless 1,698970 0,001029
lang 1,522879 0,000923
quality 1,698970 0,001544
complex 1,698970 0,001029
under 1,397940 0,001270
control 1,397940 0,001270
secret 1,397940 0,000847
key 1,522879 0,002307
aspect 1,698970 0,001544
refactor 1,698970 0,001029
safely 1,522879 0,000923
major 1,698970 0,001544
covered 1,698970 0,001029
keep 1,301030 0,000788
untouched 1,698970 0,001029
cover 1,397940 0,000847
ones 1,698970 0,001029
before 1,397940 0,001694
refactoring 1,698970 0,001029
course 1,397940 0,000847
jest 1,698970 0,001544
mocha 1,698970 0,001029
bunch 1,698970 0,001029
awful 1,698970 0,001029
utils 1,698970 0,001029
approach 1,698970 0,001029
wordy 1,698970 0,001029
written 1,698970 0,001029
idea 1,698970 0,001544
mock 1,698970 0,001029
commands 1,698970 0,001029
curl 1,698970 0,001029
ls 1,698970 0,001029
touch 1,698970 0,001029
npm 1,522879 0,000923
similar 1,698970 0,001029
k 1,154902 0,000700
uwa 1,698970 0,004117
ue 1,698970 0,003603
rendering 1,698970 0,001029
nanite 1,698970 0,002573
game 1,522879 0,005997
testing 1,522879 0,001845
ar 1,698970 0,002059
vr 1,301030 0,001577
games 1,522879 0,001845
consoles 1,698970 0,002059
epic 1,397940 0,000847
released 1,522879 0,000923
demo 1,522879 0,000923
discussion 1,698970 0,001029
never 1,698970 0,001544
stopped 1,698970 0,001029
related 1,522879 0,001384
technical 1,522879 0,001384
discussions 1,522879 0,000923
mainly 1,698970 0,001544
centered 1,698970 0,001029
global 1,522879 0,000923
illumination 1,698970 0,001029
lumen 1,698970 0,004117
extremely 1,522879 0,000923
model 1,698970 0,001029
starts 1,522879 0,000923
renderdoc 1,698970 0,001029
combined 1,698970 0,001029
existing 1,698970 0,001029
aims 1,698970 0,001029
intuitive 1,522879 0,000923
clarify 1,698970 0,001029
principles 1,698970 0,001029
ideas 1,698970 0,001029
involving 1,698970 0,001029
too 1,522879 0,001384
level 1,221849 0,000740
implementation 1,698970 0,001544
details 1,522879 0,000923
en 1,397940 0,001694
boozlachu 1,698970 0,001029
introducing 1,698970 0,001029
calamares 1,698970 0,001544
bootloader 1,698970 0,001029
configuring 1,698970 0,001029
linux 1,397940 0,001694
nix 1,698970 0,001029
software 1,154902 0,001399
sometimes 1,698970 0,001029
make 1,397940 0,001270
graphical 1,698970 0,001544
installer 1,698970 0,002059
own 1,221849 0,000740
distro 1,698970 0,001544
goes 1,698970 0,001029
saying 1,698970 0,001029
able 1,698970 0,001029
anaconda 1,698970 0,001029
redhat 1,698970 0,001029
debianinstaller 1,698970 0,001029
debian 1,698970 0,001029
hand 1,698970 0,001029
aligned 1,698970 0,001029
only 1,698970 0,001544
package 1,397940 0,000847
manager 1,397940 0,000847
universal 1,698970 0,001029
install 1,397940 0,000847
gui 1,397940 0,000847
did 1,698970 0,001029
complete 1,221849 0,001110
hence 1,698970 0,001029
reinvented 1,698970 0,001029
wheel 1,698970 0,001029
gi 1,698970 0,002059
traditional 1,698970 0,001029
includes 1,698970 0,002059
contribution 1,522879 0,000923
indirect 1,698970 0,003088
diffuse 1,698970 0,002059
reflection 1,698970 0,002059
highlight 1,698970 0,001029
providing 1,698970 0,001029
set 1,397940 0,001270
lighting 1,698970 0,001029
supports 1,698970 0,001029
rtx 1,698970 0,001029
trace 1,698970 0,001544
point 1,698970 0,001029
uses 1,698970 0,001029
part 1,397940 0,000847
understand 1,522879 0,000923
basic 1,522879 0,001384
principle 1,698970 0,001029
operation 1,522879 0,001384
mechanism 1,698970 0,001029
macro 1,698970 0,001029
perspective 1,698970 0,001029
parts 1,698970 0,001029
carduelis 1,698970 0,001029
url 1,698970 0,001544
params 1,698970 0,001029
javascript 1,000000 0,000606
somehow 1,698970 0,001029
saw 1,698970 0,001029
neighboring 1,698970 0,001029
team 1,301030 0,000788
generated 1,698970 0,001029
parameters 1,698970 0,001544
subsequent 1,698970 0,001029
insertion 1,698970 0,001029
iframesrc 1,698970 0,001029
attribute 1,698970 0,001029
seem 1,698970 0,001029
superfluous 1,698970 0,001029
obvious 1,698970 0,001029
since 1,698970 0,001029
occurs 1,698970 0,001029
wildlife 1,698970 0,001029
silent 1,698970 0,001029
rather 1,698970 0,001029
practices 1,522879 0,000923
unity 1,522879 0,000923
optimization 1,698970 0,001029
resource 1,698970 0,002059
leak 1,698970 0,003088
today 1,221849 0,001110
knowledge 1,522879 0,000923
points 1,698970 0,001029
common 1,522879 0,000923
continuously 1,522879 0,000923
see 1,397940 0,000847
afraid 1,698970 0,001029
reason 1,698970 0,001029
behind 1,698970 0,001029
predict 1,698970 0,001029
extent 1,698970 0,001029
locate 1,698970 0,001029
bottleneck 1,698970 0,001029
had 1,698970 0,001544
whether 1,397940 0,000847
burst 1,698970 0,001029
out 1,154902 0,000700
certain 1,698970 0,001029
moment 1,698970 0,001029
line 1,522879 0,000923
feedback 1,522879 0,000923
their 1,397940 0,000847
players 1,698970 0,001029
playing 1,698970 0,001544
half 1,698970 0,001029
hour 1,522879 0,000923
stuck 1,522879 0,000923
hours 1,698970 0,001029
expected 1,522879 0,000923
solved 1,698970 0,001029
sharing 1,698970 0,001029
online 1,154902 0,000700
assets 1,522879 0,000923
report 1,397940 0,000847
occupancy 1,698970 0,001029
trend 1,698970 0,001544
chart 1,522879 0,000923
rising 1,698970 0,001029
below 1,698970 0,001029
pay 1,397940 0,000847
special 1,397940 0,000847
attention 1,698970 0,001029
dot 1,698970 0,002059
february 1,698970 0,001544
alternate 1,698970 0,001029
packed 1,698970 0,001029
binary 1,698970 0,001544
clock 1,698970 0,001029
rtc 1,698970 0,001029
calendar 1,698970 0,001029
registers 1,698970 0,001029
stm 1,698970 0,001029
decimal 1,698970 0,001029
bcd 1,698970 0,001029
e 0,677781 0,000821
every 1,221849 0,000740
digits 1,698970 0,001029
digit 1,698970 0,001544
bits 1,698970 0,001544
least 1,522879 0,000923
bytes 1,698970 0,001544
required 1,698970 0,001544
store 1,096910 0,000665
date 1,301030 0,000788
allocation 1,698970 0,001029
stamp 1,698970 0,001029
might 1,522879 0,000923
critical 1,698970 0,001544
g 1,154902 0,000700
events 1,301030 0,001182
log 1,397940 0,001270
keeping 1,698970 0,001029
extern 1,698970 0,001029
non 1,522879 0,000923
volatile 1,698970 0,001029
ic 1,698970 0,001029
event 1,522879 0,002307
number 1,397940 0,000847
timestamp 1,522879 0,000923
crc 1,698970 0,001029
fixed 1,397940 0,000847
compose 1,698970 0,001029
maximum 1,698970 0,001029
quantity 1,698970 0,001029
spent 1,698970 0,001029
reducing 1,698970 0,001029
reserved 1,522879 0,000923
sources 1,698970 0,001029
supercapacitors 1,698970 0,001029
electrolytic 1,698970 0,001029
capacitors 1,698970 0,001029
achieved 1,698970 0,001029
less 1,397940 0,000847
field 1,522879 0,000923
encry 1,698970 0,001029
cryptocurrency 1,698970 0,001544
bandwagon 1,698970 0,001029
decentralized 1,698970 0,001029
networks 1,698970 0,001544
cryptography 1,698970 0,002059
cryptocurrencies 1,698970 0,001544
spread 1,698970 0,001029
contributed 1,698970 0,001029
solutions 1,397940 0,001270
ledger 1,698970 0,001029
blockchain 1,522879 0,000923
scope 1,698970 0,001029
varies 1,698970 0,001029
same 1,522879 0,000923
security 1,301030 0,000788
confidentiality 1,698970 0,001029
authenticity 1,698970 0,001029
integrity 1,698970 0,001029
granted 1,698970 0,001029
practical 1,698970 0,001029
applications 1,522879 0,001384
public 1,221849 0,001481
particular 1,698970 0,001029
signature 1,698970 0,001029
ds 1,698970 0,001029
unlike 1,698970 0,001029
do 1,698970 0,001029
certificates 1,522879 0,000923
blogs 1,698970 0,001029
ruvds 1,698970 0,001029
гельтек 1,698970 0,001029
медика 1,522879 0,000923
selectel 1,698970 0,001029
lamptest 1,698970 0,001029
timeweb 1,698970 0,001029
cloud 1,221849 0,000740
домклик 1,698970 0,001029
белая 1,096910 0,000665
радуга 1,698970 0,001029
southbridge 1,698970 0,001029
otus 1,698970 0,001029
vk 1,096910 0,000665
account 1,522879 0,000923
sign 1,397940 0,000847
sections 1,698970 0,001029
documents 1,522879 0,000923
agreement 1,698970 0,001029
confidential 1,698970 0,001029
ads 1,698970 0,001029
subscription 1,698970 0,001029
content 1,301030 0,000788
seminars 1,698970 0,001029
megaprojects 1,698970 0,001029
facebook 0,823909 0,000499
twitter 0,769551 0,000466
telegram 0,744727 0,000451
language 1,221849 0,000740
settings 1,301030 0,000788
support 1,045757 0,000634
return 1,522879 0,000923
old 1,522879 0,000923
version 1,698970 0,001029
