нтв 1,698970 0,009329
ru 0,180456 0,000606
новость 0,161151 0,000492
видео 0,327902 0,000300
передача 0,795880 0,000971
телеканал 0,585027 0,000357
онлайн 0,387216 0,000354
вещание 1,045757 0,000957
программа 0,420216 0,001154
div 1,000000 0,000610
img 0,795880 0,000486
src 0,795880 0,000486
https 0,721246 0,000440
mc 1,000000 0,000610
yandex 0,958607 0,000585
watch 0,958607 0,000585
style 0,823909 0,000503
position 0,853872 0,000521
absolute 0,958607 0,000585
left 0,958607 0,000585
px 0,920819 0,000562
alt 0,886057 0,000541
play 1,000000 0,001220
pause 1,698970 0,001037
volume 1,522879 0,000929
size 1,522879 0,000929
тв 0,657577 0,000401
эфир 0,537602 0,000656
стиль 0,721246 0,000440
право 0,292430 0,000535
сериал 0,494850 0,000453
статья 0,619789 0,002080
телепрограмма 0,853872 0,000521
сегодня 0,443697 0,001624
москва 0,292430 0,001963
appstore 1,301030 0,001191
google 0,744727 0,001136
яндекс 0,585027 0,000714
дзный 1,000000 0,000915
facebook 0,823909 0,001257
instagram 1,154902 0,002114
найти 0,356547 0,000653
что 0,161151 0,000737
вы 0,301030 0,000276
специальный 0,744727 0,003862
военный 0,522879 0,003988
операция 0,657577 0,003611
россия 0,214670 0,002161
санкция 0,537602 0,002952
против 0,387216 0,001536
рф 0,568636 0,002429
ответный 1,397940 0,003838
мера 0,823909 0,003016
весна 0,823909 0,001005
борьба 0,721246 0,001540
коронавирус 0,677781 0,002068
весть 0,795880 0,000486
история 0,283997 0,000347
удалить 1,045757 0,000638
приложение 0,657577 0,000602
активность 1,522879 0,000929
курс 0,602060 0,000551
евро 0,769551 0,000470
опуститься 1,221849 0,000745
ниже 0,886057 0,000541
рубль 0,455932 0,000695
впервые 0,744727 0,000454
июль 0,823909 0,000754
год 0,236572 0,001227
валюта 0,795880 0,000486
цена 0,619789 0,000756
нефть 1,522879 0,000929
водитель 0,920819 0,002247
насмерть 1,522879 0,001394
задавить 1,698970 0,001037
пенсионерка 1,221849 0,000745
ленинск 1,698970 0,001037
проспект 1,522879 0,000929
начало 0,638272 0,000779
маркировать 1,221849 0,001118
как 0,187087 0,000799
нарушитель 1,096910 0,000669
законодательство 0,638272 0,000389
московский 0,657577 0,000401
скоростной 1,698970 0,001037
диаметр 1,522879 0,000929
начаться 0,853872 0,000521
установка 1,301030 0,000794
шумозащитный 1,698970 0,001037
экран 0,958607 0,000585
москвич 1,221849 0,001864
предупредить 1,000000 0,001525
дождь 1,154902 0,001057
сильный 0,823909 0,000754
ветер 1,000000 0,000915
втб 1,301030 0,000794
планировать 0,769551 0,000939
снизить 0,677781 0,000827
ставок 1,096910 0,000669
ипотека 1,154902 0,000705
церемония 0,823909 0,000503
прощание 0,744727 0,000682
жириновский 0,431798 0,000922
продлить 1,154902 0,000705
задержать 0,886057 0,001352
сбить 1,397940 0,000853
мужчина 0,677781 0,000620
минобороны 0,698970 0,001706
опровергнуть 0,958607 0,001462
заявление 0,853872 0,001302
российский 0,229148 0,001398
удар 0,494850 0,001208
вокзал 0,698970 0,001706
краматорск 0,602060 0,001469
ажиотаж 1,301030 0,001588
или 0,292430 0,000357
дефицит 0,886057 0,000811
почему 0,366532 0,000671
человек 0,259637 0,000792
аптека 1,221849 0,001118
драться 1,522879 0,001394
лекарство 0,886057 0,001352
специалист 0,920819 0,000843
наполовину 1,522879 0,000929
смонтировать 1,698970 0,001037
инженерный 1,522879 0,000929
система 0,721246 0,000880
станция 1,000000 0,000915
бкла 1,522879 0,001394
текстильщик 1,522879 0,000929
япония 0,698970 0,001066
водить 1,698970 0,001555
новое 0,214670 0,000851
самолет 0,721246 0,000880
белград 1,221849 0,000745
приземлиться 1,698970 0,001037
шереметьево 1,698970 0,001037
после 0,356547 0,000544
сообщение 0,677781 0,000620
минирование 1,698970 0,001037
евросоюз 0,853872 0,000781
принять 0,638272 0,000779
пятый 0,795880 0,000728
пакет 0,823909 0,000754
антироссийский 0,886057 0,001081
россиянин 0,602060 0,001102
мошенник 1,045757 0,000957
торговать 1,522879 0,000929
офисный 1,301030 0,000794
бумага 0,886057 0,000541
неизвестный 1,000000 0,000915
украсть 1,096910 0,000669
пенсионер 1,301030 0,001191
миллион 0,537602 0,001148
ресторан 1,096910 0,000669
кубанский 1,698970 0,001037
фермер 1,397940 0,000853
готовить 0,853872 0,000521
посевной 1,522879 0,000929
затопить 1,698970 0,001037
снежный 1,221849 0,000745
зима 1,301030 0,000794
поле 1,221849 0,000745
власть 0,638272 0,000974
одобрить 1,522879 0,001858
первое 0,721246 0,000880
льготный 1,397940 0,001279
кредит 0,958607 0,000877
для 0,107905 0,000329
промышленник 1,397940 0,001279
оон 0,823909 0,000503
продовольствие 1,045757 0,000638
миро 0,337242 0,000412
достигнуть 0,958607 0,000585
рекорд 1,000000 0,000610
житель 0,602060 0,000367
район 0,853872 0,001302
переезжать 1,522879 0,000929
новостройка 1,522879 0,000929
реновация 1,698970 0,001555
мочь 0,236572 0,000361
поменяться 1,698970 0,001037
политик 0,366532 0,000224
франция 0,795880 0,000486
случай 0,568636 0,000867
поражение 1,522879 0,000929
макрон 1,397940 0,001279
выборы 1,301030 0,000794
президент 0,698970 0,001066
днр 0,823909 0,001508
сообщить 0,585027 0,001249
украинский 0,522879 0,001436
войско 1,045757 0,001276
точка 0,585027 0,000714
лукашенко 1,397940 0,000853
белоруссия 1,000000 0,000915
быть 0,161151 0,000442
любой 0,420216 0,000385
сложность 1,301030 0,000794
трудность 1,000000 0,000610
цб 0,795880 0,000728
ключевой 0,619789 0,000567
ставка 0,657577 0,000602
подозреваемый 1,301030 0,000794
облить 1,522879 0,000929
краска 1,221849 0,000745
главред 1,096910 0,000669
новый 0,244125 0,000298
газета 0,853872 0,000521
муратов 1,154902 0,000705
кадыров 0,958607 0,000877
мариуполь 0,744727 0,001590
освободить 0,920819 0,001405
националист 0,920819 0,001685
процент 1,154902 0,001057
аэропорт 1,301030 0,000794
внуково 1,698970 0,001037
объявить 0,769551 0,000470
переход 1,301030 0,001588
летний 0,721246 0,000440
расписание 1,096910 0,000669
город 0,397940 0,000364
донбасс 0,657577 0,000802
украина 0,455932 0,000835
создаваться 1,522879 0,001394
отряд 1,154902 0,001057
народный 0,744727 0,000682
милиция 1,221849 0,001118
фас 1,045757 0,000638
проверять 1,522879 0,000929
мираторга 1,045757 0,000638
иза 0,167491 0,000664
мясо 1,301030 0,000794
сутки 0,795880 0,000728
выявить 1,096910 0,001004
путин 0,602060 0,000918
проститься 0,886057 0,000541
выслать 1,397940 0,000853
восемь 1,045757 0,000638
дипломат 0,886057 0,000541
медик 1,221849 0,000745
волонтер 1,096910 0,000669
спешить 1,301030 0,000794
помощь 0,481486 0,000588
работать 0,431798 0,000263
республика 0,958607 0,000585
врач 0,853872 0,000521
пострадавший 1,698970 0,001037
пря 0,387216 0,000473
взрыв 0,958607 0,000585
газа 1,221849 0,000745
нижневартовск 1,301030 0,000794
находиться 0,823909 0,000503
реанимация 1,698970 0,001037
минкультуры 1,397940 0,000853
финляндия 1,045757 0,000638
картина 0,721246 0,000440
скоро 0,769551 0,001174
вернуться 0,638272 0,000389
отделка 1,698970 0,001037
платформа 0,853872 0,000521
стартовать 1,000000 0,000915
метро 1,045757 0,000638
марьин 1,522879 0,000929
роща 1,522879 0,000929
уход 0,853872 0,000781
международный 0,508638 0,000466
бренд 0,769551 0,000470
тц 1,522879 0,000929
потерять 0,823909 0,001005
выручка 1,698970 0,001037
колонный 1,045757 0,000957
зал 1,096910 0,001004
орудийный 1,698970 0,001555
лафет 1,698970 0,001555
новодевичий 1,221849 0,001118
сам 0,721246 0,000660
написать 0,619789 0,000567
сценарий 0,886057 0,000811
свое 0,455932 0,000417
похороны 1,000000 0,000915
yappy 1,698970 0,001037
там 0,769551 0,000704
icq 1,397940 0,000853
минцифра 1,301030 0,000794
предлагать 0,958607 0,000585
замена 1,154902 0,000705
иностранный 0,721246 0,001100
сервис 0,537602 0,000328
поезд 0,795880 0,000486
столкнуться 1,000000 0,000610
легковушка 1,522879 0,000929
ти 1,397940 0,000853
нао 1,698970 0,001037
приехать 1,045757 0,000638
под 0,376751 0,000575
одесса 0,958607 0,000877
уничтожить 0,886057 0,001892
центр 0,455932 0,000417
сбор 0,920819 0,001124
наемник 0,920819 0,000843
пассажир 1,045757 0,000638
ударить 1,000000 0,000610
таксист 1,154902 0,000705
нож 1,301030 0,000794
басманный 1,698970 0,001037
суд 0,795880 0,000971
разрешить 1,096910 0,000669
хованский 1,397940 0,000853
пользоваться 1,000000 0,000610
интернет 0,455932 0,000556
заявить 0,677781 0,000414
конфликт 1,000000 0,000610
не 0,136677 0,000375
закончиться 0,744727 0,000454
близкий 0,744727 0,000682
время 0,327902 0,000300
два 0,346787 0,000635
экомаршрут 1,698970 0,001037
обустроить 1,698970 0,001037
битцевский 1,698970 0,001037
леса 1,154902 0,000705
утвердить 1,096910 0,000669
перечень 1,221849 0,000745
недружественный 1,522879 0,000929
страна 0,387216 0,000827
минфин 1,096910 0,000669
направить 1,397940 0,000853
правительство 0,853872 0,001042
доработать 1,397940 0,000853
законопроект 1,154902 0,001057
регулирование 1,698970 0,001037
криптовалюта 1,522879 0,000929
спецназовец 1,397940 0,001279
росгвардия 1,522879 0,001394
артиллерия 1,397940 0,001279
вс 0,698970 0,000640
харьковский 1,698970 0,001555
область 0,638272 0,001168
правильно 1,154902 0,000705
хранить 1,397940 0,000853
продукт 0,769551 0,000704
памятный 1,522879 0,000929
знак 1,045757 0,000957
честь 1,045757 0,000638
юбилей 1,301030 0,000794
битва 1,045757 0,000957
передать 1,096910 0,000669
музей 0,823909 0,000503
день 0,236572 0,000433
победа 0,677781 0,000414
нечего 1,221849 0,001118
кормить 1,522879 0,001394
ребенок 0,259637 0,000634
труднодоступный 1,698970 0,001555
доставить 1,397940 0,001279
гуманитарный 1,045757 0,000957
оак 1,221849 0,001118
построить 0,958607 0,000877
тот 0,376751 0,000345
собянин 1,397940 0,000853
рассказать 0,366532 0,000335
план 0,769551 0,000939
благоустройство 1,397940 0,000853
юг 1,221849 0,000745
опубликовать 0,494850 0,000302
свидетельство 0,585027 0,000535
преступление 0,744727 0,000454
вова 1,301030 0,000794
боец 0,920819 0,000843
штурмовать 1,698970 0,001555
последний 0,318759 0,000389
укрепление 1,000000 0,000915
оказаться 0,638272 0,000584
завал 1,301030 0,000794
обрушение 1,397940 0,000853
порода 1,397940 0,000853
шахта 1,000000 0,000610
кузбасс 1,154902 0,000705
беспилотник 1,522879 0,001394
буксировать 1,698970 0,001555
гаубица 1,698970 0,001555
грузовик 1,397940 0,001279
полностью 0,795880 0,000728
обеспечиваться 1,698970 0,001037
профилактический 1,698970 0,001037
прививка 1,698970 0,001037
booking 1,301030 0,000794
отчитаться 1,397940 0,000853
уплата 1,522879 0,000929
штраф 1,096910 0,000669
миллиард 1,154902 0,000705
шольц 1,301030 0,000794
германия 0,958607 0,000585
прекратить 1,397940 0,000853
импорт 0,958607 0,000585
уголь 0,886057 0,000541
течение 1,096910 0,000669
место 0,481486 0,000588
встреча 0,638272 0,000779
разрыв 1,397940 0,000853
шаблон 1,397940 0,000853
грань 1,698970 0,001037
пугачев 1,698970 0,001037
разориться 1,698970 0,001037
чп 1,522879 0,000929
расследование 0,958607 0,000585
фейковый 1,522879 0,000929
апрель 0,275724 0,001178
чингачгук 1,698970 0,001037
серия 0,744727 0,000682
минута 1,045757 0,001276
главное 0,327902 0,001200
утро 0,886057 0,001622
вечер 0,823909 0,001257
короча 1,698970 0,003628
семейный 0,744727 0,000454
подряд 1,301030 0,000794
убийство 0,853872 0,000781
детский 0,619789 0,000567
туризм 1,045757 0,000638
путевка 1,397940 0,000853
получить 0,420216 0,000769
кешбэк 1,698970 0,001037
ростуризм 1,522879 0,000929
возобновлять 1,522879 0,000929
кешбэка 1,698970 0,001037
поездка 1,154902 0,000705
лагерь 1,154902 0,001057
прошлое 1,045757 0,000638
этот 0,173925 0,000531
отдохнуть 1,397940 0,000853
много 0,301030 0,000184
тысяча 0,568636 0,000520
особенно 1,522879 0,000929
актуальный 0,823909 0,000503
такой 0,397940 0,000364
решение 0,619789 0,000567
стать 0,301030 0,000551
многодетный 1,698970 0,001037
семья 0,552842 0,000506
где 0,455932 0,000278
каждый 0,552842 0,000337
полцен 1,698970 0,001037
поехать 1,397940 0,001706
отдых 1,000000 0,000610
банда 1,221849 0,001118
гуманоид 1,698970 0,001037
глаз 0,886057 0,000541
убийца 0,823909 0,001005
поддержать 0,920819 0,000562
горожанин 1,397940 0,001279
бизнес 0,468521 0,000429
условие 0,468521 0,000572
представить 0,744727 0,000682
поддержка 0,537602 0,000492
западный 0,823909 0,000503
первоочередный 1,698970 0,001037
включать 1,096910 0,000669
сохранение 1,154902 0,000705
рабочий 1,045757 0,000638
обеспечение 1,154902 0,000705
бесперебойный 1,698970 0,001037
функционирование 1,522879 0,000929
предприятие 0,886057 0,000541
импортозамещение 1,000000 0,000915
социальный 0,522879 0,000479
комплекс 1,154902 0,000705
бог 0,958607 0,000585
visa 1,397940 0,001279
mastercard 1,397940 0,001279
банковский 1,221849 0,001491
карта 0,657577 0,000602
приостанавливать 1,698970 0,001037
какой 0,337242 0,000617
они 0,309804 0,000662
функция 1,522879 0,000929
недоступный 1,522879 0,000929
расплачиваться 1,698970 0,001037
граница 0,769551 0,000470
покупать 0,823909 0,000503
магазин 0,619789 0,000567
объяснять 1,000000 0,000610
мосфильм 1,698970 0,001037
мвд 1,154902 0,000705
кгб 1,301030 0,000794
масть 1,698970 0,001037
двойник 1,522879 0,000929
шпион 1,154902 0,000705
влюбить 1,154902 0,000705
реформа 1,301030 0,000794
индексация 1,698970 0,001555
расти 1,154902 0,000705
пенсия 1,154902 0,001057
январь 0,886057 0,000541
владимир 0,301030 0,000276
дать 0,721246 0,001100
поручение 1,698970 0,001037
который 0,236572 0,000505
коснуться 1,522879 0,000929
гражданин 0,769551 0,000470
должно 1,221849 0,000745
страховой 1,698970 0,001037
уровень 0,886057 0,000811
выша 1,397940 0,000853
инфляция 1,397940 0,000853
большой 0,657577 0,000401
пресс 0,552842 0,000675
конференция 0,853872 0,001042
больший 0,853872 0,000521
традиционный 1,301030 0,000794
ежегодный 1,301030 0,000794
глава 0,522879 0,000319
государство 0,958607 0,000585
журналист 0,920819 0,000562
подводить 1,522879 0,000929
итог 0,769551 0,000470
работа 0,431798 0,000263
рассказывать 0,698970 0,000853
экономический 0,920819 0,000562
политический 0,721246 0,000440
жизнь 0,318759 0,000389
она 0,356547 0,000435
внешний 1,045757 0,000638
внутренний 1,221849 0,001118
политика 0,638272 0,000389
а 0,221849 0,000406
общаться 1,154902 0,000705
присутствующий 1,698970 0,001037
менее 1,154902 0,000705
глобальный 1,301030 0,000794
тема 0,585027 0,001249
пройти 0,677781 0,000620
декабрь 0,795880 0,000486
европейский 0,744727 0,000909
лидер 0,744727 0,000682
антиковидный 1,698970 0,001037
инновация 1,221849 0,000745
возглавить 1,221849 0,000745
рейтинг 0,657577 0,000802
индекс 1,221849 0,000745
инновационный 1,522879 0,000929
устойчивость 1,698970 0,001037
второе 1,221849 0,000745
лондон 1,096910 0,000669
третье 1,397940 0,000853
барселона 1,301030 0,000794
аналогичный 1,221849 0,000745
мировой 0,721246 0,000440
столица 0,920819 0,000562
занять 0,920819 0,000843
треть 1,522879 0,000929
строчка 1,698970 0,001037
сан 1,154902 0,000705
франциско 1,522879 0,000929
нью 1,221849 0,000745
йорк 1,221849 0,000745
заслуга 1,397940 0,000853
удостоить 1,522879 0,000929
награда 1,096910 0,000669
qr 1,397940 0,001279
код 0,823909 0,000754
covid 1,096910 0,002342
ноябрь 1,096910 0,001004
рассмотрение 1,522879 0,000929
госдума 0,823909 0,000503
внести 1,096910 0,000669
вступить 1,397940 0,001279
сила 0,698970 0,000640
февраль 0,769551 0,000470
зачем 0,744727 0,000454
нужный 0,552842 0,000337
экстренный 1,698970 0,001037
обязать 1,522879 0,001394
предъявлять 1,698970 0,001037
цифровой 0,823909 0,000503
идентификатор 1,698970 0,001037
антирекорд 1,698970 0,001037
ограничение 0,920819 0,001124
вновь 0,795880 0,000486
вводиться 1,522879 0,000929
нерабочий 1,698970 0,001037
чтобы 0,408935 0,000250
справиться 1,221849 0,000745
резкий 1,301030 0,000794
рост 0,795880 0,000486
заболеваемость 1,301030 0,000794
соответствующий 1,154902 0,000705
предложение 0,853872 0,000781
координационный 1,698970 0,001037
совет 0,568636 0,000347
ранее 0,958607 0,000585
ряд 0,823909 0,000503
регион 0,619789 0,000378
тома 0,522879 0,000319
число 0,853872 0,000521
уже 0,568636 0,000347
ввести 0,721246 0,000660
собственный 0,795880 0,000486
жесткий 1,301030 0,000794
вакцинация 1,522879 0,000929
ответ 0,677781 0,000827
самый 0,251812 0,000615
частый 1,397940 0,000853
вопрос 0,420216 0,000641
прививок 1,522879 0,001394
первый 0,346787 0,000317
компонент 1,698970 0,001037
вакцина 1,301030 0,001191
привиться 1,698970 0,001037
свыше 1,301030 0,000794
немало 1,698970 0,001037
недостаточно 1,397940 0,000853
появление 1,301030 0,000794
коллективный 1,397940 0,000853
иммунитет 1,397940 0,001706
ведущий 1,154902 0,000705
иммунология 1,698970 0,001037
вирус 1,221849 0,000745
отвечать 0,920819 0,000562
распространить 1,154902 0,000705
мы 0,229148 0,000419
так 0,481486 0,001175
видеть 0,698970 0,001279
наступать 1,397940 0,000853
звездный 1,154902 0,000705
скандал 0,958607 0,000877
уходить 0,823909 0,000503
богатый 1,154902 0,000705
громкий 1,397940 0,000853
звезда 0,552842 0,000675
русский 0,318759 0,000778
сенсация 1,397940 0,001706
вспомнить 1,045757 0,000638
яркий 0,853872 0,000521
составить 0,958607 0,000585
популярный 0,455932 0,000556
котов 1,522879 0,001394
десятилетие 1,221849 0,000745
назвать 0,568636 0,000520
становиться 1,000000 0,000610
герой 0,552842 0,000506
лет 0,337242 0,000412
анализ 1,154902 0,001057
алкоголь 1,397940 0,001279
лишение 1,301030 0,000794
ждать 0,619789 0,000945
водительский 1,522879 0,001394
удостоверение 1,522879 0,000929
сложный 0,886057 0,000541
теперь 0,602060 0,000918
надо 0,795880 0,000486
сдать 1,698970 0,001037
наркотик 1,301030 0,001191
медицинский 1,096910 0,000669
справка 1,000000 0,000610
выстроиться 1,522879 0,000929
огромный 0,721246 0,000440
очередь 1,045757 0,000957
ведь 1,045757 0,000638
подорожать 1,301030 0,000794
только 0,283997 0,000173
готовиться 0,920819 0,000562
поправка 1,522879 0,000929
закон 0,657577 0,000401
согласно 1,154902 0,000705
гибдд 1,221849 0,000745
смочь 0,537602 0,000328
лишать 1,221849 0,000745
медиков 1,522879 0,000929
сведение 1,154902 0,000705
изменение 0,958607 0,000585
здоровье 0,602060 0,000367
говорить 0,537602 0,000328
да 0,494850 0,000453
стоять 0,585027 0,000892
ли 0,387216 0,000473
бояться 1,000000 0,000610
красть 1,522879 0,000929
голос 0,958607 0,000877
телефонный 1,397940 0,000853
звонок 1,397940 0,000853
некий 1,221849 0,000745
соцопрос 1,698970 0,001037
поступать 1,221849 0,000745
весь 0,107905 0,000329
чаща 1,154902 0,000705
есть 0,508638 0,000466
мнение 0,602060 0,000367
аферист 1,397940 0,000853
пытаться 0,744727 0,000682
образец 1,397940 0,000853
ваш 0,431798 0,000263
интересовать 1,397940 0,000853
слово 0,552842 0,000337
когда 0,397940 0,000243
заработать 1,045757 0,000638
единый 1,154902 0,000705
биометрический 1,698970 0,001037
слух 1,096910 0,000669
выглядеть 0,920819 0,000562
пугающе 1,698970 0,001037
сболтнуть 1,698970 0,001037
лишний 1,221849 0,000745
деньга 0,853872 0,000521
счет 0,853872 0,000521
вид 0,744727 0,000454
мошенничество 1,301030 0,000794
городской 0,886057 0,000541
легенда 0,795880 0,000486
отставка 1,522879 0,001394
бегство 1,698970 0,001037
эво 1,698970 0,001555
моралес 1,698970 0,002073
хроник 1,154902 0,000705
событие 0,455932 0,000278
боливия 1,698970 0,001037
подать 1,221849 0,000745
почтить 0,823909 0,000503
правление 1,522879 0,000929
конец 0,657577 0,000401
октябрь 1,045757 0,000638
будоражить 1,698970 0,001037
массовый 0,508638 0,000621
беспорядок 1,397940 0,000853
унести 1,522879 0,000929
три 0,522879 0,000319
перейти 0,744727 0,000454
оппозиционер 1,522879 0,000929
жанина 1,698970 0,001037
аньес 1,698970 0,001037
хотеть 0,387216 0,000236
арестовать 1,301030 0,000794
некоторый 1,096910 0,000669
он 0,455932 0,000556
сбежать 1,522879 0,001394
аргентина 1,397940 0,001279
миф 1,000000 0,000610
правда 0,657577 0,001003
бад 1,698970 0,001037
иммуномодулятор 1,698970 0,001037
женьшень 1,698970 0,001037
эхинацея 1,698970 0,001037
препарат 1,698970 0,001037
олений 1,698970 0,001037
рогов 1,522879 0,000929
чудо 0,823909 0,001005
растенье 1,698970 0,001037
обещать 1,096910 0,000669
реклама 0,259637 0,000317
способный 1,221849 0,000745
взбодрить 1,698970 0,001037
организм 1,698970 0,001037
подстегнуть 1,698970 0,001037
звучать 1,301030 0,000794
заманчивый 1,698970 0,001037
дорого 1,522879 0,000929
вещество 1,301030 0,000794
возможность 0,537602 0,000328
усиливать 1,522879 0,000929
целое 1,154902 0,000705
знать 0,494850 0,000302
наука 0,431798 0,000263
безобидный 1,698970 0,001037
приболеть 1,698970 0,001555
рисковать 1,522879 0,000929
успокоительный 1,698970 0,001037
обезболивать 1,698970 0,001037
продаваться 1,698970 0,001037
рецепт 0,958607 0,000585
превращать 1,397940 0,000853
официальный 0,537602 0,000492
наркоман 1,698970 0,001037
минздрав 1,698970 0,001037
давно 0,769551 0,000470
обсуждать 0,886057 0,000541
маркировка 1,301030 0,000794
медпрепарат 1,698970 0,001037
нельзя 0,795880 0,000486
садиться 1,397940 0,000853
руль 1,045757 0,000638
упаковка 1,698970 0,001555
появиться 0,721246 0,000440
вместе 0,744727 0,000454
ужесточение 1,698970 0,001037
наказание 0,958607 0,000877
вождение 1,397940 0,000853
воздействие 1,397940 0,000853
перемена 1,000000 0,000610
завтрашний 1,698970 0,001037
называть 1,000000 0,000610
устойчивый 1,522879 0,000929
можно 0,420216 0,000385
оформить 1,154902 0,000705
дтпа 1,301030 0,000794
бланк 1,522879 0,000929
выдача 1,522879 0,000929
микрокредит 1,698970 0,001037
туристический 1,698970 0,001037
фирма 1,397940 0,000853
запретить 0,619789 0,000567
заниматься 0,886057 0,000541
паломнический 1,698970 0,001037
тур 1,301030 0,000794
кокорин 1,522879 0,000929
мамаев 1,522879 0,000929
выйти 0,568636 0,000520
свобода 0,853872 0,000521
сколько 0,769551 0,000704
школа 0,552842 0,000506
разный 0,677781 0,000414
среднее 1,301030 0,000794
собрать 0,958607 0,000585
доллар 0,698970 0,000426
обстоять 1,698970 0,001037
деть 0,920819 0,000562
сша 0,508638 0,000776
швейцария 1,221849 0,000745
китай 0,721246 0,000440
робот 0,958607 0,000877
boston 1,698970 0,001037
dynamics 1,698970 0,001037
выдержать 1,698970 0,001037
конкуренция 1,698970 0,001037
федор 1,397940 0,000853
шапокляк 1,698970 0,001037
либерал 1,522879 0,000929
вот 0,677781 0,000414
оно 0,397940 0,000243
наш 0,309804 0,000378
лето 0,853872 0,000521
британский 1,000000 0,000610
полиция 1,045757 0,000638
рука 0,677781 0,000414
кремль 0,769551 0,000470
дело 0,481486 0,000441
скрипалый 1,698970 0,001037
бориска 1,698970 0,001037
царство 1,397940 0,000853
рогозин 1,522879 0,000929
жигули 1,522879 0,000929
запустить 1,045757 0,000638
космос 0,958607 0,000585
порошенко 1,698970 0,001037
v 0,795880 0,000728
зеленский 0,886057 0,000811
файт 1,698970 0,001037
синоптик 1,397940 0,000853
пообещать 1,301030 0,000794
майский 0,886057 0,000541
погода 1,096910 0,001004
пятница 0,886057 0,001622
аномально 1,698970 0,001037
теплый 1,397940 0,000853
ожидаться 1,154902 0,000705
гинцбург 1,522879 0,000929
назальный 1,221849 0,000745
гражданский 0,920819 0,000562
оборот 1,221849 0,000745
воз 1,522879 0,000929
поставить 0,823909 0,000503
пауза 1,522879 0,000929
регистрация 0,408935 0,000374
спутник 1,397940 0,000853
свой 0,301030 0,000276
провокация 0,823909 0,000503
буча 0,920819 0,000562
организатор 1,301030 0,000794
угроза 0,958607 0,000585
уговор 1,698970 0,001037
талант 0,920819 0,000843
одарить 1,698970 0,001037
уголок 1,221849 0,000745
шоу 0,508638 0,000466
мень 0,657577 0,000602
детство 0,920819 0,000562
разлучить 1,522879 0,000929
сестра 0,795880 0,000486
поздний 0,886057 0,000541
удочерить 1,698970 0,001037
состояться 0,920819 0,000562
долгожданный 1,522879 0,000929
захар 1,522879 0,001394
прилепин 1,522879 0,001394
урок 0,958607 0,000877
писатель 0,721246 0,000440
вера 0,958607 0,000585
поесть 1,698970 0,001555
федерико 1,522879 0,000929
арнальдить 1,698970 0,001037
домбай 1,698970 0,001037
забраться 1,698970 0,001037
головокружительный 1,698970 0,001037
высота 1,301030 0,000794
насладиться 1,522879 0,000929
кавказский 1,301030 0,000794
застолье 1,698970 0,001037
главный 0,346787 0,000423
дорогой 0,744727 0,000682
коварный 1,301030 0,000794
подсветка 1,698970 0,001037
способ 0,721246 0,000660
пьяный 1,045757 0,000638
суббота 1,045757 0,002233
живать 1,301030 0,001191
еда 1,045757 0,000957
распознать 1,522879 0,000929
фальшивый 1,522879 0,000929
полезный 0,769551 0,000470
вкусный 1,397940 0,000853
оленина 1,698970 0,001037
квартирный 1,698970 0,001555
превратить 1,301030 0,000794
кухня 1,154902 0,000705
островок 1,698970 0,001037
зеленить 1,698970 0,001037
однажды 0,920819 0,000843
счастье 0,769551 0,000470
иван 0,619789 0,000378
колесников 1,522879 0,000929
интервью 0,522879 0,000319
александра 0,443697 0,000271
яковлев 1,000000 0,000610
любаша 1,698970 0,001037
двигатель 1,397940 0,000853
след 1,000000 0,001220
монстр 1,045757 0,000957
подмосковный 1,397940 0,000853
маньяк 1,154902 0,000705
избегать 1,522879 0,000929
правосудие 1,397940 0,000853
фильм 0,431798 0,000263
цикл 0,958607 0,000585
следствие 1,045757 0,000957
велеть 1,698970 0,001555
жестокий 1,154902 0,000705
саратовский 1,698970 0,001037
кома 0,958607 0,000585
помешать 1,301030 0,000794
помочь 0,537602 0,000328
поймать 1,301030 0,000794
преступник 1,096910 0,000669
секрет 0,721246 0,000880
блестящий 1,096910 0,000669
ксения 1,096910 0,000669
новиков 1,397940 0,000853
терпеть 1,522879 0,000929
издевательство 1,698970 0,001037
муж 0,958607 0,000585
едва 1,522879 0,000929
лишиться 1,221849 0,000745
дом 0,356547 0,000218
субботун 1,698970 0,001037
ты 0,602060 0,000551
поверить 1,045757 0,000957
наташа 1,221849 0,000745
королев 1,000000 0,000610
рождение 0,602060 0,000367
эвелина 1,301030 0,000794
бледанс 1,522879 0,000929
опасный 0,744727 0,000454
красота 0,721246 0,000440
ирина 0,823909 0,000503
безруков 1,221849 0,000745
центральный 0,920819 0,000843
телевидение 1,301030 0,001191
вплоть 1,522879 0,000929
дефолт 1,221849 0,000745
раскол 1,522879 0,000929
единство 1,301030 0,000794
транспортный 1,301030 0,000794
блокада 1,221849 0,000745
калининград 0,920819 0,000562
техника 1,045757 0,000957
ферма 1,522879 0,000929
лечебный 1,698970 0,001037
тапочки 1,698970 0,001037
реальный 0,853872 0,000521
польза 1,154902 0,000705
фунготерапия 1,698970 0,001037
воскресенье 1,301030 0,001984
дачный 1,397940 0,001279
инк 1,698970 0,001037
отправить 0,619789 0,000378
мансарда 1,698970 0,001037
перу 1,397940 0,000853
потреба 1,698970 0,001555
надзор 0,619789 0,000756
зарабатывать 1,221849 0,000745
владелец 1,154902 0,000705
торговый 0,958607 0,000585
сеть 0,443697 0,000271
завод 0,958607 0,000585
хватать 1,301030 0,000794
предвидеть 1,522879 0,000929
пророчество 1,522879 0,000929
завещание 1,221849 0,000745
сослаться 1,301030 0,001191
легендарный 0,853872 0,000521
обладатель 1,301030 0,000794
хрустальный 1,698970 0,001037
сова 1,397940 0,000853
гранить 1,221849 0,000745
нищета 1,301030 0,000794
маска 0,823909 0,000754
сцена 0,958607 0,000585
начинаться 1,154902 0,000705
титан 1,221849 0,000745
морской 1,000000 0,000915
дьявол 1,301030 0,001191
боевик 0,886057 0,000541
дальний 1,154902 0,000705
рубеж 0,958607 0,000585
полицейский 1,221849 0,001118
братство 1,397940 0,001279
всегда 0,657577 0,000401
готовый 0,744727 0,000454
тряхнуть 1,698970 0,001037
старина 1,698970 0,001037
премьер 0,638272 0,000389
тег 1,221849 0,000745
армия 0,657577 0,000602
спецоперация 0,657577 0,000602
спас 1,698970 0,001555
раненый 1,698970 0,001555
товарищ 1,698970 0,001555
гореть 1,154902 0,001057
танк 1,045757 0,000957
эвакуировать 1,154902 0,001057
херсонский 1,154902 0,001057
крым 0,920819 0,000843
флот 1,301030 0,000794
разработчик 1,096910 0,000669
россграм 1,698970 0,001037
интерфейс 1,301030 0,000794
соцсеть 0,721246 0,000440
сми 0,468521 0,001001
meta 1,301030 0,000794
территория 0,795880 0,000486
организация 0,769551 0,000470
роскомнадзор 0,698970 0,000640
ограничить 1,397940 0,000853
доступ 0,920819 0,000562
euronews 1,522879 0,000929
юрист 1,154902 0,000705
разблокировать 1,522879 0,000929
покупка 0,853872 0,000521
авиация 1,154902 0,000705
расширить 1,045757 0,000638
полетный 1,698970 0,001037
сочить 0,920819 0,000562
улететь 1,698970 0,001037
каир 1,698970 0,001037
тель 1,221849 0,000745
авив 1,221849 0,000745
анталья 1,698970 0,001037
экспортный 1,522879 0,000929
отношение 0,481486 0,000294
аэрофлот 1,698970 0,001037
utair 1,698970 0,001037
azur 1,698970 0,001037
air 1,397940 0,000853
мишустин 0,886057 0,000541
срок 0,886057 0,000541
полный 0,522879 0,000319
узел 1,698970 0,001037
агрегат 1,698970 0,001037
мс 1,397940 0,000853
аккаунт 1,045757 0,000638
twitter 0,769551 0,000470
vk 1,096910 0,000669
одноклассник 0,744727 0,000454
telegram 0,744727 0,000454
youtube 0,721246 0,000440
rutube 1,096910 0,000669
компания 0,443697 0,000271
вакансия 0,657577 0,000401
логотип 1,301030 0,000794
тематический 1,522879 0,000929
канал 0,508638 0,000310
ao 1,698970 0,001037
телекомпания 1,522879 0,001394
защитить 0,552842 0,000337
использование 0,408935 0,000250
материал 0,292430 0,000178
ссылка 0,698970 0,000426
сайт 0,173925 0,000159
гиперссылка 1,045757 0,000638
www 0,698970 0,000640
ntv 1,698970 0,004665
обязательный 0,886057 0,000541
использовать 0,568636 0,000347
настоящий 0,795880 0,000486
обязываться 1,698970 0,001037
выполнять 1,221849 0,000745
соглашение 0,443697 0,000271
сетевой 0,585027 0,001071
издание 0,468521 0,000858
зарегистрировать 0,619789 0,000378
федеральный 0,508638 0,000310
служба 0,431798 0,000263
сфера 0,537602 0,000328
связь 0,309804 0,000189
информационный 0,481486 0,000294
технология 0,408935 0,000250
коммуникация 0,568636 0,000347
средство 0,920819 0,000562
информация 0,327902 0,000200
эл 0,494850 0,000302
фс 0,522879 0,000319
ть 0,552842 0,000337
название 1,000000 0,000610
учредитель 0,657577 0,000401
соучредитель 1,397940 0,000853
акционерный 1,522879 0,000929
общество 0,468521 0,000286
редактор 0,508638 0,000310
демков 1,698970 0,001037
номер 0,795880 0,000486
телефон 0,568636 0,000347
редакция 0,366532 0,000335
адрес 0,537602 0,000328
электронный 0,619789 0,000378
почта 0,602060 0,000367
