div 1,000000 0,000553
img 0,795880 0,000881
src 0,795880 0,000881
https 0,721246 0,000798
mc 1,000000 0,001107
yandex 0,958607 0,001061
ru 0,180456 0,000200
watch 0,958607 0,001061
style 0,823909 0,000912
position 0,853872 0,000945
absolute 0,958607 0,001061
left 0,958607 0,001061
px 0,920819 0,001019
alt 0,886057 0,000981
издательский 1,045757 0,001736
платформа 0,853872 0,006143
лита 1,221849 0,013524
рес 1,301030 0,014400
самиздат 1,397940 0,019341
бесплатный 0,853872 0,001418
издательство 0,958607 0,004244
электронный 0,619789 0,003087
книга 0,552842 0,012544
издать 1,221849 0,001352
свой 0,301030 0,001999
онлайн 0,387216 0,000429
перейти 0,744727 0,000824
контент 1,045757 0,001157
страница 0,619789 0,000686
блог 0,795880 0,001321
статус 1,096910 0,001214
услуга 1,045757 0,002315
премия 0,677781 0,002626
войти 0,468521 0,000519
зарегистрироваться 1,000000 0,003874
показать 0,522879 0,000579
меню 0,886057 0,000981
для 0,107905 0,001075
тот 0,376751 0,002293
кто 0,346787 0,000384
написать 0,619789 0,001715
или 0,292430 0,000647
только 0,283997 0,001100
мечтать 1,045757 0,001157
публикация 0,769551 0,002981
крупный 0,744727 0,001649
книжный 1,045757 0,001157
сеть 0,443697 0,001473
партнер 0,619789 0,001029
миллион 0,537602 0,000595
читатель 0,823909 0,003648
ежемесячно 1,698970 0,001880
подробный 0,657577 0,003639
статистик 1,045757 0,002315
скачивание 1,522879 0,001686
ваш 0,431798 0,002390
роялти 1,698970 0,001880
каждый 0,552842 0,001224
продажа 0,657577 0,001456
автоматический 1,698970 0,001880
продвижение 1,154902 0,001278
счет 0,853872 0,000945
стать 0,301030 0,001000
автор 0,522879 0,006366
любой 0,420216 0,001395
формат 0,920819 0,003058
жанр 0,853872 0,000945
выкладывать 1,301030 0,001440
процесс 1,221849 0,001352
написание 1,221849 0,002705
черновик 1,522879 0,002528
публиковать 1,221849 0,002705
новое 0,214670 0,000475
создать 0,619789 0,001372
ранее 0,958607 0,001061
продавать 1,096910 0,001821
печатный 1,522879 0,002528
версия 0,522879 0,000579
вебинара 1,397940 0,003094
подать 1,221849 0,006086
заявка 1,154902 0,005752
дизайн 0,920819 0,001529
обложка 1,154902 0,006391
профессиональный 0,958607 0,002122
дизайнер 1,221849 0,002029
мы 0,229148 0,000888
разработать 1,000000 0,001660
уникальный 0,744727 0,001236
который 0,236572 0,001702
привлечь 1,154902 0,002557
заказать 1,301030 0,003600
легкий 1,096910 0,001214
старт 1,096910 0,001214
начинающий 1,154902 0,001278
писатель 0,721246 0,002395
изучить 1,301030 0,001440
наш 0,309804 0,001200
база 1,096910 0,001214
знанье 1,522879 0,002528
где 0,455932 0,001009
весь 0,107905 0,000717
доходчиво 1,698970 0,001880
подписаться 0,677781 0,000750
обучать 1,522879 0,001686
рассылка 0,769551 0,000852
найти 0,356547 0,000395
поддержка 0,537602 0,001785
другой 0,356547 0,001184
группа 0,823909 0,000912
социальный 0,522879 0,000868
очень 0,568636 0,001888
хороший 0,408935 0,000905
сервис 0,537602 0,006843
нужный 0,552842 0,001836
понятно 1,301030 0,002880
удобно 1,221849 0,004057
адекватный 1,698970 0,003761
технический 0,853872 0,001890
помогать 0,823909 0,001824
подсказывать 1,397940 0,003094
оперативно 1,522879 0,005057
заметно 1,698970 0,003761
что 0,161151 0,001338
развиваться 1,221849 0,002705
совершенствоваться 1,698970 0,003761
никита 1,096910 0,002428
гузить 1,698970 0,003761
мень 0,657577 0,002547
литрес 1,698970 0,006582
стартовый 1,698970 0,002821
площадка 1,154902 0,004474
творчество 0,958607 0,001591
я 0,346787 0,006141
детство 0,920819 0,001529
любить 0,537602 0,000893
фантастика 0,853872 0,001418
даже 0,602060 0,001000
пытаться 0,744727 0,001236
там 0,769551 0,001278
писать 0,744727 0,001236
сам 0,721246 0,001197
не 0,136677 0,000832
нравиться 1,045757 0,001736
результат 0,698970 0,001934
когда 0,397940 0,000661
глаз 0,886057 0,001471
попасться 1,397940 0,002321
понять 0,769551 0,002129
этот 0,173925 0,001829
собственно 1,698970 0,002821
именно 0,823909 0,001368
появиться 0,721246 0,001197
возможность 0,537602 0,002380
опубликовать 0,494850 0,002465
собственный 0,795880 0,001321
произведение 0,721246 0,001597
миновать 1,698970 0,002821
долгий 1,154902 0,001917
утомительный 1,522879 0,002528
стадий 1,397940 0,002321
общение 0,920819 0,001529
толчок 1,397940 0,002321
первый 0,346787 0,001343
план 0,769551 0,001278
давно 0,769551 0,001278
крутиться 1,522879 0,002528
мой 0,619789 0,003087
голова 1,096910 0,001821
мыть 0,698970 0,001934
взгляд 0,853872 0,001418
независимый 1,154902 0,001917
такой 0,397940 0,001321
отличный 1,154902 0,002557
способ 0,721246 0,001197
проверить 0,721246 0,001197
себя 0,397940 0,000661
дело 0,481486 0,001332
макса 1,045757 0,001736
глебов 1,522879 0,002528
серия 0,744727 0,001236
бригадный 1,698970 0,002821
генерал 1,221849 0,002029
хотеть 0,387216 0,002143
сказать 0,795880 0,002202
огромный 0,721246 0,001996
спасибо 1,000000 0,002767
помощь 0,481486 0,001599
работать 0,431798 0,002151
много 0,301030 0,000666
включать 1,096910 0,001821
нигде 1,698970 0,002821
быть 0,161151 0,000713
отношение 0,481486 0,001332
оперативность 1,698970 0,002821
человеческий 1,000000 0,001660
татьяна 0,853872 0,001418
векшин 1,698970 0,002821
поблагодарить 1,522879 0,002528
работа 0,431798 0,001912
вчера 0,920819 0,001529
прошлый 0,744727 0,002061
модерация 1,522879 0,003371
выложить 1,522879 0,002528
романа 0,585027 0,000971
ни 0,698970 0,001160
раз 0,638272 0,002826
потрепать 1,698970 0,002821
нерв 1,522879 0,002528
впервые 0,744727 0,001236
публиковаться 1,301030 0,002880
думать 0,886057 0,001471
под 0,376751 0,000625
новый 0,244125 0,000405
год 0,236572 0,001047
прийтись 0,823909 0,001368
ждать 0,619789 0,001029
целый 1,000000 0,001660
вечность 1,522879 0,002528
пока 0,920819 0,001529
рассмотреть 1,301030 0,002160
техподдержка 1,154902 0,003196
просто 0,602060 0,002332
молниеносно 1,698970 0,002821
проблема 0,698970 0,001160
отображение 1,698970 0,002821
названье 1,698970 0,002821
глава 0,522879 0,000868
ответить 0,853872 0,001418
же 0,721246 0,001996
день 0,236572 0,000916
выслать 1,397940 0,002321
готовый 0,744727 0,001236
исправить 1,397940 0,002321
файл 0,920819 0,003058
текст 0,585027 0,001619
тут 0,853872 0,001418
смочь 0,537602 0,001190
залить 1,698970 0,002821
уже 0,568636 0,001573
ошибка 0,677781 0,001500
вау 1,698970 0,002821
еще 0,327902 0,000726
попросить 1,154902 0,001917
указать 1,000000 0,001660
информация 0,327902 0,000544
авторские 1,045757 0,001736
право 0,292430 0,000809
сделать 0,657577 0,001092
они 0,309804 0,000857
развернуть 1,221849 0,002029
инструкция 1,154902 0,001917
опубликоваться 1,698970 0,002821
впечатление 1,221849 0,002029
приятный 1,096910 0,001821
наталья 0,795880 0,001321
марков 1,397940 0,002321
начать 0,508638 0,001126
осваивать 1,698970 0,002821
конец 0,657577 0,001092
гый 1,397940 0,003868
советовать 1,000000 0,001660
коллега 1,154902 0,001917
как 0,187087 0,000518
удобный 0,920819 0,001529
энергично 1,698970 0,002821
развивающийся 1,698970 0,002821
вынос 1,698970 0,002821
мозг 1,096910 0,001821
знающий 1,522879 0,002528
человек 0,259637 0,000575
чем 0,387216 0,001071
январь 0,886057 0,001471
да 0,494850 0,002191
пройти 0,677781 0,001500
вот 0,677781 0,001125
процедура 1,397940 0,003868
фотографирование 1,698970 0,002821
паспорт 1,221849 0,002029
заполнение 1,522879 0,002528
форма 0,795880 0,002202
таблица 1,301030 0,002160
многий 1,096910 0,001821
пугать 1,154902 0,001917
знать 0,494850 0,000822
совершить 1,000000 0,001660
писательский 1,522879 0,002528
каминг 1,698970 0,002821
аут 1,698970 0,002821
куда 0,795880 0,001321
деваться 1,698970 0,002821
верно 1,698970 0,002821
неизменный 1,397940 0,002321
плюс 1,154902 0,003196
отнести 1,698970 0,002821
удобство 1,698970 0,002821
дальнейший 1,045757 0,001736
предельно 1,397940 0,002321
простой 0,795880 0,001321
доступный 0,958607 0,001591
грамотно 1,522879 0,002528
можно 0,420216 0,000930
задавать 1,221849 0,002705
оно 0,397940 0,001101
вопрос 0,420216 0,001163
уточнять 1,698970 0,002821
долго 0,958607 0,001591
висеть 1,522879 0,002528
обработка 0,853872 0,001418
несомненный 1,698970 0,002821
являться 0,721246 0,001197
прозрачный 1,698970 0,002821
обновляться 1,397940 0,002321
несколько 0,744727 0,001236
отслеживать 1,397940 0,002321
внешний 1,045757 0,001736
реклама 0,259637 0,000718
сразу 0,795880 0,001321
видно 1,522879 0,002528
какой 0,337242 0,000747
а 0,221849 0,000614
слить 1,698970 0,002821
бюджет 1,301030 0,002160
ну 1,045757 0,001736
дополнительный 0,853872 0,001418
бонус 1,522879 0,002528
конкурс 0,568636 0,002203
литературный 0,795880 0,001321
буква 1,301030 0,002160
детский 0,619789 0,001029
юношеский 1,698970 0,002821
проза 0,958607 0,001591
хай 1,397940 0,002321
концепт 1,397940 0,002321
обитание 1,397940 0,002321
иза 0,167491 0,000371
освещаться 1,698970 0,002821
выйти 0,568636 0,000944
опубликование 1,698970 0,002821
эксмо 1,522879 0,002528
аста 1,397940 0,002321
сотрудничать 1,698970 0,002821
сильно 1,045757 0,001736
отличать 1,397940 0,002321
аналогичный 1,221849 0,002029
есть 0,508638 0,000844
сравнивать 1,522879 0,002528
евгений 0,795880 0,001321
кретовый 1,698970 0,002821
победитель 0,853872 0,001418
сезон 0,568636 0,000944
печать 1,221849 0,002029
тираж 1,522879 0,002528
вы 0,301030 0,001499
рука 0,677781 0,000750
доставка 1,397940 0,001547
прямо 0,958607 0,001061
типография 1,698970 0,001880
корректура 1,698970 0,001880
проверка 0,853872 0,001418
рукопись 1,397940 0,001547
предмет 1,096910 0,001214
грамматический 1,522879 0,001686
пунктуационный 1,698970 0,001880
орфографический 1,522879 0,001686
чтобы 0,408935 0,000453
узнать 0,698970 0,000774
она 0,356547 0,000395
верстка 1,522879 0,001686
помочь 0,537602 0,001190
подготовить 1,221849 0,001352
учитывать 1,698970 0,001880
особенность 1,154902 0,001278
разный 0,677781 0,000750
устройство 1,000000 0,001107
аннотация 1,522879 0,001686
копирайтер 1,698970 0,001880
персональный 0,619789 0,000686
помощник 1,096910 0,001214
загрузить 0,958607 0,001061
быстро 1,221849 0,001352
редактура 1,522879 0,001686
редактор 0,508638 0,000563
довести 1,522879 0,001686
совершенство 1,698970 0,001880
часто 1,221849 0,001352
мочь 0,236572 0,000916
ли 0,387216 0,000857
использовать 0,568636 0,000629
легко 1,045757 0,001157
достаточно 1,522879 0,001686
распространить 1,154902 0,001278
docx 1,522879 0,001686
регистрироваться 1,301030 0,001440
сайт 0,173925 0,000193
проходить 0,721246 0,000798
идентификация 1,522879 0,001686
выставлять 1,522879 0,001686
язык 0,568636 0,001259
принимать 0,886057 0,001471
никакой 0,920819 0,001019
языковой 1,698970 0,001880
ограничение 0,920819 0,001019
существовать 1,045757 0,001157
миро 0,337242 0,000373
вместе 0,744727 0,000824
тем 0,920819 0,001019
обращать 1,221849 0,001352
внимание 0,769551 0,000852
срок 0,886057 0,000981
русский 0,318759 0,000353
увеличить 1,301030 0,001440
друг 0,494850 0,000548
знакомый 1,096910 0,001214
родственник 1,154902 0,001278
т 1,045757 0,001157
действительно 1,154902 0,001278
тома 0,522879 0,000868
случай 0,568636 0,000629
получить 0,420216 0,000465
письменный 0,958607 0,001061
правило 0,769551 0,000852
договор 1,154902 0,002557
подпись 1,522879 0,001686
оба 1,000000 0,001107
сторона 0,886057 0,000981
наличие 1,522879 0,001686
подтверждать 1,221849 0,001352
документ 0,744727 0,001236
удостовериться 1,698970 0,001880
обладать 1,154902 0,001278
необходимый 1,000000 0,001107
следовательно 1,698970 0,001880
вынудить 1,045757 0,001157
отказать 1,522879 0,001686
гражданин 0,769551 0,000852
страна 0,387216 0,000429
конечный 1,221849 0,001352
проект 0,259637 0,000287
международный 0,508638 0,000563
уровень 0,886057 0,000981
проживать 1,698970 0,001880
точка 0,585027 0,000648
земной 1,301030 0,001440
шар 1,397940 0,001547
цифра 1,096910 0,001214
говорить 0,537602 0,000595
хорошо 0,823909 0,000912
бесплатно 0,958607 0,001061
заработать 1,045757 0,001157
ежедневно 1,301030 0,001440
москва 0,292430 0,000324
контакт 0,387216 0,000429
регистрация 0,408935 0,000453
вход 0,602060 0,000666
личный 0,657577 0,000728
кабинет 0,920819 0,001019
баз 1,045757 0,001157
первое 0,721246 0,000798
шаг 1,045757 0,001157
частый 1,397940 0,001547
лицензионный 1,522879 0,001686
оферта 1,397940 0,001547
оказание 1,522879 0,001686
политик 0,366532 0,000406
конфиденциальность 0,698970 0,000774
