телеканал 0,585027 0,003668
карусель 1,522879 0,014322
официальный 0,537602 0,001685
сайт 0,173925 0,000818
смотреть 0,443697 0,002086
детский 0,619789 0,001943
передача 0,795880 0,007485
бесплатно 0,958607 0,003005
хороший 0,408935 0,001282
качество 0,795880 0,002495
div 1,000000 0,003135
img 0,795880 0,002495
src 0,795880 0,002495
https 0,721246 0,002261
mc 1,000000 0,003135
yandex 0,958607 0,003005
ru 0,180456 0,000566
watch 0,958607 0,003005
style 0,823909 0,002583
position 0,853872 0,002677
absolute 0,958607 0,003005
left 0,958607 0,003005
px 0,920819 0,002887
alt 0,886057 0,002778
телепрограмма 0,853872 0,005353
новость 0,161151 0,002526
видео 0,327902 0,003598
игра 0,585027 0,011921
афиша 0,795880 0,006237
читалка 1,698970 0,010652
конкурс 0,568636 0,004456
искать 0,698970 0,002191
веселый 1,221849 0,003830
семью 1,154902 0,003620
для 0,107905 0,001353
участие 0,677781 0,002125
шоу 0,508638 0,002392
семья 0,552842 0,004333
событие 0,455932 0,002144
день 0,236572 0,000742
российский 0,229148 0,000718
анимация 1,154902 0,003620
апрель 0,275724 0,000864
тест 0,602060 0,004718
кто 0,346787 0,003261
вы 0,301030 0,002359
иза 0,167491 0,001313
мультсериал 1,522879 0,014322
супер 1,221849 0,005745
сегодня 0,443697 0,001391
эфир 0,537602 0,001685
подробный 0,657577 0,032982
гимн 1,698970 0,005326
новое 0,214670 0,001009
весь 0,107905 0,001353
простой 0,795880 0,007485
выпуск 0,698970 0,007669
декоративный 1,522879 0,004774
подставка 1,698970 0,005326
телефон 0,568636 0,001783
навигатор 1,522879 0,011935
что 0,161151 0,000505
хотеть 0,387216 0,001214
знать 0,494850 0,001551
бояться 1,000000 0,003135
спросить 1,154902 0,003620
сезон 0,568636 0,001783
три 0,522879 0,004917
кот 0,958607 0,009015
гонка 1,154902 0,003620
скейт 1,698970 0,007989
динамичный 1,698970 0,005326
красивый 0,958607 0,004508
бесплатный 0,853872 0,002677
реакция 1,221849 0,003830
коржик 1,698970 0,005326
карамелька 1,698970 0,005326
компот 1,698970 0,005326
а 0,221849 0,000695
другой 0,356547 0,002235
персонаж 1,045757 0,008196
мультфильм 0,920819 0,004330
кататься 1,698970 0,005326
скейтборд 1,698970 0,005326
самый 0,251812 0,001579
быстрый 1,000000 0,003135
внимательный 1,397940 0,004382
мощный 1,301030 0,004078
давать 0,920819 0,002887
рисовать 1,154902 0,005431
учиться 1,045757 0,003278
развивать 1,301030 0,006118
свой 0,301030 0,000944
творческий 1,000000 0,003135
способность 1,221849 0,003830
использовать 0,568636 0,001783
два 0,346787 0,001087
режим 0,958607 0,003005
свободный 0,853872 0,002677
рисование 1,397940 0,004382
раскрашивание 1,698970 0,005326
загрузить 0,958607 0,003005
картинка 1,000000 0,006270
или 0,292430 0,002750
фотография 0,795880 0,002495
свинка 1,698970 0,007989
пепп 1,698970 0,007989
грязный 1,397940 0,006573
лужа 1,698970 0,010652
идти 0,657577 0,002061
прогулка 1,096910 0,003439
свое 0,455932 0,001429
резиновый 1,522879 0,004774
сапог 1,301030 0,004078
помочь 0,537602 0,001685
запрыгивать 1,698970 0,005326
нажимать 1,301030 0,004078
клавиша 1,698970 0,005326
пробел 1,698970 0,005326
зарабатывать 1,221849 0,003830
дополнительный 0,853872 0,002677
очко 1,154902 0,003620
собирать 1,154902 0,005431
шарик 1,698970 0,005326
не 0,136677 0,000428
пропускать 1,397940 0,004382
один 0,356547 0,002235
иначе 1,154902 0,003620
потерять 0,823909 0,002583
жизнь 0,318759 0,000999
закончиться 0,744727 0,002335
cut 1,698970 0,007989
rope 1,698970 0,007989
пазлой 1,698970 0,010652
красочный 1,522879 0,007161
мультик 1,301030 0,004078
интуитивный 1,698970 0,005326
интерфейс 1,301030 0,004078
подходить 1,221849 0,003830
ребенок 0,259637 0,000814
ха 0,657577 0,002061
лет 0,337242 0,001057
каталог 1,000000 0,007837
царевна 1,397940 0,004382
катить 1,301030 0,004078
эфа 1,698970 0,005326
куда 0,795880 0,002495
угодно 1,221849 0,003830
дверь 1,154902 0,003620
ералаш 1,522879 0,004774
трам 1,698970 0,005326
пам 1,698970 0,007989
турбозавр 1,698970 0,005326
студия 0,886057 0,002778
каляк 1,698970 0,005326
маляк 1,698970 0,005326
ми 1,698970 0,007989
мишка 1,397940 0,004382
енотка 1,698970 0,005326
съедобный 1,698970 0,005326
несъедобный 1,698970 0,005326
верить 0,958607 0,003005
нет 0,537602 0,001685
каверзный 1,698970 0,005326
вопрос 0,420216 0,001317
животное 0,886057 0,002778
угадать 1,301030 0,004078
долина 1,301030 0,004078
мумить 1,698970 0,005326
тролль 1,301030 0,004078
разгадать 1,698970 0,005326
весенний 1,045757 0,003278
анаграмма 1,698970 0,005326
девочка 0,823909 0,002583
отгадать 1,698970 0,007989
кадр 0,823909 0,003874
опрос 1,000000 0,003135
смешарик 1,522879 0,004774
ваш 0,431798 0,001354
любимый 0,744727 0,002335
мальчик 0,698970 0,002191
внимательно 1,522879 0,004774
ли 0,387216 0,001214
подписаться 0,677781 0,003187
наш 0,309804 0,000971
главное 0,327902 0,001028
герой 0,552842 0,001733
канал 0,508638 0,001594
реклама 0,259637 0,000814
документ 0,744727 0,002335
дайджест 1,221849 0,007660
программа 0,420216 0,001317
фильм 0,431798 0,001354
сериал 0,494850 0,001551
телешоу 1,698970 0,005326
соединить 1,522879 0,004774
точка 0,585027 0,001834
развлекательный 1,301030 0,004078
головоломка 1,301030 0,004078
бренд 0,769551 0,002412
концерт 0,958607 0,003005
театр 0,657577 0,002061
цирк 1,301030 0,004078
выставка 0,769551 0,002412
экскурсия 1,096910 0,003439
премьера 1,000000 0,003135
кастинг 1,096910 0,003439
плейлист 1,522879 0,004774
видеоблог 1,698970 0,005326
видеокаталог 1,698970 0,005326
ао 0,795880 0,002495
право 0,292430 0,000917
защитить 0,552842 0,001733
полный 0,522879 0,001639
частичный 1,301030 0,004078
копирование 1,045757 0,003278
материал 0,292430 0,000917
запретить 0,619789 0,001943
поиск 0,387216 0,002428
осуществление 1,522879 0,004774
дать 0,721246 0,002261
действие 0,823909 0,002583
необходимо 0,920819 0,002887
войти 0,468521 0,002203
зарегистрироваться 1,000000 0,003135
закрыть 0,698970 0,002191
выбрать 0,568636 0,001783
раздел 1,000000 0,003135
любой 0,420216 0,001317
найти 0,356547 0,001118
отмена 1,096910 0,003439
