проза 1,096910 0,007169
ру 0,744727 0,006814
авторы 0,823909 0,007539
произведения 0,823909 0,006462
рецензии 0,920819 0,003611
поиск 0,494850 0,001941
магазин 0,795880 0,003121
портале 1,221849 0,009583
вход 0,619789 0,002431
для 0,107905 0,000423
авторов 0,920819 0,004815
российский 0,619789 0,001620
литературный 1,154902 0,003019
портал 0,769551 0,004024
предоставляющий 1,522879 0,003981
авторам 1,154902 0,007548
возможность 0,721246 0,002828
свободной 1,301030 0,005102
публикации 0,823909 0,004308
произведений 0,853872 0,007813
подробнее 0,677781 0,006202
сегодняшний 1,522879 0,003981
день 0,522879 0,001367
апреля 0,283997 0,000742
года 0,356547 0,001864
опубликовано 1,301030 0,003401
текстов 1,397940 0,003655
колонка 1,154902 0,003019
редактора 1,096910 0,002868
выбор 0,698970 0,001827
редакции 0,443697 0,001160
портала 1,221849 0,004792
ты 0,698970 0,001827
была 0,744727 0,001947
моей 1,000000 0,002614
жизни 0,431798 0,001129
мария 0,698970 0,001827
купчинова 1,698970 0,004442
режиме 1,301030 0,003401
ожидания 1,698970 0,004442
дина 1,301030 0,005102
иванова 1,397940 0,005482
внеплановый 1,698970 0,004442
отпуск 1,096910 0,002868
из 0,167491 0,001095
заполярья 1,698970 0,004442
леонид 0,958607 0,002506
свиягин 1,698970 0,004442
бессонница 1,698970 0,004442
сергей 0,468521 0,003062
свидерский 1,698970 0,004442
шар 1,698970 0,004442
мироздания 1,698970 0,004442
людмила 0,920819 0,002407
семенова 1,397940 0,003655
танго 1,698970 0,004442
ольга 0,769551 0,004024
остроумова 1,698970 0,004442
штирия 1,698970 0,004442
австрийские 1,698970 0,004442
мотивы 1,698970 0,004442
роза 1,397940 0,003655
салах 1,522879 0,003981
человечек 1,522879 0,003981
пособия 1,522879 0,003981
волшебству 1,698970 0,004442
эмануил 1,698970 0,004442
бланк 1,698970 0,004442
бог 1,096910 0,002868
любит 1,301030 0,003401
вас 0,721246 0,001886
юрий 0,795880 0,002081
милешин 1,698970 0,004442
дорога 1,045757 0,002734
школу 1,096910 0,002868
ирина 0,886057 0,003475
франц 1,301030 0,003401
украденный 1,698970 0,004442
месяц 0,744727 0,001947
хельга 1,698970 0,004442
кэрри 1,522879 0,003981
вторая 1,221849 0,003194
посадка 1,698970 0,004442
ганимед 1,698970 0,004442
макаров 1,698970 0,004442
юс 1,698970 0,004442
однажды 0,920819 0,002407
тридевятом 1,698970 0,004442
царстве 1,698970 0,004442
дарья 1,154902 0,003019
щедрина 1,698970 0,004442
приветом 1,522879 0,003981
прошлого 1,154902 0,003019
вальдес 1,698970 0,004442
мартинес 1,698970 0,004442
знание 1,397940 0,005482
ученика 1,522879 0,003981
учителя 1,154902 0,003019
игорь 0,823909 0,003231
муханов 1,698970 0,006663
персидская 1,698970 0,004442
сирень 1,698970 0,004442
тамара 1,698970 0,004442
коханская 1,698970 0,004442
запретная 1,698970 0,004442
музыка 0,677781 0,001772
суханова 1,698970 0,004442
жизнь 0,455932 0,001192
колесах 1,522879 0,003981
иоланта 1,522879 0,003981
сержантова 1,698970 0,004442
жилины 1,698970 0,004442
владимир 0,431798 0,001693
жестков 1,698970 0,004442
выпал 1,698970 0,004442
снег 1,154902 0,003019
светлана 1,045757 0,002734
смирнова 1,522879 0,003981
угощайтесь 1,698970 0,004442
александр 0,468521 0,001225
сергеевич 1,522879 0,003981
зоя 1,522879 0,003981
кудрявцева 1,522879 0,003981
рекомендуемые 1,397940 0,005482
публикуется 1,522879 0,003981
сейчас 0,481486 0,001259
них 0,769551 0,002012
сети 0,744727 0,002920
саша 1,154902 0,003019
тумп 1,698970 0,004442
юрьевна 1,698970 0,004442
ланская 1,698970 0,004442
иосиф 1,301030 0,003401
гальперин 1,698970 0,004442
наталья 0,853872 0,002232
гук 1,698970 0,004442
борис 0,769551 0,003018
алексеев 1,397940 0,003655
послушайте 1,522879 0,003981
бурлаченко 1,698970 0,004442
продолжение 1,000000 0,003922
списка 1,301030 0,005102
приглашают 1,397940 0,003655
добавить 1,096910 0,002868
ваше 0,853872 0,002232
имя 0,769551 0,002012
елена 0,769551 0,002012
грозовская 1,698970 0,004442
галина 1,301030 0,005102
гурьева 1,698970 0,004442
попович 1,698970 0,004442
пи 1,698970 0,004442
ноа 1,522879 0,003981
евгения 0,853872 0,002232
савва 1,698970 0,004442
рейтинг 0,853872 0,002232
ваши 1,154902 0,003019
позиции 1,301030 0,003401
рейтинге 1,301030 0,003401
россию 0,568636 0,001487
или 0,292430 0,000765
против 0,387216 0,001012
россии 0,251812 0,000658
диана 1,221849 0,004792
серебрякова 1,698970 0,006663
совсем 1,154902 0,003019
станиславскому 1,698970 0,004442
старости 1,221849 0,003194
лекарства 1,221849 0,003194
нет 0,537602 0,001405
размышления 1,522879 0,003981
олег 0,795880 0,002081
устинов 1,698970 0,004442
пожалейте 1,698970 0,004442
небензю 1,698970 0,004442
тамарин 1,698970 0,004442
перед 0,769551 0,002012
рассветом 1,522879 0,003981
сковала 1,698970 0,004442
душу 1,397940 0,003655
марина 0,958607 0,002506
репина 1,522879 0,003981
софьин 1,698970 0,004442
красавчик 1,698970 0,004442
валентина 1,045757 0,002734
забайкальская 1,698970 0,004442
записки 1,221849 0,003194
петр 1,000000 0,002614
кондратьев 1,698970 0,004442
любовью 1,397940 0,003655
любови 1,698970 0,004442
фан 1,301030 0,003401
бонн 1,698970 0,004442
дригайло 1,698970 0,004442
как 0,187087 0,000489
впервой 1,698970 0,004442
коварный 1,522879 0,003981
двавл 1,698970 0,004442
ваньку 1,698970 0,004442
сходу 1,522879 0,003981
охмуря 1,698970 0,004442
радимиров 1,698970 0,004442
полная 1,221849 0,003194
таблица 1,397940 0,003655
рейтинга 1,301030 0,003401
антология 1,221849 0,003194
русской 0,744727 0,002920
прозы 1,301030 0,005102
издательство 1,096910 0,002868
российского 0,698970 0,002741
союза 1,154902 0,004529
писателей 1,045757 0,004101
приступило 1,522879 0,003981
формированию 1,522879 0,003981
антологии 1,301030 0,005102
год 0,508638 0,003324
премия 0,958607 0,005012
писатель 0,958607 0,003759
открыт 1,221849 0,003194
конкурс 0,823909 0,003231
национальной 1,221849 0,003194
литературной 1,397940 0,003655
премии 0,823909 0,008616
наследие 1,045757 0,002734
проводится 1,301030 0,005102
соискание 1,522879 0,005972
торжественная 1,522879 0,003981
церемония 1,000000 0,002614
вручения 1,221849 0,003194
состоится 1,045757 0,004101
июне 1,397940 0,003655
русь 1,397940 0,003655
моя 0,886057 0,002316
прием 1,221849 0,004792
рукописей 1,522879 0,003981
итоги 0,823909 0,002154
будут 0,638272 0,001669
подведены 1,522879 0,003981
дню 0,958607 0,002506
рождения 0,677781 0,001772
сергея 0,920819 0,002407
есенина 1,301030 0,003401
георгиевская 1,397940 0,003655
лента 0,744727 0,001947
проходит 0,886057 0,002316
награждение 1,397940 0,003655
победителей 1,154902 0,003019
мая 0,795880 0,002081
канун 1,397940 0,003655
празднования 1,522879 0,003981
дня 0,443697 0,001160
победы 0,920819 0,002407
конкурсе 1,397940 0,003655
стихи 1,096910 0,002868
предоставляет 1,154902 0,003019
своих 0,657577 0,001719
литературных 1,397940 0,003655
интернет 0,522879 0,001367
основании 1,301030 0,006803
пользовательского 1,154902 0,003019
договора 1,397940 0,003655
все 0,124939 0,000490
авторские 1,096910 0,002868
права 0,431798 0,001693
принадлежат 1,096910 0,004302
охраняются 1,221849 0,003194
законом 1,522879 0,003981
перепечатка 1,301030 0,003401
возможна 1,397940 0,003655
только 0,283997 0,000742
согласия 1,000000 0,002614
его 0,346787 0,001360
автора 0,886057 0,002316
которому 1,221849 0,003194
вы 0,376751 0,001477
можете 0,769551 0,003018
обратиться 1,397940 0,003655
авторской 1,301030 0,003401
странице 1,045757 0,002734
ответственность 1,301030 0,003401
тексты 1,096910 0,002868
несут 1,397940 0,003655
самостоятельно 1,154902 0,003019
правил 0,958607 0,002506
законодательства 1,000000 0,002614
российской 0,585027 0,001529
федерации 0,744727 0,001947
данные 0,677781 0,001772
пользователей 0,823909 0,002154
обрабатываются 1,522879 0,003981
политики 1,000000 0,002614
обработки 0,958607 0,002506
персональных 0,769551 0,002012
данных 0,657577 0,001719
посмотреть 0,920819 0,002407
более 0,494850 0,001941
подробную 1,397940 0,003655
информацию 0,698970 0,001827
связаться 1,301030 0,003401
администрацией 1,522879 0,003981
ежедневная 1,397940 0,003655
аудитория 1,301030 0,003401
порядка 1,301030 0,003401
тысяч 0,744727 0,001947
посетителей 1,221849 0,004792
которые 0,431798 0,001129
общей 1,522879 0,003981
сумме 1,522879 0,003981
просматривают 1,522879 0,003981
полумиллиона 1,698970 0,004442
страниц 1,154902 0,003019
данным 1,221849 0,003194
счетчика 1,522879 0,003981
посещаемости 1,522879 0,003981
который 0,508638 0,001330
расположен 1,522879 0,003981
справа 1,397940 0,003655
этого 0,619789 0,001620
текста 1,045757 0,002734
каждой 1,221849 0,003194
графе 1,522879 0,003981
указано 1,522879 0,003981
две 0,657577 0,001719
цифры 1,221849 0,003194
количество 1,154902 0,004529
просмотров 1,221849 0,003194
работает 0,657577 0,001719
под 0,376751 0,000985
эгидой 1,221849 0,003194
