расписание 1,096910 0,025411
электричек 1,698970 0,032799
поездов 1,397940 0,026987
автобусов 1,698970 0,026239
самолетов 1,045757 0,012113
яндекс 0,619789 0,014358
расписания 1,698970 0,032799
билеты 1,000000 0,019305
войти 0,494850 0,003821
пригородного 1,698970 0,013119
междугородного 1,698970 0,013119
транспорта 1,301030 0,015070
любой 0,769551 0,005942
самолет 1,096910 0,008470
поезд 1,221849 0,018870
электричка 1,698970 0,013119
автобус 1,522879 0,011760
найти 0,508638 0,003928
сегоднязавтрана 1,698970 0,013119
все 0,124939 0,000965
дни 0,920819 0,007111
казань 0,823909 0,012724
апреля 0,283997 0,002193
пятница 1,154902 0,008918
местное 1,698970 0,013119
время 0,356547 0,002753
направления 1,301030 0,015070
арское 1,698970 0,013119
зеленодольское 1,698970 0,013119
аэропорт 1,522879 0,017640
электрички 1,698970 0,019679
восстание 1,698970 0,013119
пасс 1,698970 0,019679
восточный 1,397940 0,010795
автовокзал 1,698970 0,019679
центральный 1,397940 0,010795
популярные 0,744727 0,005751
из 0,167491 0,001940
казанив 1,698970 0,013119
ижевскв 1,698970 0,013119
москвув 1,698970 0,013119
нижний 0,853872 0,006594
новгородв 1,698970 0,013119
самарув 1,698970 0,013119
зеленодольск 1,698970 0,013119
казаньиз 1,698970 0,013119
москвыиз 1,698970 0,013119
нижнего 1,221849 0,009435
новгородаиз 1,698970 0,013119
ижевскаиз 1,698970 0,013119
самарыиз 1,698970 0,013119
санкт 0,769551 0,005942
петербурга 1,154902 0,008918
поиск 0,494850 0,005732
попутчиков 1,698970 0,013119
blablacar 1,698970 0,013119
маршруты 1,698970 0,013119
общественного 1,301030 0,010047
для 0,107905 0,001250
смартфона 1,397940 0,010795
автобусы 1,522879 0,017640
междугородние 1,698970 0,013119
авиабилеты 1,698970 0,013119
дешевых 1,397940 0,010795
авиабилетов 1,698970 0,013119
актуальное 1,397940 0,016192
яндексе 1,698970 0,013119
это 0,251812 0,001944
сервис 0,886057 0,006842
где 0,455932 0,005281
можно 0,420216 0,003245
узнать 1,000000 0,007722
теплоходов 1,698970 0,013119
паромов 1,698970 0,013119
а 0,221849 0,001713
выяснить 1,397940 0,010795
как 0,187087 0,001445
добраться 1,301030 0,010047
одного 0,769551 0,005942
пункта 1,522879 0,011760
другой 0,920819 0,007111
делать 0,920819 0,007111
пересадку 1,698970 0,013119
сколько 0,769551 0,005942
стоит 0,619789 0,004786
билет 1,096910 0,008470
перевозчиков 1,698970 0,013119
размещение 0,958607 0,007402
поездах 1,522879 0,011760
схемы 1,397940 0,010795
вагонов 1,397940 0,010795
условия 0,795880 0,006146
приобретения 1,522879 0,011760
электронных 1,096910 0,008470
билетов 1,154902 0,008918
поезда 1,301030 0,010047
информация 0,552842 0,004269
инструменты 1,397940 0,010795
информеры 1,698970 0,013119
станций 1,698970 0,013119
табло 1,522879 0,011760
аэропортов 1,698970 0,013119
печать 1,397940 0,010795
пользовательское 0,657577 0,005078
соглашение 0,619789 0,004786
партнеры 0,958607 0,007402
справка 1,096910 0,008470
обратная 0,585027 0,004518
связь 0,552842 0,004269
реклама 0,346787 0,002678
