телеканал 0,585027 0,005831
москва 0,292430 0,012144
доверие 1,522879 0,017708
прислать 1,397940 0,009289
видео 0,327902 0,004358
передача 0,795880 0,003966
контакт 0,387216 0,002573
как 0,187087 0,000932
смотреть 0,443697 0,002211
телепрограмма 0,853872 0,004255
лицо 0,537602 0,004465
канал 0,508638 0,004225
акция 0,823909 0,004106
медиа 0,769551 0,003835
m 1,096910 0,009111
ru 0,180456 0,001499
агентство 1,096910 0,005466
fm 1,221849 0,010148
радио 0,795880 0,003966
capital 1,522879 0,007589
новое 0,214670 0,000713
мир 0,387216 0,003859
антироссийский 0,886057 0,002944
санкция 0,537602 0,001786
мера 0,823909 0,002737
поддержка 0,537602 0,001786
новинка 0,677781 0,002252
вднх 1,698970 0,005644
covid 1,096910 0,005466
китай 0,721246 0,003594
звезда 0,552842 0,001837
советский 0,619789 0,003089
экран 0,958607 0,003185
беречься 1,522879 0,005059
автомобиль 0,698970 0,002322
эльдар 1,397940 0,004644
рязанов 1,522879 0,005059
погода 1,096910 0,003644
столица 0,920819 0,006118
тайна 0,920819 0,006118
кино 0,455932 0,001515
нина 1,221849 0,004059
русланов 1,698970 0,005644
николай 0,568636 0,001889
губенко 1,698970 0,005644
станислава 1,154902 0,003837
садальский 1,698970 0,005644
этот 0,173925 0,002022
наш 0,309804 0,005146
город 0,397940 0,003966
коммунальщик 1,698970 0,005644
начать 0,508638 0,001690
уборка 1,397940 0,006966
после 0,356547 0,001185
зима 1,301030 0,004322
эстрада 1,698970 0,005644
кто 0,346787 0,001152
запрещать 1,397940 0,004644
петь 1,154902 0,003837
майя 1,301030 0,004322
кристалинский 1,698970 0,005644
столичный 1,154902 0,005755
загс 1,522879 0,005059
подарить 1,096910 0,003644
молодожен 1,698970 0,005644
бесплатный 0,853872 0,002837
фотосессия 1,397940 0,004644
начаться 0,853872 0,002837
проходка 1,698970 0,005644
второй 0,602060 0,002000
тоннель 1,698970 0,005644
солнцевский 1,698970 0,005644
линия 1,221849 0,006089
метро 1,045757 0,005211
выйти 0,568636 0,001889
й 1,000000 0,003322
поезд 0,795880 0,002644
уход 0,853872 0,002837
иза 0,167491 0,000835
жизнь 0,318759 0,002118
владимир 0,301030 0,001000
жириновский 0,431798 0,001435
отмена 1,096910 0,005466
комендантский 1,698970 0,008467
час 0,769551 0,003835
перу 1,397940 0,006966
открытие 1,000000 0,003322
содома 1,698970 0,005644
москворечье 1,698970 0,005644
весь 0,107905 0,000538
мистик 0,958607 0,003185
предел 1,154902 0,003837
сознание 1,221849 0,004059
программа 0,420216 0,001396
раскрывать 1,698970 0,005644
мистический 1,154902 0,003837
настройка 0,920819 0,003059
телеэфир 1,154902 0,003837
доверить 1,522879 0,005059
мы 0,229148 0,001523
свое 0,455932 0,001515
свободный 0,853872 0,002837
время 0,327902 0,001089
вы 0,301030 0,002500
не 0,136677 0,002270
пожалеть 1,301030 0,004322
долой 1,698970 0,005644
субботний 1,522879 0,005059
будничный 1,698970 0,005644
борщ 1,698970 0,005644
быть 0,161151 0,001071
учить 1,301030 0,004322
гладить 1,698970 0,005644
воротничок 1,698970 0,005644
вязать 1,698970 0,005644
крючок 1,522879 0,005059
просто 0,602060 0,002000
садиться 1,397940 0,004644
поудобный 1,698970 0,005644
отдыхать 1,221849 0,004059
отобрать 1,221849 0,004059
для 0,107905 0,000538
хороший 0,408935 0,001359
детективный 1,301030 0,004322
сериал 0,494850 0,001644
самый 0,251812 0,002091
любимый 0,744727 0,002474
фильм 0,431798 0,001435
выходной 1,000000 0,004983
будни 1,221849 0,004059
праздник 0,677781 0,002252
секрет 0,721246 0,002396
вечный 1,045757 0,003474
молодость 1,000000 0,003322
спа 1,698970 0,005644
процедура 1,397940 0,004644
выходить 0,698970 0,002322
дом 0,356547 0,001185
приятный 1,096910 0,003644
общение 0,920819 0,003059
популярный 0,455932 0,001515
человек 0,259637 0,000863
ненавязчивый 1,698970 0,005644
сервировка 1,698970 0,005644
оригинальный 1,154902 0,003837
блюдо 1,698970 0,005644
слеза 1,221849 0,004059
любовь 0,468521 0,001557
круглый 1,522879 0,005059
сутки 0,795880 0,002644
перерыв 1,698970 0,005644
быт 1,301030 0,006484
или 0,292430 0,000972
домашний 0,853872 0,002837
обязанность 1,698970 0,005644
подождать 1,522879 0,005059
помять 1,397940 0,004644
женщина 0,619789 0,002059
должен 0,677781 0,003378
счастливый 1,045757 0,003474
много 0,301030 0,002000
никто 0,823909 0,002737
ничего 0,958607 0,003185
проблема 0,698970 0,002322
только 0,283997 0,000944
ть 0,552842 0,001837
ул 0,958607 0,003185
правда 0,657577 0,002185
стр 1,096910 0,003644
новость 0,161151 0,000535
факс 1,522879 0,005059
e 0,677781 0,004504
mail 0,721246 0,004792
news 0,920819 0,003059
отдел 1,000000 0,004983
pr 1,154902 0,005755
promo 1,522879 0,005059
гостев 1,698970 0,005644
gostevoymoskva 1,698970 0,005644
gmail 1,698970 0,005644
com 0,744727 0,002474
вконтакт 0,638272 0,003181
одноклассник 0,744727 0,003711
youtube 0,721246 0,003594
давать 0,920819 0,003059
дружить 1,397940 0,004644
читать 0,537602 0,001786
социальный 0,522879 0,001737
сеть 0,443697 0,001474
показывать 1,000000 0,003322
закрыть 0,698970 0,002322
записывать 1,301030 0,004322
ролик 1,154902 0,003837
забыть 0,657577 0,003277
представиться 1,522879 0,005059
начало 0,638272 0,002121
рассказ 0,920819 0,006118
назвать 0,568636 0,001889
район 0,853872 0,002837
котор 1,045757 0,003474
находиться 0,823909 0,002737
постараться 1,397940 0,004644
чтобы 0,408935 0,001359
ваш 0,431798 0,001435
наглядный 1,698970 0,005644
интересный 0,619789 0,002059
краткий 1,096910 0,003644
продолжительность 1,522879 0,005059
чем 0,387216 0,001286
один 0,356547 0,001185
два 0,346787 0,001152
минута 1,045757 0,003474
конец 0,657577 0,002185
сказать 0,795880 0,002644
телевидение 1,301030 0,004322
форма 0,795880 0,002644
обратный 0,508638 0,001690
связь 0,309804 0,001029
имя 0,443697 0,001474
сообщение 0,677781 0,002252
файл 0,920819 0,003059
код 0,823909 0,002737
подтверждение 1,522879 0,005059
пожалуйста 1,045757 0,003474
ввести 0,721246 0,002396
текст 0,585027 0,001944
изобразить 1,522879 0,005059
картинка 1,000000 0,003322
внизу 1,698970 0,005644
отправить 0,619789 0,002059
