смотрим 1,301030 0,006949
главное 0,585027 0,001389
вести 0,853872 0,016216
фильмы 0,638272 0,001136
сериалы 0,769551 0,001827
шоу 0,508638 0,001811
эфир 0,677781 0,004425
российских 0,468521 0,000834
каналов 1,397940 0,001659
кино 0,455932 0,001894
слушаем 1,397940 0,009126
специальная 1,301030 0,002316
военная 1,045757 0,001862
операция 0,853872 0,002027
найти 0,508638 0,000604
показать 0,795880 0,000945
все 0,124939 0,000445
результаты 1,045757 0,001241
выберите 0,920819 0,001093
регион 1,301030 0,001544
нижний 0,853872 0,001520
новгород 0,886057 0,001052
тагил 1,397940 0,001659
нижневартовск 1,522879 0,001808
нижнекамск 1,522879 0,001808
нижнее 1,522879 0,003615
хваршини 1,522879 0,001808
ишкарты 1,522879 0,001808
нижнеидрисово 1,522879 0,001808
солотвино 1,522879 0,001808
определять 1,301030 0,001544
автоматически 1,397940 0,001659
ios 1,000000 0,001780
android 0,958607 0,001707
live 1,000000 0,002374
трансляция 0,958607 0,001138
новый 0,408935 0,000485
выпуск 0,853872 0,001013
общественно 1,397940 0,001659
политическое 1,397940 0,001659
ток 1,221849 0,002175
вечер 1,096910 0,005208
владимиром 0,677781 0,003620
соловьевым 1,397940 0,006637
культура 0,619789 0,002575
история 0,443697 0,000527
наука 0,585027 0,000694
искусство 0,886057 0,006310
спецпроекты 0,657577 0,000781
прямой 0,769551 0,000913
популярное 0,823909 0,000978
сразу 0,795880 0,000945
новые 0,337242 0,001001
серии 0,920819 0,002186
выпуски 1,221849 0,002901
передач 1,000000 0,001187
дню 0,958607 0,001138
анимации 1,301030 0,001544
фильмов 0,795880 0,000945
денис 0,853872 0,002027
пушилин 1,096910 0,002604
очередное 1,221849 0,002901
военное 1,221849 0,002901
преступление 1,045757 0,002483
всу 0,744727 0,002210
минут 0,920819 0,004918
цб 0,795880 0,000945
рф 0,568636 0,001350
снизил 0,698970 0,000830
ключевую 0,677781 0,000804
ставку 0,657577 0,000781
годовых 0,886057 0,001052
экономика 0,568636 0,000675
запад 1,000000 0,001187
украине 0,537602 0,000957
пытается 1,154902 0,001371
дискредитировать 1,522879 0,001808
российскую 1,096910 0,001302
власть 1,045757 0,001862
политолог 1,096910 0,001302
беспределе 1,522879 0,001808
зеленского 0,958607 0,001707
греческом 1,397940 0,001659
парламенте 1,221849 0,001450
россия 0,455932 0,000812
должна 0,920819 0,001093
стремиться 1,397940 0,001659
инвестиционной 1,522879 0,001808
реальности 1,154902 0,001371
развития 0,698970 0,000830
мир 0,431798 0,001025
американски 1,522879 0,001808
российски 1,522879 0,001808
политические 1,221849 0,001450
петли 1,522879 0,001808
трансформация 1,522879 0,001808
экономики 1,045757 0,001241
кадыров 0,958607 0,001138
получил 0,958607 0,001138
погоны 1,522879 0,001808
генерал 1,301030 0,002316
лейтенанта 1,522879 0,001808
как 0,187087 0,000555
под 0,376751 0,001342
копирку 1,522879 0,001808
сша 0,508638 0,000604
используют 1,397940 0,001659
антироссийский 1,522879 0,001808
сценарий 1,096910 0,001302
против 0,387216 0,000689
китая 1,045757 0,001241
километров 1,522879 0,001808
славянска 1,522879 0,001808
идет 0,886057 0,001052
наступление 1,397940 0,002489
российской 0,585027 0,000694
армии 0,920819 0,001093
тарас 1,154902 0,002056
бульба 1,154902 0,002056
бортко 1,397940 0,001659
снова 0,744727 0,001326
выходит 0,920819 0,001093
прокат 1,221849 0,001450
европа 0,853872 0,001520
потеряла 1,221849 0,001450
единство 1,397940 0,001659
год 0,508638 0,000604
побед 1,522879 0,001808
кровь 1,154902 0,002742
кланов 1,522879 0,003615
мишустин 0,920819 0,001639
закрыть 0,823909 0,001467
седьмую 1,522879 0,001808
часть 0,744727 0,000884
суши 1,522879 0,001808
невозможно 1,154902 0,001371
была 0,744727 0,000884
есть 0,522879 0,000931
будет 0,387216 0,000460
российские 0,744727 0,000884
военные 0,853872 0,001013
нас 0,468521 0,000556
воюет 1,397940 0,001659
вся 0,769551 0,000913
неонацисты 1,522879 0,002711
не 0,136677 0,000487
могут 0,508638 0,000906
уйти 1,221849 0,002175
возмездия 1,397940 0,002489
уникальная 1,221849 0,001450
монтируют 1,522879 0,001808
реактор 1,522879 0,001808
корпусе 1,397940 0,001659
ледокола 1,522879 0,001808
два 0,619789 0,001471
сердца 1,221849 0,002175
зацепка 1,522879 0,016268
красота 0,853872 0,001520
требует 1,096910 0,001953
жертв 1,154902 0,002056
воровка 1,397940 0,002489
взрыв 1,397940 0,002489
роман 0,638272 0,001894
сглаз 1,397940 0,002489
фальшивка 1,522879 0,002711
другой 0,920819 0,001639
человек 0,420216 0,000748
серия 0,920819 0,009290
когда 0,397940 0,001889
закончится 0,920819 0,004372
февраль 1,397940 0,006637
холодные 1,522879 0,008134
берега 1,397940 0,009126
возвращение 0,958607 0,005120
ростов 0,958607 0,001707
дону 1,000000 0,001187
особняки 1,522879 0,001808
парамоновых 1,522879 0,001808
камне 1,522879 0,002711
архитектурные 1,397940 0,002489
шедевры 1,301030 0,002316
мира 0,537602 0,001276
половой 1,522879 0,001808
забытое 1,397940 0,001659
ремесло 1,522879 0,001808
какие 0,494850 0,000587
макароны 1,397940 0,002489
полезны 1,522879 0,001808
для 0,107905 0,000320
здоровья 0,958607 0,001138
самом 0,886057 0,002103
главном 1,096910 0,002604
реформация 1,522879 0,001808
козни 1,522879 0,001808
нечистой 1,522879 0,001808
силы 0,958607 0,001707
факта 1,397940 0,001659
старая 1,301030 0,001544
ладога 1,522879 0,001808
первая 0,886057 0,001052
древнерусская 1,522879 0,001808
столица 1,221849 0,001450
предки 1,522879 0,001808
наших 0,823909 0,000978
предков 1,522879 0,001808
доктор 0,769551 0,000913
мясников 1,397940 0,001659
подробно 1,301030 0,001544
рассказал 0,602060 0,001072
дженериках 1,522879 0,001808
казань 0,823909 0,000978
дом 0,522879 0,000621
зинаиды 1,522879 0,001808
ушковой 1,522879 0,001808
периодический 1,522879 0,001808
закон 1,154902 0,001371
менделеева 1,522879 0,001808
первые 0,795880 0,000945
мире 0,468521 0,000556
утро 1,045757 0,003724
россии 0,251812 0,001494
великий 1,221849 0,001450
пешком 1,522879 0,001808
перспективы 1,221849 0,001450
обновления 1,154902 0,001371
отечественного 1,397940 0,001659
авиапарка 1,522879 0,001808
гимнастика 1,397940 0,001659
тай 1,522879 0,001808
чи 1,522879 0,001808
поможет 0,886057 0,001052
сохранить 0,920819 0,001093
молодость 1,154902 0,001371
тела 1,221849 0,001450
духа 1,397940 0,001659
ажиотаж 1,301030 0,001544
аптеках 1,397940 0,001659
обиды 1,397940 0,001659
правила 0,638272 0,000758
вежливости 1,397940 0,001659
водителей 1,000000 0,001187
нацпроект 1,301030 0,001544
образование 0,823909 0,000978
it 0,823909 0,001467
кубы 1,522879 0,001808
рене 1,397940 0,001659
магритт 1,522879 0,001808
цвет 1,397940 0,001659
времени 0,698970 0,000830
николай 0,744727 0,000884
иванов 1,045757 0,001241
реки 1,221849 0,002175
помнят 1,397940 0,001659
свои 0,698970 0,000830
открытая 1,301030 0,001544
книга 0,886057 0,001052
последние 0,568636 0,000675
повстанцы 1,397940 0,001659
новости 0,173925 0,000619
культуры 0,795880 0,001889
мастера 1,096910 0,001302
искусств 1,096910 0,001953
борис 0,769551 0,001827
чирков 1,522879 0,001808
народный 1,301030 0,001544
артист 1,154902 0,001371
ссср 0,795880 0,000945
xx 0,958607 0,001138
век 0,920819 0,001093
президент 0,920819 0,001093
попрощался 1,301030 0,001544
жириновским 0,585027 0,000694
одессой 1,096910 0,001953
уничтожен 1,301030 0,002316
центр 0,537602 0,000957
подготовки 1,000000 0,001780
иностранных 0,886057 0,001578
наемников 0,958607 0,001707
аномальное 1,522879 0,001808
потепление 1,397940 0,001659
надвигается 1,522879 0,001808
русскую 1,154902 0,001371
равнину 1,522879 0,001808
сергей 0,468521 0,000834
лавров 1,000000 0,001780
истинных 1,397940 0,001659
замыслах 1,397940 0,001659
киевской 1,397940 0,001659
дипломатии 1,301030 0,001544
безопасности 0,920819 0,001093
израиля 1,301030 0,001544
ликвидировали 1,301030 0,001544
террориста 1,397940 0,001659
мы 0,327902 0,000389
выстояли 1,397940 0,001659
думе 1,397940 0,001659
прочности 1,397940 0,001659
сейчас 0,481486 0,000857
скоро 0,769551 0,001370
донбасс 0,886057 0,001052
документалистика 1,522879 0,009942
новая 0,677781 0,000804
стража 1,522879 0,001808
фантастика 0,920819 0,001093
софия 1,301030 0,001544
драма 0,920819 0,001639
док 1,397940 0,001659
жириновский 0,677781 0,000804
хит 1,221849 0,002175
надежды 1,096910 0,001302
мелодрама 1,221849 0,001450
новинки 0,677781 0,000804
семинар 1,397940 0,001659
песни 0,886057 0,001052
всей 0,920819 0,001093
души 0,958607 0,001138
солярис 1,522879 0,001808
ну 1,045757 0,001241
вот 0,677781 0,000804
я 0,356547 0,000423
тебя 1,045757 0,001241
люблю 1,154902 0,001371
воительница 1,522879 0,001808
из 0,167491 0,000298
бирки 1,522879 0,001808
почему 0,366532 0,000435
исчезли 1,522879 0,001808
неандертальцы 1,522879 0,001808
александра 0,638272 0,000758
коллонтай 1,522879 0,001808
вихри 1,522879 0,001808
века 0,721246 0,000856
xv 1,522879 0,001808
зимний 1,221849 0,001450
международный 1,221849 0,001450
фестиваль 0,958607 0,001138
юрия 1,154902 0,001371
башмета 1,522879 0,001808
сочи 0,920819 0,001093
тайны 0,958607 0,001138
небес 1,301030 0,001544
иоганна 1,522879 0,001808
кеплера 1,522879 0,001808
школа 1,045757 0,001241
будущего 0,795880 0,000945
концерт 1,301030 0,001544
митинг 1,397940 0,001659
za 1,522879 0,001808
нацизма 1,397940 0,001659
россию 0,568636 0,000675
эрнест 1,397940 0,001659
бо 1,397940 0,001659
император 1,522879 0,001808
русской 0,744727 0,000884
парфюмерии 1,522879 0,001808
белая 1,096910 0,001953
студия 1,000000 0,001780
новом 0,853872 0,001520
выпуске 1,221849 0,002175
белой 1,397940 0,004148
студии 1,154902 0,003427
андрей 0,552842 0,000984
кончаловский 1,397940 0,002489
гостях 1,154902 0,001371
станислав 1,154902 0,001371
говорухин 1,522879 0,001808
гость 1,221849 0,002175
программы 0,721246 0,000856
алексей 0,602060 0,001787
маслов 1,522879 0,002711
театральный 1,397940 0,001659
художник 1,096910 0,001302
мессерер 1,522879 0,002711
виктор 0,795880 0,001417
добронравов 1,522879 0,003615
видео 0,327902 0,000584
проекта 0,886057 0,001052
федор 1,397940 0,002489
юрий 0,795880 0,001889
колокольников 1,522879 0,001808
гуськов 1,522879 0,001808
норштейн 1,522879 0,001808
соловьев 1,154902 0,002056
мечте 1,522879 0,001808
можжевеловых 1,522879 0,001808
дровишках 1,522879 0,001808
общество 0,494850 0,000881
клим 1,301030 0,001544
шипенко 1,397940 0,001659
кузнецов 1,221849 0,001450
сезон 0,721246 0,000856
охоты 1,301030 0,001544
ситуация 1,000000 0,001780
донбассе 0,958607 0,002276
эксклюзив 0,920819 0,001093
украина 0,698970 0,000830
удар 0,823909 0,000978
краматорску 0,744727 0,000884
киев 0,920819 0,001093
скрывал 1,397940 0,001659
что 0,161151 0,000287
готовит 1,154902 0,001371
провокации 1,096910 0,001302
украинская 1,154902 0,001371
точка 0,795880 0,000945
ударила 1,301030 0,001544
вокзалу 0,853872 0,001013
краматорске 0,823909 0,000978
жертвы 1,397940 0,001659
мариуполя 0,853872 0,001013
эвакуировали 1,154902 0,001371
более 0,494850 0,000587
детей 0,420216 0,000499
теме 1,045757 0,001241
днр 0,823909 0,000978
следствие 1,154902 0,001371
приходится 1,397940 0,001659
свист 1,522879 0,001808
пуль 1,397940 0,001659
александр 0,468521 0,000556
лиманский 1,522879 0,001808
энергодар 1,522879 0,001808
работает 0,657577 0,001171
полную 1,397940 0,001659
силу 1,301030 0,001544
рубежном 1,397940 0,001659
украинские 0,823909 0,000978
бандформирования 1,522879 0,001808
прижаты 1,522879 0,001808
промзоне 1,522879 0,001808
южным 1,522879 0,001808
окраинам 1,522879 0,001808
эдуард 1,221849 0,001450
басурин 1,045757 0,001241
мариуполе 1,045757 0,001241
продолжается 1,154902 0,001371
зачистка 1,522879 0,001808
националистов 0,958607 0,001138
селиванов 1,397940 0,001659
запорожская 1,522879 0,001808
аэс 1,522879 0,001808
контролем 1,522879 0,001808
образцово 1,522879 0,001808
интервью 0,522879 0,000621
нато 0,769551 0,000913
пока 0,920819 0,001093
решила 1,154902 0,001371
усилить 1,397940 0,001659
поддержку 1,000000 0,001187
украины 0,721246 0,001284
га 1,522879 0,001808
оон 0,823909 0,000978
членстве 1,522879 0,001808
совете 1,397940 0,001659
правам 1,301030 0,001544
человека 0,537602 0,000638
пентагон 1,397940 0,001659
предоставляет 1,154902 0,001371
разведданные 1,522879 0,001808
боевых 1,301030 0,001544
действий 1,301030 0,001544
уверенное 1,522879 0,001808
военных 0,795880 0,001417
донбасса 0,886057 0,001052
обстановка 1,397940 0,001659
славянском 1,397940 0,001659
направлении 1,301030 0,001544
канал 0,769551 0,000913
теперь 0,602060 0,000715
телеэфире 1,397940 0,001659
тараса 1,397940 0,001659
бульбу 1,522879 0,001808
гоголю 1,522879 0,001808
покажут 1,301030 0,001544
захватывающие 1,397940 0,001659
исторические 1,096910 0,001302
смотреть 0,552842 0,000656
ожидании 1,397940 0,001659
елизаветы 1,301030 0,001544
юные 1,522879 0,001808
гении 1,397940 0,001659
сверхспособностями 1,522879 0,001808
мозга 1,154902 0,001371
кубах 1,522879 0,001808
передачи 1,045757 0,001241
подкасты 0,698970 0,000830
мифы 1,154902 0,001371
древней 1,096910 0,001302
греции 1,045757 0,001241
эпизодов 1,522879 0,011749
скрытая 1,397940 0,001659
логика 1,301030 0,001544
поступков 1,301030 0,001544
черты 1,522879 0,001808
города 0,657577 0,000781
маяк 1,154902 0,001371
спорте 1,522879 0,001808
оттенков 1,522879 0,001808
стильного 1,397940 0,001659
острова 1,397940 0,001659
любить 1,301030 0,001544
нельзя 0,795880 0,000945
воспитывать 1,522879 0,001808
записные 1,522879 0,001808
истины 1,301030 0,001544
путеводитель 1,045757 0,001241
искусству 1,522879 0,001808
эпизода 1,301030 0,003861
моя 0,886057 0,001052
лола 1,522879 0,001808
записки 1,221849 0,001450
мать 0,795880 0,000945
мачехи 1,522879 0,001808
зарядка 1,397940 0,001659
изменившие 1,301030 0,001544
историю 0,795880 0,000945
мужчина 0,958607 0,001138
руководство 1,096910 0,001302
эксплуатации 1,301030 0,001544
вселенной 1,045757 0,001241
брендятина 1,522879 0,001808
медицина 0,920819 0,001093
лицах 1,522879 0,001808
российский 0,619789 0,000736
радиоуниверситет 1,397940 0,001659
молочные 1,397940 0,001659
санкционных 1,301030 0,001544
берегах 1,301030 0,001544
контроль 1,045757 0,001241
качества 1,154902 0,001371
корма 1,397940 0,001659
физики 1,301030 0,002316
лирики 1,397940 0,002489
экскурсиях 1,397940 0,001659
открыть 1,221849 0,001450
петербург 0,886057 0,001052
радиоканал 1,397940 0,005807
аресты 1,522879 0,001808
генпрокуратура 1,522879 0,001808
арестовала 1,522879 0,001808
тысяч 0,744727 0,000884
железнодорожных 1,397940 0,001659
вагонов 1,397940 0,001659
белоруссии 1,154902 0,001371
элемент 1,397940 0,001659
пушного 1,522879 0,001808
хлор 1,522879 0,001808
песня 1,045757 0,001241
случаю 1,522879 0,001808
крепитесь 1,522879 0,001808
люди 0,585027 0,000694
лето 0,853872 0,001013
смотри 1,154902 0,001371
пропусти 1,301030 0,001544
финансовый 1,221849 0,001450
аспект 1,522879 0,001808
авторские 1,096910 0,001302
материалы 0,481486 0,000857
прорвали 1,522879 0,001808
оборону 1,397940 0,001659
противника 1,221849 0,001450
подвиги 1,154902 0,001371
борьбе 1,096910 0,001302
украинскими 1,096910 0,001302
националистами 1,522879 0,001808
начальник 1,522879 0,001808
французской 1,221849 0,001450
военной 1,221849 0,001450
разведки 1,397940 0,001659
эрик 1,397940 0,001659
видо 1,522879 0,001808
покинул 1,096910 0,001302
свой 0,721246 0,000856
пост 1,000000 0,001187
платформе 1,096910 0,001302
пользовательское 0,657577 0,000781
соглашение 0,619789 0,000736
сервиса 1,301030 0,001544
обратная 0,585027 0,000694
связь 0,552842 0,000656
реклама 0,346787 0,000412
сайте 0,420216 0,000748
сетевое 0,677781 0,000804
издание 0,638272 0,000758
учредитель 0,657577 0,000781
федеральное 1,045757 0,001241
государственное 1,154902 0,001371
унитарное 1,154902 0,001371
предприятие 1,096910 0,001302
всероссийская 1,154902 0,001371
государственная 1,221849 0,001450
телевизионная 1,221849 0,001450
радиовещательная 1,221849 0,001450
компания 0,853872 0,001013
вгтрк 1,154902 0,002056
свидетельство 0,638272 0,000758
регистрации 0,638272 0,000758
сми 0,468521 0,000556
эл 0,494850 0,000587
фс 0,522879 0,000621
выдано 1,045757 0,001241
федеральной 0,602060 0,000715
службой 0,744727 0,000884
надзору 0,619789 0,000736
сфере 0,552842 0,000656
связи 0,455932 0,000541
информационных 0,585027 0,000694
технологий 0,568636 0,000675
массовых 0,568636 0,000675
коммуникаций 0,585027 0,000694
главный 0,522879 0,000621
редактор 0,585027 0,000694
виноградов 1,221849 0,001450
е 0,823909 0,000978
а 0,221849 0,000263
адрес 0,552842 0,000656
электронной 0,853872 0,001013
почты 0,886057 0,001052
редакции 0,443697 0,000790
info 0,886057 0,001052
smotrim 1,397940 0,001659
ru 0,180456 0,000214
телефон 0,677781 0,000804
лиц 1,045757 0,001241
старше 1,000000 0,001187
лет 0,366532 0,000435
права 0,431798 0,000513
любые 0,853872 0,001013
опубликованные 0,920819 0,001093
защищены 0,602060 0,000715
соответствии 0,795880 0,000945
российским 0,795880 0,000945
международным 1,000000 0,001187
законодательством 0,823909 0,000978
интеллектуальной 1,096910 0,001302
собственности 1,154902 0,001371
любое 0,886057 0,001052
использование 0,619789 0,000736
текстовых 1,154902 0,001371
фото 0,568636 0,000675
аудио 0,920819 0,001093
видеоматериалов 1,045757 0,001241
возможно 0,853872 0,001013
только 0,283997 0,000337
согласия 1,000000 0,001187
правообладателя 0,886057 0,001052
регистрация 0,657577 0,000781
