ну 1,045757 0,004183
ка 1,522879 0,008122
дети 0,677781 0,003615
портал 0,769551 0,003078
для 0,107905 0,001870
полезного 1,397940 0,003728
досуга 1,698970 0,004531
детей 0,420216 0,005043
войти 0,494850 0,001320
избранное 1,397940 0,003728
сказки 1,000000 0,006667
аудиосказки 1,698970 0,011326
рассказы 1,397940 0,007456
аудиорассказы 1,698970 0,004531
басни 1,397940 0,007456
стихи 1,096910 0,021938
песни 0,886057 0,023628
загадки 1,522879 0,010153
раскраски 1,698970 0,011326
блог 1,000000 0,005333
мультики 1,397940 0,003728
добавить 1,096910 0,002925
их 0,455932 0,001216
родителей 0,958607 0,002556
русские 0,886057 0,004726
народные 1,301030 0,006939
бабу 1,522879 0,006092
ягу 1,698970 0,006796
александр 0,468521 0,001874
пушкин 1,154902 0,004620
ганс 1,698970 0,006796
христиан 1,698970 0,006796
андерсен 1,698970 0,006796
братья 1,154902 0,004620
гримм 1,522879 0,006092
николай 0,744727 0,002979
носов 1,698970 0,006796
владимир 0,431798 0,001727
сутеев 1,698970 0,006796
корней 1,397940 0,003728
чуковский 1,522879 0,004061
шарль 1,522879 0,004061
перро 1,522879 0,004061
иван 0,744727 0,002979
крылов 1,522879 0,006092
волшебные 1,397940 0,003728
животных 1,045757 0,004183
короткие 1,397940 0,007456
все 0,124939 0,001666
сказка 1,221849 0,008146
царе 1,522879 0,004061
салтане 1,522879 0,004061
рыбаке 1,522879 0,006092
рыбке 1,522879 0,006092
морозко 1,698970 0,006796
теремок 1,698970 0,004531
снежная 1,397940 0,003728
королева 1,045757 0,002789
три 0,619789 0,003306
поросенка 1,698970 0,004531
курочка 1,698970 0,004531
ряба 1,698970 0,004531
волк 1,096910 0,007313
семеро 1,522879 0,006092
козлят 1,522879 0,006092
кот 1,045757 0,004183
сапогах 1,397940 0,003728
дюймовочка 1,698970 0,004531
белоснежка 1,698970 0,004531
семь 1,000000 0,002667
гномов 1,698970 0,004531
муха 1,698970 0,006796
цокотуха 1,698970 0,006796
василиса 1,698970 0,004531
прекрасная 1,301030 0,003469
царевна 1,522879 0,006092
лягушка 1,522879 0,006092
колобок 1,698970 0,006796
агнии 1,522879 0,004061
барто 1,522879 0,004061
маршака 1,522879 0,004061
чуковского 1,522879 0,004061
заходера 1,522879 0,004061
берестова 1,522879 0,004061
сергея 0,920819 0,002456
михалкова 1,522879 0,004061
лет 0,366532 0,003421
федорино 1,522879 0,004061
горе 1,397940 0,003728
мойдодыр 1,522879 0,004061
айболит 1,522879 0,004061
бармалей 1,522879 0,004061
глупом 1,698970 0,004531
мышонке 1,698970 0,004531
вот 0,677781 0,001807
какой 0,769551 0,002052
рассеянный 1,522879 0,004061
лодыри 1,698970 0,004531
багаж 1,522879 0,004061
телефон 0,677781 0,001807
где 0,455932 0,001216
обедал 1,698970 0,004531
воробей 1,522879 0,004061
виктор 0,795880 0,003184
драгунский 1,698970 0,006796
борис 0,769551 0,002052
житков 1,698970 0,004531
валентина 1,045757 0,002789
осеева 1,698970 0,004531
константин 0,886057 0,003544
паустовский 1,698970 0,004531
михаил 0,568636 0,002275
пришвин 1,698970 0,004531
ушинский 1,698970 0,004531
зощенко 1,698970 0,004531
волшебное 1,522879 0,004061
слово 0,795880 0,002122
заплатка 1,698970 0,004531
не 0,136677 0,000547
надо 0,795880 0,002122
врать 1,522879 0,004061
ступеньки 1,698970 0,004531
что 0,161151 0,000430
любит 1,301030 0,003469
мишка 1,522879 0,004061
заколдованная 1,698970 0,004531
буква 1,522879 0,004061
автомобиль 1,154902 0,003080
тайное 1,698970 0,004531
становится 1,221849 0,003258
явным 1,698970 0,004531
фантазеры 1,698970 0,004531
мишкина 1,698970 0,004531
каша 1,698970 0,004531
сергей 0,468521 0,001249
михалков 1,301030 0,003469
лев 1,000000 0,002667
толстой 1,154902 0,003080
ворона 1,522879 0,004061
лисица 1,698970 0,004531
лебедь 1,301030 0,003469
рак 1,397940 0,003728
щука 1,522879 0,004061
квартет 1,698970 0,004531
зеркало 1,522879 0,004061
обезьяна 1,698970 0,004531
стрекоза 1,698970 0,004531
муравей 1,698970 0,004531
мартышка 1,522879 0,004061
очки 1,301030 0,003469
слон 1,698970 0,006796
моська 1,698970 0,004531
демьянова 1,698970 0,004531
уха 1,698970 0,004531
ягненок 1,698970 0,004531
свинья 1,522879 0,004061
под 0,376751 0,001005
дубом 1,522879 0,004061
псарне 1,698970 0,004531
длинные 1,698970 0,004531
красная 1,301030 0,003469
шапочка 1,698970 0,004531
репка 1,698970 0,004531
золушка 1,698970 0,004531
медведя 1,397940 0,005592
цветик 1,522879 0,004061
семицветик 1,522879 0,004061
аленький 1,698970 0,004531
цветочек 1,522879 0,004061
щелкунчик 1,698970 0,004531
мышиный 1,698970 0,004531
король 1,045757 0,002789
золотой 1,045757 0,002789
ключик 1,698970 0,004531
или 0,292430 0,000780
приключения 0,853872 0,002277
буратино 1,698970 0,004531
гуси 1,698970 0,004531
лебеди 1,698970 0,004531
конек 1,698970 0,004531
горбунок 1,698970 0,004531
колыбельные 1,698970 0,004531
из 0,167491 0,001117
мультфильмов 1,522879 0,008122
бременских 1,698970 0,004531
музыкантов 1,397940 0,003728
новогодние 1,154902 0,003080
маму 1,154902 0,003080
папу 1,522879 0,004061
бабушку 1,397940 0,003728
малышей 1,522879 0,006092
веселые 1,522879 0,008122
февраля 0,823909 0,002197
марта 0,721246 0,001923
дню 0,958607 0,002556
победы 0,920819 0,002456
советских 1,397940 0,003728
буренки 1,698970 0,004531
даши 1,698970 0,004531
детский 1,000000 0,002667
сад 1,000000 0,002667
кабы 1,698970 0,004531
было 0,585027 0,001560
зимы 1,397940 0,003728
отпусти 1,698970 0,004531
забудь 1,522879 0,004061
крылатые 1,397940 0,003728
качели 1,522879 0,004061
чунга 1,698970 0,004531
чанга 1,698970 0,004531
лесной 1,522879 0,004061
олень 1,698970 0,004531
спят 1,698970 0,004531
усталые 1,698970 0,004531
игрушки 1,522879 0,004061
ничего 0,958607 0,002556
свете 1,154902 0,003080
лучше 0,886057 0,002363
нету 1,698970 0,004531
луч 1,698970 0,004531
солнца 1,301030 0,003469
золотого 1,522879 0,004061
спи 1,698970 0,004531
моя 0,886057 0,002363
радость 1,154902 0,003080
усни 1,698970 0,004531
лесу 1,154902 0,003080
родилась 1,522879 0,004061
елочка 1,522879 0,004061
прекрасное 1,698970 0,004531
далеко 1,522879 0,004061
баю 1,698970 0,006796
баюшки 1,698970 0,004531
колыбельная 1,698970 0,004531
медведицы 1,698970 0,004531
улыбки 1,698970 0,004531
станет 0,886057 0,002363
всем 0,853872 0,002277
светлей 1,698970 0,004531
коровы 1,522879 0,004061
девочек 1,221849 0,003258
мальчиков 1,397940 0,003728
животные 1,221849 0,003258
барби 1,698970 0,004531
винкс 1,698970 0,004531
little 1,301030 0,003469
хай 1,397940 0,003728
кота 1,221849 0,003258
щенячий 1,698970 0,004531
патруль 1,698970 0,004531
робокар 1,698970 0,004531
поли 1,698970 0,004531
человек 0,420216 0,001121
паук 1,221849 0,003258
машины 1,000000 0,002667
танки 1,522879 0,004061
корабли 1,522879 0,004061
зиму 1,522879 0,004061
лето 0,853872 0,002277
елку 1,522879 0,004061
осень 1,397940 0,003728
зайца 1,698970 0,004531
птиц 1,522879 0,004061
лису 1,698970 0,004531
собаку 1,397940 0,003728
цветы 1,221849 0,003258
волка 1,698970 0,004531
деревья 1,397940 0,003728
березу 1,698970 0,004531
рыб 1,698970 0,004531
ежа 1,698970 0,004531
слона 1,522879 0,004061
уроки 1,096910 0,004388
рисования 1,698970 0,004531
сова 1,522879 0,004061
динозавр 1,698970 0,004531
бабочка 1,397940 0,003728
кошка 1,698970 0,004531
попугай 1,522879 0,004061
бегемот 1,698970 0,004531
зверята 1,698970 0,004531
открытка 1,698970 0,004531
дедушка 1,397940 0,003728
бабушка 0,958607 0,002556
мастер 1,045757 0,004183
класс 1,221849 0,004887
губка 1,698970 0,004531
боб 1,522879 0,004061
квадратные 1,698970 0,004531
штаны 1,698970 0,004531
его 0,346787 0,000925
друзья 0,886057 0,002363
монстры 1,522879 0,004061
сладкоежки 1,698970 0,004531
рисование 1,397940 0,003728
пословицы 1,698970 0,004531
мультфильмы 1,221849 0,003258
читательский 1,522879 0,004061
дневник 1,522879 0,004061
обратная 0,585027 0,001560
связь 0,552842 0,001474
правообладателям 1,397940 0,003728
