смотреть 0,443697 0,003031
главное 0,327902 0,001426
весть 0,795880 0,015819
фильм 0,431798 0,001073
сериал 0,494850 0,001229
шоу 0,508638 0,001896
эфир 0,537602 0,003673
российский 0,229148 0,001139
канал 0,508638 0,000948
кино 0,455932 0,001982
слушать 0,886057 0,006054
специальный 0,744727 0,001388
военный 0,522879 0,003248
операция 0,657577 0,001634
найти 0,356547 0,000443
показать 0,522879 0,000974
весь 0,107905 0,000536
результат 0,698970 0,000868
выбрать 0,568636 0,000706
регион 0,619789 0,000770
нижний 0,744727 0,002775
новгород 0,795880 0,000989
тагил 1,397940 0,001737
нижневартовск 1,301030 0,001616
нижнекамск 1,397940 0,001737
хваршинить 1,522879 0,001892
ишкарта 1,522879 0,001892
нижнеидрисовый 1,522879 0,001892
солотвиный 1,522879 0,001892
определять 1,301030 0,001616
автоматически 1,397940 0,001737
io 1,000000 0,001863
android 0,958607 0,001786
live 1,000000 0,002484
трансляция 0,721246 0,000896
новый 0,244125 0,000455
выпуск 0,698970 0,003039
общественный 0,744727 0,000925
политический 0,721246 0,001344
ток 1,154902 0,002152
вечер 0,823909 0,004094
владимир 0,301030 0,001683
соловьев 1,045757 0,006495
культура 0,468521 0,002910
история 0,283997 0,000529
наука 0,431798 0,000536
искусство 0,744727 0,006938
спецпроект 0,638272 0,000793
прямой 0,619789 0,000770
популярный 0,455932 0,000566
сразу 0,795880 0,000989
новое 0,214670 0,000933
серия 0,744727 0,009251
передача 0,795880 0,001483
день 0,236572 0,000294
анимация 1,154902 0,001435
денис 0,853872 0,002121
пушилин 1,096910 0,002725
очередной 1,045757 0,002598
преступление 0,744727 0,001850
вс 0,698970 0,002171
минуть 0,769551 0,004302
цб 0,795880 0,000989
рф 0,568636 0,001413
снизить 0,677781 0,000842
ключевой 0,619789 0,000770
ставка 0,657577 0,000817
годовой 0,886057 0,001101
экономика 0,522879 0,000974
запад 0,721246 0,000896
украина 0,455932 0,001699
пытаться 0,744727 0,000925
дискредитировать 1,397940 0,001737
власть 0,638272 0,001189
политолог 1,096910 0,001363
беспредел 1,397940 0,001737
зеленский 0,886057 0,001651
греческий 1,045757 0,001299
парламент 1,096910 0,001363
россия 0,214670 0,001733
должен 0,677781 0,000842
стремиться 1,154902 0,001435
инвестиционный 1,096910 0,001363
реальность 0,823909 0,001023
развитие 0,568636 0,000706
мир 0,387216 0,000962
американский 0,585027 0,000727
российски 1,522879 0,001892
петлить 1,522879 0,001892
трансформация 1,522879 0,001892
кадыров 0,958607 0,001191
получить 0,420216 0,000522
погон 1,522879 0,001892
генерал 1,221849 0,002277
лейтенант 1,221849 0,001518
как 0,187087 0,000581
под 0,376751 0,001404
копирка 1,522879 0,001892
сша 0,508638 0,000632
использовать 0,568636 0,000706
антироссийский 0,886057 0,001101
сценарий 0,886057 0,001101
против 0,387216 0,000722
китай 0,721246 0,000896
километр 1,045757 0,001299
славянск 1,397940 0,002605
идти 0,657577 0,000817
наступление 1,154902 0,002152
армия 0,657577 0,000817
тарас 1,096910 0,002725
бульба 1,154902 0,002869
бортко 1,397940 0,001737
снова 0,744727 0,001388
выходить 0,698970 0,000868
прокат 1,000000 0,001242
европа 0,585027 0,001090
потерять 0,823909 0,001023
единство 1,301030 0,001616
год 0,236572 0,000294
победа 0,677781 0,000842
кровь 0,958607 0,002382
клан 1,301030 0,003232
мишустин 0,886057 0,001651
закрыть 0,698970 0,001302
седьмой 1,301030 0,001616
часть 0,638272 0,000793
сушить 1,522879 0,001892
невозможно 1,154902 0,001435
быть 0,161151 0,000300
есть 0,508638 0,000948
мы 0,229148 0,000427
воевать 1,000000 0,001242
неонацист 1,221849 0,002277
не 0,136677 0,000509
мочь 0,236572 0,000441
уйти 0,795880 0,001483
возмездие 1,397940 0,002605
уникальный 0,744727 0,000925
монтировать 1,522879 0,001892
реактор 1,301030 0,001616
корпус 1,096910 0,001363
ледокол 1,522879 0,001892
два 0,346787 0,000862
сердце 0,769551 0,001434
зацепка 1,397940 0,015629
красота 0,721246 0,001344
требовать 0,886057 0,001651
жертва 0,958607 0,002382
воровка 1,397940 0,002605
взрыв 0,958607 0,001786
романа 0,585027 0,001817
сглаз 1,397940 0,002605
фальшивка 1,522879 0,002838
другой 0,356547 0,000664
человек 0,259637 0,000806
когда 0,397940 0,001977
закончиться 0,744727 0,003701
февраль 0,769551 0,003824
холодное 1,221849 0,006830
берег 1,096910 0,008176
возвращение 0,853872 0,004773
ростов 0,920819 0,001716
дон 0,920819 0,001144
особняк 1,397940 0,001737
парамонов 1,522879 0,001892
камень 1,096910 0,002044
архитектурный 1,397940 0,002605
шедевр 1,000000 0,001863
миро 0,337242 0,001047
половой 1,522879 0,001892
забыть 0,657577 0,000817
ремесло 1,301030 0,001616
какой 0,337242 0,000419
макароны 1,397940 0,002605
полезный 0,769551 0,000956
для 0,107905 0,000335
здоровье 0,602060 0,000748
самый 0,251812 0,000626
реформация 1,522879 0,001892
козни 1,522879 0,001892
нечистый 1,397940 0,001737
сила 0,698970 0,001737
факт 0,769551 0,000956
старый 0,958607 0,001191
ладога 1,522879 0,001892
первый 0,346787 0,000431
древнерусский 1,397940 0,001737
столица 0,920819 0,001144
предок 1,522879 0,002838
наш 0,309804 0,000385
доктор 0,721246 0,000896
мясник 1,301030 0,001616
подробно 1,301030 0,001616
рассказать 0,366532 0,000683
дженерик 1,397940 0,001737
казань 0,769551 0,000956
дом 0,356547 0,000443
зинаида 1,522879 0,001892
ушковый 1,522879 0,001892
периодический 1,301030 0,001616
закон 0,657577 0,000817
менделеев 1,522879 0,001892
первое 0,721246 0,000896
утро 0,886057 0,003302
великий 0,619789 0,000770
пешком 1,522879 0,001892
перспектива 1,154902 0,001435
обновление 1,000000 0,001242
отечественный 0,744727 0,000925
авиапарка 1,522879 0,001892
гимнастика 1,397940 0,001737
таять 1,221849 0,001518
чи 1,522879 0,001892
помочь 0,537602 0,000668
сохранить 0,886057 0,001101
молодость 1,000000 0,001242
тело 0,698970 0,000868
дух 0,920819 0,001144
ажиотаж 1,301030 0,001616
аптека 1,221849 0,001518
обида 1,397940 0,001737
править 0,638272 0,000793
вежливость 1,397940 0,001737
водитель 0,920819 0,001144
нацпроект 1,221849 0,001518
образование 0,657577 0,000817
it 0,823909 0,001535
куб 1,301030 0,002424
рен 1,221849 0,001518
магритта 1,522879 0,001892
цвета 1,045757 0,001299
временить 0,698970 0,000868
николай 0,568636 0,000706
иванов 0,823909 0,001023
река 0,920819 0,001716
помнить 0,920819 0,001144
свой 0,301030 0,000561
открыть 0,552842 0,001030
книга 0,552842 0,000687
последний 0,318759 0,000396
повстанец 1,397940 0,001737
новость 0,161151 0,000601
мастер 0,795880 0,000989
борис 0,698970 0,001737
чирок 1,522879 0,001892
народный 0,744727 0,000925
артист 0,886057 0,001101
ссср 0,795880 0,000989
xx 0,958607 0,001191
век 0,619789 0,001155
президент 0,698970 0,000868
попрощаться 1,221849 0,001518
жириновский 0,431798 0,000805
одесса 0,958607 0,001786
уничтожить 0,886057 0,001651
центр 0,455932 0,000850
подготовка 0,853872 0,001591
иностранный 0,721246 0,001344
наемник 0,920819 0,001716
аномальный 1,522879 0,001892
потепление 1,301030 0,001616
надвигаться 1,522879 0,001892
русская 1,000000 0,001242
равнина 1,397940 0,001737
сергей 0,408935 0,000762
лавров 1,000000 0,001863
истинный 1,154902 0,001435
замысел 1,154902 0,001435
киевский 1,221849 0,001518
дипломатия 1,301030 0,001616
безопасность 0,744727 0,000925
израиль 1,000000 0,001242
ликвидировать 1,221849 0,001518
террорист 1,096910 0,001363
выстоять 1,397940 0,001737
дума 1,096910 0,001363
прочность 1,397940 0,001737
сейчас 0,481486 0,000897
скоро 0,769551 0,001434
донбасс 0,657577 0,002451
документалистика 1,522879 0,010405
страж 1,397940 0,001737
фантастика 0,853872 0,001061
софия 1,154902 0,001435
драма 0,823909 0,001535
док 1,397940 0,001737
хит 1,045757 0,001949
надежда 0,769551 0,000956
мелодрама 1,154902 0,001435
новинка 0,677781 0,000842
семинар 1,397940 0,001737
песня 0,657577 0,001225
душить 0,823909 0,001023
солярис 1,522879 0,001892
ну 1,045757 0,001299
вот 0,677781 0,000842
я 0,346787 0,000431
ты 0,602060 0,000748
любить 0,537602 0,001002
воительница 1,522879 0,001892
иза 0,167491 0,000312
бирка 1,522879 0,001892
почему 0,366532 0,000455
исчезнуть 1,154902 0,001435
неандерталец 1,522879 0,001892
александр 0,602060 0,000748
коллонтай 1,522879 0,001892
вихрь 1,301030 0,001616
xv 1,522879 0,001892
зимний 0,853872 0,001061
международный 0,508638 0,000948
фестиваль 0,721246 0,000896
юрий 0,677781 0,002105
башмет 1,522879 0,001892
сочить 0,920819 0,001144
тайна 0,920819 0,001144
небо 0,886057 0,001101
иоганн 1,522879 0,001892
кеплер 1,522879 0,001892
школа 0,552842 0,000687
будущий 0,795880 0,000989
концерт 0,958607 0,001191
митинг 1,301030 0,001616
za 1,522879 0,001892
нацизм 1,301030 0,001616
эрнеста 1,397940 0,001737
бо 1,397940 0,001737
император 1,154902 0,001435
русский 0,318759 0,000396
парфюмерия 1,522879 0,001892
белый 0,853872 0,003712
студия 0,886057 0,003852
андрей 0,508638 0,000948
кончаловский 1,397940 0,002605
гость 1,000000 0,002484
станислава 1,154902 0,001435
говорухин 1,522879 0,001892
программа 0,420216 0,000522
алексей 0,552842 0,001717
маслов 1,397940 0,002605
театральный 1,154902 0,001435
художник 0,744727 0,000925
мессерер 1,522879 0,002838
виктор 0,698970 0,001302
добронравов 1,522879 0,003784
видео 0,327902 0,000611
проект 0,259637 0,000323
федора 1,397940 0,002605
колокольник 1,522879 0,001892
гуськов 1,522879 0,001892
норштейн 1,522879 0,001892
мечта 1,096910 0,001363
можжевеловый 1,522879 0,001892
дровишки 1,522879 0,001892
общество 0,468521 0,000873
клим 1,301030 0,001616
шипенко 1,397940 0,001737
кузнецов 1,154902 0,001435
сезон 0,568636 0,000706
охота 1,000000 0,001242
ситуация 0,657577 0,001225
эксклюзив 0,823909 0,001023
удар 0,494850 0,000615
краматорск 0,602060 0,001122
киев 0,744727 0,000925
скрывать 1,000000 0,001242
что 0,161151 0,000300
готовить 0,853872 0,001061
провокация 0,823909 0,001023
украинский 0,522879 0,001299
точка 0,585027 0,000727
ударить 1,000000 0,001242
вокзал 0,698970 0,000868
мариуполь 0,744727 0,001388
эвакуировать 1,154902 0,001435
много 0,301030 0,000374
ребенок 0,259637 0,000323
тема 0,585027 0,000727
днр 0,823909 0,001023
следствие 1,045757 0,001299
приходиться 1,154902 0,001435
свист 1,522879 0,001892
пуля 1,397940 0,001737
александра 0,443697 0,000551
лиманский 1,522879 0,001892
энергодар 1,522879 0,001892
работать 0,431798 0,000805
полный 0,522879 0,000650
рубежное 1,397940 0,001737
бандформирование 1,522879 0,001892
прижать 1,522879 0,001892
промзона 1,522879 0,001892
южный 1,000000 0,001242
окраина 1,397940 0,001737
эдуарда 1,221849 0,001518
басурин 1,045757 0,001299
продолжаться 1,096910 0,001363
зачистка 1,397940 0,001737
националист 0,920819 0,001716
селиванов 1,397940 0,001737
запорожский 1,397940 0,001737
аэс 1,522879 0,001892
контроль 1,000000 0,001863
образцовый 1,397940 0,001737
интервью 0,522879 0,000650
нато 0,769551 0,000956
пока 0,920819 0,001144
решить 0,677781 0,000842
усилить 1,397940 0,001737
поддержка 0,537602 0,000668
га 1,522879 0,001892
оон 0,823909 0,001023
членство 1,000000 0,001242
совет 0,568636 0,000706
право 0,292430 0,000545
пентагон 1,301030 0,001616
предоставлять 1,045757 0,001299
разведдать 1,522879 0,001892
боевой 0,958607 0,001191
действие 0,823909 0,001023
уверить 1,096910 0,001363
обстановка 1,154902 0,001435
направление 1,000000 0,001242
теперь 0,602060 0,000748
телеэфир 1,154902 0,001435
гоголь 1,154902 0,001435
захватывать 1,154902 0,001435
исторический 0,602060 0,000748
ожидание 1,154902 0,001435
елизавета 1,045757 0,001299
юный 1,000000 0,001242
гений 1,045757 0,001299
сверхспособность 1,522879 0,001892
мозг 1,096910 0,001363
подкаста 0,657577 0,000817
миф 1,000000 0,001242
древний 0,886057 0,001101
греция 1,000000 0,001242
эпизод 1,221849 0,012902
скрыть 1,096910 0,001363
логик 1,301030 0,001616
поступок 1,096910 0,001363
черта 1,397940 0,001737
город 0,397940 0,000494
маяк 1,096910 0,001363
спорт 0,397940 0,000494
оттенок 1,522879 0,001892
стильный 1,301030 0,001616
остров 1,221849 0,001518
нельзя 0,795880 0,000989
воспитывать 1,397940 0,001737
записной 1,397940 0,001737
истина 1,096910 0,001363
путеводитель 0,920819 0,001144
мой 0,619789 0,000770
лола 1,397940 0,001737
записка 1,221849 0,001518
мать 0,721246 0,000896
мачеха 1,397940 0,001737
зарядка 1,397940 0,001737
изменить 0,744727 0,000925
мужчина 0,677781 0,000842
руководство 0,920819 0,001144
эксплуатация 1,221849 0,001518
вселить 0,886057 0,001101
брендятина 1,522879 0,001892
медицина 0,886057 0,001101
лицо 0,537602 0,001002
радиоуниверситет 1,397940 0,001737
молочный 1,221849 0,001518
санкционный 0,886057 0,001101
качество 0,795880 0,000989
корм 1,397940 0,001737
физика 1,301030 0,002424
лирика 1,301030 0,002424
экскурсия 1,096910 0,001363
петербург 0,602060 0,000748
радиоканал 1,397940 0,006078
арест 1,096910 0,001363
генпрокуратура 1,522879 0,001892
арестовать 1,301030 0,001616
тысяча 0,568636 0,000706
железнодорожный 0,958607 0,001191
вагон 1,221849 0,001518
белоруссия 1,000000 0,001242
элемент 1,096910 0,001363
пушной 1,397940 0,001737
хлора 1,522879 0,001892
случай 0,568636 0,000706
крепиться 1,522879 0,001892
лето 0,853872 0,001061
пропустить 1,045757 0,001299
финансовый 0,638272 0,000793
аспект 1,301030 0,001616
авторский 0,744727 0,000925
материал 0,292430 0,000545
прорвать 1,522879 0,001892
оборона 1,221849 0,001518
противник 1,096910 0,001363
подвиг 0,958607 0,001191
борьба 0,721246 0,000896
начальник 1,221849 0,001518
французский 0,795880 0,000989
разведка 1,221849 0,001518
эрик 1,397940 0,001737
видо 1,522879 0,001892
покинуть 0,853872 0,001061
пост 0,920819 0,001144
платформа 0,853872 0,001061
пользовательский 0,552842 0,000687
соглашение 0,443697 0,000551
сервис 0,537602 0,000668
обратный 0,508638 0,000632
связь 0,309804 0,000577
реклама 0,259637 0,000323
сайт 0,173925 0,000324
сетевой 0,585027 0,000727
издание 0,468521 0,000582
учредитель 0,657577 0,000817
федеральный 0,508638 0,000948
государственный 0,721246 0,001344
унитарный 1,154902 0,001435
предприятие 0,886057 0,001101
всероссийский 1,000000 0,001242
телевизионный 1,096910 0,001363
радиовещательный 1,221849 0,001518
компания 0,443697 0,000551
вгтрк 1,154902 0,002152
свидетельство 0,585027 0,000727
регистрация 0,408935 0,000762
сми 0,468521 0,000582
эл 0,494850 0,000615
фс 0,522879 0,000650
выдать 0,958607 0,001191
служба 0,431798 0,000536
надзор 0,619789 0,000770
сфера 0,537602 0,000668
информационный 0,481486 0,000598
технология 0,408935 0,000508
массовый 0,508638 0,000632
коммуникация 0,568636 0,000706
главный 0,346787 0,000431
редактор 0,508638 0,000632
виноградов 1,096910 0,001363
е 0,823909 0,001023
а 0,221849 0,000276
адрес 0,537602 0,000668
электронный 0,619789 0,000770
почта 0,602060 0,000748
редакция 0,366532 0,000683
info 0,886057 0,001101
smotrim 1,397940 0,001737
ru 0,180456 0,000224
телефон 0,568636 0,000706
старший 0,721246 0,000896
лет 0,337242 0,000419
любой 0,420216 0,000783
опубликовать 0,494850 0,000615
защитить 0,552842 0,000687
соответствие 0,795880 0,000989
законодательство 0,638272 0,000793
интеллектуальный 1,045757 0,001299
собственность 1,096910 0,001363
использование 0,408935 0,000508
текстовой 1,096910 0,001363
фото 0,568636 0,000706
аудио 0,920819 0,001144
видеоматериал 1,045757 0,001299
возможно 0,853872 0,001061
только 0,283997 0,000353
согласие 0,795880 0,000989
правообладатель 0,744727 0,000925
