музеи 1,096910 0,010280
казани 1,045757 0,022542
полный 1,000000 0,002812
список 0,769551 0,002164
казанских 1,522879 0,004282
музеев 1,096910 0,003084
поиск 0,494850 0,000928
куда 0,795880 0,014918
казань 0,823909 0,009266
разместить 1,301030 0,002439
анонс 1,221849 0,002290
мероприятия 1,154902 0,003247
кафе 1,301030 0,003658
ресторан 1,522879 0,002855
заведение 1,397940 0,002620
площадку 1,698970 0,003185
свою 0,619789 0,001162
рекламу 1,096910 0,002056
что 0,161151 0,000453
ищем 1,522879 0,002855
найти 0,508638 0,000953
сходить 1,397940 0,011791
афиша 0,795880 0,002984
москвы 0,744727 0,001396
санкт 0,769551 0,001442
петербурга 1,154902 0,002165
нижнего 1,221849 0,002290
новгорода 1,397940 0,002620
сочи 0,920819 0,001726
тюмени 1,522879 0,002855
уфы 1,698970 0,003185
помощник 1,397940 0,002620
путеводитель 1,045757 0,001960
интересным 1,397940 0,002620
местам 1,522879 0,002855
лучшим 1,221849 0,002290
событиям 1,397940 0,002620
января 0,920819 0,001726
февраля 0,823909 0,001544
марта 0,721246 0,001352
апреля 0,283997 0,000532
мая 0,795880 0,001492
июня 0,886057 0,001661
июля 0,920819 0,001726
августа 0,958607 0,001797
сентября 1,154902 0,002165
октября 1,045757 0,001960
ноября 1,154902 0,002165
декабря 0,853872 0,001601
пойти 1,221849 0,002290
сегодня 0,443697 0,000832
завтра 0,920819 0,001726
выходные 1,096910 0,003084
этом 0,585027 0,001097
месяце 1,698970 0,003185
выставки 0,958607 0,017070
фестивали 1,301030 0,002439
детьми 1,096910 0,004112
активный 1,522879 0,002855
отдых 1,154902 0,003247
музыка 0,677781 0,001270
шоу 0,508638 0,001907
праздники 0,823909 0,001544
образование 0,823909 0,003089
кино 0,455932 0,000855
парки 1,698970 0,003185
погулять 1,698970 0,004777
туристу 1,698970 0,004777
театры 1,154902 0,003247
пространства 1,397940 0,002620
клубы 1,154902 0,002165
прочее 1,698970 0,003185
рестораны 1,522879 0,002855
интересные 1,000000 0,004686
места 1,000000 0,007498
советуем 1,698970 0,009554
события 0,638272 0,004187
национальный 1,221849 0,003435
музей 0,958607 0,044022
республики 1,154902 0,005412
татарстан 1,221849 0,005726
событие 1,301030 0,014632
исламской 1,522879 0,004282
культуры 0,795880 0,002238
естественной 1,698970 0,004777
истории 0,552842 0,005181
татарстана 1,301030 0,004877
пушечного 1,698970 0,004777
двора 1,522879 0,004282
алфавитный 1,698970 0,003185
указатель 1,698970 0,003185
мест 1,045757 0,003920
анатомический 1,698970 0,003185
театр 0,795880 0,001492
ботанический 1,698970 0,003185
выставочный 1,698970 0,004777
зал 1,301030 0,002439
манеж 1,522879 0,002855
галерея 1,096910 0,005140
современного 1,221849 0,003435
искусства 0,886057 0,002491
геологический 1,698970 0,003185
им 0,602060 0,002257
а 0,221849 0,001663
штукенберга 1,698970 0,003185
государственный 1,221849 0,002290
изобразительных 1,522879 0,002855
искусств 1,096910 0,002056
дом 0,522879 0,003430
верблюда 1,698970 0,003185
академиков 1,698970 0,003185
арбузовых 1,698970 0,003185
василия 1,397940 0,002620
аксенова 1,698970 0,003185
владимира 0,721246 0,001352
ильича 1,397940 0,002620
ленина 1,301030 0,002439
зоологический 1,698970 0,003185
эверсмана 1,698970 0,003185
казанский 1,522879 0,002855
кремль 1,154902 0,002165
картинная 1,698970 0,003185
славы 1,397940 0,002620
зайцева 1,397940 0,002620
культурно 1,397940 0,002620
центр 0,537602 0,001008
русского 0,769551 0,001442
музея 1,154902 0,002165
литературно 1,522879 0,002855
мемориальный 1,698970 0,003185
м 0,698970 0,001965
горького 1,397940 0,003930
литературный 1,154902 0,002165
габдуллы 1,698970 0,003185
тукая 1,522879 0,002855
международный 1,221849 0,002290
институт 1,154902 0,002165
антиквариата 1,397940 0,002620
татарского 1,397940 0,002620
быта 1,522879 0,004282
ремесла 1,522879 0,002855
мишкин 1,698970 0,003185
татар 1,221849 0,002290
бистэсе 1,698970 0,003185
ф 1,045757 0,001960
шаляпина 1,698970 0,003185
амира 1,698970 0,003185
мазитова 1,698970 0,003185
баки 1,698970 0,003185
урманче 1,698970 0,003185
восковых 1,698970 0,003185
фигур 1,698970 0,003185
е 0,823909 0,001544
боратынского 1,698970 0,003185
иллюзий 1,221849 0,002290
н 0,769551 0,001442
туполева 1,698970 0,003185
благовещенского 1,698970 0,003185
собора 1,397940 0,002620
велосипеда 1,698970 0,003185
веломания 1,698970 0,003185
государственности 1,698970 0,003185
казанского 1,522879 0,002855
университета 1,154902 0,002165
связи 0,455932 0,000855
татарской 1,698970 0,004777
литературы 0,920819 0,002589
мемориальной 1,522879 0,004282
квартирой 1,698970 0,004777
шарифа 1,698970 0,004777
камала 1,698970 0,004777
каюма 1,698970 0,003185
насыри 1,698970 0,003185
константина 1,221849 0,002290
васильева 1,522879 0,002855
льва 1,301030 0,002439
николаевича 1,698970 0,003185
толстого 1,397940 0,002620
оружия 1,397940 0,002620
дух 1,096910 0,002056
воина 1,397940 0,002620
пожарной 1,698970 0,003185
охраны 1,397940 0,002620
самовара 1,698970 0,003185
социалистического 1,698970 0,003185
спорта 0,958607 0,001797
рт 1,522879 0,002855
имени 0,721246 0,001352
ш 1,221849 0,002290
х 0,721246 0,001352
галеева 1,698970 0,003185
тысячелетия 1,698970 0,003185
чак 1,522879 0,002855
чака 1,522879 0,002855
квартира 1,301030 0,003658
композитора 1,522879 0,002855
назиба 1,698970 0,003185
жиганова 1,698970 0,003185
мусы 1,698970 0,003185
джалиля 1,522879 0,002855
мемориал 1,397940 0,002620
великой 0,958607 0,001797
отечественной 1,154902 0,002165
войны 0,698970 0,001310
национальная 1,397940 0,002620
художественная 1,397940 0,002620
хазинэ 1,698970 0,003185
храм 1,522879 0,002855
всех 0,552842 0,001036
религий 1,698970 0,003185
нашем 1,000000 0,001874
сайте 0,420216 0,001969
вы 0,376751 0,002119
найдете 1,045757 0,002940
всю 0,795880 0,001492
информацию 0,698970 0,001965
достопримечательности 1,397940 0,005241
это 0,251812 0,000708
интерактивный 1,397940 0,002620
каталог 1,045757 0,001960
лучших 1,096910 0,002056
заведений 1,522879 0,002855
том 0,522879 0,000980
стоит 0,619789 0,001743
или 0,292430 0,001096
жителю 1,522879 0,002855
мы 0,327902 0,001844
выбираем 1,698970 0,003185
только 0,283997 0,000798
лучшие 0,657577 0,002465
для 0,107905 0,000607
туризма 1,698970 0,003185
прогулок 1,698970 0,003185
свиданий 1,698970 0,003185
отдыха 1,397940 0,006551
знает 1,000000 0,001874
музеях 1,397940 0,002620
которые 0,431798 0,001214
открыты 1,397940 0,002620
знаете 1,221849 0,004581
месте 0,886057 0,001661
которого 0,920819 0,001726
нет 0,537602 0,001008
сообщите 1,397940 0,002620
нам 0,619789 0,001743
сейчас 0,481486 0,000903
обсуждают 1,154902 0,002165
последние 0,568636 0,001066
добавленные 1,698970 0,003185
авиатренажер 1,698970 0,003185
dream 1,698970 0,003185
aero 1,698970 0,003185
stand 1,522879 0,002855
up 1,000000 0,001874
club 1,301030 0,002439
kazan 1,522879 0,007136
событий 0,853872 0,002401
фильма 0,795880 0,001492
подпишетесь 1,698970 0,003185
почтовую 1,698970 0,003185
рассылку 1,000000 0,001874
подписаться 0,769551 0,001442
дважды 1,698970 0,003185
неделю 0,920819 0,001726
будем 1,221849 0,002290
писать 1,000000 0,001874
предстоящих 1,698970 0,003185
событиях 1,045757 0,003920
подписались 1,698970 0,003185
обновления 1,154902 0,002165
теперь 0,602060 0,001129
ваш 0,721246 0,001352
e 0,677781 0,001270
mail 0,721246 0,001352
будет 0,387216 0,000726
приходить 1,698970 0,003185
информация 0,552842 0,001554
o 1,301030 0,002439
галлереи 1,698970 0,003185
исторические 1,096910 0,002056
культурные 1,397940 0,002620
экспозиции 1,221849 0,002290
не 0,136677 0,000384
посетить 1,000000 0,002812
ищете 1,397940 0,003930
где 0,455932 0,000855
ребенком 1,221849 0,003435
парнем 1,522879 0,004282
девушкой 1,522879 0,004282
выбираете 1,698970 0,003185
место 0,744727 0,001396
свидания 1,221849 0,002290
развлечения 1,301030 0,002439
интересуетесь 1,698970 0,003185
активным 1,397940 0,002620
отдыхом 1,698970 0,003185
посещаете 1,698970 0,003185
корпоратив 1,698970 0,003185
поможет 0,886057 0,001661
лучший 0,853872 0,001601
сайт 0,455932 0,000855
самых 0,585027 0,001097
интересных 1,096910 0,002056
знаем 1,397940 0,002620
большой 0,853872 0,001601
компанией 1,397940 0,002620
нас 0,468521 0,000878
детей 0,420216 0,000788
их 0,455932 0,000855
родителей 0,958607 0,001797
обязательно 1,221849 0,002290
любые 0,853872 0,001601
варианты 1,522879 0,002855
концерты 1,221849 0,002290
парках 1,698970 0,003185
экскурсий 1,698970 0,003185
можно 0,420216 0,000788
спортивные 1,522879 0,002855
активного 1,522879 0,002855
семьей 1,154902 0,002165
многое 1,221849 0,002290
другое 1,045757 0,001960
социальных 0,769551 0,001442
сетях 0,769551 0,001442
вконтакте 0,638272 0,001196
однокласниках 1,698970 0,003185
телеграме 1,522879 0,002855
свидетельство 0,638272 0,001196
регистрации 0,638272 0,001196
сми 0,468521 0,000878
эл 0,494850 0,000928
фс 0,522879 0,000980
кудаказань 1,698970 0,003185
ру 0,744727 0,001396
kuda 1,698970 0,006369
ru 0,180456 0,000676
контакты 0,431798 0,000809
сообщить 1,096910 0,002056
ошибке 1,154902 0,002165
наша 0,958607 0,001797
электронная 1,221849 0,002290
почта 1,000000 0,001874
mailbox 1,698970 0,004777
пресс 0,638272 0,001196
релиз 1,698970 0,003185
редакционная 1,397940 0,002620
политика 0,387216 0,000726
правовая 0,920819 0,001726
формат 1,221849 0,002290
ресурса 1,698970 0,003185
сотрудничество 1,154902 0,002165
размещение 0,958607 0,001797
требования 1,301030 0,002439
материалам 1,698970 0,003185
музеям 1,397940 0,002620
выставкам 1,698970 0,003185
ресторанам 1,698970 0,003185
партнерам 1,397940 0,002620
реклама 0,346787 0,000650
коммерческое 1,698970 0,003185
предложение 1,154902 0,002165
медиа 0,769551 0,001442
кит 1,522879 0,002855
логотипы 1,698970 0,003185
векторе 1,698970 0,003185
отправьте 1,522879 0,002855
письмо 0,958607 0,001797
темой 1,698970 0,003185
ошибка 1,096910 0,003084
либо 1,000000 0,001874
воспользуйтесь 1,397940 0,002620
формой 1,522879 0,002855
ниже 0,886057 0,001661
адрес 0,552842 0,001554
страницы 1,221849 0,003435
электронной 0,853872 0,001601
почты 0,886057 0,001661
описание 1,397940 0,002620
ошибки 1,221849 0,002290
введите 1,096910 0,002056
число 1,221849 0,002290
картинки 1,096910 0,002056
прокрутить 1,698970 0,003185
началу 1,698970 0,003185
партнер 1,301030 0,002439
рамблера 1,397940 0,002620
используя 1,045757 0,001960
соглашаетесь 1,154902 0,002165
пользовательским 1,522879 0,002855
соглашением 1,301030 0,002439
политикой 1,096910 0,002056
конфиденциальности 0,744727 0,001396
