livelib 1,698970 0,003521
сайт 0,173925 0,000060
книга 0,552842 0,006111
социальный 0,522879 0,000271
сеть 0,443697 0,000153
читатель 0,823909 0,000996
please 1,397940 0,000724
click 1,522879 0,000789
here 1,301030 0,000674
if 1,154902 0,000598
you 0,958607 0,000497
are 1,154902 0,000598
not 1,096910 0,000568
redirect 1,698970 0,000880
within 1,397940 0,000724
a 0,638272 0,000331
few 1,397940 0,000724
second 1,698970 0,000880
что 0,161151 0,000807
почитать 1,096910 0,000758
новинка 0,677781 0,002575
рекомендация 1,045757 0,000542
рейтинг 0,657577 0,000227
жанр 0,853872 0,000442
автор 0,522879 0,001626
подборка 0,721246 0,001246
премия 0,677781 0,000936
издательство 0,958607 0,000662
персонаж 1,045757 0,001084
лента 0,677781 0,000351
рецензия 0,920819 0,002863
цитата 1,045757 0,002709
история 0,283997 0,000834
лайфхак 1,154902 0,000598
группа 0,823909 0,002277
книжный 1,045757 0,001987
вызов 1,096910 0,001326
школьный 1,096910 0,000379
игра 0,585027 0,000404
конкурс 0,568636 0,000295
клуб 0,657577 0,001363
афиша 0,795880 0,001375
тест 0,602060 0,000728
книгообмен 1,698970 0,001174
раздача 1,698970 0,002054
войти 0,468521 0,000162
главный 0,346787 0,000359
мероприятие 0,823909 0,000711
участник 0,823909 0,000427
править 0,638272 0,000331
участвовать 1,045757 0,000542
ежегодный 1,301030 0,000449
читательский 1,522879 0,000789
гонка 1,154902 0,000399
принять 0,638272 0,000331
хороший 0,408935 0,000494
природа 1,045757 0,000361
самый 0,251812 0,000522
надежный 1,397940 0,000483
миро 0,337242 0,000291
опор 1,698970 0,000587
единственный 1,045757 0,000542
стоять 0,585027 0,000202
держаться 1,522879 0,000526
подробный 0,657577 0,000341
всего 0,721246 0,001993
наш 0,309804 0,000214
жизнь 0,318759 0,000661
еда 1,045757 0,000361
как 0,187087 0,000711
сделать 0,657577 0,000227
свой 0,301030 0,000520
вкусный 1,397940 0,000483
рецепт 0,958607 0,000331
для 0,107905 0,000335
непрофессионал 1,698970 0,000587
шеф 1,000000 0,000345
поделиться 1,096910 0,018566
михаил 0,568636 0,000393
плотников 1,522879 0,000526
купить 0,744727 0,012605
мир 0,387216 0,000401
иза 0,167491 0,000550
прореха 1,522879 0,000526
иной 0,958607 0,000331
земля 0,744727 0,000257
яна 0,920819 0,000318
летта 1,522879 0,000526
культ 1,397940 0,000483
эбби 1,698970 0,000587
дэвис 1,698970 0,000587
написать 0,619789 0,001392
зажигательный 1,698970 0,000587
романа 0,585027 0,000404
инсайдерский 1,522879 0,000526
совет 0,568636 0,000295
один 0,356547 0,000677
успешный 1,045757 0,000361
литературный 0,795880 0,000275
агент 1,397940 0,000483
дональд 1,397940 0,000483
маасс 1,698970 0,000587
пастух 1,698970 0,000587
итать 1,522879 0,000526
кросс 1,221849 0,000422
быть 0,161151 0,000612
спкий 1,698970 0,000587
проверить 0,721246 0,000249
техника 1,045757 0,000542
управление 0,920819 0,000636
тревога 1,522879 0,000526
джил 1,698970 0,000587
уэбер 1,698970 0,000587
формула 1,096910 0,000379
z 1,221849 0,000422
артема 1,301030 0,000449
ляха 1,698970 0,000587
сердце 0,769551 0,000797
пандор 1,698970 0,000587
дзюна 1,698970 0,000587
мотидзука 1,698970 0,000587
подлинный 1,301030 0,000449
анна 0,537602 0,000464
каренин 1,397940 0,000483
павел 0,769551 0,000266
басинский 1,698970 0,000587
sticky 1,698970 0,000587
brand 1,522879 0,000526
способ 0,721246 0,000498
побудить 1,698970 0,000587
клиент 1,000000 0,000345
навсегда 1,000000 0,000345
прилипнуть 1,522879 0,000526
компания 0,443697 0,000153
джереметь 1,522879 0,000526
миллер 1,154902 0,000399
искренность 1,397940 0,000483
после 0,356547 0,000185
коммунизм 1,698970 0,000587
культурный 1,045757 0,000361
эллен 1,522879 0,000526
руттен 1,698970 0,000587
профессиональный 0,958607 0,000497
дракон 0,920819 0,000318
валентин 0,958607 0,000331
савенко 1,698970 0,000587
лед 1,221849 0,000633
прованс 1,698970 0,000587
бунин 1,301030 0,000449
изгнание 1,221849 0,000422
рената 1,522879 0,000526
лис 1,522879 0,000526
теория 1,301030 0,000449
бесконечный 1,221849 0,000422
обезьяна 1,397940 0,000483
екатерина 0,886057 0,000612
звонцов 1,698970 0,000587
инвестиционный 1,096910 0,000379
стратегия 1,221849 0,000422
зарабатываться 1,698970 0,000587
состояние 0,958607 0,000331
время 0,327902 0,000510
процветание 1,522879 0,000526
испытание 1,045757 0,000361
бартон 1,698970 0,000587
биггс 1,698970 0,000587
этичный 1,698970 0,000587
хакинг 1,698970 0,000587
практический 1,397940 0,000483
руководство 0,920819 0,000318
взлом 1,522879 0,000526
дэниел 1,397940 0,000966
ть 0,552842 0,007925
грэм 1,397940 0,000483
наикратчайший 1,698970 0,000587
китай 0,721246 0,000249
древние 1,397940 0,000483
династия 1,522879 0,000526
современный 0,537602 0,000279
супердержава 1,698970 0,000587
линда 1,397940 0,000483
джейвин 1,698970 0,000587
чешский 1,221849 0,000422
больший 0,853872 0,000295
маленький 1,045757 0,000903
страна 0,387216 0,000134
святой 1,221849 0,000422
вацлав 1,698970 0,000880
гаветь 1,698970 0,000587
сборник 1,096910 0,001326
андрей 0,508638 0,000264
шарый 1,698970 0,000587
выбор 0,619789 0,000428
редакция 0,366532 0,000127
k 1,154902 0,007580
info 0,886057 0,001071
создать 0,619789 0,001606
обсуждение 1,000000 0,003972
партнер 0,619789 0,000428
апрель 0,275724 0,001619
ум 1,000000 0,000518
британец 1,698970 0,000880
не 0,136677 0,001086
понять 0,769551 0,000399
arlett 1,698970 0,001761
неподъемный 1,522879 0,000526
ноша 1,698970 0,000587
который 0,236572 0,000654
чаща 1,154902 0,000399
бросать 1,522879 0,000526
чем 0,387216 0,000334
дочитывать 1,698970 0,000587
takatalvi 1,698970 0,000880
приз 1,096910 0,000379
переводчик 1,096910 0,001894
я 0,346787 0,002575
выучить 1,698970 0,000587
английский 1,000000 0,000691
читать 0,537602 0,002228
стивен 1,045757 0,000722
кинг 1,154902 0,000399
этот 0,173925 0,000781
неделя 0,522879 0,000271
сентябрь 1,154902 0,000399
искать 0,698970 0,000241
новость 0,161151 0,000083
лайвлиб 1,698970 0,003228
лет 0,337242 0,000466
статья 0,619789 0,000321
любовь 0,468521 0,000405
или 0,292430 0,000556
абьюза 1,698970 0,000880
разбираться 1,397940 0,000724
отношение 0,481486 0,000249
скарлетта 1,522879 0,000789
хара 1,301030 0,000674
ретта 1,698970 0,000880
батлер 1,698970 0,000880
старое 0,958607 0,000331
сказка 0,823909 0,000285
мертвый 0,920819 0,000795
пришлый 1,096910 0,000379
новое 0,214670 0,000297
ju 1,698970 0,000880
lie 1,698970 0,000880
арта 1,045757 0,000361
шпигельман 1,698970 0,000587
запрет 0,795880 0,000275
никогда 0,958607 0,000497
работать 0,431798 0,000224
он 0,455932 0,000551
разжигать 1,698970 0,000587
интерес 0,886057 0,000306
запретить 0,619789 0,000214
jesshanderson 1,698970 0,000880
март 0,698970 0,003501
идеальный 0,769551 0,000399
свадьба 0,920819 0,000318
а 0,221849 0,000575
мочь 0,236572 0,000368
декорация 1,522879 0,000526
убийство 0,853872 0,000442
stoker 1,698970 0,002054
смерть 0,568636 0,000393
нил 1,301030 0,000449
проницательный 1,698970 0,000587
тайна 0,920819 0,000477
агата 1,522879 0,000789
кристи 1,522879 0,000789
топ 0,677781 0,000234
одинокий 1,045757 0,000361
мать 0,721246 0,000374
художественный 0,886057 0,000306
литература 0,744727 0,000643
краткий 1,096910 0,000379
стрихнин 1,698970 0,000587
любимый 0,744727 0,000386
яд 1,698970 0,000587
артур 1,301030 0,000449
конан 1,698970 0,000587
дойла 1,698970 0,000587
многий 1,096910 0,000379
другой 0,356547 0,000554
почему 0,366532 0,000380
svetlanaafa 1,698970 0,000880
помочь 0,537602 0,000186
улучшить 1,301030 0,000449
ваш 0,431798 0,000224
навык 1,154902 0,000598
чтение 1,045757 0,000542
блог 0,795880 0,000412
сергей 0,408935 0,000283
литвинов 1,397940 0,000724
отрывок 1,154902 0,000399
новый 0,244125 0,000253
роман 1,000000 0,000518
завтра 0,920819 0,000318
олег 0,721246 0,000249
рой 1,397940 0,000483
простить 1,301030 0,000449
ирина 0,823909 0,000285
денисов 1,522879 0,000526
расплата 1,698970 0,000587
глава 0,522879 0,000181
дом 0,356547 0,000862
святослава 1,522879 0,000526
альбирео 1,698970 0,000587
тихий 1,301030 0,000449
омут 1,698970 0,000587
готовиться 0,920819 0,000318
выход 0,744727 0,000257
всегда 0,657577 0,000568
оставаться 0,886057 0,000459
себя 0,397940 0,000344
йоав 1,698970 0,000587
блум 1,698970 0,000587
грушевый 1,698970 0,000587
поляна 1,522879 0,000526
нана 1,698970 0,000587
эквтимишвили 1,698970 0,000587
назвать 0,568636 0,000295
его 0,346787 0,000599
галстук 1,698970 0,000880
милена 1,698970 0,000880
митико 1,698970 0,000587
флашар 1,698970 0,000587
кто 0,346787 0,000240
такой 0,397940 0,000550
мода 0,958607 0,000331
диксон 1,698970 0,000587
александр 0,602060 0,000208
эндрюс 1,698970 0,000587
перекресток 1,522879 0,000789
джонатан 1,397940 0,000724
франзный 1,698970 0,000587
ничто 1,221849 0,000422
янна 1,698970 0,000587
теллер 1,698970 0,000587
касабланка 1,522879 0,000526
фиона 1,522879 0,000789
валпеть 1,698970 0,000587
ребенок 0,259637 0,000179
правый 1,397940 0,000483
дельфина 1,154902 0,000399
де 1,522879 0,000789
вигать 1,698970 0,000587
зимний 0,853872 0,000295
солдат 0,769551 0,000266
мейсон 1,698970 0,000587
актриса 1,000000 0,000345
энна 1,522879 0,000526
райт 1,301030 0,000674
девочка 0,823909 0,000569
морской 1,000000 0,000345
таня 1,397940 0,000483
штевнер 1,698970 0,000587
тоска 1,397940 0,000483
эшколить 1,698970 0,000587
невый 1,698970 0,000587
край 1,000000 0,000345
молочный 1,221849 0,000422
река 0,920819 0,000318
вереск 1,698970 0,000587
оллварда 1,698970 0,000880
разрушитель 1,522879 0,000789
викторий 1,154902 0,000798
авеярд 1,698970 0,001174
ясновидец 1,698970 0,000587
пятаков 1,698970 0,000587
александра 0,443697 0,000230
бушковский 1,698970 0,000587
день 0,236572 0,000572
ясный 1,698970 0,000587
небо 0,886057 0,000459
леона 1,698970 0,000587
росс 1,397940 0,000483
чумной 1,522879 0,000526
остров 1,221849 0,000422
мари 1,221849 0,000422
хермансон 1,698970 0,000587
каирский 1,698970 0,000587
хроника 1,301030 0,000899
хозяйка 1,522879 0,000789
магазин 0,619789 0,000321
надя 1,522879 0,000526
вассеф 1,698970 0,000587
м 0,698970 0,000845
фунт 1,698970 0,001761
лихой 1,698970 0,001761
париж 1,045757 0,001084
лондон 1,096910 0,001326
джордж 1,154902 0,000798
оруэлла 1,301030 0,001124
introvertka 1,698970 0,000880
эксперт 0,568636 0,001473
пожаловаться 1,154902 0,004588
www 0,698970 0,001207
ru 0,180456 0,000312
review 1,397940 0,002414
бедный 0,958607 0,000497
стыдно 1,221849 0,000422
мень 0,657577 0,000909
настоящий 0,795880 0,000412
наслаждение 1,698970 0,000587
уже 0,568636 0,000589
успеть 1,301030 0,000449
позабыть 1,698970 0,000587
настолько 1,301030 0,000674
изящный 1,522879 0,000526
сдержанный 1,698970 0,000587
ирония 1,397940 0,000483
несмотря 1,000000 0,000345
лаконичность 1,698970 0,000587
простота 1,698970 0,000587
язык 0,568636 0,000196
повествование 1,698970 0,000880
писатель 0,721246 0,001370
удаваться 1,397940 0,000483
выразить 1,397940 0,000483
проза 0,958607 0,000331
весь 0,107905 0,000578
глубина 1,301030 0,000449
важность 1,522879 0,000526
поднимать 1,397940 0,000483
оно 0,397940 0,000550
текст 0,585027 0,000404
острый 1,045757 0,000361
проблема 0,698970 0,000483
ярый 1,698970 0,000587
сторонник 1,397940 0,000483
демократия 1,522879 0,000526
социализм 1,698970 0,000587
сосредоточить 1,698970 0,000587
общество 0,468521 0,000162
требовать 0,886057 0,000306
решение 0,619789 0,000321
государственный 0,721246 0,000249
так 0,481486 0,001497
общечеловеческий 1,698970 0,000587
уровень 0,886057 0,000306
повестить 1,221849 0,000422
сосредоточиться 1,698970 0,000587
незащищенный 1,698970 0,000587
слой 1,522879 0,000526
население 0,920819 0,000318
нищий 1,397940 0,000483
полностью 0,795880 0,001375
танцующий 1,698970 0,000880
лошадь 1,397940 0,000724
джоджо 1,698970 0,000880
мойес 1,698970 0,000880
ifrita 1,698970 0,000880
писать 0,744727 0,000386
свое 0,455932 0,000157
удовольствие 1,301030 0,000449
оборотный 1,698970 0,000587
сторона 0,886057 0,000306
роля 0,744727 0,000386
родитель 0,744727 0,000257
полный 0,522879 0,000181
ответственность 0,886057 0,000306
чей 1,221849 0,000422
тот 0,376751 0,001432
счастье 0,769551 0,000532
очень 0,568636 0,000884
надеяться 1,221849 0,000633
прочитать 1,154902 0,001396
практически 1,096910 0,000568
творчество 0,958607 0,000497
большинство 1,301030 0,000449
понравиться 1,000000 0,000864
задеть 1,522879 0,000526
живой 0,769551 0,000532
заставить 1,096910 0,000379
переживать 1,301030 0,000449
герой 0,552842 0,001241
здесь 0,698970 0,000483
же 0,721246 0,001246
раздражать 1,522879 0,000526
только 0,283997 0,000343
они 0,309804 0,000535
поведение 1,154902 0,000399
сюжет 0,744727 0,000257
целое 1,154902 0,000399
абсолютно 1,221849 0,000422
нелогичный 1,698970 0,000587
сара 1,397940 0,001690
вот 0,677781 0,001171
год 0,236572 0,000449
жить 0,585027 0,000404
дедушка 1,154902 0,000399
бросить 0,886057 0,000306
она 0,356547 0,000801
еще 0,327902 0,000340
младенец 1,397940 0,000483
бабушка 0,853872 0,000295
умереть 0,886057 0,000306
дед 1,221849 0,000422
анри 1,522879 0,000526
молодость 1,000000 0,000345
прекрасный 0,920819 0,000318
наездник 1,698970 0,000587
кадр 0,823909 0,000569
нуар 1,522879 0,000789
влюбиться 1,221849 0,000633
уехать 1,045757 0,000361
франция 0,795880 0,000275
поэтому 0,853872 0,000295
решить 0,677781 0,000351
воплотить 1,698970 0,000587
амбиция 1,522879 0,000526
внучка 1,698970 0,000587
час 0,769551 0,000399
заниматься 0,886057 0,000306
верховой 1,698970 0,000587
езда 1,397940 0,000483
выполнять 1,221849 0,000422
сложный 0,886057 0,000306
элемент 1,096910 0,000379
хоть 1,397940 0,000724
ходить 1,221849 0,000422
школа 0,552842 0,000286
замкнуть 1,698970 0,000587
иметь 0,853872 0,000295
золотой 0,795880 0,000412
лук 1,522879 0,000789
приходить 1,154902 0,000598
генри 1,397940 0,000724
лайон 1,698970 0,000880
олди 1,698970 0,001174
rosio 1,698970 0,000880
анти 1,698970 0,000587
фэн 1,698970 0,000587
шуя 1,698970 0,000587
начало 0,638272 0,000220
друг 0,494850 0,000513
крылатый 1,301030 0,000449
конь 1,522879 0,000526
ахейский 1,698970 0,000880
цикл 0,958607 0,000828
продолжаться 1,096910 0,000568
идти 0,657577 0,000341
смена 0,958607 0,000331
ждать 0,619789 0,000214
беллерофонт 1,698970 0,000587
нареченный 1,698970 0,000587
детство 0,920819 0,000318
гиппоныть 1,698970 0,000587
подвиг 0,958607 0,000497
приключение 0,795880 0,000275
легкий 1,096910 0,000379
ли 0,387216 0,000401
судьба 0,657577 0,000681
вроде 1,522879 0,000526
бы 0,585027 0,000707
родиться 1,096910 0,000758
попасть 0,823909 0,000285
под 0,376751 0,000260
покровительство 1,698970 0,000587
бог 0,958607 0,000331
совершить 1,000000 0,000345
прославляться 1,698970 0,000587
миф 1,000000 0,000345
пронести 1,698970 0,000587
слава 1,096910 0,000379
твой 1,045757 0,000361
тысячилетие 1,698970 0,000587
подробно 1,301030 0,000449
рассказывать 0,698970 0,000362
показывать 1,000000 0,000345
конечный 1,221849 0,000633
допущение 1,698970 0,000587
мифологический 1,698970 0,000587
фэнтезь 0,920819 0,000477
там 0,769551 0,000399
да 0,494850 0,000427
выясняться 1,698970 0,000587
далекий 0,769551 0,000399
далеко 1,522879 0,000789
радужно 1,698970 0,000587
видеться 1,698970 0,000587
зависть 1,397940 0,000483
ревность 1,522879 0,000526
путь 0,721246 0,000747
смертный 1,397940 0,001207
амброуза 1,698970 0,000880
перри 1,698970 0,000880
tatianadik 1,698970 0,000880
готика 1,522879 0,000526
медицина 0,886057 0,000306
эдинбург 1,698970 0,000587
xix 1,096910 0,000379
век 0,619789 0,000321
действие 0,823909 0,000711
авторский 0,744727 0,000386
дуэт 1,522879 0,000789
кристофер 1,397940 0,000483
брукмайер 1,698970 0,000587
медик 1,221849 0,000633
анестезиолог 1,698970 0,000587
мариса 1,698970 0,000587
хэцман 1,698970 0,000587
происходить 0,769551 0,000532
эренбург 1,698970 0,000587
знакомить 1,301030 0,000449
мы 0,229148 0,000158
уилл 1,522879 0,000526
рейвен 1,698970 0,000587
студент 1,221849 0,000422
закончить 1,301030 0,000449
обучение 1,301030 0,000674
университет 1,096910 0,000379
приступать 1,698970 0,000587
практика 1,096910 0,000379
известный 0,677781 0,000234
акушер 1,698970 0,000587
доктор 0,721246 0,000498
джеймс 0,958607 0,000828
симпсон 1,522879 0,000526
исторический 0,602060 0,000312
лицо 0,537602 0,000186
идея 0,853872 0,000295
напоследок 1,522879 0,000526
гульнуть 1,698970 0,000587
навестить 1,397940 0,000483
подружка 1,301030 0,000449
проститутка 1,522879 0,000526
ивить 1,522879 0,000789
лоусон 1,522879 0,000789
оказаться 0,638272 0,000220
неудачный 1,397940 0,000483
уилла 1,096910 0,000568
найти 0,356547 0,000246
признак 1,096910 0,000379
отравить 1,522879 0,000526
понимать 0,886057 0,000612
застать 1,698970 0,000587
ряд 0,823909 0,000285
тело 0,698970 0,000241
карьера 0,958607 0,000331
можно 0,420216 0,000145
поставить 0,823909 0,000569
жирный 1,698970 0,000587
крест 1,522879 0,000526
сбегать 1,522879 0,000526
когда 0,397940 0,000550
рассеяться 1,698970 0,000880
туман 1,221849 0,001055
кейт 1,301030 0,000899
мортон 1,698970 0,001174
breeze 1,698970 0,000880
будущее 0,602060 0,000312
прошлое 1,045757 0,000361
ада 1,221849 0,000633
рай 1,301030 0,000449
цой 1,522879 0,000789
взять 0,958607 0,000497
совершенно 0,886057 0,000459
неподходящий 1,698970 0,000880
настроение 1,000000 0,000518
хотеться 1,000000 0,000345
разведка 1,221849 0,000422
шпион 1,154902 0,000399
итог 0,769551 0,000399
приходиться 1,154902 0,000598
погружаться 1,698970 0,000587
атмосфера 1,522879 0,000789
неторопливый 1,698970 0,000587
фактически 1,698970 0,000587
локация 1,698970 0,000587
потому 0,920819 0,000318
заявить 0,677781 0,000234
срок 0,886057 0,000306
поджимать 1,698970 0,000587
однако 0,886057 0,000306
удаться 1,221849 0,000633
загипнотизировать 1,698970 0,000587
иначе 1,154902 0,000399
объяснить 0,677781 0,000351
факт 0,769551 0,000399
перелистнуть 1,698970 0,000587
последний 0,318759 0,000275
страница 0,619789 0,000428
тут 0,853872 0,000442
пошлый 1,221849 0,000422
заказывать 1,522879 0,000526
даже 0,602060 0,000624
сложно 1,301030 0,000674
внятно 1,698970 0,000587
именно 0,823909 0,000569
зацепить 1,698970 0,000587
героиня 1,045757 0,000903
грейс 1,397940 0,000483
юность 1,522879 0,000526
ривертон 1,698970 0,000587
качество 0,795880 0,000275
прислуга 1,397940 0,000483
вызывать 1,522879 0,000526
ни 0,698970 0,000845
негативный 1,522879 0,000526
эмоция 1,221849 0,000422
фиалка 1,698970 0,001174
марта 0,886057 0,000612
джио 1,698970 0,001467
kristinamiss 1,698970 0,000880
handrickova 1,698970 0,000880
семейный 0,744727 0,000386
санта 1,698970 0,000880
барбара 1,698970 0,000880
заметить 1,096910 0,000568
важный 0,602060 0,000520
деталь 1,096910 0,000379
е 0,823909 0,000285
протекать 1,522879 0,000526
насыщенный 1,698970 0,000587
интересный 0,619789 0,000321
сейчас 0,481486 0,000249
сага 1,221849 0,000422
поколение 0,958607 0,000331
семья 0,552842 0,000286
запутать 1,698970 0,000587
много 0,301030 0,000104
дневник 1,154902 0,000598
вести 0,657577 0,000341
эстера 1,522879 0,000526
интересно 1,301030 0,000674
ценный 1,221849 0,000422
вещь 1,045757 0,000361
привести 0,886057 0,000306
эмили 1,301030 0,000449
том 0,920819 0,000954
узнать 0,698970 0,000483
никто 0,823909 0,000285
упорно 1,522879 0,000526
хотеть 0,387216 0,000334
ничего 0,958607 0,000497
благодаря 0,823909 0,000285
упорство 1,698970 0,000587
желание 1,045757 0,000361
смочь 0,537602 0,000279
добиться 1,154902 0,000399
истина 1,096910 0,000379
красный 0,920819 0,000636
лотос 1,698970 0,000880
аркадия 1,522879 0,001052
саульский 1,698970 0,000880
katrinbelous 1,698970 0,000880
магистр 1,698970 0,000587
магия 1,045757 0,000361
лист 1,301030 0,000449
стекать 1,698970 0,000587
дерево 1,045757 0,000361
впечатление 1,221849 0,000633
первый 0,346787 0,000359
частить 0,920819 0,000477
думать 0,886057 0,000306
неужели 1,522879 0,000526
наконец 1,301030 0,000674
попасться 1,397940 0,000724
безоговорочно 1,522879 0,000526
высокий 0,721246 0,000249
оценка 0,823909 0,000427
припомнить 1,698970 0,000587
начинаться 1,154902 0,000399
просто 0,602060 0,000416
восхитительный 1,522879 0,000526
вероломный 1,698970 0,000587
предательство 1,221849 0,000422
кровопролитие 1,698970 0,000587
воскрешение 1,301030 0,000449
какой 0,337242 0,000291
мой 0,619789 0,000321
типаж 1,698970 0,000587
дора 1,698970 0,000587
суровый 1,522879 0,000526
самурай 1,698970 0,000587
трагический 1,301030 0,000674
дисциплинировать 1,698970 0,000587
воин 0,920819 0,000318
непревзойденный 1,698970 0,000587
убийца 0,823909 0,000854
перед 0,769551 0,000266
кентаро 1,698970 0,000587
вырисовываться 1,698970 0,000587
широкий 1,154902 0,000399
непредсказуемый 1,522879 0,000526
возмездие 1,397940 0,000483
погрузить 1,698970 0,000587
японский 1,096910 0,000568
фильм 0,431798 0,000671
готовый 0,744727 0,000257
долгий 1,154902 0,000598
ночь 0,721246 0,000498
цза 1,698970 0,000880
цзиньчэня 1,698970 0,000880
arielliasa 1,698970 0,000880
против 0,387216 0,000201
плохой 0,853872 0,000295
темный 0,920819 0,000318
однажды 0,920819 0,000318
вновь 0,795880 0,000275
озариться 1,698970 0,000587
свет 1,096910 0,000379
нет 0,537602 0,000279
несколько 0,744727 0,000514
подряд 1,301030 0,000674
многое 1,096910 0,000379
ожидать 0,958607 0,000331
получить 0,420216 0,000218
наткнуться 1,698970 0,000587
теперь 0,602060 0,000208
раздумывать 1,698970 0,000587
хорошо 0,823909 0,000854
ознакомиться 1,397940 0,000483
разбить 1,397940 0,000483
сей 1,096910 0,000379
пора 0,886057 0,000306
поверить 1,045757 0,000361
триста 1,698970 0,000587
набраться 1,698970 0,000587
равно 1,221849 0,000422
умудриться 1,698970 0,000587
впихнуть 1,698970 0,000587
куча 1,698970 0,000587
прописать 1,522879 0,000526
полноценный 1,221849 0,000422
спасибо 1,000000 0,000345
сказать 0,795880 0,000412
поорать 1,698970 0,000587
часы 0,886057 0,000612
столько 1,221849 0,000422
временить 0,698970 0,000241
проплакать 1,698970 0,000587
грудь 1,301030 0,000449
вернуть 0,823909 0,000285
вера 0,958607 0,000497
человечество 1,221849 0,000422
одновременно 1,221849 0,000422
забрало 1,698970 0,000587
справедливость 1,221849 0,000422
ладно 1,522879 0,000789
верить 0,958607 0,000331
открытие 1,000000 0,000691
древний 0,886057 0,000459
африка 1,301030 0,000899
бэзить 1,698970 0,000880
дэвидсон 1,698970 0,000880
santellibungey 1,698970 0,000880
частное 1,522879 0,000526
мнение 0,602060 0,000208
дилетант 1,698970 0,000587
оперативный 1,522879 0,000526
сводка 1,397940 0,000483
археологический 1,522879 0,000526
поля 1,154902 0,000399
горилла 1,698970 0,000880
большой 0,657577 0,000909
злой 1,096910 0,000568
крокодилов 1,698970 0,000880
предлагать 0,958607 0,000331
никакой 0,920819 0,000477
романтика 1,397940 0,000483
предрассудок 1,698970 0,000587
царица 1,522879 0,000526
савский 1,698970 0,000587
финикиец 1,698970 0,000587
бесследно 1,522879 0,000526
исчезнуть 1,154902 0,000399
представитель 0,920819 0,000318
высокоразвитый 1,698970 0,000587
цивилизация 1,221849 0,000422
вы 0,301030 0,000416
продраться 1,698970 0,000587
чтобы 0,408935 0,000353
уж 1,221849 0,000633
совсем 1,154902 0,000997
нечитаемый 1,698970 0,000587
весьма 1,397940 0,000483
сухой 1,301030 0,000449
черезвычайно 1,698970 0,000587
насытить 1,698970 0,000587
континент 1,522879 0,000526
культура 0,468521 0,000162
взгляд 0,853872 0,000590
измениться 0,920819 0,000477
оба 1,000000 0,000345
америка 1,096910 0,000568
минуть 0,769551 0,000399
тяжелый 0,744727 0,000257
поступить 1,301030 0,000449
европеец 1,397940 0,000483
эпоха 0,853872 0,000295
великое 1,000000 0,000518
географический 1,698970 0,000587
определить 0,920819 0,000318
трудность 1,000000 0,000345
естественный 1,301030 0,000449
причина 0,853872 0,000295
изменение 0,958607 0,000331
климат 1,522879 0,000526
переселение 1,698970 0,000587
народ 0,853872 0,000295
война 0,522879 0,000181
т 1,045757 0,000361
сыграть 0,958607 0,000331
тома 0,522879 0,000271
популярный 0,455932 0,000236
хит 1,045757 0,003070
лето 0,853872 0,000295
пионерск 1,698970 0,000587
катерина 1,221849 0,000422
сильванов 1,698970 0,000587
безупречный 1,397940 0,000483
луна 1,096910 0,000379
лия 1,698970 0,000880
арден 1,698970 0,000880
искушение 1,397940 0,000483
трейся 1,698970 0,000587
вульф 1,698970 0,000587
ореол 1,698970 0,000587
тьма 1,096910 0,000568
дать 0,721246 0,000374
делона 1,698970 0,000587
нулевой 1,301030 0,000449
степень 1,522879 0,000526
микит 1,698970 0,000587
франко 1,698970 0,000587
сон 1,000000 0,000345
мистер 1,301030 0,000449
талергут 1,698970 0,000587
мие 1,522879 0,000526
атака 0,920819 0,000318
титан 1,221849 0,000422
хадзимэ 1,698970 0,000587
исаям 1,698970 0,000587
человек 0,259637 0,000269
бензопила 1,522879 0,001052
пес 1,397940 0,000483
нетопырь 1,698970 0,000587
тацук 1,522879 0,000526
фудзимото 1,522879 0,000526
монструма 1,698970 0,000587
полина 1,000000 0,000345
граф 1,301030 0,000449
бездна 1,221849 0,000422
донато 1,522879 0,000526
карризь 1,522879 0,000526
вселить 0,886057 0,000306
аниманта 1,698970 0,000587
крамб 1,698970 0,000587
лондонский 1,301030 0,000449
лина 1,397940 0,000483
рина 1,698970 0,000587
ход 0,769551 0,000266
мэри 1,154902 0,000598
бертон 1,698970 0,000587
дилемма 1,698970 0,000587
выжить 1,096910 0,000379
кристина 1,096910 0,000379
двойной 1,096910 0,000379
ведьмин 1,698970 0,000587
фонарь 1,301030 0,000449
галина 1,154902 0,000399
герасимов 1,698970 0,000587
папа 1,045757 0,000361
катить 1,301030 0,000449
радио 0,795880 0,000275
морок 1,698970 0,000880
татьяна 0,853872 0,000295
мастрюковый 1,698970 0,000587
воронье 1,522879 0,000526
озеро 1,221849 0,000422
поймать 1,301030 0,000449
свобода 0,853872 0,000295
алекса 1,154902 0,000798
хилл 1,522879 0,000526
anastasia 1,698970 0,001174
разместить 0,721246 0,001246
зачем 0,744727 0,000257
нужный 0,552842 0,000191
физический 1,221849 0,000422
почтовый 1,301030 0,000449
ящик 1,698970 0,000587
где 0,455932 0,000236
изобрести 1,397940 0,000483
интернет 0,455932 0,000157
волк 1,000000 0,000345
голова 1,096910 0,000379
iius 1,154902 0,000399
терехов 1,698970 0,000587
serp 1,698970 0,000880
радость 1,000000 0,000518
похитить 1,522879 0,000526
деньга 0,853872 0,000295
сметь 1,698970 0,000587
тратить 1,522879 0,000526
сообразительный 1,698970 0,000587
потратить 1,301030 0,000449
способный 1,221849 0,000422
безопасный 1,221849 0,000422
остаться 0,721246 0,000374
хэдлить 1,698970 0,000587
чейза 1,698970 0,000880
aleksandrboltnev 1,698970 0,000880
иногда 1,522879 0,000526
молчание 1,698970 0,000880
бывать 1,154902 0,000399
красноречивый 1,698970 0,000587
слово 0,552842 0,000191
нервный 1,154902 0,000399
адвокат 1,397940 0,000483
щелканье 1,698970 0,000587
шариковый 1,698970 0,000587
ручка 1,698970 0,000587
постукивание 1,698970 0,000587
тыльный 1,698970 0,000587
стороной 1,301030 0,000449
ладонь 1,522879 0,000526
ножка 1,698970 0,000587
стул 1,522879 0,000526
характерный 1,698970 0,000587
дыхание 1,397940 0,000483
братство 1,397940 0,000483
йонсруда 1,698970 0,000587
ингар 1,698970 0,000587
boserva 1,698970 0,000880
выживание 1,301030 0,000449
боевой 0,958607 0,000331
нлп 1,698970 0,000587
модель 0,769551 0,000266
скрытый 1,698970 0,000587
манипуляция 1,522879 0,000526
защита 0,823909 0,000285
пелехатый 1,698970 0,000587
евгенья 0,698970 0,000241
спирица 1,698970 0,000587
arambad 1,698970 0,000880
удивительный 1,397940 0,000483
канцелярия 1,698970 0,000587
учитываться 1,698970 0,000587
каков 1,522879 0,000526
должен 0,677781 0,000351
длина 1,397940 0,000483
волос 1,221849 0,000422
заключить 1,522879 0,000526
прежде 1,045757 0,000361
изъять 1,522879 0,000526
цель 1,045757 0,000361
использование 0,408935 0,000141
экономика 0,522879 0,000181
производство 0,823909 0,000285
ворсистый 1,698970 0,000587
носок 1,397940 0,000483
команда 0,795880 0,000550
подводной 1,397940 0,000483
лодка 1,522879 0,000526
стелька 1,698970 0,000587
обувь 1,397940 0,000483
служащий 1,698970 0,000587
железный 1,000000 0,000345
дорога 0,657577 0,000341
рейх 1,522879 0,000526
список 0,619789 0,000428
шиндлер 1,698970 0,000587
томас 1,301030 0,001348
кенилль 1,698970 0,000587
kitne 1,698970 0,000880
смотреть 0,443697 0,000230
окно 1,000000 0,000518
отвечать 0,920819 0,000318
собираться 0,958607 0,000331
сдаваться 1,522879 0,000526
проявлять 1,397940 0,000483
истинный 1,154902 0,000399
бесстрашие 1,698970 0,000587
прямо 0,958607 0,000331
девчонка 1,397940 0,000483
уста 1,397940 0,000483
помнить 0,920819 0,000477
звать 1,096910 0,000379
вместе 0,744727 0,000257
играть 0,920819 0,000318
тео 1,698970 0,000587
сносный 1,698970 0,000587
дженнифер 1,301030 0,000674
арментроут 1,698970 0,000587
leksi 1,698970 0,000880
l 1,301030 0,000674
ввязать 1,698970 0,000587
быт 1,301030 0,000674
тесный 1,522879 0,000526
союз 0,677781 0,000234
вещий 1,154902 0,001197
привычка 1,397940 0,000483
отношенье 1,045757 0,000361
выстраиваться 1,698970 0,000587
домашний 0,853872 0,000295
сообразно 1,698970 0,000587
глобальный 1,301030 0,000674
ценность 1,000000 0,000345
организовать 1,221849 0,000422
семенов 1,397940 0,000483
olesyasg 1,698970 0,001174
несомненно 1,522879 0,000526
носить 1,397940 0,000483
отпечаток 1,522879 0,000526
испанский 1,096910 0,000379
стиль 0,721246 0,000623
принадлежать 0,920819 0,000318
испанокалифорнийский 1,698970 0,000587
тип 1,301030 0,000449
зданье 1,522879 0,000526
занести 1,698970 0,000587
сюда 1,397940 0,000483
мексика 1,397940 0,000483
сто 1,301030 0,000449
назад 0,638272 0,002866
основа 0,886057 0,000306
поздний 0,886057 0,000306
архитектор 1,301030 0,000449
называть 1,000000 0,000345
испать 1,698970 0,000587
калифорнийский 1,698970 0,000587
архитектура 1,221849 0,000422
пря 0,387216 0,000134
развернуть 1,221849 0,000633
джек 1,154902 0,000399
meki 1,698970 0,000880
ну 1,045757 0,000903
тогда 1,045757 0,000361
ты 0,602060 0,000520
адрес 0,537602 0,000186
прийти 0,958607 0,000331
ведьма 1,301030 0,000899
тимара 1,698970 0,000587
снова 0,744727 0,000386
фыркнуть 1,698970 0,000587
чашка 1,522879 0,000526
кот 0,958607 0,000497
задуматься 1,522879 0,000526
капелька 1,698970 0,000587
чуть 1,000000 0,000518
надежда 0,769551 0,000266
взглянуть 1,397940 0,000483
жалко 1,522879 0,000526
стать 0,301030 0,000312
любой 0,420216 0,000218
женщина 0,619789 0,000214
немножко 1,522879 0,000526
особенно 1,522879 0,000789
разозлить 1,522879 0,000526
завойчинский 1,698970 0,000587
бестселлер 1,154902 0,006383
цвета 1,045757 0,000361
элджернон 1,522879 0,000526
киз 1,522879 0,000526
нежный 1,522879 0,000526
фрэнсис 1,301030 0,000674
скотт 1,397940 0,000483
фицджеральд 1,698970 0,000587
робин 1,221849 0,000422
хобба 1,698970 0,000587
принц 1,221849 0,000422
антуан 1,698970 0,000587
сент 1,698970 0,000587
экзюперить 1,698970 0,000587
леди 1,221849 0,000633
бернетта 1,522879 0,000526
дюна 1,397940 0,000483
фрэнк 1,397940 0,000483
герберт 1,698970 0,000587
nintendo 1,522879 0,000526
famicom 1,698970 0,000587
ne 1,698970 0,000587
флоран 1,698970 0,000587
горжа 1,698970 0,000587
семь 0,886057 0,000459
высокоэффективный 1,698970 0,000587
квать 1,698970 0,000587
константин 0,769551 0,000266
симонов 1,522879 0,000526
записка 1,221849 0,000422
поисковый 1,301030 0,000449
отряд 1,154902 0,000399
лиза 1,000000 0,000345
алерт 1,522879 0,000526
ксения 1,096910 0,000379
кнорра 1,698970 0,000587
дмитриев 1,301030 0,000449
дамский 1,698970 0,000587
эмиль 1,698970 0,000587
золя 1,698970 0,000587
immoralist 1,698970 0,000587
кризис 0,795880 0,000275
полдень 1,522879 0,000526
алмат 1,522879 0,000526
малат 1,698970 0,000587
странствовать 1,698970 0,000587
хиро 1,522879 0,000526
арикав 1,698970 0,000587
взор 1,698970 0,000587
синий 1,301030 0,000449
глаз 0,886057 0,000459
харди 1,698970 0,000587
ханс 1,522879 0,000526
бринкер 1,698970 0,000587
серебряный 1,154902 0,000598
конек 1,522879 0,000526
мери 1,522879 0,000526
мейп 1,698970 0,000587
додж 1,698970 0,000587
издалека 1,698970 0,000587
вблизи 1,698970 0,000587
клод 1,522879 0,000526
левь 1,698970 0,000587
стросс 1,698970 0,000587
цена 0,619789 0,000214
солить 1,698970 0,000587
патриций 1,698970 0,000587
хайсмит 1,698970 0,000587
король 0,920819 0,000318
скандинавский 1,301030 0,000449
детектив 0,886057 0,001224
охотник 1,045757 0,000361
насколько 1,096910 0,000758
знать 0,494850 0,000427
ю 1,221849 0,000422
несба 1,522879 0,000526
декстер 1,522879 0,000526
морган 1,698970 0,000587
январь 0,886057 0,000459
знаменитый 0,886057 0,000306
пришелец 1,522879 0,000526
космос 0,958607 0,000331
диккенс 1,698970 0,000587
русский 0,318759 0,000165
классик 0,886057 0,000306
химик 1,397940 0,000483
наркобарон 1,698970 0,000587
проверка 0,853872 0,000295
знание 1,045757 0,000361
чехов 1,221849 0,000422
уолтер 1,698970 0,000587
уайт 1,698970 0,000587
декабрь 0,795880 0,000550
подарок 0,886057 0,000306
недолюбливать 1,698970 0,000587
новогодний 1,000000 0,000345
праздник 0,677781 0,000234
угадать 1,301030 0,000674
экранизация 1,221849 0,000844
брэд 1,397940 0,000483
питт 1,522879 0,000526
рождение 0,602060 0,000312
актер 0,744727 0,000257
нобелевский 1,221849 0,000633
любопытный 1,522879 0,000789
основать 1,045757 0,000361
создатель 1,096910 0,000379
динамит 1,698970 0,000587
ноябрь 1,096910 0,000568
отец 0,721246 0,000249
сойер 1,698970 0,000587
тесл 1,698970 0,000587
марка 1,221849 0,000422
твен 1,698970 0,001174
лео 1,397940 0,000483
леонардо 1,522879 0,000526
ди 1,301030 0,000449
каприо 1,698970 0,000587
тесто 1,698970 0,000587
марк 0,823909 0,000427
выдаваться 1,397940 0,000483
американский 0,585027 0,000202
журналист 0,920819 0,000318
шарлотта 1,522879 0,000789
бронт 1,698970 0,000880
псевдоним 1,397940 0,000483
каррер 1,698970 0,000587
белла 1,221849 0,000422
англый 1,522879 0,000526
currer 1,698970 0,000587
bell 1,698970 0,000587
патрик 1,301030 0,000899
зюскинд 1,522879 0,001052
немецкий 0,886057 0,000306
сценарист 1,397940 0,000724
амбах 1,698970 0,000587
дуглас 1,698970 0,000880
адамс 1,698970 0,000880
ноэля 1,698970 0,000587
драматург 1,698970 0,000587
франц 1,301030 0,000674
кафка 1,397940 0,000724
основной 1,000000 0,000345
немецкоязычный 1,698970 0,000587
xx 0,958607 0,000331
крити 1,698970 0,001467
alekssar 1,698970 0,000880
версия 0,522879 0,000542
печать 1,221849 0,000844
сериал 0,494850 0,000427
театр 0,657577 0,000227
рэя 1,522879 0,000526
брэдобрать 1,522879 0,000789
eugin 1,698970 0,000880
мисс 1,045757 0,000361
фрайний 1,698970 0,000587
фишер 1,698970 0,000587
интересоваться 1,397940 0,000483
dni 1,698970 0,000587
blanka 1,698970 0,000587
lipi 1,698970 0,000587
ska 1,698970 0,000587
неп 1,698970 0,000587
торный 1,698970 0,000587
вясный 1,698970 0,000587
сэрец 1,698970 0,000587
далона 1,698970 0,000587
ван 1,000000 0,000345
шамякнуть 1,698970 0,000587
н 0,769551 0,000266
безмолвный 1,698970 0,000587
пациент 1,154902 0,000399
михаэлидес 1,698970 0,000880
василий 1,000000 0,000345
теркин 1,522879 0,000526
стихотворение 1,301030 0,000449
поэма 1,397940 0,000483
твардовский 1,522879 0,000526
one 0,958607 0,000331
джон 0,920819 0,000318
маррс 1,522879 0,000526
защищать 1,522879 0,000526
джейкоб 1,522879 0,000526
уильям 1,301030 0,000674
лэндей 1,698970 0,000587
полюбить 1,221849 0,000422
счастливый 1,045757 0,000361
лабковский 1,698970 0,000587
котор 1,045757 0,000361
мариам 1,698970 0,000587
петросян 1,522879 0,000526
повсюду 1,698970 0,000587
тлеть 1,698970 0,000587
пожар 1,154902 0,000399
селеста 1,698970 0,000587
инга 1,698970 0,000587
мара 1,522879 0,000526
гордость 1,397940 0,000483
предубеждение 1,698970 0,000587
джейн 1,221849 0,000633
остин 1,698970 0,000587
метр 1,522879 0,000526
рейчесть 1,698970 0,000587
липпинкотта 1,698970 0,000587
нормальный 1,301030 0,000449
салли 1,698970 0,000587
рунь 1,698970 0,000587
теть 1,698970 0,000587
молочар 1,698970 0,000587
шолом 1,698970 0,000587
алейхема 1,698970 0,000587
зулейх 1,698970 0,000587
открывать 1,045757 0,000361
гузель 1,698970 0,000587
яхин 1,698970 0,000587
лисий 1,698970 0,000587
нора 1,698970 0,000880
сакавич 1,698970 0,000587
чайка 1,698970 0,000587
имя 0,443697 0,000153
ливингстон 1,698970 0,000587
ричард 1,154902 0,000399
бах 1,698970 0,000587
ежик 1,698970 0,000587
козлов 1,522879 0,000526
rainbow 1,698970 0,000880
добавить 0,823909 0,001138
волгоград 1,096910 0,000379
волгоградский 1,698970 0,000587
гримуар 1,698970 0,000587
встреча 0,638272 0,001102
опубликовать 0,494850 0,000342
челябинск 1,045757 0,000542
петр 0,958607 0,000497
земсков 1,698970 0,000880
лекция 1,096910 0,000379
любить 0,537602 0,000186
геометрия 1,698970 0,000587
презентация 1,301030 0,001124
математик 1,397940 0,000724
фокус 1,397940 0,000483
геометрический 1,698970 0,000587
головоломка 1,301030 0,000449
развитие 0,568636 0,000196
мозг 1,096910 0,000379
majj 1,698970 0,003228
s 0,721246 0,001370
онлайн 0,387216 0,000134
тотальный 1,397940 0,000483
диктант 1,397940 0,000483
популяризатор 1,698970 0,000587
наука 0,431798 0,000149
москва 0,292430 0,000303
фестиваль 0,721246 0,000374
выставка 0,769551 0,000266
совместный 1,096910 0,000379
проект 0,259637 0,000179
московский 0,657577 0,000227
туроператор 1,522879 0,000526
lb 1,698970 0,000587
tour 1,522879 0,000526
веранда 1,522879 0,000526
альпина 1,522879 0,000789
танец 1,045757 0,000361
deli 1,698970 0,000880
екатеринбург 0,920819 0,000318
скотч 1,698970 0,000587
долгострой 1,698970 0,000587
детский 0,619789 0,000214
елизавета 1,045757 0,000361
арзамасов 1,522879 0,000526
костик 1,698970 0,000587
солнечный 1,301030 0,000449
переулок 1,522879 0,000526
взрослый 0,920819 0,000318
огромный 0,721246 0,000249
творческий 1,000000 0,000345
наташа 1,221849 0,000633
васильев 0,920819 0,000318
халл 1,698970 0,000587
виктор 0,698970 0,000241
кино 0,455932 0,000157
фотография 0,795880 0,000275
воспоминание 1,301030 0,000449
возможность 0,537602 0,000186
бумажный 1,397940 0,000483
лайк 1,698970 0,000587
запись 1,045757 0,000361
правило 0,769551 0,000266
милый 1,301030 0,000674
тилль 1,698970 0,000880
коуть 1,522879 0,000789
девушка 0,744727 0,000257
индиго 1,522879 0,000526
бойд 1,698970 0,000587
происхождение 1,301030 0,000449
льюис 1,301030 0,000449
дартнелла 1,698970 0,000587
фанаток 1,698970 0,000587
карма 1,397940 0,000483
садхгур 1,698970 0,000587
бй 1,522879 0,000526
боп 1,698970 0,000587
кристиана 1,698970 0,000587
гайи 1,698970 0,000587
подкидывать 1,698970 0,000587
лимон 1,698970 0,000587
гибсон 1,698970 0,000587
glebmtb 1,698970 0,000880
посоветовать 1,096910 0,001326
пожалуйста 1,045757 0,001084
иллюстрировать 1,698970 0,000587
лицемерие 1,698970 0,000587
blbird 1,698970 0,000587
яркий 0,853872 0,000295
пример 1,000000 0,000518
шеридан 1,698970 0,000587
злословие 1,698970 0,000587
лицемер 1,698970 0,000587
старший 0,721246 0,000249
ekaterinavihlyaeva 1,698970 0,000587
классика 1,045757 0,000361
точно 1,096910 0,000379
лужина 1,698970 0,000587
преступление 0,744727 0,000257
наказание 0,958607 0,000331
ганечка 1,698970 0,000587
идиот 1,397940 0,000483
nnus 1,698970 0,000880
дана 1,698970 0,000587
небольшой 1,154902 0,000399
двуличие 1,698970 0,000587
посмотреть 0,853872 0,001475
комментарий 0,823909 0,001423
krosh 1,522879 0,000789
ха 0,657577 0,000341
мистик 0,958607 0,000497
ivankarmanov 1,698970 0,000880
пророк 1,221849 0,000422
либба 1,698970 0,000587
брить 1,698970 0,000587
стекло 1,397940 0,000483
форд 1,698970 0,000587
naxcerer 1,698970 0,000587
абрахам 1,522879 0,000526
меррит 1,698970 0,000587
колесо 1,000000 0,000345
страх 1,096910 0,000379
обратить 1,045757 0,000361
внимание 0,769551 0,000266
произведение 0,721246 0,000249
издаваться 1,522879 0,000526
ninium 1,698970 0,000587
каньон 1,698970 0,000587
холодное 1,221849 0,000422
сюжетный 1,397940 0,000483
линия 1,221849 0,000422
похабщина 1,698970 0,000587
редкостный 1,698970 0,000587
alina 1,698970 0,000587
тоже 0,958607 0,000828
limbus 1,698970 0,001174
чужестранка 1,698970 0,000587
восхождение 1,698970 0,000587
juliealex 1,698970 0,000587
просмотр 0,920819 0,000318
сезон 0,568636 0,000196
взяться 1,154902 0,000598
момент 0,853872 0,000442
enslingersofa 1,698970 0,000587
вариант 0,920819 0,000318
нибыть 1,301030 0,000449
план 0,769551 0,000266
верный 1,096910 0,000379
приятный 1,096910 0,000379
вольф 1,397940 0,000724
евгений 0,795880 0,000412
evanna 1,698970 0,000587
деревушка 1,522879 0,000526
nathaira 1,698970 0,001174
сегодня 0,443697 0,000153
советовать 1,000000 0,000345
тема 0,585027 0,000303
подойти 1,698970 0,000880
роберта 1,221849 0,000422
холдсток 1,698970 0,000587
лес 0,958607 0,000331
kultmanyak 1,698970 0,000880
олд 1,698970 0,000587
хьювелт 1,698970 0,000587
сглаз 1,397940 0,000483
aljolja 1,698970 0,000587
ольга 0,721246 0,000249
громыко 1,522879 0,000526
крыса 1,301030 0,000449
видунья 1,698970 0,000587
seriykozli 1,698970 0,000587
диана 1,096910 0,000379
уинна 1,698970 0,000587
джонс 1,522879 0,000526
характер 0,823909 0,000285
правда 0,657577 0,000227
мрачность 1,698970 0,000587
уверить 1,096910 0,000568
мистический 1,154902 0,000399
февраль 0,769551 0,003589
highlandmary 1,698970 0,000880
хьертсберг 1,698970 0,000587
ангел 1,397940 0,000483
одноименный 1,397940 0,000483
fox 1,698970 0,000880
of 0,853872 0,000442
probability 1,698970 0,000880
макмахон 1,698970 0,000587
подобный 1,045757 0,000361
расследование 0,958607 0,000331
таинственный 1,221849 0,000422
xeni 1,698970 0,000880
нэвилла 1,698970 0,000587
ритуал 1,301030 0,000449
дух 0,920819 0,000318
лавкрафт 1,698970 0,000587
романов 1,045757 0,000722
гарри 1,045757 0,000361
дрезден 1,522879 0,000526
черный 0,853872 0,000295
юмор 1,096910 0,000379
местами 1,397940 0,000483
прочесть 1,522879 0,000526
katyuhon 1,698970 0,000587
попробовать 0,958607 0,000331
старательный 1,698970 0,000587
dzyn 1,698970 0,000880
карина 1,397940 0,000483
слотер 1,698970 0,000587
вслепую 1,698970 0,000587
норт 1,522879 0,000526
шепот 1,698970 0,000587
майк 1,698970 0,000587
омер 1,698970 0,000587
внутри 1,045757 0,000361
самюэль 1,698970 0,000587
бьорк 1,698970 0,000587
обаятельный 1,522879 0,000526
маньяк 1,154902 0,000399
мыть 0,698970 0,000241
харрис 1,397940 0,000724
ягненок 1,522879 0,000526
ганнибал 1,698970 0,000587
давыденко 1,698970 0,000587
порекомендовать 1,698970 0,000587
metaloleg 1,698970 0,000587
парфюмер 1,522879 0,000526
amorabranca 1,698970 0,001761
фантастический 0,958607 0,000331
рассказ 0,920819 0,000477
машина 0,853872 0,000442
анализировать 1,698970 0,000587
znatok 1,698970 0,000587
похоже 1,301030 0,000449
фриц 1,698970 0,000587
лейбер 1,698970 0,000587
яйцеглавый 1,698970 0,000587
подходить 1,221849 0,000844
аннотация 1,522879 0,000526
издательский 1,045757 0,000542
клиффорд 1,397940 0,000483
саймак 1,522879 0,000526
сила 0,698970 0,000241
воображение 1,522879 0,000526
поравняться 1,698970 0,000587
дверь 1,154902 0,000598
толкнуть 1,698970 0,000587
борис 0,698970 0,000241
стругацкий 1,522879 0,000526
хромать 1,698970 0,000587
выпить 1,522879 0,000526
рюмка 1,698970 0,000587
водка 1,045757 0,000361
размышлять 1,698970 0,000587
m 1,096910 0,001326
порядок 0,795880 0,000412
плоский 1,698970 0,000880
пратчетта 1,522879 0,000789
хронология 1,698970 0,000587
подцикл 1,698970 0,000587
dhimmeluberlo 1,698970 0,000587
привет 1,221849 0,000422
хаотично 1,698970 0,000587
есть 0,508638 0,000439
картинка 1,000000 0,000864
начинать 1,096910 0,000379
ринсвид 1,698970 0,000587
значительно 1,397940 0,000483
слабый 1,221849 0,000422
работа 0,431798 0,000149
cerber 1,698970 0,000587
фантлаб 1,698970 0,000587
ссылка 0,698970 0,000241
chuna 1,698970 0,000880
подросток 1,096910 0,000379
стюарт 1,698970 0,000880
тертон 1,698970 0,000587
эвелина 1,301030 0,000449
хардкасл 1,698970 0,000587
сурок 1,698970 0,000587
объяснение 1,397940 0,000483
себастьен 1,698970 0,000587
жапризо 1,698970 0,000587
отличный 1,154902 0,000399
заходить 1,221849 0,000633
наверно 1,698970 0,000587
райль 1,397940 0,000483
сейнер 1,698970 0,000587
запереть 1,698970 0,000587
читаться 1,698970 0,000587
легко 1,045757 0,000361
держать 1,154902 0,000399
напряжение 1,522879 0,000526
меловой 1,698970 0,000587
человечек 1,522879 0,000526
wolsdorfscepter 1,698970 0,000587
прямой 0,619789 0,000214
хедлить 1,698970 0,000587
редкий 1,397940 0,000483
мыслить 1,522879 0,000526
писательство 1,522879 0,000526
кормак 1,698970 0,000587
маккарти 1,698970 0,000587
невероятный 1,096910 0,000379
интервью 0,522879 0,000361
юфа 1,698970 0,000587
античтение 1,698970 0,000587
news 0,920819 0,000318
стрэндж 1,301030 0,000449
мало 0,920819 0,000795
книгофильм 1,698970 0,000587
сесть 1,301030 0,000449
руль 1,045757 0,000361
покорить 1,698970 0,000587
канна 1,522879 0,000526
голливуд 1,522879 0,000526
мартовский 1,522879 0,000526
ведение 1,397940 0,000483
клубный 1,698970 0,000587
клац 1,698970 0,000587
вампир 1,045757 0,000361
отчет 0,958607 0,000331
заседание 1,397940 0,000483
курский 1,522879 0,000526
хаос 1,221849 0,000422
техподдержка 1,154902 0,000399
обновление 1,000000 0,000345
голосование 1,045757 0,000361
месяц 0,537602 0,000650
лауреат 0,958607 0,000331
каждый 0,552842 0,000191
rock 1,698970 0,000880
book 1,397940 0,000724
объявить 0,769551 0,000266
победитель 0,853872 0,000295
сильно 1,045757 0,000361
тысяча 0,568636 0,000196
алекс 1,698970 0,000587
библиотекарь 1,522879 0,000526
куратор 1,221849 0,000422
поправить 1,698970 0,000587
критик 0,920819 0,000477
выша 1,397940 0,000966
советский 0,619789 0,000214
фауст 1,698970 0,000587
видео 0,327902 0,000113
пинкер 1,698970 0,000587
ангела 1,096910 0,000379
выйти 0,568636 0,000196
перевод 1,000000 0,000345
снижение 1,000000 0,000345
насилие 1,221849 0,000422
ннеди 1,698970 0,000587
окорафора 1,698970 0,000587
бояться 1,000000 0,000345
livebooktube 1,698970 0,000587
darynme 1,698970 0,000587
обзор 0,795880 0,000275
виктория 1,522879 0,000526
алай 1,698970 0,000587
королев 1,000000 0,000345
специальный 0,744727 0,000257
корреспондент 1,154902 0,000399
анк 1,698970 0,000587
морпорк 1,698970 0,000587
незримый 1,698970 0,000587
благой 1,397940 0,000483
плоскоземье 1,698970 0,000587
использовать 0,568636 0,000196
удобный 0,920819 0,000318
схема 1,045757 0,000361
завязка 1,698970 0,000587
личный 0,657577 0,000227
постапокалиптический 1,698970 0,000587
флудилка 1,698970 0,000587
присоединяться 1,221849 0,000422
личной 0,958607 0,000331
коллекция 0,769551 0,000266
зарегистрироваться 1,000000 0,000345
ежемесячный 1,397940 0,000483
дайджест 1,221849 0,000422
почта 0,602060 0,000208
подписаться 0,677781 0,000351
нажимать 1,301030 0,000449
соглашаться 1,000000 0,000345
c 0,721246 0,000249
условие 0,468521 0,000162
обслуживание 1,301030 0,000449
контакт 0,387216 0,000201
мобильный 0,769551 0,000399
сотрудничество 1,000000 0,000345
реклама 0,259637 0,000135
услуга 1,045757 0,000542
поддержка 0,537602 0,000371
технический 0,853872 0,000442
центр 0,455932 0,000236
полет 1,397940 0,000724
пользовательский 0,552842 0,000286
соглашение 0,443697 0,000230
политик 0,366532 0,000127
обработка 0,853872 0,000295
персональный 0,619789 0,000214
данный 0,455932 0,000157
включать 1,096910 0,000379
отказаться 0,853872 0,000442
участие 0,677781 0,000234
вернуться 0,638272 0,000220
отмена 1,096910 0,000379
