coursera 1,698970 0,022136
online 1,154902 0,005643
courses 1,698970 0,035972
credentials 1,698970 0,002767
from 1,221849 0,006965
top 1,000000 0,004072
educators 1,522879 0,002480
join 1,221849 0,006965
for 1,045757 0,025548
free 1,397940 0,027321
explore 1,397940 0,006830
loading 1,397940 0,002277
degreesfind 1,698970 0,002767
your 1,154902 0,007524
new 0,920819 0,003749
careerfor 1,698970 0,002767
enterprisefor 1,698970 0,002767
universities 1,698970 0,009685
log 1,397940 0,002277
in 0,958607 0,005464
upskill 1,698970 0,002767
team 1,301030 0,002119
with 1,096910 0,008039
world 1,154902 0,004702
class 1,397940 0,004554
learning 1,397940 0,011384
customers 1,522879 0,002480
can 1,221849 0,002985
claim 1,698970 0,002767
discount 1,698970 0,002767
close 1,301030 0,002119
banner 1,397940 0,002277
learn 1,221849 0,004975
without 1,397940 0,002277
limits 1,522879 0,002480
get 1,154902 0,003762
that 1,096910 0,001786
ready 1,522879 0,003720
anything 1,397940 0,002277
feeling 1,397940 0,002277
more 1,045757 0,003406
professional 1,301030 0,020130
certificates 1,522879 0,012401
degrees 1,698970 0,019369
companies 1,221849 0,004975
freetry 1,698970 0,002767
business 1,301030 0,007416
we 1,221849 0,003980
collaborate 1,522879 0,002480
leading 1,698970 0,002767
job 1,522879 0,002480
demand 1,698970 0,002767
career 1,698970 0,013835
break 1,698970 0,004151
into 1,397940 0,002277
a 0,698970 0,007400
field 1,522879 0,002480
like 1,397940 0,004554
information 1,397940 0,003415
technology 1,397940 0,003415
or 1,154902 0,004702
data 1,045757 0,016180
science 1,397940 0,014799
no 1,301030 0,002119
prior 1,698970 0,002767
experience 1,397940 0,002277
necessary 1,698970 0,002767
to 0,886057 0,006494
started 1,221849 0,001990
google 0,744727 0,009703
ux 1,522879 0,004961
design 1,522879 0,007441
certificate 1,698970 0,019369
meta 1,301030 0,005297
social 1,522879 0,006201
media 1,154902 0,002821
marketing 1,397940 0,007969
ibm 1,522879 0,016122
engineering 1,397940 0,006830
intuit 1,698970 0,005534
bookkeeping 1,698970 0,004151
analytics 1,397940 0,007969
project 1,301030 0,005297
management 1,301030 0,006357
salesforce 1,698970 0,009685
sales 1,154902 0,005643
operations 1,698970 0,005534
it 0,823909 0,003355
support 1,045757 0,002555
cybersecurity 1,698970 0,006918
analyst 1,698970 0,008301
development 1,096910 0,007146
representative 1,698970 0,004151
you 0,958607 0,004684
are 1,154902 0,004702
currently 1,522879 0,004961
on 1,045757 0,005961
slide 1,698970 0,008301
specializations 1,698970 0,002767
complete 1,221849 0,001990
day 1,397940 0,002277
over 1,522879 0,002480
topics 1,397940 0,003415
graphic 1,698970 0,002767
python 1,221849 0,003980
foundations 1,698970 0,002767
of 0,853872 0,008344
mindfulness 1,698970 0,002767
rice 1,698970 0,002767
university 1,522879 0,024803
course 1,397940 0,027321
innovation 1,522879 0,002480
through 1,221849 0,001990
think 1,522879 0,002480
make 1,397940 0,002277
repeat 1,698970 0,002767
sydney 1,698970 0,002767
cloud 1,221849 0,008955
computing 1,698970 0,002767
basics 1,698970 0,002767
learnquest 1,698970 0,002767
statistics 1,522879 0,002480
sas 1,698970 0,004151
brain 1,698970 0,002767
space 1,397940 0,002277
duke 1,698970 0,002767
powerful 1,522879 0,003720
tools 1,301030 0,003178
teaching 1,698970 0,005534
digital 1,221849 0,001990
storytelling 1,698970 0,002767
houston 1,698970 0,002767
designing 1,698970 0,002767
personal 1,522879 0,004961
weight 1,522879 0,002480
loss 1,698970 0,002767
plan 1,301030 0,002119
case 1,397940 0,002277
western 1,698970 0,002767
reserve 1,698970 0,002767
problem 1,397940 0,002277
solving 1,698970 0,002767
using 1,301030 0,002119
computational 1,698970 0,002767
thinking 1,698970 0,002767
michigan 1,698970 0,004151
mlops 1,698970 0,002767
machine 1,522879 0,003720
fundamentals 1,698970 0,002767
dna 1,698970 0,002767
decoded 1,698970 0,002767
mcmaster 1,698970 0,002767
music 1,522879 0,003720
wellness 1,698970 0,002767
berklee 1,698970 0,002767
college 1,522879 0,002480
skills 1,397940 0,017076
start 1,301030 0,003178
s 0,721246 0,004111
stanford 1,698970 0,006918
well 1,522879 0,002480
being 1,698970 0,002767
yale 1,698970 0,005534
how 1,221849 0,002985
mental 1,698970 0,002767
help 1,221849 0,002985
master 1,397940 0,004554
tough 1,698970 0,002767
subjects 1,698970 0,002767
deep 1,522879 0,002480
solutions 1,397940 0,002277
financial 1,698970 0,002767
markets 1,698970 0,002767
english 1,096910 0,002680
pennsylvania 1,698970 0,002767
successful 1,522879 0,002480
negotiation 1,698970 0,002767
essential 1,522879 0,002480
strategies 1,698970 0,002767
chinese 1,698970 0,002767
beginners 1,522879 0,002480
peking 1,698970 0,002767
introduction 1,522879 0,004961
psychology 1,698970 0,002767
child 1,698970 0,002767
nutrition 1,698970 0,002767
cooking 1,698970 0,002767
philosophy 1,698970 0,002767
edinburgh 1,698970 0,002767
food 1,698970 0,002767
health 1,522879 0,004961
first 1,154902 0,001881
step 1,522879 0,003720
korean 1,698970 0,002767
yonsei 1,698970 0,002767
computer 1,698970 0,004151
sciences 1,698970 0,004151
arts 1,301030 0,002119
humanities 1,698970 0,002767
physical 1,698970 0,002767
language 1,221849 0,002985
math 1,397940 0,002277
logic 1,522879 0,002480
learner 1,698970 0,002767
outcomes 1,698970 0,002767
people 1,522879 0,003720
report 1,397940 0,003415
benefits 1,522879 0,002480
getting 1,301030 0,002119
promotion 1,698970 0,002767
raise 1,698970 0,002767
starting 1,522879 0,002480
careercoursera 1,698970 0,002767
impact 1,397940 0,002277
community 1,221849 0,002985
million 1,522879 0,002480
already 1,522879 0,002480
previous 1,522879 0,002480
next 1,397940 0,003415
ve 1,522879 0,002480
got 1,522879 0,002480
solution 1,301030 0,002119
training 1,397940 0,002277
programs 1,522879 0,002480
developed 1,698970 0,002767
by 1,000000 0,001629
all 1,096910 0,004466
enterprisecoursera 1,698970 0,002767
teams 1,522879 0,006201
thousands 1,698970 0,002767
institutions 1,698970 0,002767
use 1,096910 0,001786
enterprise 1,397940 0,003415
offering 1,698970 0,002767
take 1,221849 0,002985
toward 1,698970 0,002767
goals 1,698970 0,002767
now 1,221849 0,001990
receive 1,698970 0,002767
personalized 1,698970 0,002767
recommendations 1,698970 0,002767
full 1,301030 0,004238
catalog 1,698970 0,004151
footer 1,698970 0,002767
advance 1,397940 0,003415
excel 1,698970 0,004151
r 1,154902 0,001881
stack 1,397940 0,003415
developer 1,154902 0,002821
facebook 0,823909 0,002013
preparing 1,698970 0,004151
certification 1,522879 0,004961
architect 1,698970 0,002767
engineer 1,698970 0,002767
launch 1,522879 0,002480
prepare 1,698970 0,002767
browse 1,522879 0,002480
popular 1,397940 0,007969
java 1,301030 0,002119
web 1,096910 0,003573
sql 1,301030 0,003178
cursos 1,698970 0,002767
gratis 1,698970 0,002767
microsoft 1,522879 0,002480
human 1,698970 0,002767
resources 1,397940 0,002277
speaking 1,522879 0,002480
content 1,301030 0,002119
writing 1,698970 0,002767
artificial 1,698970 0,002767
intelligence 1,698970 0,002767
c 0,721246 0,001175
programming 1,221849 0,002985
communication 1,698970 0,002767
blockchain 1,522879 0,002480
see 1,397940 0,003415
articles 1,522879 0,003720
driven 1,397940 0,002277
decision 1,698970 0,002767
making 1,522879 0,002480
software 1,154902 0,001881
soft 1,522879 0,002480
product 1,221849 0,001990
manager 1,397940 0,004554
finance 1,698970 0,002767
uk 1,698970 0,002767
beliebte 1,698970 0,002767
technologiekurse 1,698970 0,002767
deutschland 1,698970 0,002767
certifications 1,522879 0,004961
guide 1,397940 0,004554
designers 1,698970 0,002767
earn 1,522879 0,002480
degree 1,698970 0,005534
mastertrack 1,698970 0,004151
mba 1,698970 0,004151
public 1,221849 0,001990
european 1,698970 0,002767
bachelor 1,698970 0,004151
performance 1,397940 0,002277
pathway 1,698970 0,002767
bsc 1,698970 0,002767
what 1,221849 0,002985
is 1,096910 0,002680
long 1,522879 0,002480
does 1,522879 0,002480
worth 1,698970 0,002767
ways 1,522879 0,002480
pay 1,397940 0,002277
graduate 1,698970 0,002767
school 1,522879 0,002480
about 1,154902 0,001881
offer 1,397940 0,002277
leadership 1,522879 0,002480
careers 1,522879 0,002480
plus 1,698970 0,002767
government 1,397940 0,002277
campus 1,698970 0,002767
become 1,301030 0,002119
partner 1,301030 0,002119
coronavirus 1,698970 0,002767
response 1,698970 0,002767
learners 1,698970 0,002767
partners 1,397940 0,002277
developers 1,301030 0,002119
beta 1,397940 0,002277
testers 1,698970 0,002767
translators 1,698970 0,002767
blog 1,301030 0,003178
tech 1,301030 0,002119
center 1,522879 0,002480
press 1,154902 0,001881
investors 1,698970 0,002767
terms 1,221849 0,001990
privacy 1,096910 0,001786
accessibility 1,522879 0,002480
contact 1,221849 0,001990
directory 1,698970 0,002767
affiliates 1,698970 0,002767
anywhere 1,522879 0,002480
inc 1,154902 0,001881
rights 1,698970 0,002767
reserved 1,522879 0,002480
