все 0,124939 0,000367
новости 0,173925 0,000737
столицы 1,301030 0,001697
россии 0,251812 0,001396
мира 0,537602 0,000351
эксклюзивы 1,397940 0,001368
вм 1,698970 0,001662
вечерка 1,698970 0,002217
тв 0,657577 0,000858
газета 1,045757 0,000682
карта 0,920819 0,001201
событий 0,853872 0,000835
московский 0,958607 0,000938
журнал 1,000000 0,000978
округа 1,522879 0,001987
пресса 1,301030 0,001697
образовании 1,301030 0,001697
ситуация 1,000000 0,000978
донбассе 0,958607 0,000938
меню 0,886057 0,000578
город 0,769551 0,009789
поиск 0,494850 0,000323
войти 0,494850 0,001130
фото 0,568636 0,000556
видео 0,327902 0,000321
инфографика 1,154902 0,001507
спецпроекты 0,657577 0,001287
политика 0,387216 0,000253
мире 0,468521 0,003056
общество 0,494850 0,008554
экономика 0,568636 0,001484
финансы 1,096910 0,000716
развлечения 1,301030 0,000849
спорт 0,468521 0,000306
происшествия 0,823909 0,002956
технологии 0,721246 0,000941
еда 1,221849 0,003188
мнения 0,886057 0,002601
подкасты 0,698970 0,000684
печатная 1,698970 0,001662
версия 0,744727 0,000729
мой 0,769551 0,000753
район 1,397940 0,001368
опросы 1,154902 0,001130
газете 1,397940 0,001368
реклама 0,346787 0,000339
вакансии 0,657577 0,000643
подписка 0,823909 0,001075
бумажные 1,522879 0,001490
издания 0,795880 0,001038
архив 1,000000 0,000978
газеты 0,958607 0,001563
правовая 0,920819 0,000901
информация 0,552842 0,000541
главное 0,585027 0,000382
последнее 0,853872 0,000557
собянин 1,397940 0,002280
рассказал 0,602060 0,002160
одобрении 1,698970 0,002771
первых 0,853872 0,001392
льготных 1,698970 0,002771
кредитов 1,522879 0,002483
для 0,107905 0,000352
московских 1,221849 0,001993
промышленников 1,522879 0,002483
столичные 1,397940 0,004104
предприниматели 1,698970 0,002771
разработали 1,522879 0,002483
антикризисные 1,698970 0,002771
решения 0,958607 0,001563
первом 1,045757 0,001705
бизнес 0,552842 0,000902
хакатоне 1,698970 0,002771
петр 1,000000 0,001631
бирюков 1,522879 0,002483
работы 0,619789 0,001617
капитальному 1,698970 0,002771
ремонту 1,698970 0,002771
корпуса 1,522879 0,002483
боткинской 1,522879 0,002483
больницы 1,221849 0,001993
начались 1,397940 0,002280
службы 1,154902 0,001883
начали 0,958607 0,001563
промывку 1,698970 0,002771
памятника 1,522879 0,002483
юрию 1,522879 0,002483
гагарину 1,522879 0,002483
банк 0,920819 0,001201
снизит 1,698970 0,002217
ключевую 0,677781 0,000884
ставку 0,657577 0,000858
процентов 1,154902 0,002637
годовых 0,886057 0,001156
экономист 1,221849 0,001993
заверил 1,698970 0,002771
что 0,161151 0,001261
не 0,136677 0,000981
грозит 1,154902 0,002637
дефицит 1,096910 0,001789
лекарств 1,154902 0,001883
продовольствия 1,397940 0,002280
евросоюз 1,000000 0,002283
стреляет 1,698970 0,003879
себе 0,619789 0,001415
ногу 1,397940 0,003192
повлечет 1,698970 0,003879
собой 0,823909 0,001881
новый 0,408935 0,001067
пакет 0,853872 0,002506
антироссийских 1,096910 0,004293
санкций 0,677781 0,003095
резидент 1,698970 0,002217
технополис 1,698970 0,002217
москва 0,508638 0,001161
выпустил 1,698970 0,002217
десять 1,221849 0,002391
тысяч 0,744727 0,001214
корпусов 1,522879 0,001987
из 0,167491 0,001038
абс 1,698970 0,002217
пластика 1,522879 0,001987
кремле 1,045757 0,001023
прокомментировали 1,522879 0,001490
ситуацию 1,096910 0,001431
исключением 1,522879 0,001490
спч 0,920819 0,000901
оон 0,823909 0,000806
политолог 1,096910 0,001073
елисеева 1,698970 0,001662
уходящие 1,522879 0,001490
компании 0,619789 0,000809
будут 0,638272 0,000625
пытаться 1,522879 0,001490
строить 1,397940 0,001368
серые 1,522879 0,001490
схемы 1,397940 0,001368
поставок 1,397940 0,001368
борис 0,769551 0,000753
шпигель 1,301030 0,001273
госпитализирован 1,301030 0,001273
сизо 1,397940 0,001368
второй 0,769551 0,000753
раз 0,698970 0,000684
москвичам 1,397940 0,001824
рассказали 0,744727 0,001457
как 0,187087 0,001648
можно 0,420216 0,001645
записать 1,698970 0,002217
любой 0,769551 0,001255
билет 1,096910 0,001431
тройку 1,397940 0,001824
прямо 0,958607 0,001251
время 0,356547 0,000465
поездки 1,301030 0,001697
рабочий 1,522879 0,001490
украл 1,522879 0,001490
редкие 1,397940 0,001368
золотые 1,397940 0,001368
украшения 1,522879 0,001490
квартиры 1,154902 0,001130
москвича 1,698970 0,001662
юго 1,698970 0,001662
востоке 1,301030 0,001273
синоптики 1,698970 0,002217
предупреждают 1,698970 0,002217
ухудшении 1,698970 0,002217
погодных 1,698970 0,002217
условий 1,522879 0,001987
москве 0,455932 0,002974
андрей 0,552842 0,000721
бочкарев 1,698970 0,002217
монтажу 1,698970 0,002217
инженерных 1,698970 0,002217
систем 1,522879 0,001987
станции 1,221849 0,002391
текстильщики 1,522879 0,001987
бкл 1,522879 0,001987
метро 1,045757 0,002046
завершены 1,698970 0,002217
наполовину 1,522879 0,001987
украинские 0,823909 0,000806
войска 1,221849 0,001196
нанесли 1,096910 0,001073
удар 0,823909 0,000806
точкой 0,920819 0,000901
краматорску 0,744727 0,000729
москвичи 1,698970 0,001662
оформляют 1,698970 0,001662
более 0,494850 0,000646
парковочных 1,698970 0,001662
разрешений 1,698970 0,001662
портале 1,221849 0,001196
mos 1,698970 0,001662
ru 0,180456 0,000353
митрополит 1,698970 0,001662
калужский 1,698970 0,001662
боровский 1,698970 0,001662
климент 1,698970 0,001662
колбасу 1,698970 0,001662
или 0,292430 0,000382
соседку 1,698970 0,001662
апреля 0,283997 0,006206
михаил 0,568636 0,000556
девятьяров 1,698970 0,001662
детям 0,958607 0,000938
есть 0,522879 0,001876
чему 0,886057 0,000867
стремиться 1,397940 0,001368
ольга 0,769551 0,000753
кузьмина 1,522879 0,001490
искусствовреды 1,698970 0,001662
испанский 1,397940 0,001368
стыд 1,698970 0,001662
никита 1,154902 0,001130
масленников 1,522879 0,001490
параллельный 1,522879 0,001490
импорт 1,096910 0,001073
будет 0,387216 0,001137
держать 1,522879 0,001490
тонусе 1,698970 0,001662
владимир 0,431798 0,000704
жидкин 1,698970 0,001662
молодежь 1,698970 0,001662
выбирает 1,221849 0,001196
александр 0,468521 0,000611
лосото 1,698970 0,001662
старость 1,698970 0,001662
обернем 1,698970 0,001662
радость 1,154902 0,001130
сергей 0,468521 0,000458
лесков 1,522879 0,001490
назло 1,397940 0,001368
нам 0,619789 0,000606
заморозят 1,698970 0,001662
себя 0,552842 0,001803
песков 0,744727 0,000486
заявил 0,744727 0,000486
жириновский 0,677781 0,000884
предсказал 1,522879 0,000993
нынешнюю 1,698970 0,001108
городских 1,698970 0,001662
смотреть 0,552842 0,000541
карту 1,397940 0,000912
прокуратура 1,397940 0,000912
провела 1,522879 0,000993
проверку 1,221849 0,001196
повышения 1,301030 0,000849
цен 0,958607 0,001876
сахар 1,698970 0,001108
подмосковье 1,221849 0,001196
япония 0,823909 0,000806
вводит 1,301030 0,000849
санкционный 1,301030 0,000849
отношении 0,853872 0,000835
кадыров 0,958607 0,000625
сообщил 0,823909 0,000537
освобождении 1,301030 0,000849
мариуполя 0,853872 0,000557
украинских 0,744727 0,000486
войск 1,154902 0,000753
задержан 1,154902 0,000753
мужчина 0,958607 0,000625
плеснувший 1,698970 0,001108
краской 1,397940 0,000912
главреда 1,096910 0,000716
новой 0,638272 0,000416
вагоне 1,522879 0,000993
поезда 1,301030 0,000849
ес 0,920819 0,000601
утвердил 1,221849 0,000797
пятый 0,920819 0,000601
фас 1,045757 0,000682
начала 0,769551 0,000502
мираторг 1,096910 0,000716
поезд 1,221849 0,000797
столкнулся 1,301030 0,000849
легковым 1,698970 0,001108
автомобилем 1,698970 0,001108
электрощиток 1,698970 0,001108
загорелся 1,698970 0,001108
квартире 1,221849 0,000797
центре 0,886057 0,000578
москвы 0,744727 0,001943
вс 1,000000 0,000652
рф 0,568636 0,001113
ракетами 1,221849 0,000797
бастион 1,698970 0,001108
уничтожили 1,301030 0,000849
центр 0,537602 0,000351
подготовки 1,000000 0,000652
наемников 0,958607 0,000625
под 0,376751 0,000246
одессой 1,096910 0,000716
человек 0,420216 0,000411
лжегазовщики 1,698970 0,001108
обманули 1,397940 0,000912
несколько 0,795880 0,000519
сотен 1,522879 0,000993
рублей 0,585027 0,000382
московские 1,397940 0,000912
врачи 1,154902 0,000753
вылечили 1,698970 0,001108
коронавируса 0,886057 0,002312
сутки 0,795880 0,000779
дом 0,522879 0,000682
брестской 1,698970 0,001108
открыл 1,301030 0,000849
выставку 1,397940 0,000912
московской 1,301030 0,000849
типовой 1,698970 0,001108
жилой 1,698970 0,001108
застройки 1,698970 0,001108
выявили 1,221849 0,000797
новых 0,494850 0,000323
случаев 1,045757 0,000682
covid 1,096910 0,000716
объявляет 1,698970 0,001108
персонами 1,397940 0,000912
нон 1,397940 0,000912
грата 1,522879 0,000993
восемь 1,221849 0,000797
российских 0,468521 0,000306
дипломатов 0,958607 0,000625
когда 0,397940 0,000649
вам 0,638272 0,001041
грустно 1,397940 0,002280
нужно 0,698970 0,001140
спецпроект 1,301030 0,001273
посадил 1,698970 0,002771
забыл 1,397940 0,002280
октябрина 1,698970 0,002771
ганичкина 1,698970 0,002771
рассказала 0,958607 0,003439
могут 0,508638 0,001327
посадить 1,698970 0,002771
участке 1,698970 0,002771
ленивые 1,698970 0,002771
дачники 1,698970 0,002771
игры 0,744727 0,001214
кошечками 1,698970 0,002771
помогут 1,096910 0,001789
культура 0,619789 0,001011
отмены 1,397940 0,002280
повлияла 1,698970 0,002771
российскую 1,096910 0,001789
индустрию 1,698970 0,002771
видеоигр 1,301030 0,002122
киберспорт 1,397940 0,002280
первая 0,886057 0,000867
семейная 1,154902 0,001130
см 1,522879 0,001490
клиника 1,522879 0,001490
цао 1,698970 0,001662
марта 0,721246 0,000470
проект 0,568636 0,000556
идей 1,397940 0,001368
навести 1,522879 0,001490
порядок 1,045757 0,001023
дорогах 1,397940 0,001368
месяц 0,744727 0,001214
богатый 1,522879 0,002483
осадки 1,698970 0,002771
синоптик 1,397940 0,004104
какая 1,154902 0,001883
погода 1,301030 0,002122
конца 0,886057 0,001445
вопросы 0,638272 0,001041
зарплате 1,698970 0,002771
двоякая 1,698970 0,002771
вещь 1,522879 0,002483
эксперт 0,958607 0,004690
объяснил 0,769551 0,003263
правильно 1,154902 0,003390
вести 0,853872 0,001392
собеседовании 1,698970 0,002771
этот 0,698970 0,001140
номер 0,886057 0,001445
пройдет 1,221849 0,001993
зачем 0,744727 0,001214
европейские 1,301030 0,002122
страны 0,638272 0,001874
отменяют 1,522879 0,002483
ограничения 1,221849 0,003587
въезд 1,522879 0,002483
граждан 1,045757 0,001705
буквы 1,522879 0,002483
z 1,221849 0,001993
пушкина 1,000000 0,001631
какие 0,494850 0,001453
нелепые 1,698970 0,002771
применяют 1,698970 0,002771
фоне 1,154902 0,001883
предложения 1,154902 0,001883
туристов 1,221849 0,001993
куда 0,795880 0,001298
поехать 1,522879 0,002483
отдыхать 1,397940 0,002280
майские 1,221849 0,001993
праздники 0,823909 0,001344
останетесь 1,698970 0,002771
дорогим 1,522879 0,002483
калькулятором 1,698970 0,002771
альтернативы 1,522879 0,002483
app 1,000000 0,001631
store 1,096910 0,001789
google 0,744727 0,001457
play 1,000000 0,001631
теория 1,397940 0,002280
пдд 1,301030 0,002122
каких 0,958607 0,001563
случаях 1,301030 0,002122
автомобилистам 1,522879 0,002483
необходимо 0,920819 0,001502
пересдавать 1,698970 0,002771
экзамен 1,698970 0,002771
после 0,356547 0,000581
получения 1,397940 0,002280
прав 0,853872 0,001392
еще 0,327902 0,000535
сильнее 1,522879 0,002483
качнет 1,698970 0,002771
рубль 1,000000 0,001631
может 0,387216 0,000631
повлиять 1,397940 0,002280
дальнейший 1,698970 0,002771
рост 1,096910 0,001789
российской 0,585027 0,000954
валюты 1,301030 0,002970
нетоксичный 1,698970 0,002771
развод 1,698970 0,002771
ли 0,387216 0,000631
договориться 1,522879 0,002483
правах 1,045757 0,001705
ребенка 0,823909 0,001344
суда 1,397940 0,002280
глава 0,638272 0,001041
профсоюза 1,698970 0,002771
таксистов 1,522879 0,002483
возвращения 1,301030 0,002122
бомбил 1,522879 0,002483
дороги 1,096910 0,001789
города 0,657577 0,001072
ожидать 1,698970 0,002771
стоит 0,619789 0,001011
леус 1,698970 0,002771
пик 1,522879 0,002483
потепления 1,698970 0,002771
ожидается 1,221849 0,001993
пятницу 1,096910 0,001789
иммунолог 1,522879 0,004470
крючков 1,698970 0,003879
спрогнозировал 1,522879 0,002483
появление 1,522879 0,002483
нового 0,769551 0,001757
штамма 1,397940 0,003192
атака 1,397940 0,002280
клещей 1,698970 0,002771
чем 0,387216 0,000884
опасна 1,698970 0,002771
болезнь 1,522879 0,002483
лайма 1,698970 0,002771
дмитрий 0,602060 0,000982
лиханов 1,698970 0,002771
людям 1,096910 0,001789
остро 1,397940 0,002280
нужны 0,886057 0,001445
вода 1,301030 0,002122
эксперты 0,853872 0,001949
спрогнозировали 1,698970 0,002771
снижение 1,301030 0,002122
вторичном 1,522879 0,002483
рынке 1,301030 0,002122
авто 0,769551 0,001255
юрист 1,397940 0,004104
законно 1,698970 0,002771
купить 0,886057 0,001445
валюту 1,301030 0,002122
период 1,221849 0,001993
действия 1,221849 0,001993
ограничений 1,301030 0,002122
обязательно 1,221849 0,001993
возьмут 1,698970 0,002771
составить 1,522879 0,002483
резюме 1,698970 0,002771
спасенным 1,698970 0,001662
мариупольцам 1,698970 0,001662
помогают 1,301030 0,001273
всем 0,853872 0,000835
миром 1,698970 0,001662
привидением 1,698970 0,001662
лежачий 1,522879 0,001490
небоскреб 1,522879 0,001490
самых 0,585027 0,000572
необычных 1,698970 0,001662
зданий 1,522879 0,001490
жемчугов 1,698970 0,001662
оценил 1,154902 0,002637
опасность 1,397940 0,002280
xe 1,221849 0,001196
мать 0,795880 0,000779
русская 1,000000 0,000978
папа 1,154902 0,001130
самые 0,619789 0,001415
яркие 1,301030 0,001273
высказывания 1,522879 0,001490
владимира 0,721246 0,000706
жириновского 0,657577 0,000643
повторения 1,698970 0,001662
х 0,721246 0,000706
годов 1,045757 0,001023
ситуации 1,000000 0,000978
российском 1,000000 0,000978
авторынке 1,522879 0,001490
психолог 1,154902 0,001130
объяснила 1,522879 0,001490
совместного 1,397940 0,001368
переодевания 1,698970 0,001662
мальчиков 1,397940 0,001368
девочек 1,221849 0,001196
школе 1,221849 0,001196
труду 1,698970 0,001662
инициативу 1,522879 0,001490
ввести 1,301030 0,001273
десятидневные 1,698970 0,001662
выходные 1,096910 0,001073
мае 1,221849 0,001196
ушел 1,154902 0,001130
жизни 0,431798 0,000563
теневая 1,698970 0,001662
продажа 1,154902 0,001130
краснов 1,698970 0,001662
незаконный 1,698970 0,001662
обмен 1,301030 0,001273
госдуме 1,045757 0,001023
предложили 1,301030 0,001273
оборудовать 1,698970 0,001662
автомобили 1,045757 0,001023
каршеринга 1,522879 0,001490
алкозамками 1,698970 0,001662
вероятность 1,301030 0,001273
вспышки 1,698970 0,001662
стелс 1,301030 0,001273
омикрона 1,522879 0,001490
врач 0,958607 0,000938
терапевт 1,698970 0,001662
сайног 1,698970 0,001662
симптомах 1,698970 0,001662
причинах 1,698970 0,001662
развития 0,698970 0,000684
гиповитаминоза 1,698970 0,001662
хотели 1,221849 0,001196
возвести 1,698970 0,001662
израиле 1,522879 0,001490
архитектор 1,522879 0,001490
ткаченко 1,698970 0,001662
раскрыл 1,221849 0,001196
историю 0,795880 0,000779
создания 1,221849 0,001196
дома 0,619789 0,000606
яйца 1,397940 0,001368
дальше 0,853872 0,000557
сетевое 0,677781 0,000663
вещание 1,301030 0,000849
вечерняя 1,397940 0,001824
москв 1,698970 0,001108
подписаться 0,769551 0,000753
яндекс 0,619789 0,000404
музыка 0,677781 0,000442
podcasts 1,698970 0,001662
spotify 1,301030 0,000849
apple 1,096910 0,000716
tunein 1,698970 0,001108
свежие 1,000000 0,000652
материалы 0,481486 0,000314
быть 0,420216 0,000548
быстрее 1,221849 0,001594
всех 0,552842 0,000721
прохожих 1,698970 0,002217
забываем 1,698970 0,002217
безопасность 1,096910 0,001431
правила 0,638272 0,000833
дорожного 1,698970 0,002217
движения 1,522879 0,001987
школьники 1,698970 0,002217
снова 0,744727 0,000972
учиться 1,301030 0,001697
эмоции 1,522879 0,001987
важны 1,397940 0,001824
даже 0,602060 0,000785
пейзажной 1,522879 0,001987
съемке 1,522879 0,001987
изобретение 1,522879 0,001987
старшеклассницы 1,698970 0,002217
упростит 1,698970 0,002217
работу 0,823909 0,001075
океанологов 1,698970 0,002217
проекте 0,657577 0,000429
выставка 1,045757 0,001364
открой 1,698970 0,002217
моспром 1,698970 0,002217
арт 1,045757 0,001364
где 0,455932 0,001338
жили 1,522879 0,001987
творили 1,522879 0,001987
великие 1,397940 0,001824
люди 0,585027 0,000763
война 0,795880 0,001038
моторов 1,698970 0,002217
горючего 1,698970 0,002217
тест 0,795880 0,001038
предрасположенность 1,698970 0,002217
онкологическим 1,698970 0,002217
заболеваниям 1,698970 0,002217
викторина 1,522879 0,001987
проверь 1,522879 0,001987
живут 1,045757 0,001364
африканские 1,522879 0,001987
ежи 1,698970 0,002217
найти 0,508638 0,000664
общий 1,221849 0,001594
язык 0,823909 0,001075
попугаем 1,698970 0,002217
вход 0,619789 0,000404
логин 1,522879 0,001490
пароль 0,920819 0,001802
авторизуйтесь 1,397940 0,000912
помощью 0,769551 0,001004
социальной 1,522879 0,000993
сети 0,744727 0,000486
вконтакте 0,638272 0,000416
одноклассники 0,823909 0,000537
регистрация 0,657577 0,000858
забыли 1,096910 0,001073
email 1,154902 0,000753
рассылку 1,000000 0,000652
мы 0,327902 0,000214
присылаем 1,698970 0,001108
только 0,283997 0,000185
важные 0,958607 0,000625
интересные 1,000000 0,000652
информируем 1,698970 0,001108
мероприятиях 1,698970 0,001108
вечерки 1,698970 0,001108
событиях 1,045757 0,000682
вы 0,376751 0,000369
сможете 1,096910 0,000716
отписаться 1,522879 0,000993
рассылки 1,301030 0,000849
настройках 1,698970 0,001108
аккаунта 1,397940 0,000912
момент 0,920819 0,000601
отправить 0,853872 0,000835
регистрируясь 1,522879 0,000993
соглашаетесь 1,154902 0,000753
политикой 1,096910 0,000716
защите 1,397940 0,000912
персональных 0,769551 0,000502
данных 0,657577 0,000429
правилами 1,301030 0,000849
сайта 0,508638 0,000498
восстановление 1,154902 0,000753
пароля 1,154902 0,000753
заблокированы 1,522879 0,001490
соцсети 1,096910 0,001073
гранты 1,698970 0,001662
импортозамещение 1,301030 0,001273
защитить 1,096910 0,001073
машину 1,000000 0,000978
угона 1,397940 0,001368
кот 1,045757 0,001023
филимон 1,698970 0,001662
выборга 1,522879 0,001490
нашелся 1,698970 0,001662
три 0,619789 0,000606
продукта 1,698970 0,001662
сокращающие 1,698970 0,001662
жизнь 0,455932 0,000446
изменилось 1,522879 0,001490
феминистки 1,698970 0,001662
против 0,387216 0,000379
дорогие 1,397940 0,001368
подарки 1,221849 0,001196
звезд 1,045757 0,001023
бабушки 1,397940 0,001368
покоряют 1,698970 0,001662
инстаграм 1,522879 0,001490
красивые 1,397940 0,001368
качество 1,698970 0,001108
медиагалерея 1,698970 0,001108
печатные 1,698970 0,001108
оформить 1,301030 0,000849
команда 0,853872 0,000557
контакты 0,431798 0,000282
издание 0,638272 0,000416
зарегистрировано 0,744727 0,000486
федеральной 0,602060 0,000393
службе 0,920819 0,000601
надзору 0,619789 0,000404
сфере 0,552842 0,000361
связи 0,455932 0,000446
информационных 0,585027 0,000382
технологий 0,568636 0,000371
массовых 0,568636 0,000371
коммуникаций 0,585027 0,000382
роскомнадзор 0,795880 0,000519
свидетельство 0,638272 0,000416
регистрации 0,638272 0,000416
эл 0,494850 0,000484
фс 0,522879 0,000341
учредитель 0,657577 0,000429
ао 0,795880 0,000519
редакция 0,744727 0,000486
главный 0,522879 0,000341
редактор 0,585027 0,000382
vm 1,522879 0,001987
геннадьевич 1,698970 0,001108
глуходедов 1,698970 0,001108
адрес 0,552842 0,000541
редакции 0,443697 0,000289
г 0,552842 0,000361
бумажный 1,698970 0,001108
пр 1,522879 0,000993
д 0,721246 0,000706
стр 1,096910 0,000716
телефон 0,677781 0,000442
почты 0,886057 0,000578
edit 1,522879 0,000993
почта 1,000000 0,000652
редакцией 1,301030 0,000849
news 0,920819 0,000601
