кино 0,455932 0,003904
театр 0,657577 0,005911
ра 0,744727 0,000638
интервью 0,522879 0,001791
статья 0,619789 0,000531
премьера 1,000000 0,002997
афиша 0,795880 0,001022
новость 0,161151 0,000552
меню 0,886057 0,000759
войти 0,468521 0,000401
полный 0,522879 0,000672
версия 0,522879 0,000672
смотреть 0,443697 0,000570
онлайн 0,387216 0,000663
рейтинг 0,657577 0,000844
фильм 0,431798 0,005915
кастинг 1,096910 0,001878
актер 0,744727 0,006376
кадр 0,823909 0,001764
рецензия 0,920819 0,002759
история 0,283997 0,001580
гостевой 1,522879 0,001956
книга 0,552842 0,000947
вход 0,602060 0,001031
форум 0,886057 0,002276
регистрация 0,408935 0,000525
свободный 0,853872 0,001097
тема 0,585027 0,001002
дозорный 1,698970 0,002182
лайфстайл 1,698970 0,003636
общий 0,823909 0,000705
информация 0,327902 0,000421
для 0,107905 0,000231
заказ 1,000000 0,000856
портфолио 1,698970 0,001455
поиск 0,387216 0,000332
директор 1,045757 0,000895
личный 0,657577 0,000563
кабинет 0,920819 0,000788
российский 0,229148 0,000785
советский 0,619789 0,000796
знаменитость 1,522879 0,001304
ближний 1,397940 0,002394
зарубежье 1,698970 0,003636
империя 1,045757 0,001343
голливудский 1,221849 0,001569
европейский 0,744727 0,000956
азиатский 1,522879 0,001956
латиноамериканский 1,522879 0,001956
участник 0,823909 0,000705
вова 1,301030 0,001114
артист 0,886057 0,001897
фронтовой 1,522879 0,001956
бригада 1,522879 0,001304
фотография 0,795880 0,000681
график 1,000000 0,001284
кинопремьера 1,397940 0,001197
цифровой 0,823909 0,001058
премьер 0,638272 0,001093
сериал 0,494850 0,002754
мультфильм 0,920819 0,000788
спектакль 1,000000 0,004709
короткометражный 1,397940 0,001197
документальный 1,000000 0,001284
производство 0,823909 0,000705
ролик 1,154902 0,000989
постер 1,397940 0,001197
иза 0,167491 0,000645
программа 0,420216 0,000540
тв 0,657577 0,001126
кинотеатр 0,920819 0,000788
расписание 1,096910 0,000939
кассовый 1,397940 0,001197
сбор 0,920819 0,000788
неопознанный 1,698970 0,001455
режиссер 0,823909 0,002822
сценарист 1,397940 0,001197
продюсер 1,522879 0,001304
оператор 1,397940 0,001197
композитор 1,096910 0,001409
художник 0,744727 0,000956
каскадер 1,698970 0,001455
мультипликатор 1,698970 0,002182
кинооператор 1,522879 0,001304
театральный 1,154902 0,002472
деятель 1,221849 0,001569
москва 0,292430 0,000250
подмосковье 1,154902 0,000989
санкт 0,769551 0,000988
петербург 0,602060 0,000773
россия 0,214670 0,000827
дальний 1,154902 0,000989
прошлое 1,045757 0,000895
лет 0,337242 0,000722
киношный 1,698970 0,001455
обзор 0,795880 0,001022
фестивальный 1,698970 0,001455
колонок 1,154902 0,000989
арта 1,045757 0,000895
хаус 1,221849 0,001046
этот 0,173925 0,000521
день 0,236572 0,000506
родиться 1,096910 0,001409
уйти 0,795880 0,002385
жизнь 0,318759 0,000546
хроник 1,154902 0,001483
кинопрокат 1,698970 0,001455
восстановление 1,096910 0,000939
пароль 0,853872 0,000731
общение 0,920819 0,000788
контакт 0,387216 0,000497
реклама 0,259637 0,000333
сайт 0,173925 0,000223
пассажир 1,045757 0,001343
последний 0,318759 0,000682
любовь 0,468521 0,000802
земля 0,744727 0,000956
есть 0,508638 0,000653
ли 0,387216 0,000497
шанс 1,045757 0,001343
после 0,356547 0,000763
смерть 0,568636 0,000974
даже 0,602060 0,000773
область 0,638272 0,001366
балет 1,096910 0,001409
как 0,187087 0,000400
проходить 0,721246 0,000926
подготовка 0,853872 0,001097
анимационный 1,522879 0,002608
премия 0,677781 0,001741
икар 1,698970 0,002909
женский 0,958607 0,001641
ужас 0,920819 0,001971
реальный 0,853872 0,001097
преступление 0,744727 0,000956
весь 0,107905 0,000323
везде 1,221849 0,002092
сразу 0,795880 0,001363
дать 0,721246 0,000926
я 0,346787 0,001930
другой 0,356547 0,000763
вселить 0,886057 0,001138
закончиться 0,744727 0,000956
съемка 0,920819 0,001971
замерзнуть 1,522879 0,001956
лена 1,522879 0,001956
тронин 1,698970 0,002182
артем 1,522879 0,001956
быстров 1,698970 0,002182
убивать 1,154902 0,001483
ева 1,000000 0,001284
обрести 1,221849 0,001569
приквел 1,522879 0,001956
сестра 0,795880 0,002385
продлить 1,154902 0,001483
второй 0,602060 0,000773
сезон 0,568636 0,001461
апрель 0,275724 0,005666
объявить 0,769551 0,000988
номинанта 1,698970 0,001455
церемония 0,823909 0,001058
вручение 1,221849 0,001569
награда 1,096910 0,002348
состояться 0,920819 0,000788
июнь 0,823909 0,001058
ирина 0,823909 0,000705
старшенбаум 1,522879 0,001304
никита 1,096910 0,001409
ефремов 1,397940 0,001197
сняться 1,397940 0,001795
пост 0,920819 0,000788
хоррор 1,096910 0,001409
создатель 1,096910 0,000939
проект 0,259637 0,000333
обещать 1,096910 0,000939
мрачный 1,397940 0,001197
дух 0,920819 0,001183
прочь 1,698970 0,001455
джордан 1,522879 0,001304
пить 1,698970 0,001455
реинкарнация 1,698970 0,001455
ари 1,698970 0,001455
астереть 1,698970 0,001455
адильхан 1,698970 0,001455
ержан 1,698970 0,001455
снимать 0,958607 0,000821
карелия 1,397940 0,001197
мурманский 1,698970 0,001455
комментарий 0,823909 0,022220
спин 1,522879 0,001304
офф 1,221849 0,001046
рассказать 0,366532 0,000314
юность 1,522879 0,001304
кэролин 1,698970 0,001455
мартенс 1,698970 0,001455
который 0,236572 0,000506
оригинал 1,522879 0,001304
сыграть 0,958607 0,001641
фиона 1,522879 0,001304
шоу 0,508638 0,000653
дарья 1,154902 0,000989
фекленко 1,698970 0,001455
завершить 0,958607 0,000821
мелодрама 1,154902 0,000989
тонкий 1,397940 0,001197
лед 1,221849 0,001046
хороший 0,408935 0,000875
конкурс 0,568636 0,000487
артдка 1,698970 0,001455
сеть 0,443697 0,000570
признать 0,958607 0,000821
лента 0,677781 0,000580
страна 0,387216 0,000497
изгнание 1,221849 0,001046
лок 1,397940 0,001197
ключ 1,301030 0,001114
завершиться 1,045757 0,000895
третий 0,886057 0,000759
сми 0,468521 0,000602
иван 0,619789 0,001061
ургант 1,397940 0,002394
распродавать 1,522879 0,001956
недвижимость 0,823909 0,001058
блеск 1,301030 0,002228
нищета 1,301030 0,002228
красное 1,301030 0,001671
дорожка 1,698970 0,002182
сара 1,397940 0,001795
джессика 1,397940 0,001795
паркер 1,698970 0,002182
михаил 0,568636 0,000730
барышников 1,522879 0,001956
джуд 1,698970 0,002182
лоу 1,698970 0,002182
они 0,309804 0,000265
не 0,136677 0,000527
враг 1,096910 0,000939
государство 0,958607 0,001641
дмитрия 0,602060 0,000515
песок 0,698970 0,000598
ксения 1,096910 0,000939
собчак 1,522879 0,001304
регина 1,698970 0,001455
тодоренко 1,522879 0,001304
уилла 1,096910 0,000939
смит 1,000000 0,000856
покинуть 0,853872 0,000731
американский 0,585027 0,000501
киноакадемия 1,522879 0,001304
скандал 0,958607 0,000821
оскар 0,886057 0,001138
устать 1,522879 0,001956
уходить 0,823909 0,001058
кэмерон 1,522879 0,001956
диас 1,522879 0,001956
джек 1,154902 0,001978
николсон 1,698970 0,002182
пенсия 1,154902 0,001483
март 0,698970 0,008378
патрис 1,522879 0,001304
леконт 1,698970 0,001455
многие 0,920819 0,000788
сцена 0,958607 0,000821
участие 0,677781 0,000870
депардье 1,698970 0,002182
мы 0,229148 0,000589
снять 0,769551 0,000659
первый 0,346787 0,000594
дубль 1,522879 0,001304
французский 0,795880 0,000681
экранизация 1,221849 0,002615
роман 1,000000 0,001284
мегрэ 1,397940 0,001197
таинственный 1,221849 0,001046
девушка 0,744727 0,000638
талант 0,920819 0,000788
жерар 1,698970 0,001455
максим 0,958607 0,000821
щеголев 1,698970 0,001455
мыть 0,698970 0,000598
инструмент 0,958607 0,000821
сам 0,721246 0,000618
исполнитель 1,221849 0,001046
главный 0,346787 0,000445
роля 0,744727 0,000956
порт 1,397940 0,001197
криминальный 1,301030 0,001114
драма 0,823909 0,002469
стереотип 1,698970 0,001455
киноиндустрия 1,522879 0,001304
риналь 1,698970 0,001455
мухамет 1,698970 0,001455
всегда 0,657577 0,001126
думать 0,886057 0,001138
что 0,161151 0,000483
быть 0,161151 0,000345
комедийный 1,301030 0,001671
популярный 0,455932 0,000586
год 0,236572 0,000405
культура 0,468521 0,000401
эксперимент 1,698970 0,001455
профессия 0,958607 0,000821
любить 0,537602 0,000460
музыка 0,602060 0,000515
анна 0,537602 0,000460
снаткин 1,522879 0,001304
чем 0,387216 0,000663
много 0,301030 0,000387
наш 0,309804 0,000265
жизненный 1,301030 0,001114
опыт 1,045757 0,000895
тем 0,920819 0,000788
богач 1,522879 0,001304
актриса 1,000000 0,001284
обоюдный 1,522879 0,001304
согласие 0,795880 0,001022
сильный 0,823909 0,000705
героиня 1,045757 0,000895
актуальный 0,823909 0,001058
классика 1,045757 0,000895
денис 0,853872 0,000731
никифоров 1,301030 0,001114
многоэтажка 1,698970 0,001455
современный 0,537602 0,000460
достоевский 1,096910 0,000939
ромны 1,698970 0,001455
дюрис 1,522879 0,001304
какой 0,337242 0,000289
бы 0,585027 0,000501
неприятность 1,698970 0,001455
мень 0,657577 0,000563
одолевать 1,698970 0,001455
надеяться 1,221849 0,001046
февраль 0,769551 0,001647
артема 1,301030 0,001114
михалков 1,301030 0,001114
хотеть 0,387216 0,000332
пройти 0,677781 0,000870
путь 0,721246 0,000618
самостоятельно 1,154902 0,000989
наталья 0,795880 0,000681
вдовин 1,698970 0,001455
хотеться 1,000000 0,001284
чтобы 0,408935 0,000350
сюжет 0,744727 0,000638
горазд 1,522879 0,001304
интересный 0,619789 0,000531
приходить 1,154902 0,000989
голова 1,096910 0,000939
новое 0,214670 0,000184
трейлер 1,096910 0,001878
елизавета 1,045757 0,000895
юный 1,000000 0,001284
цесаревна 1,397940 0,001197
юлий 0,823909 0,000705
хлынин 1,522879 0,001304
получать 0,677781 0,000580
бразда 1,698970 0,001455
правление 1,522879 0,001304
огромный 0,721246 0,000618
обсудить 0,958607 0,000821
промо 1,301030 0,001671
стикер 1,154902 0,000989
ботан 1,397940 0,001197
супербаб 1,397940 0,001197
поверить 1,045757 0,000895
похищение 1,698970 0,001455
лиза 1,000000 0,000856
мак 1,301030 0,001114
веять 1,522879 0,001304
английский 1,000000 0,000856
язык 0,568636 0,000487
красавица 0,958607 0,001231
дракон 0,920819 0,001183
отрывок 1,154902 0,001483
дьулуура 1,698970 0,001455
мас 1,698970 0,001455
рестлинг 1,698970 0,001455
научный 0,795880 0,000681
расследование 0,958607 0,000821
сергей 0,408935 0,000700
малоземов 1,522879 0,001304
тарас 1,096910 0,000939
бульба 1,154902 0,000989
исторический 0,602060 0,000515
украина 0,455932 0,000390
салют 1,154902 0,000989
катастрофа 1,221849 0,001046
балканский 1,397940 0,001197
рубеж 0,958607 0,000821
военный 0,522879 0,000672
сербия 1,096910 0,000939
бабушка 0,853872 0,000731
мистик 0,958607 0,000821
испания 1,154902 0,000989
франция 0,795880 0,000681
гарри 1,045757 0,000895
хафт 1,221849 0,001046
бой 0,853872 0,000731
биография 0,886057 0,000759
спортивный 0,886057 0,000759
триллер 0,920819 0,000788
канада 1,301030 0,001114
венгрия 1,096910 0,000939
сша 0,508638 0,000653
скрежет 1,096910 0,001409
финляндия 1,045757 0,000895
швеция 1,221849 0,001046
фантастический 0,958607 0,000821
экшн 1,698970 0,001455
комедия 0,886057 0,001138
мальчик 0,698970 0,000598
дельфина 1,154902 0,000989
приключение 0,795880 0,000681
фэнтезь 0,920819 0,000788
германия 0,958607 0,000821
турция 1,000000 0,000856
прокат 1,000000 0,000856
философия 1,301030 0,001114
гранить 1,221849 0,001046
безумный 1,154902 0,000989
брат 0,920819 0,000788
руссо 1,698970 0,001455
человек 0,259637 0,000445
швейцарский 1,522879 0,001304
нож 1,301030 0,001114
яйцо 1,096910 0,000939
финский 1,221849 0,001046
боди 1,698970 0,001455
семейный 0,744727 0,000956
ценность 1,000000 0,000856
нельзя 0,795880 0,000681
делать 0,744727 0,000956
вид 0,744727 0,000638
нормально 1,522879 0,001304
слово 0,552842 0,000473
живой 0,769551 0,000659
мертвый 0,920819 0,000788
оскароносный 1,698970 0,001455
сесть 1,301030 0,001114
руль 1,045757 0,000895
мой 0,619789 0,000531
машина 0,853872 0,000731
харуки 1,397940 0,001197
мурак 1,301030 0,001114
дядя 1,154902 0,000989
ван 1,000000 0,000856
хиросима 1,522879 0,001304
ампир 1,221849 0,001046
v 0,795880 0,000681
взбираться 1,698970 0,001455
вершина 1,397940 0,001197
фудзь 1,698970 0,001455
забыть 0,657577 0,000563
прокатный 1,698970 0,001455
удостоверение 1,522879 0,001304
новый 0,244125 0,000314
пелевин 1,522879 0,001304
вновь 0,795880 0,000681
потерять 0,823909 0,000705
дата 0,769551 0,000659
релиз 0,958607 0,000821
успеть 1,301030 0,001114
она 0,356547 0,000305
посмотреть 0,853872 0,000731
отец 0,721246 0,000618
коридор 1,397940 0,001197
затмение 1,698970 0,001455
интеллектуальный 1,045757 0,000895
виагра 1,698970 0,001455
плохой 0,853872 0,000731
света 0,886057 0,001138
каждый 0,552842 0,000473
утратить 1,698970 0,001455
иллюзия 1,154902 0,000989
писатель 0,721246 0,000618
ада 1,221849 0,001046
гость 1,000000 0,000856
будущий 0,795880 0,000681
скорбеть 1,698970 0,001455
владимир 0,301030 0,000258
жириновский 0,431798 0,000370
лидий 1,301030 0,001114
донец 1,698970 0,001455
продолжение 0,853872 0,000731
таксист 1,154902 0,000989
отправлять 1,154902 0,000989
тот 0,376751 0,000323
гилев 1,522879 0,001304
аня 1,221849 0,001046
чиповский 1,522879 0,001304
кирилл 1,154902 0,000989
кяро 1,698970 0,001455
атака 0,920819 0,001183
титан 1,221849 0,001569
серия 0,744727 0,001275
мочь 0,236572 0,000304
иначе 1,154902 0,000989
рекап 1,698970 0,001455
эпизод 1,221849 0,001569
рассвет 1,221849 0,001046
человечество 1,221849 0,001046
никто 0,823909 0,001058
узнавать 1,096910 0,000939
евгения 1,698970 0,001455
брик 1,698970 0,001455
алена 1,698970 0,001455
званцов 1,698970 0,001455
беспечность 1,698970 0,001455
ответственность 0,886057 0,000759
медленный 1,522879 0,001304
лошадь 1,397940 0,001197
шпион 1,154902 0,000989
выйти 0,568636 0,000487
вон 1,698970 0,001455
британский 1,000000 0,000856
разведка 1,221849 0,001046
гэри 1,698970 0,001455
олдман 1,698970 0,001455
рваный 1,698970 0,001455
носок 1,397940 0,001197
здравствовать 1,397940 0,001197
хмурый 1,522879 0,001304
анима 1,096910 0,000939
стоять 0,585027 0,000501
обратить 1,045757 0,000895
внимание 0,769551 0,000659
весной 1,154902 0,000989
вампир 1,045757 0,000895
средний 1,154902 0,000989
полоса 1,096910 0,000939
днем 1,045757 0,000895
лихорадка 1,698970 0,001455
а 0,221849 0,000190
ночь 0,721246 0,001235
пир 1,397940 0,001197
марлийский 1,698970 0,001455
корабль 0,886057 0,000759
идти 0,657577 0,000563
дно 1,397940 0,001197
спецкоронация 1,698970 0,001455
главное 0,327902 0,000421
отечественный 0,744727 0,000638
самодержец 1,698970 0,001455
рен 1,221849 0,001046
зеллвегер 1,698970 0,001455
эль 1,522879 0,001304
фаннинг 1,698970 0,001455
кейт 1,301030 0,001671
уинслет 1,698970 0,001455
убийца 0,823909 0,001058
шерлок 1,522879 0,001304
холмс 1,698970 0,001455
боксер 1,301030 0,001114
освенцим 1,301030 0,001114
неформатный 1,698970 0,001455
герой 0,552842 0,000710
барри 1,301030 0,001114
левинсон 1,397940 0,001197
гений 1,045757 0,000895
трикстер 1,698970 0,001455
блаженный 1,698970 0,001455
карьера 0,958607 0,000821
сегодня 0,443697 0,000380
исполниться 1,397940 0,001197
сила 0,698970 0,000598
бизнес 0,468521 0,000602
подельник 1,301030 0,001114
еще 0,327902 0,000281
запланировать 1,397940 0,001197
оторвать 1,397940 0,001197
выбросить 1,397940 0,001197
получить 0,420216 0,000360
билет 0,853872 0,001097
разыгрывать 1,397940 0,001197
боевик 0,886057 0,000759
финник 1,221849 0,001046
дарита 1,301030 0,001114
подарок 0,886057 0,000759
кандиш 1,698970 0,001455
демон 1,096910 0,000939
месть 1,221849 0,001046
заманивать 1,698970 0,001455
ти 1,397940 0,001197
город 0,397940 0,000511
сеструха 1,522879 0,001304
пятница 0,886057 0,000759
тайна 0,920819 0,000788
домашний 0,853872 0,000731
план 0,769551 0,000659
счастье 0,769551 0,000659
твц 1,522879 0,001304
пузырь 1,397940 0,001197
apple 1,096910 0,001409
tv 0,920819 0,001183
сиять 1,522879 0,001304
дожидаться 1,698970 0,001455
перитонит 1,698970 0,001455
покупать 0,823909 0,000705
граница 0,769551 0,000659
джима 1,301030 0,001114
керри 1,522879 0,001304
чон 1,698970 0,001455
хо 1,397940 0,001197
н 0,769551 0,000659
клип 1,154902 0,000989
weeknd 1,522879 0,001304
свидание 1,096910 0,000939
заканчиваться 1,154902 0,000989
больница 1,045757 0,000895
джейсон 1,522879 0,001304
момоа 1,522879 0,001304
прокомментировать 0,958607 0,000821
слух 1,096910 0,000939
романа 0,585027 0,000501
бекинсейл 1,698970 0,001455
заметить 1,096910 0,001878
вместе 0,744727 0,000638
вечеринка 1,154902 0,000989
паулина 1,522879 0,001304
андреев 1,301030 0,001114
ужин 1,522879 0,001304
анатолий 1,397940 0,001197
чубайс 1,221849 0,001046
авдотья 1,698970 0,001455
смирнов 1,301030 0,001114
стамбул 1,045757 0,000895
детский 0,619789 0,000531
утренник 1,698970 0,001455
кристина 1,096910 0,000939
асмус 1,522879 0,001304
павел 0,769551 0,000659
прилучный 1,698970 0,001455
александр 0,602060 0,000773
ребенок 0,259637 0,000333
шайа 1,698970 0,001455
л 0,795880 0,000681
баф 1,698970 0,001455
миа 1,522879 0,001304
гот 1,096910 0,000939
впервые 0,744727 0,000956
стать 0,301030 0,000387
родитель 0,744727 0,000638
рождение 0,602060 0,000515
наталия 1,522879 0,001304
богунов 1,698970 0,001455
антон 0,823909 0,000705
васильев 0,920819 0,000788
валентин 0,958607 0,000821
гарцуев 1,698970 0,001455
астрида 1,698970 0,001455
кайриша 1,698970 0,001455
светлана 1,000000 0,001284
кожемякин 1,698970 0,001455
николай 0,568636 0,000487
лавров 1,000000 0,000856
михайловский 1,397940 0,001197
елена 0,698970 0,000598
муравьев 1,698970 0,001455
орлов 1,397940 0,001197
патрисия 1,698970 0,001455
аркетта 1,522879 0,001304
джон 0,920819 0,000788
гэвина 1,698970 0,001455
сон 1,000000 0,000856
кан 1,698970 0,001455
мэри 1,154902 0,000989
пикфорд 1,698970 0,001455
робин 1,221849 0,001046
райт 1,301030 0,001114
мария 0,657577 0,000844
феликс 1,397940 0,001197
соня 1,522879 0,001304
хенився 1,698970 0,001455
золотой 0,795880 0,001022
маска 0,823909 0,001058
вручить 1,397940 0,001795
свой 0,301030 0,000258
формат 0,920819 0,000788
трансляция 0,721246 0,000618
платформа 0,853872 0,000731
okko 1,522879 0,001304
социальный 0,522879 0,000448
фестиваль 0,721246 0,001544
бена 1,301030 0,001114
стиллер 1,698970 0,001455
торренс 1,698970 0,001455
адаптация 1,698970 0,001455
сияние 1,698970 0,001455
стивен 1,045757 0,000895
кинг 1,154902 0,000989
лондон 1,096910 0,000939
наметить 1,397940 0,001197
начало 0,638272 0,000546
затем 1,154902 0,000989
он 0,455932 0,000390
переехать 1,522879 0,001304
бродвеять 1,698970 0,001455
бекмамбетовый 1,698970 0,001455
ходжа 1,698970 0,001455
насреддин 1,698970 0,001455
открыть 0,552842 0,000473
показ 1,096910 0,000939
стартовать 1,000000 0,000856
оксана 1,397940 0,001197
кардаш 1,698970 0,001455
дмитрий 0,958607 0,000821
сердюк 1,522879 0,001304
софья 1,397940 0,001197
кипрский 1,522879 0,001304
президент 0,698970 0,000598
молодые 1,000000 0,000856
искусство 0,744727 0,001275
лауреат 0,958607 0,000821
президентский 1,397940 0,001197
литература 0,744727 0,000638
произведение 0,721246 0,000618
юношество 1,397940 0,001197
нина 1,221849 0,001046
александров 1,522879 0,001304
андрей 0,508638 0,000653
феськов 1,698970 0,001455
леонида 0,958607 0,000821
нечаев 1,522879 0,001304
ремастер 1,698970 0,001455
могучий 1,698970 0,001455
евгенья 0,698970 0,000598
загота 1,698970 0,001455
написать 0,619789 0,000531
мюзикл 1,301030 0,001114
волшебник 1,301030 0,001114
изумрудный 1,698970 0,001455
московский 0,657577 0,000563
культурный 1,045757 0,000895
площадка 1,154902 0,000989
принять 0,638272 0,000546
центр 0,455932 0,000390
показать 0,522879 0,000448
культовый 1,096910 0,000939
современник 1,221849 0,001569
холодно 1,301030 0,001114
алафейский 1,698970 0,001455
гора 1,154902 0,000989
кинофестиваль 1,397940 0,001795
тобольск 1,698970 0,001455
дом 0,356547 0,000305
конец 0,657577 0,000563
свет 1,096910 0,000939
огонь 1,000000 0,000856
соловьев 1,045757 0,000895
эсхатологический 1,698970 0,001455
уют 1,397940 0,001197
вера 0,958607 0,000821
весна 0,823909 0,000705
дебют 1,221849 0,001046
ханты 1,522879 0,001304
мансийск 1,522879 0,001304
берлинал 1,698970 0,001455
решительность 1,698970 0,001455
жюри 1,397940 0,001197
берлинский 1,397940 0,001197
спутник 1,397940 0,001197
телезритель 1,522879 0,001304
говорить 0,537602 0,000690
канал 0,508638 0,000435
самый 0,251812 0,000216
дэ 1,698970 0,001455
бульдог 1,698970 0,001455
тнт 1,397940 0,001197
звезда 0,552842 0,000473
брэд 1,397940 0,001197
питта 1,698970 0,001455
объяснять 1,000000 0,000856
почему 0,366532 0,000314
жить 0,585027 0,000501
космос 0,958607 0,000821
январь 0,886057 0,001897
париж 1,045757 0,000895
секс 1,096910 0,000939
касабланка 1,522879 0,001304
эвфемизм 1,698970 0,001455
запрет 0,795880 0,000681
шедевр 1,000000 0,000856
богарт 1,698970 0,001455
бергман 1,698970 0,001455
ноа 1,522879 0,001304
айзенберг 1,698970 0,001455
такой 0,397940 0,000341
песня 0,657577 0,000563
довести 1,522879 0,001304
слезть 1,221849 0,001046
шведский 1,301030 0,001114
серийный 1,154902 0,000989
фрагмент 1,154902 0,000989
дебютный 1,698970 0,001455
паоло 1,522879 0,001304
соррентино 1,698970 0,001455
фрэнк 1,397940 0,001197
синатр 1,698970 0,001455
интуиция 1,522879 0,001304
небесный 1,397940 0,001197
суд 0,795880 0,000681
цыпкин 1,698970 0,001455
интерактивный 1,221849 0,001046
под 0,376751 0,000323
художественный 0,886057 0,000759
руководство 0,920819 0,000788
константин 0,769551 0,000659
хабенский 1,154902 0,000989
пожалеть 1,301030 0,001114
прыг 1,522879 0,001304
скок 1,522879 0,001304
обвалиться 1,698970 0,001455
потолок 1,698970 0,001455
нация 1,301030 0,001114
брусникин 1,698970 0,001455
киносценарий 1,698970 0,001455
геннадий 1,522879 0,001304
шпаликов 1,698970 0,001455
стрелять 1,301030 0,001114
суфлер 1,698970 0,001455
кулиса 1,698970 0,001455
русский 0,318759 0,000273
прикраса 1,522879 0,001304
литературный 0,795880 0,000681
обозреватель 1,397940 0,001197
олег 0,721246 0,000618
фочкин 1,698970 0,001455
алексей 0,552842 0,000473
митрофанов 1,522879 0,001304
юрий 0,677781 0,000580
любимов 1,522879 0,001304
простой 0,795880 0,000681
истина 1,096910 0,000939
длина 1,397940 0,001197
двенадцать 1,397940 0,001197
kino 1,698970 0,002182
teatr 1,698970 0,002182
ru 0,180456 0,000232
использование 0,408935 0,000350
означать 1,397940 0,001197
безоговорочный 1,698970 0,001455
условие 0,468521 0,000401
пользовательский 0,552842 0,000473
соглашение 0,443697 0,000380
мобильный 0,769551 0,000659
