div 1,000000 0,001642
style 0,823909 0,002255
position 0,853872 0,001869
absolute 0,958607 0,002099
left 0,958607 0,002099
px 0,920819 0,002016
img 0,795880 0,002178
src 0,795880 0,002178
top 1,000000 0,001095
fwz 1,522879 0,001667
mail 0,721246 0,001579
ru 0,180456 0,001383
counter 1,397940 0,002295
id 1,154902 0,001264
js 1,045757 0,001145
na 1,522879 0,001667
border 1,397940 0,001530
height 1,221849 0,002006
width 1,221849 0,002006
alt 0,886057 0,002425
рейтинг 0,853872 0,000935
https 0,721246 0,001579
mc 1,000000 0,001642
yandex 0,958607 0,001574
watch 0,958607 0,001574
www 0,698970 0,000765
tns 1,698970 0,001860
v 0,920819 0,001008
a 0,698970 0,000765
rian 1,698970 0,003720
utf 1,698970 0,001860
tmsec 1,698970 0,001860
site 1,397940 0,001530
new 0,920819 0,001008
риа 1,301030 0,002848
новости 0,173925 0,000381
события 0,638272 0,000699
москве 0,455932 0,000499
россии 0,251812 0,000689
мире 0,468521 0,001539
сегодня 0,443697 0,001457
темы 0,886057 0,000970
дня 0,443697 0,000486
фото 0,568636 0,001556
видео 0,327902 0,000718
инфографика 1,154902 0,001896
радио 0,795880 0,001307
internet 1,397940 0,002295
group 1,397940 0,002295
фгуп 1,698970 0,001860
миа 1,522879 0,003334
россия 0,455932 0,001497
xn 1,698970 0,002790
c 0,721246 0,001184
acbl 1,698970 0,001860
abdlkab 1,698970 0,001860
og 1,698970 0,001860
p 1,096910 0,001201
ai 1,522879 0,001667
awards 1,301030 0,001424
регистрация 0,657577 0,001440
пройдена 1,397940 0,001530
успешно 1,301030 0,001424
пожалуйста 1,045757 0,001145
перейдите 1,522879 0,001667
ссылке 1,301030 0,001424
из 0,167491 0,000458
письма 1,096910 0,001201
отправленного 1,698970 0,001860
отправить 0,853872 0,004674
еще 0,327902 0,000897
раз 0,698970 0,002678
политика 0,387216 0,000848
экономика 0,568636 0,000934
общество 0,494850 0,000813
происшествия 0,823909 0,001353
армия 0,823909 0,000902
наука 0,585027 0,000961
спорт 0,468521 0,000769
культура 0,619789 0,001696
религия 1,301030 0,002848
туризм 1,096910 0,002402
обострение 1,522879 0,001667
ситуации 1,000000 0,001095
днр 0,823909 0,000902
лнрпри 1,698970 0,001860
ударе 0,853872 0,000935
всу 0,744727 0,000815
ракетой 1,154902 0,001264
точка 0,795880 0,000871
краматорску 0,744727 0,000815
погибли 1,045757 0,001145
около 0,886057 0,000970
человек 0,420216 0,000460
главное 0,585027 0,000640
цб 0,795880 0,000871
снизил 0,698970 0,000765
ключевую 0,677781 0,000742
ставку 0,657577 0,000720
процентов 1,154902 0,001896
минобороны 0,698970 0,000765
показало 1,522879 0,001667
кадры 0,958607 0,001574
пуска 1,522879 0,001667
оникса 1,522879 0,001667
для 0,107905 0,000591
удара 0,823909 0,000902
центру 1,698970 0,001860
подготовки 1,000000 0,001095
украинских 0,744727 0,001223
наемников 0,958607 0,001049
мировые 1,154902 0,001264
цены 0,744727 0,000815
продовольствие 1,154902 0,001264
марте 1,045757 0,001145
достигли 1,154902 0,001264
рекорда 1,301030 0,001424
года 0,356547 0,000781
власти 0,769551 0,000842
эстонии 1,522879 0,001667
освободили 1,698970 0,001860
шеф 1,096910 0,001201
редактора 1,096910 0,001201
sputnik 1,301030 0,001424
meedia 1,397940 0,001530
елену 1,522879 0,001667
черышеву 1,522879 0,001667
мариуполь 1,096910 0,001201
освобожден 1,154902 0,001264
заявил 0,744727 0,000815
кадыров 0,958607 0,001049
популярное 0,823909 0,000902
минфин 1,096910 0,001801
сша 0,508638 0,000835
разрешил 1,397940 0,001530
операции 0,920819 0,001008
россией 0,795880 0,000871
связанные 1,397940 0,001530
интернет 0,522879 0,000572
оборудованием 1,397940 0,001530
санкции 0,721246 0,000790
затронули 1,698970 0,001860
крупнейшего 1,522879 0,001667
производителя 1,522879 0,001667
алмазов 1,698970 0,001860
алроса 1,698970 0,001860
аналитик 1,301030 0,001424
объяснил 0,769551 0,001264
почему 0,366532 0,000802
рубль 1,000000 0,001642
рвется 1,522879 0,001667
вверх 1,221849 0,001338
санкциям 1,154902 0,001896
эксперт 0,958607 0,001049
рассказала 0,958607 0,001049
чего 0,769551 0,000842
зависит 1,522879 0,001667
продление 1,522879 0,001667
майских 1,301030 0,001424
праздников 1,397940 0,001530
ростехе 1,397940 0,001530
рассказали 0,744727 0,001223
сколько 0,769551 0,001264
ту 1,000000 0,001095
планируют 1,096910 0,001201
произвести 1,397940 0,001530
политрук 1,698970 0,001860
лжет 1,522879 0,001667
методы 1,301030 0,001424
геббельса 1,698970 0,001860
прежнему 1,301030 0,001424
востребованы 1,522879 0,001667
западом 1,698970 0,001860
владимир 0,431798 0,000473
корнилов 1,698970 0,001860
медиавойны 1,698970 0,001860
европа 0,853872 0,001402
может 0,387216 0,000848
сделать 0,886057 0,000970
молдавию 1,698970 0,001860
великой 0,958607 0,001049
газовой 1,698970 0,001860
державой 1,698970 0,001860
сергей 0,468521 0,000769
савчук 1,698970 0,002790
британские 1,698970 0,001860
ученые 0,958607 0,001049
готовятся 1,221849 0,001338
ядерной 1,397940 0,001530
войне 1,096910 0,001201
этот 0,698970 0,000765
им 0,602060 0,000659
стоит 0,619789 0,000678
верить 1,397940 0,001530
виктория 1,154902 0,001264
никифорова 1,698970 0,001860
специальный 1,154902 0,001264
репортаж 1,397940 0,001530
авторы 0,823909 0,000902
донбасс 0,886057 0,001455
геноцид 1,698970 0,003720
последнее 0,853872 0,000935
логово 1,698970 0,001860
нацистов 1,301030 0,001424
что 0,161151 0,000617
происходит 0,920819 0,001008
стен 1,522879 0,001667
азовстали 1,698970 0,001860
изучение 1,522879 0,001667
соцсетей 1,397940 0,002295
март 1,221849 0,001338
не 0,136677 0,000823
подтвердило 1,698970 0,001860
данные 0,677781 0,001113
событиях 1,045757 0,001145
буче 0,958607 0,001049
выяснили 1,698970 0,001860
мгимо 1,397940 0,001530
украинские 0,823909 0,001353
шахматистки 1,154902 0,001264
поддержали 1,522879 0,001667
призыв 1,221849 0,001338
отстранению 1,397940 0,001530
россиян 0,744727 0,000815
fide 1,221849 0,001338
внес 1,397940 0,001530
правительство 1,096910 0,001201
проект 0,568636 0,000622
цифровых 1,221849 0,001338
валютах 1,397940 0,001530
кремле 1,045757 0,001145
назвали 0,920819 0,001008
постыдным 1,397940 0,001530
решение 0,853872 0,000935
латвии 1,221849 0,001338
объявить 1,698970 0,001860
мая 0,795880 0,000871
днем 1,045757 0,001145
скорби 1,698970 0,001860
минцифры 1,301030 0,001424
подготовило 1,698970 0,001860
список 0,769551 0,000842
российских 0,468521 0,000769
аналогов 1,522879 0,001667
зарубежных 1,000000 0,001642
меня 0,657577 0,000720
тошнит 1,698970 0,001860
евродепутат 1,698970 0,001860
обрушилась 1,698970 0,001860
ес 0,920819 0,001008
санкций 0,677781 0,001113
против 0,387216 0,000848
своих 0,657577 0,001080
двоих 1,221849 0,001338
заканчиваются 1,522879 0,001667
автомобили 1,045757 0,001145
аффектный 1,698970 0,001860
удар 0,823909 0,001353
кого 0,823909 0,000902
сажают 1,522879 0,001667
жестокие 1,698970 0,001860
убийства 1,221849 0,001338
booking 1,301030 0,001424
заплатила 1,698970 0,001860
штраф 1,397940 0,001530
размере 1,698970 0,001860
миллиарда 1,698970 0,001860
рублей 0,585027 0,000640
путин 0,721246 0,001184
простился 1,045757 0,001145
жириновским 0,585027 0,000961
рекомендуемое 1,522879 0,001667
апреля 0,283997 0,001244
болгарии 1,301030 0,001424
какое 0,958607 0,001049
место 0,744727 0,000815
займет 1,522879 0,001667
новом 0,853872 0,000935
миропорядке 1,698970 0,001860
оценил 1,154902 0,001264
заявления 1,000000 0,001095
запада 1,000000 0,001642
национализации 1,522879 0,001667
активов 1,397940 0,001530
росгвардия 1,698970 0,001860
уничтожила 1,522879 0,001667
батарею 1,698970 0,001860
градов 1,522879 0,001667
националистов 0,958607 0,001049
госдума 1,397940 0,001530
приняла 1,397940 0,001530
первом 1,045757 0,001145
чтении 1,522879 0,001667
законопроект 1,154902 0,001264
путина 0,886057 0,000970
гражданстве 1,522879 0,001667
германия 0,958607 0,001049
одобрила 1,698970 0,001860
оборонные 1,522879 0,001667
поставки 1,301030 0,002136
украине 0,537602 0,000883
миллионов 1,045757 0,001145
евро 0,769551 0,000842
американские 1,045757 0,001145
сми 0,468521 0,000769
заговорили 1,522879 0,001667
бессмысленности 1,698970 0,001860
шольц 1,301030 0,001424
откладывает 1,522879 0,001667
танков 1,221849 0,001338
пишут 1,522879 0,001667
он 0,455932 0,000499
был 0,468521 0,000513
неким 1,698970 0,001860
провидцем 1,698970 0,001860
это 0,251812 0,000551
однозначно 1,522879 0,001667
прощание 0,886057 0,000970
владимиром 0,677781 0,000742
мирного 1,397940 0,001530
населения 1,045757 0,001145
донбасса 0,886057 0,000970
женщины 0,920819 0,001512
старики 1,397940 0,002295
дети 0,677781 0,001113
ужасающие 1,522879 0,001667
мирное 1,522879 0,002501
время 0,356547 0,000781
публиковать 1,301030 0,001424
такое 0,585027 0,000640
нельзя 0,795880 0,000871
мир 0,431798 0,000709
лет 0,366532 0,000401
притворялся 1,698970 0,001860
мы 0,327902 0,000359
стали 0,795880 0,000871
современниками 1,698970 0,001860
отчасти 1,698970 0,001860
пассивными 1,698970 0,001860
участниками 1,397940 0,001530
геноцида 1,698970 0,001860
горловская 1,698970 0,001860
мадонна 1,397940 0,001530
истекающие 1,698970 0,001860
кровью 1,522879 0,001667
улицах 1,522879 0,001667
городов 1,221849 0,001338
молчать 1,698970 0,001860
их 0,455932 0,000499
смертях 1,698970 0,001860
преступление 1,045757 0,001145
смотреть 0,552842 0,000908
эти 0,853872 0,000935
невозможно 1,154902 0,001264
вы 0,376751 0,002062
смотрите 1,000000 0,001095
последний 0,744727 0,000815
кинг 1,397940 0,001530
другая 1,522879 0,001667
маринина 1,698970 0,001860
личный 1,000000 0,001095
мураками 1,301030 0,001424
главные 0,585027 0,000640
книги 0,602060 0,000659
весны 1,221849 0,001338
открывая 1,522879 0,001667
россию 0,568636 0,000622
большая 0,920819 0,001008
вода 1,301030 0,001424
кружево 1,698970 0,001860
музеи 1,096910 0,001201
нижегородской 1,698970 0,001860
области 0,721246 0,000790
какая 1,154902 0,001264
то 0,522879 0,001145
мистика 0,958607 0,001049
ощущение 1,397940 0,001530
кто 0,408935 0,000448
проходит 0,886057 0,000970
мимо 1,522879 0,001667
призрак 1,301030 0,001424
павла 1,301030 0,001424
i 0,823909 0,000902
михайловском 1,522879 0,001667
замке 1,397940 0,001530
вчера 0,920819 0,004536
нелюди 1,698970 0,001860
хуже 1,397940 0,001530
террористов 1,397940 0,001530
чем 0,387216 0,000848
отличились 1,522879 0,001667
силовики 1,698970 0,001860
обойдемся 1,698970 0,001860
airbnb 1,397940 0,001530
где 0,455932 0,000499
искать 1,221849 0,001338
отели 1,698970 0,001860
после 0,356547 0,000781
ухода 1,221849 0,001338
агрегаторов 1,698970 0,001860
исполнишь 1,698970 0,001860
быть 0,420216 0,000460
беде 1,698970 0,001860
какой 0,769551 0,000842
обряд 1,522879 0,001667
благовещения 1,698970 0,001860
незаслуженно 1,698970 0,001860
забыт 1,698970 0,001860
заменят 1,522879 0,001667
netflix 1,221849 0,001338
новые 0,337242 0,000554
российские 0,744727 0,000815
сериалы 0,769551 0,000842
онлайн 0,387216 0,000636
обратный 1,522879 0,001667
эффект 1,698970 0,001860
резко 1,096910 0,001201
растет 1,221849 0,001338
угрозе 1,522879 0,001667
дефолта 1,397940 0,001530
венгрия 1,221849 0,001338
упорствует 1,698970 0,001860
своем 0,823909 0,000902
преступлении 1,397940 0,001530
украина 0,698970 0,000765
должна 0,920819 0,001008
была 0,744727 0,000815
сплотить 1,698970 0,001860
свободный 1,698970 0,001860
пошло 1,397940 0,001530
так 0,481486 0,000527
дмитрий 0,602060 0,000659
косырев 1,698970 0,001860
наносит 1,698970 0,001860
двойной 1,301030 0,001424
прилетит 1,698970 0,001860
ответ 1,000000 0,001095
петр 1,000000 0,001095
акопов 1,698970 0,001860
хоккей 1,154902 0,003161
питтсбург 1,698970 0,001860
нью 1,221849 0,001338
йорк 1,397940 0,001530
рейнджерс 1,698970 0,001860
завершили 1,698970 0,001860
матч 1,301030 0,001424
массовой 1,000000 0,001095
дракой 1,698970 0,001860
появилось 1,522879 0,001667
бэкстейджа 1,698970 0,001860
съемок 1,301030 0,001424
медведевой 1,397940 0,001530
журнала 1,154902 0,001264
maxim 1,522879 0,001667
макдэвид 1,698970 0,001860
упрочил 1,698970 0,001860
лидерство 1,397940 0,001530
гонке 1,522879 0,001667
бомбардиров 1,698970 0,001860
нхл 1,221849 0,002006
игры 0,744727 0,000815
кингз 1,698970 0,001860
стерлинг 1,154902 0,001264
заподозрил 1,397940 0,001530
петра 1,000000 0,001095
яна 1,000000 0,001095
употреблении 1,522879 0,001667
допинга 1,397940 0,001530
чемпион 1,522879 0,001667
bellator 1,698970 0,001860
немков 1,698970 0,001860
популярность 1,522879 0,001667
хамзата 1,698970 0,001860
чимаева 1,698970 0,001860
две 0,657577 0,000720
передачи 1,045757 0,001145
подколзина 1,698970 0,001860
помогли 1,301030 0,001424
ванкуверу 1,698970 0,001860
победить 1,154902 0,001264
аризону 1,522879 0,001667
матче 1,397940 0,001530
формула 1,154902 0,001264
сайнс 1,698970 0,001860
показал 1,045757 0,001145
лучший 0,853872 0,000935
результат 1,301030 0,001424
первой 0,958607 0,001049
практике 1,221849 0,001338
гран 1,397940 0,001530
при 0,387216 0,000424
австралии 1,301030 0,001424
лидер 1,000000 0,001095
торонто 1,698970 0,001860
мэйпл 1,698970 0,001860
лифс 1,698970 0,001860
мэттьюс 1,522879 0,001667
побил 1,698970 0,001860
уникальный 1,397940 0,001530
рекорд 1,301030 0,001424
клуба 1,301030 0,001424
свидания 1,221849 0,001338
шестеркин 1,522879 0,001667
поиздевался 1,698970 0,001860
игроками 1,698970 0,001860
питтсбурга 1,698970 0,001860
недвижимость 0,886057 0,000970
подкасты 0,698970 0,000765
теги 1,397940 0,001530
спецпроекты 0,657577 0,000720
реклама 0,346787 0,000380
продукты 1,000000 0,001095
сервисы 1,045757 0,001145
пресс 0,638272 0,001048
центр 0,537602 0,000589
ria 1,698970 0,005580
appstore 1,301030 0,001424
google 0,744727 0,001630
play 1,000000 0,001095
apk 1,698970 0,001860
rss 0,823909 0,000902
архив 1,000000 0,001095
версия 0,744727 0,000815
beta 1,397940 0,001530
сетевое 0,677781 0,000742
издание 0,638272 0,000699
зарегистрировано 0,744727 0,000815
федеральной 0,602060 0,000659
службе 0,920819 0,001008
надзору 0,619789 0,000678
сфере 0,552842 0,000605
связи 0,455932 0,000998
информационных 0,585027 0,000640
технологий 0,568636 0,000622
массовых 0,568636 0,000622
коммуникаций 0,585027 0,000640
роскомнадзор 0,795880 0,000871
свидетельство 0,638272 0,000699
регистрации 0,638272 0,001048
эл 0,494850 0,000542
фс 0,522879 0,000572
учредитель 0,657577 0,000720
федеральное 1,045757 0,001145
государственное 1,154902 0,001264
унитарное 1,154902 0,001264
предприятие 1,096910 0,001201
международное 1,522879 0,001667
информационное 1,698970 0,001860
агентство 1,221849 0,001338
правила 0,638272 0,000699
использования 0,920819 0,001008
материалов 0,585027 0,001601
конфиденциальности 0,744727 0,000815
главный 0,522879 0,000572
редактор 0,585027 0,000640
гаврилова 1,698970 0,001860
а 0,221849 0,000243
адрес 0,552842 0,000908
электронной 0,853872 0,000935
почты 0,886057 0,000970
редакции 0,443697 0,000729
вопросам 1,397940 0,001530
размещения 1,522879 0,001667
релизов 1,522879 0,001667
рекламы 0,823909 0,000902
sales 1,154902 0,001264
телефон 0,677781 0,000742
чтобы 0,408935 0,001343
связаться 1,301030 0,002848
редакцией 1,301030 0,001424
или 0,292430 0,001280
сообщить 1,096910 0,001201
всех 0,552842 0,000605
замеченных 1,698970 0,001860
ошибках 1,698970 0,001860
воспользуйтесь 1,397940 0,002295
формой 1,522879 0,002501
обратной 1,301030 0,002848
лента 0,744727 0,001223
новостей 0,602060 0,000989
сначала 1,000000 0,001642
старые 1,397940 0,001530
loader 1,698970 0,002790
заголовок 1,698970 0,002790
открываемого 1,698970 0,002790
материала 1,397940 0,002295
доступ 1,000000 0,001095
чату 1,698970 0,001860
заблокирован 1,522879 0,001667
нарушение 1,522879 0,004168
правил 0,958607 0,002623
сможете 1,096910 0,001201
вновь 0,795880 0,000871
принимать 1,301030 0,001424
участие 0,920819 0,001008
согласны 1,301030 0,003561
блокировкой 1,698970 0,003720
обсуждение 1,301030 0,001424
закрыто 1,522879 0,001667
участвовать 1,221849 0,002006
дискуссии 1,698970 0,002790
можно 0,420216 0,000460
течение 1,096910 0,001201
часов 0,920819 0,002016
выпуска 1,397940 0,001530
статьи 0,677781 0,000742
авторизуйтесь 1,397940 0,002295
зарегистрируйтесь 1,522879 0,002501
чаты 1,522879 0,001667
молния 1,698970 0,001860
вход 0,619789 0,000678
сайт 0,455932 0,000499
почта 1,000000 0,003284
пароль 0,920819 0,003528
войти 0,494850 0,001083
восстановить 1,301030 0,001424
другие 0,568636 0,000934
способы 1,301030 0,002136
входа 1,397940 0,001530
вконтакте 0,638272 0,001048
одноклассники 0,823909 0,001353
apple 1,096910 0,001801
зарегистрироваться 1,096910 0,002402
срок 1,096910 0,002402
действия 1,221849 0,001338
ссылки 1,221849 0,001338
истек 1,698970 0,001860
письмо 0,958607 0,001049
назад 0,638272 0,001397
я 0,356547 0,000585
принимаю 1,301030 0,002136
условия 0,795880 0,001307
соглашения 0,958607 0,001574
логином 1,522879 0,001667
паролем 1,698970 0,001860
ваши 1,154902 0,001264
имя 0,769551 0,002106
фамилия 1,698970 0,001860
загрузите 1,397940 0,001530
новую 0,769551 0,000842
фотографию 1,698970 0,001860
перетяните 1,698970 0,001860
ее 0,508638 0,000557
поле 1,397940 0,001530
выбрать 0,853872 0,000935
сохранить 0,920819 0,001008
недопустимое 1,698970 0,001860
восстановление 1,154902 0,002529
пароля 1,154902 0,003161
продолжить 1,221849 0,001338
ссылка 1,045757 0,001717
восстановления 1,397940 0,001530
отправлена 1,397940 0,001530
готово 1,397940 0,002295
новый 0,408935 0,000448
подтвердите 1,698970 0,001860
сменить 1,698970 0,001860
написать 0,958607 0,001049
автору 1,698970 0,001860
тема 1,221849 0,001338
сообщение 0,886057 0,003880
фио 1,397940 0,001530
все 0,124939 0,000479
поля 1,221849 0,004681
обязательны 1,698970 0,006509
заполнения 1,698970 0,006509
задать 1,522879 0,001667
вопрос 0,657577 0,001080
ваше 0,853872 0,002804
ваш 0,721246 0,001974
город 0,769551 0,000842
e 0,677781 0,000742
отправлено 1,397940 0,001530
спасибо 1,000000 0,001095
произошла 1,397940 0,001530
ошибка 1,096910 0,001201
попробуйте 1,397940 0,001530
обратная 0,585027 0,000640
связь 0,552842 0,000605
помочь 1,000000 0,001095
разблокировать 1,522879 0,001667
аккаунт 1,301030 0,002136
опечатка 1,698970 0,001860
материале 1,522879 0,002501
удалили 1,397940 0,001530
мое 1,154902 0,001264
ни 0,698970 0,000765
один 0,602060 0,000659
вариантов 1,522879 0,001667
подходит 1,397940 0,001530
нажмите 0,958607 0,001049
здесь 0,698970 0,000765
воспользоваться 1,301030 0,001424
связью 1,698970 0,001860
были 0,769551 0,000842
заблокированы 1,522879 0,002501
комментирования 1,698970 0,003720
блокировки 1,522879 0,002501
составлять 1,698970 0,002790
либо 1,000000 0,001642
навсегда 1,000000 0,001642
заполните 1,522879 0,005835
форму 1,522879 0,005835
закрыть 0,823909 0,001353
ниже 0,886057 0,002425
чате 1,522879 0,001667
дата 1,000000 0,001095
сообщения 1,045757 0,001717
отправки 1,698970 0,001860
блокировался 1,698970 0,001860
ранее 0,958607 0,001049
да 0,698970 0,000765
нет 0,537602 0,000589
было 0,585027 0,000640
удалено 1,698970 0,001860
нами 1,096910 0,001801
перетащите 1,698970 0,003720
выберите 0,920819 0,002016
скриншот 1,698970 0,003720
хотите 0,958607 0,001049
пожаловаться 1,397940 0,001530
ошибку 1,154902 0,001264
материал 1,045757 0,001145
опишите 1,522879 0,001667
проблему 1,522879 0,001667
показать 0,795880 0,000871
тут 0,853872 0,000935
шапка 1,698970 0,001860
