соцсети 1,096910 0,011711
россия 0,455932 0,006490
mediametrics 1,698970 0,018138
свежие 1,000000 0,010676
котировки 1,221849 0,013045
новостей 0,602060 0,006428
рублей 0,585027 0,008328
доллар 1,154902 0,008220
евро 0,769551 0,005477
гривну 1,698970 0,012092
долларов 1,096910 0,011711
баррель 1,698970 0,012092
биткоин 1,522879 0,010839
мониторинг 1,522879 0,010839
осуществляется 1,698970 0,012092
при 0,387216 0,002756
поддержке 1,096910 0,007807
компании 0,619789 0,004411
технологии 0,721246 0,005133
видеоанализа 1,698970 0,012092
сюжеты 1,154902 0,008220
минут 0,920819 0,006554
час 1,000000 0,007117
сутки 0,795880 0,005665
неделя 1,154902 0,008220
месяц 0,744727 0,005301
lifestyle 1,522879 0,010839
hi 1,301030 0,009260
tech 1,301030 0,009260
спорт 0,468521 0,003335
бизнес 0,552842 0,003935
интервью 0,522879 0,003722
коронавирус 0,958607 0,006823
регионы 1,000000 0,010676
архангельск 1,397940 0,009950
астрахань 1,221849 0,008696
белгород 1,221849 0,008696
брянск 1,301030 0,009260
владивосток 1,301030 0,009260
волгоград 1,096910 0,007807
вологда 1,221849 0,008696
воронеж 1,221849 0,008696
горно 1,522879 0,010839
алтайск 1,522879 0,010839
екатеринбург 1,000000 0,007117
ижевск 1,221849 0,008696
иркутск 1,301030 0,009260
йошкар 1,397940 0,009950
ола 1,698970 0,012092
казань 0,823909 0,005864
калининград 1,096910 0,007807
калуга 1,301030 0,009260
кемерово 1,301030 0,009260
киров 1,301030 0,009260
кострома 1,301030 0,009260
краснодар 1,000000 0,007117
красноярск 1,221849 0,008696
курган 1,522879 0,010839
москва 0,508638 0,003620
мурманск 1,301030 0,009260
нижний 0,853872 0,006077
новгород 0,886057 0,006306
новосибирск 1,045757 0,007443
омск 1,221849 0,008696
оренбург 1,221849 0,008696
орел 1,301030 0,009260
пенза 1,221849 0,008696
пермь 1,096910 0,007807
петрозаводск 1,522879 0,010839
псков 1,221849 0,008696
ростов 0,958607 0,006823
дону 1,000000 0,007117
рязань 1,301030 0,009260
самара 1,221849 0,008696
санкт 0,769551 0,005477
петербург 0,886057 0,006306
саранск 1,397940 0,009950
саратов 1,221849 0,008696
тамбов 1,397940 0,009950
тверь 1,301030 0,009260
томск 1,221849 0,008696
тула 1,221849 0,008696
тюмень 1,221849 0,008696
ульяновск 1,301030 0,009260
уфа 1,154902 0,008220
челябинск 1,154902 0,008220
чита 1,301030 0,009260
южно 1,522879 0,010839
сахалинск 1,522879 0,010839
ярославль 1,154902 0,008220
страны 0,638272 0,004543
азербайджан 1,522879 0,010839
армения 1,522879 0,010839
беларусь 1,154902 0,008220
израиль 1,397940 0,009950
казахстан 1,154902 0,008220
киргизия 1,397940 0,009950
крым 1,154902 0,008220
латвия 1,397940 0,009950
молдавия 1,522879 0,010839
сша 0,508638 0,003620
таджикистан 1,522879 0,010839
украина 0,698970 0,004975
чехия 1,698970 0,012092
эстония 1,301030 0,009260
facebook 0,823909 0,005864
livejournal 1,522879 0,010839
twitter 0,769551 0,005477
вконтакте 0,638272 0,004543
мир 0,431798 0,003073
тесен 1,698970 0,012092
одноклассники 0,823909 0,005864
всего 0,721246 0,005133
новости 0,173925 0,001238
следующая 1,397940 0,009950
партнерская 1,522879 0,010839
программа 0,744727 0,005301
интернет 0,522879 0,003722
радио 0,795880 0,005665
версия 0,744727 0,007951
для 0,107905 0,001152
тв 0,657577 0,004680
мобильная 1,000000 0,007117
авторам 1,154902 0,008220
виджеты 1,698970 0,012092
сми 0,468521 0,003335
реклама 0,346787 0,002468
медиа 0,769551 0,005477
кит 1,522879 0,010839
разработчикам 1,698970 0,012092
appstore 1,301030 0,009260
playmarket 1,698970 0,012092
служба 1,096910 0,007807
поддержки 0,823909 0,005864
