lenta 1,397940 0,000595
ru 0,180456 0,000154
новость 0,161151 0,000343
россия 0,214670 0,003199
миро 0,337242 0,000718
сегодня 0,443697 0,000378
главное 0,327902 0,000558
мир 0,387216 0,000659
быть 0,161151 0,000617
ссср 0,795880 0,001694
экономика 0,522879 0,000445
силовой 1,698970 0,001447
структура 1,154902 0,000983
наука 0,431798 0,000368
техник 1,096910 0,000934
культура 0,468521 0,000399
спорт 0,397940 0,000339
интернет 0,455932 0,000582
сми 0,468521 0,000399
ценность 1,000000 0,000851
путешествие 0,677781 0,000866
иза 0,167491 0,001497
жизнь 0,318759 0,000543
среда 1,000000 0,000851
обитание 1,397940 0,001190
забота 1,221849 0,001040
себя 0,397940 0,000678
войти 0,468521 0,000798
статья 0,619789 0,000528
галерея 0,853872 0,000727
видео 0,327902 0,000977
спецпроект 0,638272 0,000815
мотор 1,221849 0,001040
лента 0,677781 0,001443
добрый 1,045757 0,001336
хотеть 0,387216 0,000659
видеть 0,698970 0,000595
только 0,283997 0,000242
хороший 0,408935 0,000522
жать 1,522879 0,001297
вернуться 0,638272 0,000815
обычный 1,000000 0,000851
песок 0,698970 0,000595
объяснить 0,677781 0,000577
слово 0,552842 0,000941
потеря 0,920819 0,001176
ход 0,769551 0,000655
спецоперация 0,657577 0,001400
российский 0,229148 0,002244
регион 0,619789 0,000792
разбиться 1,522879 0,001297
легкомоторный 1,522879 0,001297
самолет 0,721246 0,001535
илона 1,221849 0,001560
маска 0,823909 0,001052
назвать 0,568636 0,002179
срок 0,886057 0,001132
выход 0,744727 0,000951
tesla 1,221849 0,001040
cybertruck 1,522879 0,001297
словакия 1,522879 0,001297
передать 1,096910 0,000934
украина 0,455932 0,002135
зрк 1,698970 0,001447
финляндия 1,045757 0,002226
разрешить 1,096910 0,000934
вернуть 0,823909 0,000701
задержать 0,886057 0,001886
граница 0,769551 0,000655
картина 0,721246 0,000614
модель 0,769551 0,001638
обвинить 1,221849 0,001560
художница 1,522879 0,001297
нажива 1,698970 0,001447
пошлый 1,221849 0,001040
рисунок 1,301030 0,001108
она 0,356547 0,000455
лицо 0,537602 0,000458
грузовой 1,522879 0,001297
сломаться 1,698970 0,001447
пополам 1,698970 0,001447
коста 1,397940 0,001190
рика 1,301030 0,001108
москва 0,292430 0,000498
вор 1,698970 0,001447
закон 0,657577 0,000840
эмзар 1,698970 0,001447
руставский 1,698970 0,001447
эстонский 1,397940 0,001190
власть 0,638272 0,001087
отпустить 1,301030 0,001108
один 0,356547 0,000911
руководитель 1,096910 0,000934
sputnik 1,301030 0,001108
meedium 1,397940 0,001190
литва 1,221849 0,001040
осквернить 1,397940 0,001190
мемориал 1,301030 0,001108
советский 0,619789 0,001319
воин 0,920819 0,000784
пилот 1,522879 0,001297
оценить 0,920819 0,001568
опасность 1,154902 0,000983
сближение 1,522879 0,001297
истребитель 1,045757 0,000890
лететь 1,301030 0,001108
аресто 1,698970 0,001447
встать 1,397940 0,001190
ряд 0,823909 0,001052
дарт 1,698970 0,001447
вейдер 1,698970 0,001447
заявить 0,677781 0,001154
близкий 0,744727 0,000634
победа 0,677781 0,000577
набиуллин 1,522879 0,001297
впервые 0,744727 0,000634
попасть 0,823909 0,001403
под 0,376751 0,000481
санкция 0,537602 0,001831
весь 0,107905 0,000413
там 0,769551 0,000655
царить 1,698970 0,001447
тюремный 1,698970 0,001447
лет 0,337242 0,001149
назад 0,638272 0,001087
алкоголик 1,522879 0,001297
начать 0,508638 0,001299
лечить 1,397940 0,001190
трудовой 1,397940 0,001190
лагерь 1,154902 0,000983
как 0,187087 0,001434
этот 0,173925 0,000666
денацпроект 1,698970 0,001447
запад 0,721246 0,000921
устроить 1,000000 0,000851
денацификация 1,522879 0,001297
германий 0,958607 0,001224
после 0,356547 0,000607
второй 0,602060 0,000769
мировой 0,721246 0,000921
война 0,522879 0,000890
школьник 1,221849 0,001040
умереть 0,886057 0,001509
время 0,327902 0,000558
подготовка 0,853872 0,000727
контрольный 1,522879 0,001297
одноклассница 1,698970 0,001447
освободиться 1,698970 0,001447
колония 1,221849 0,001560
россиянин 0,602060 0,003332
заподозрить 1,301030 0,001662
развращение 1,698970 0,001447
ребенок 0,259637 0,000221
политолог 1,096910 0,001401
предречь 1,301030 0,001108
сша 0,508638 0,001299
репутация 1,397940 0,001190
международный 0,508638 0,000433
арена 1,301030 0,001108
стерлинг 1,154902 0,000983
яна 0,920819 0,000784
применение 1,301030 0,001108
допинг 1,301030 0,001108
кремль 0,769551 0,002948
прокомментировать 0,958607 0,001224
отчет 0,958607 0,000816
правительство 0,853872 0,000727
госдума 0,823909 0,000701
стать 0,301030 0,000641
известно 1,000000 0,000851
нападение 0,958607 0,001224
русскоговорящий 1,698970 0,001447
жительница 1,397940 0,001190
испания 1,154902 0,000983
пол 1,045757 0,000890
одиннадцатый 1,698970 0,001447
режиссер 0,823909 0,000701
помутнение 1,698970 0,001447
снять 0,769551 0,000655
рисовать 1,154902 0,000983
фильм 0,431798 0,000368
покорение 1,522879 0,001945
космос 0,958607 0,000816
почему 0,366532 0,001404
невероятно 1,522879 0,001297
красиво 1,397940 0,001190
центральный 0,920819 0,000784
банк 0,795880 0,001016
резко 1,096910 0,000934
снизить 0,677781 0,000577
ключевой 0,619789 0,000792
ставка 0,657577 0,000560
евросоюз 0,853872 0,001454
принять 0,638272 0,000543
пятый 0,795880 0,000678
пакет 0,823909 0,001403
против 0,387216 0,001154
днр 0,823909 0,001754
вс 0,698970 0,001488
нанесение 1,154902 0,000983
ракетный 1,000000 0,000851
удар 0,494850 0,000632
краматорск 0,602060 0,001025
напасть 1,301030 0,001108
главред 1,096910 0,001401
новый 0,244125 0,001143
газета 0,853872 0,001091
сообщить 0,585027 0,000747
невозможность 1,522879 0,001297
замена 1,154902 0,001967
западный 0,823909 0,001052
бренд 0,769551 0,000655
отечественный 0,744727 0,000634
марка 1,221849 0,001560
условие 0,468521 0,000598
продление 1,301030 0,001108
майский 0,886057 0,000754
праздник 0,677781 0,000577
минфин 1,096910 0,000934
расширить 1,045757 0,001336
вучич 1,301030 0,001108
шантаж 1,698970 0,001447
сербия 1,096910 0,000934
пря 0,387216 0,000495
голосование 1,045757 0,000890
спчий 0,920819 0,001960
оон 0,823909 0,001403
понадеяться 1,698970 0,002170
скорый 0,920819 0,000784
завершение 1,221849 0,001560
популярный 0,455932 0,000970
самый 0,251812 0,001179
страшный 1,000000 0,001277
чудовище 1,221849 0,001560
всегда 0,657577 0,000840
выглядеть 0,920819 0,001176
прилично 1,698970 0,002170
ветеран 1,301030 0,001662
мур 1,698970 0,002170
тома 0,522879 0,000668
выслеживать 1,698970 0,002170
ловить 1,221849 0,001560
маньяк 1,154902 0,001475
апрель 0,275724 0,005634
ни 0,698970 0,001190
пиво 1,522879 0,001297
кофе 1,397940 0,001190
секс 1,096910 0,001868
штат 1,397940 0,001190
облюбовать 1,698970 0,001447
религиозный 1,397940 0,001190
фанатик 1,698970 0,001447
чем 0,387216 0,000989
они 0,309804 0,000659
удивлять 1,522879 0,001297
турист 1,045757 0,000890
раздражение 1,698970 0,001447
ехидный 1,698970 0,001447
усмешка 1,522879 0,001297
ельцин 1,698970 0,001447
решить 0,677781 0,000866
пересадить 1,522879 0,001297
чиновник 1,154902 0,001475
авто 0,769551 0,000655
что 0,161151 0,000892
выйти 0,568636 0,000484
anonymous 1,698970 0,001447
идти 0,657577 0,000560
учить 1,301030 0,001662
урок 0,958607 0,000816
могущественный 1,698970 0,001447
хакер 1,301030 0,001108
объявить 0,769551 0,001310
перестать 1,301030 0,001108
воспринимать 1,301030 0,001108
всерьез 1,397940 0,001190
я 0,346787 0,000886
предатель 1,522879 0,001945
не 0,136677 0,000524
считать 0,744727 0,000951
фигурист 1,522879 0,001945
русская 1,000000 0,001277
корень 1,397940 0,001785
становиться 1,000000 0,001277
звезда 0,552842 0,000706
сборный 1,301030 0,001662
думать 0,886057 0,001132
обстрелять 1,522879 0,001297
территория 0,795880 0,000678
реактивный 1,522879 0,001297
снаряд 1,698970 0,001447
вертолет 1,301030 0,001108
атаковать 1,221849 0,001040
нефтебаза 1,397940 0,001190
белгород 1,096910 0,000934
вступить 1,397940 0,001190
альянс 1,221849 0,001040
союз 0,677781 0,000866
часть 0,638272 0,000543
нато 0,769551 0,001638
привести 0,886057 0,000754
март 0,698970 0,001190
твердый 1,522879 0,001297
ответ 0,677781 0,000866
зачем 0,744727 0,000634
ставить 1,000000 0,000851
ультиматум 1,698970 0,001447
европа 0,585027 0,001494
требовать 0,886057 0,001132
оплата 1,045757 0,000890
газ 1,045757 0,001781
рубль 0,455932 0,000776
измениться 0,920819 0,000784
призыв 1,096910 0,000934
армия 0,657577 0,001120
пенсия 1,154902 0,000983
ипотека 1,154902 0,001967
нужно 0,698970 0,000595
знать 0,494850 0,000421
перемена 1,000000 0,000851
страна 0,387216 0,000824
неосновной 1,698970 0,002170
инстинкт 1,698970 0,002170
стресс 1,221849 0,001560
менять 1,096910 0,001401
отношение 0,481486 0,000820
он 0,455932 0,000776
действовать 1,221849 0,001560
разный 0,677781 0,000866
батальон 1,221849 0,001040
сутки 0,795880 0,000678
превратиться 1,301030 0,001108
каша 1,522879 0,001297
история 0,283997 0,000725
солдат 0,769551 0,000655
украинский 0,522879 0,000445
плен 1,154902 0,000983
донбасс 0,657577 0,000840
авиакомпания 1,154902 0,000983
запустить 1,045757 0,000890
рейс 1,301030 0,001108
израиль 1,000000 0,000851
опровергнуть 0,958607 0,000816
использование 0,408935 0,000348
точка 0,585027 0,000498
военный 0,522879 0,000890
агрессивный 1,096910 0,000934
характер 0,823909 0,000701
pink 1,397940 0,001190
floyd 1,397940 0,001190
выпустить 1,045757 0,000890
первый 0,346787 0,000295
песня 0,657577 0,000560
яндекс 0,585027 0,000498
начало 0,638272 0,000543
маркировать 1,221849 0,001040
google 0,744727 0,000634
нарушитель 1,096910 0,000934
законодательство 0,638272 0,000543
высказаться 0,958607 0,000816
поддержка 0,537602 0,000458
исключение 0,958607 0,001224
появиться 0,721246 0,000614
ли 0,387216 0,000330
прикольный 1,698970 0,001447
дядька 1,698970 0,001447
ждать 0,619789 0,000528
лдпр 0,744727 0,000634
политика 0,638272 0,000815
смерть 0,568636 0,000484
жириновский 0,431798 0,001287
отвечать 0,920819 0,000784
сотрудник 0,958607 0,000816
обсе 1,397940 0,001190
сорняк 1,698970 0,001447
стратегический 1,522879 0,001297
назначение 1,698970 0,001447
дефицит 0,886057 0,000754
бумага 0,886057 0,001132
предложить 0,744727 0,000951
побороть 1,397940 0,001190
счет 0,853872 0,001091
борщевик 1,698970 0,001447
насколько 1,096910 0,000934
реалистичный 1,522879 0,001297
идея 0,853872 0,001091
обозримый 1,522879 0,001297
будущее 0,602060 0,000513
цена 0,619789 0,000528
еда 1,045757 0,000890
вырасти 1,000000 0,001277
исторический 0,602060 0,000513
рекорд 1,000000 0,000851
ретро 1,301030 0,001108
вирус 1,221849 0,001040
дэвид 1,397940 0,001190
духовный 1,698970 0,001447
динозавр 1,522879 0,001297
безумие 1,154902 0,000983
какой 0,337242 0,000574
получиться 1,045757 0,000890
комедия 0,886057 0,000754
автор 0,522879 0,000445
сорокалетний 1,522879 0,001297
девственник 1,698970 0,001447
аналог 1,154902 0,000983
иностранный 0,721246 0,000614
соцсеть 0,721246 0,000614
психолог 1,000000 0,000851
способ 0,721246 0,000614
выжить 1,096910 0,000934
нестабильность 1,698970 0,001447
либерал 1,522879 0,001297
демократ 1,522879 0,001297
плейбой 1,698970 0,001447
владимир 0,301030 0,000384
коронавирус 0,677781 0,000866
его 0,346787 0,000295
любить 0,537602 0,000458
ненавидеть 1,221849 0,001040
сапог 1,301030 0,001108
выша 1,397940 0,001190
колено 1,301030 0,001108
вновь 0,795880 0,001016
мода 0,958607 0,000816
турчак 1,397940 0,001190
посоветовать 1,096910 0,000934
комментировать 1,154902 0,000983
посетить 0,886057 0,000754
приостановка 1,221849 0,001040
членство 1,000000 0,000851
необходимость 1,096910 0,000934
черный 0,853872 0,000727
список 0,619789 0,000528
гражданин 0,769551 0,000655
белоруссия 1,000000 0,001277
человек 0,259637 0,000332
германия 0,958607 0,000816
приготовиться 1,522879 0,001297
запастись 1,698970 0,001447
мечтать 1,045757 0,000890
сто 1,301030 0,001108
день 0,236572 0,000201
никто 0,823909 0,000701
скандальный 1,301030 0,001108
политик 0,366532 0,000312
навсегда 1,000000 0,000851
отстранение 1,154902 0,000983
саночник 1,154902 0,000983
опротестовать 1,698970 0,001447
друг 0,494850 0,000421
партнер 0,619789 0,000528
американец 1,154902 0,000983
оставить 0,823909 0,001052
уаз 1,397940 0,001785
загадочный 1,154902 0,000983
америка 1,096910 0,000934
ульяновск 1,221849 0,001560
когда 0,397940 0,000847
исчезнуть 1,154902 0,000983
череп 1,698970 0,001447
гоголь 1,154902 0,000983
неизвестно 1,522879 0,001297
легенда 0,795880 0,000678
новодевичий 1,221849 0,001040
кладбище 1,154902 0,000983
уходить 0,823909 0,000701
натура 1,698970 0,001447
крутой 1,096910 0,000934
машина 0,853872 0,000727
который 0,236572 0,000201
много 0,301030 0,000256
культовый 1,096910 0,000934
наследник 1,154902 0,000983
лазать 1,698970 0,001447
бомбоубежище 1,698970 0,001447
играть 0,920819 0,000784
железный 1,000000 0,000851
дорога 0,657577 0,000560
житься 1,698970 0,001447
известный 0,677781 0,000866
район 0,853872 0,000727
столица 0,920819 0,000784
бы 0,585027 0,000498
мы 0,229148 0,000390
пригодиться 1,698970 0,001447
компактный 1,698970 0,001447
кроссовер 1,096910 0,002335
индий 1,301030 0,001108
safari 1,522879 0,001297
nexon 1,698970 0,001447
xuv 1,698970 0,001447
другой 0,356547 0,000304
малоизвестный 1,522879 0,001297
тест 0,602060 0,000513
infiniti 1,397940 0,001190
qx 1,522879 0,001297
стильный 1,301030 0,001108
купа 1,522879 0,001297
япония 0,698970 0,001190
коротко 1,522879 0,001297
рассказывать 0,698970 0,000595
интересный 0,619789 0,000528
марк 0,823909 0,000701
жить 0,585027 0,000747
яйцо 1,096910 0,000934
очень 0,568636 0,000484
удобно 1,221849 0,001040
знаменитый 0,886057 0,001132
московский 0,657577 0,000560
дом 0,356547 0,000455
стоять 0,585027 0,000747
пустой 1,397940 0,001190
уже 0,568636 0,000484
найти 0,356547 0,000759
спонсор 1,301030 0,001108
северный 1,301030 0,001108
корея 1,522879 0,001297
мощный 1,301030 0,001108
иж 1,698970 0,001447
комби 1,698970 0,001447
недооценить 1,698970 0,001447
автомобиль 0,698970 0,001190
удобный 0,920819 0,000784
ха 0,657577 0,000560
народный 0,744727 0,000634
просто 0,602060 0,000513
троллинг 1,698970 0,001447
сеть 0,443697 0,000378
продавать 1,096910 0,000934
заморозить 1,301030 0,001108
бургер 1,522879 0,001297
десяток 1,154902 0,000983
тысяча 0,568636 0,000726
перевести 1,397940 0,001190
нельзя 0,795880 0,001016
вывезти 1,301030 0,001108
новое 0,214670 0,000183
править 0,638272 0,000543
для 0,107905 0,000184
валютный 1,397940 0,001190
резидент 1,397940 0,001190
касаться 1,397940 0,001190
русак 1,698970 0,001447
вездеход 1,698970 0,001447
жигули 1,522879 0,001297
или 0,292430 0,000373
крыло 1,154902 0,000983
чаек 1,522879 0,001297
русски 1,397940 0,001190
суперкар 1,522879 0,001945
должен 0,677781 0,000577
иметь 0,853872 0,000727
гусеница 1,698970 0,001447
плавать 1,698970 0,001447
переписать 1,698970 0,001447
обернуться 1,221849 0,001040
госзаказчик 1,698970 0,001447
запрет 0,795880 0,000678
покупать 0,823909 0,000701
зарубежный 0,769551 0,000655
софт 1,522879 0,001297
ничего 0,958607 0,000816
святой 1,221849 0,001040
безумный 1,154902 0,000983
mansory 1,698970 0,001447
седан 1,522879 0,001945
доработать 1,397940 0,001190
эпатажный 1,698970 0,001447
тюнинг 1,522879 0,001297
ателье 1,698970 0,001447
потратить 1,301030 0,001108
кроссовок 1,698970 0,001447
сотня 0,958607 0,000816
доллар 0,698970 0,000595
оригинальный 1,154902 0,000983
сникерхед 1,698970 0,001447
неправда 1,698970 0,001447
есть 0,508638 0,000650
честный 1,154902 0,000983
говорить 0,537602 0,000458
свой 0,301030 0,000513
последний 0,318759 0,000407
приезд 1,698970 0,001447
евгенья 0,698970 0,000595
евтушенко 1,522879 0,001297
эксклюзив 0,823909 0,000701
уаза 1,522879 0,001297
готовый 0,744727 0,000634
буханка 1,698970 0,001447
изучать 1,397940 0,001785
шпионский 1,522879 0,001297
фото 0,568636 0,000484
семейство 1,154902 0,000983
грузовичок 1,522879 0,001297
биполярка 1,698970 0,001447
aude 1,397940 0,002380
r 1,000000 0,001703
лифтбэк 1,698970 0,001447
универсал 1,301030 0,001108
пожалеть 1,301030 0,001108
выбор 0,619789 0,000528
где 0,455932 0,000582
правда 0,657577 0,000560
ложь 1,397940 0,001190
непонятно 1,698970 0,001447
смеяться 1,301030 0,001108
приход 1,698970 0,001447
китайский 1,000000 0,001277
копия 1,522879 0,001297
внедорожник 1,154902 0,000983
недорогой 1,522879 0,001297
клон 1,698970 0,001447
g 1,154902 0,000983
класс 0,853872 0,000727
ленд 1,397940 0,001190
крузер 1,698970 0,001447
даже 0,602060 0,000513
хаммер 1,698970 0,001447
поднебесный 1,522879 0,001297
торговый 0,958607 0,000816
центр 0,455932 0,000388
сорваться 1,397940 0,001190
лифт 1,301030 0,001108
пассажир 1,045757 0,000890
арестованный 1,522879 0,001297
дело 0,481486 0,000615
взяток 1,522879 0,001297
борис 0,698970 0,000595
шпигель 1,221849 0,001040
госпитализировать 1,154902 0,000983
сизый 1,397940 0,001190
предупреждение 1,221849 0,001040
событие 0,455932 0,000388
повлиять 1,000000 0,000851
возможный 0,769551 0,000983
конфликт 1,000000 0,000851
внутри 1,045757 0,000890
раковый 1,698970 0,001447
опухоль 1,522879 0,001297
опасный 0,744727 0,000634
бактерия 1,698970 0,001447
немецкий 0,886057 0,000754
полиция 1,045757 0,000890
отключить 1,154902 0,000983
гидра 1,698970 0,001447
далекий 0,769551 0,000655
крупный 0,744727 0,000634
магазин 0,619789 0,000528
наркотик 1,301030 0,001108
проститься 0,886057 0,000754
колонный 1,045757 0,000890
зало 0,958607 0,000816
испачкать 1,698970 0,001447
мазут 1,522879 0,001297
птица 0,958607 0,000816
пляж 1,301030 0,001108
курорт 1,698970 0,001447
экс 1,096910 0,000934
министр 1,154902 0,000983
высмеять 1,522879 0,001297
памятник 0,886057 0,000754
заблокировать 1,096910 0,000934
кузбасский 1,522879 0,001297
шахта 1,000000 0,000851
горняк 1,397940 0,001190
вывести 1,221849 0,001040
поверхность 1,301030 0,001108
сахара 1,698970 0,001447
огнеметчик 1,698970 0,001447
помогать 0,823909 0,000701
продвигаться 1,698970 0,001447
вперед 1,301030 0,001108
красная 1,301030 0,001108
разбить 1,397940 0,001190
укрепление 1,000000 0,000851
нацистский 1,221849 0,001040
взять 0,958607 0,001632
кенигсберг 1,698970 0,001447
посол 1,221849 0,001040
польша 0,920819 0,000784
вызвать 0,920819 0,000784
мид 0,853872 0,000727
многие 0,920819 0,000784
отхватить 1,698970 0,001447
кусок 1,522879 0,001297
черноморский 1,522879 0,001297
флот 1,301030 0,001108
ответить 0,853872 0,000727
минобороны 0,698970 0,000595
отвергнуть 1,397940 0,001190
обвинение 1,000000 0,001277
адрес 0,537602 0,000458
число 0,853872 0,001091
погибнуть 0,886057 0,000754
результат 0,698970 0,000595
провокация 0,823909 0,000701
конвейер 1,301030 0,001108
заметить 1,096910 0,001401
chery 1,221849 0,001560
sukhoi 1,698970 0,001447
superjet 1,522879 0,001297
двигатель 1,397940 0,001190
полететь 1,522879 0,001297
год 0,236572 0,000201
отказ 0,886057 0,000754
уголь 0,886057 0,000754
нпз 1,397940 0,001190
остановить 1,221849 0,001040
работа 0,431798 0,000368
переполнение 1,698970 0,001447
хранилище 1,397940 0,001190
музыка 0,602060 0,000513
свадьба 0,920819 0,000784
панелька 1,698970 0,001447
отчаянный 1,221849 0,001040
домохозяйка 1,522879 0,001297
возвращение 0,853872 0,001091
pet 1,522879 0,001297
shop 1,397940 0,001190
boy 1,522879 0,001297
показать 0,522879 0,000445
изображение 1,000000 0,000851
флагманский 1,522879 0,001297
труба 1,522879 0,001297
платить 1,045757 0,000890
отказаться 0,853872 0,000727
граничить 1,698970 0,001447
взрыв 0,958607 0,000816
рассказать 0,366532 0,000780
попытка 0,886057 0,000754
клещ 1,397940 0,001190
группировка 1,698970 0,001447
ввести 0,721246 0,000921
организация 0,769551 0,000655
разведчик 1,397940 0,001190
лузер 1,698970 0,001447
женский 0,958607 0,000816
тюрьма 1,221849 0,001040
продажный 1,698970 0,001447
адвокат 1,397940 0,001190
сериал 0,494850 0,000421
месяц 0,537602 0,000458
любимов 1,522879 0,001297
дата 0,769551 0,000655
музейный 1,096910 0,000934
экспонат 1,154902 0,000983
раскрытый 1,397940 0,001190
оптимальный 1,522879 0,001297
стоимость 1,000000 0,000851
проживание 1,698970 0,001447
отель 1,096910 0,000934
крым 0,920819 0,000784
неужели 1,522879 0,001297
ради 1,045757 0,000890
столько 1,221849 0,001040
россиянка 1,397940 0,001190
уехать 1,045757 0,000890
литература 0,744727 0,000634
изменить 0,744727 0,000634
заморозка 1,522879 0,001297
актив 1,221849 0,001040
последствие 0,920819 0,000784
запретить 0,619789 0,000528
импорт 0,958607 0,000816
удобрение 1,698970 0,001447
древесина 1,397940 0,001190
великобритания 1,096910 0,000934
дополнительный 0,853872 0,000727
учение 1,522879 0,001297
комплекс 1,154902 0,000983
куб 1,301030 0,001108
американский 0,585027 0,000498
ученый 0,853872 0,000727
изготовить 1,698970 0,001447
d 0,920819 0,000784
принтер 1,522879 0,001297
уникальный 0,744727 0,000634
протез 1,698970 0,001447
массово 1,698970 0,001447
печатать 1,698970 0,001447
орган 1,045757 0,000890
частить 0,920819 0,000784
тело 0,698970 0,000595
макгрегор 1,301030 0,001108
предъявить 1,154902 0,000983
шесть 0,920819 0,000784
путин 0,602060 0,000513
особняк 1,397940 0,001190
чубайс 1,221849 0,001040
комната 1,154902 0,000983
бассейн 1,522879 0,001297
домашний 0,853872 0,000727
кинотеатр 0,920819 0,000784
огромный 0,721246 0,000614
гараж 1,698970 0,001447
ес 0,920819 0,000784
попалить 1,397940 0,001190
причастный 1,522879 0,001297
операция 0,657577 0,000840
сосудистый 1,522879 0,001297
хирург 1,301030 0,001662
перечислить 1,522879 0,001297
три 0,522879 0,000445
признак 1,096910 0,000934
образование 0,657577 0,000560
тромб 1,397940 0,001190
торговать 1,522879 0,001297
спайс 1,698970 0,001447
отправить 0,619789 0,000528
боеприпас 1,397940 0,001190
взорваться 1,698970 0,001447
стройка 1,221849 0,001040
чехия 1,221849 0,001040
раскрыть 0,886057 0,001132
темп 1,698970 0,001447
производство 0,823909 0,000701
xxi 1,154902 0,000983
век 0,619789 0,000528
роспотребнадзор 1,301030 0,001108
вероятность 1,221849 0,001040
волна 1,045757 0,000890
пандемия 1,154902 0,000983
xe 1,221849 0,001040
душить 0,823909 0,000701
самостоятельно 1,154902 0,000983
спланировать 1,698970 0,001447
абхазия 1,698970 0,001447
попасться 1,397940 0,001190
уловка 1,522879 0,001297
местный 0,958607 0,000816
житель 0,602060 0,000513
научный 0,795880 0,000678
институт 0,886057 0,000754
росатома 1,397940 0,001190
проект 0,259637 0,000221
сфера 0,537602 0,000458
термоядерный 1,397940 0,001190
технология 0,408935 0,000348
тут 0,853872 0,000727
понять 0,769551 0,000655
сокровище 1,096910 0,000934
резной 1,698970 0,001447
наличник 1,698970 0,001447
даль 1,221849 0,001040
депрессивный 1,698970 0,001447
город 0,397940 0,000339
мужчина 0,677781 0,000577
пластический 1,698970 0,001447
почта 0,602060 0,000513
приостановить 1,221849 0,001040
движение 1,045757 0,000890
отправление 1,698970 0,001447
кибермошенник 1,698970 0,001447
обманывать 1,522879 0,001297
имя 0,443697 0,000378
призывать 1,522879 0,001297
выпускник 1,301030 0,001108
кафедра 1,301030 0,001108
выступить 0,920819 0,000784
переизбрание 1,397940 0,001190
вяльба 1,301030 0,001108
совет 0,568636 0,000484
fis 1,301030 0,001108
риск 1,154902 0,000983
продажа 0,657577 0,000560
недвижимость 0,823909 0,000701
кризис 0,795880 0,000678
вступление 1,301030 0,001108
ставок 1,096910 0,000934
рынок 0,769551 0,000655
жилье 1,221849 0,001040
кто 0,346787 0,000295
еще 0,327902 0,000279
мочь 0,236572 0,000201
льготный 1,397940 0,001190
предупредить 1,000000 0,000851
мошенничество 1,301030 0,001108
офисный 1,301030 0,001108
подсчитать 1,698970 0,001447
открыть 0,552842 0,000471
казахстан 1,000000 0,000851
редакция 0,366532 0,000312
реклама 0,259637 0,000221
пресс 0,552842 0,000471
релиз 0,958607 0,000816
техподдержка 1,154902 0,000983
озвучка 1,397940 0,001190
материал 0,292430 0,000249
ооо 0,853872 0,000727
ра 0,744727 0,000634
опечатка 1,221849 0,001040
нажать 0,920819 0,000784
ctrl 0,958607 0,000816
enter 0,958607 0,000816
деактивировать 1,698970 0,001447
добро 1,154902 0,000983
пожаловать 1,096910 0,000934
реальный 0,853872 0,000727
