github 1,397940 0,030214
where 1,397940 0,002948
world 1,154902 0,005479
builds 1,522879 0,003211
software 1,154902 0,004870
skip 1,522879 0,001606
to 0,886057 0,014480
content 1,301030 0,001372
sign 1,397940 0,006632
up 1,000000 0,004744
product 1,221849 0,001932
features 1,301030 0,003429
mobile 1,301030 0,002743
actions 1,698970 0,009852
codespaces 1,698970 0,005374
packages 1,698970 0,005374
security 1,301030 0,004801
code 1,154902 0,012785
review 1,397940 0,005158
issues 1,698970 0,001791
integrations 1,522879 0,001606
sponsors 1,698970 0,003582
customer 1,522879 0,002408
stories 1,522879 0,002408
team 1,301030 0,003429
enterprise 1,397940 0,002948
explore 1,397940 0,002948
learn 1,221849 0,005153
contribute 1,397940 0,001474
topics 1,397940 0,001474
collections 1,522879 0,001606
trending 1,698970 0,001791
learning 1,397940 0,002948
lab 1,522879 0,002408
open 1,154902 0,005479
source 1,221849 0,003865
guides 1,397940 0,001474
connect 1,397940 0,001474
with 1,096910 0,016191
others 1,522879 0,001606
readme 1,698970 0,006269
project 1,301030 0,002058
events 1,301030 0,002058
community 1,221849 0,005153
forum 1,397940 0,002211
education 1,397940 0,002211
stars 1,522879 0,001606
program 1,698970 0,001791
marketplace 1,698970 0,002687
pricing 1,522879 0,002408
plans 1,522879 0,002408
compare 1,301030 0,001372
contact 1,221849 0,003220
sales 1,154902 0,002435
search 1,154902 0,003044
all 1,096910 0,006361
jump 1,698970 0,005374
no 1,301030 0,003429
suggested 1,698970 0,001791
results 1,397940 0,001474
in 0,958607 0,010107
message 1,698970 0,001791
millions 1,698970 0,002687
of 0,853872 0,003601
developers 1,301030 0,004115
companies 1,221849 0,001288
build 1,301030 0,006858
ship 1,698970 0,002687
maintain 1,698970 0,001791
their 1,397940 0,001474
on 1,045757 0,012128
largest 1,698970 0,003582
most 1,397940 0,002211
advanced 1,522879 0,002408
development 1,096910 0,001156
platform 1,397940 0,003685
email 1,154902 0,001218
address 1,397940 0,001474
for 1,045757 0,014884
million 1,522879 0,004014
organizations 1,698970 0,001791
repositories 1,522879 0,004817
fortune 1,698970 0,001791
like 1,397940 0,002211
best 1,301030 0,002058
take 1,221849 0,001288
collaboration 1,522879 0,001606
next 1,397940 0,001474
level 1,221849 0,001288
administrative 1,698970 0,001791
built 1,522879 0,003211
teams 1,522879 0,001606
start 1,301030 0,001372
a 0,698970 0,005895
free 1,397940 0,002948
trial 1,397940 0,001474
collaborate 1,522879 0,001606
develop 1,397940 0,001474
automate 1,522879 0,002408
secure 1,522879 0,003211
give 1,698970 0,001791
your 1,154902 0,019482
home 1,522879 0,004014
cloud 1,221849 0,003220
record 1,698970 0,001791
or 1,154902 0,006088
rewind 1,698970 0,001791
any 1,221849 0,002576
change 1,522879 0,003211
keep 1,301030 0,003429
you 0,958607 0,013139
sync 1,698970 0,001791
host 1,698970 0,001791
it 0,823909 0,004778
unlimited 1,698970 0,001791
public 1,221849 0,001288
private 1,522879 0,002408
jasonetco 1,698970 0,004478
added 1,522879 0,004817
some 1,397940 0,001474
commits 1,698970 0,001791
minutes 1,698970 0,002687
ago 1,698970 0,004478
updated 1,698970 0,001791
md 1,698970 0,003582
octocat 1,698970 0,014330
classifier 1,698970 0,010747
assets 1,522879 0,001606
tests 1,522879 0,002408
license 1,397940 0,001474
index 1,522879 0,003211
js 1,045757 0,002205
package 1,397940 0,003685
json 1,522879 0,001606
app 1,000000 0,001054
html 1,522879 0,001606
octopus 1,698970 0,001791
cat 1,698970 0,001791
mag 1,698970 0,001791
https 0,721246 0,002281
img 0,795880 0,001678
shields 1,698970 0,003582
io 1,522879 0,003211
badge 1,698970 0,003582
passing 1,698970 0,003582
brightgreen 1,698970 0,002687
coverage 1,698970 0,001791
green 1,698970 0,002687
dependencies 1,698970 0,002687
date 1,301030 0,002058
as 1,221849 0,002576
name 1,221849 0,001288
suggests 1,698970 0,001791
is 1,096910 0,006939
used 1,397940 0,001474
determine 1,698970 0,001791
whether 1,397940 0,001474
given 1,698970 0,001791
image 1,698970 0,001791
contains 1,698970 0,001791
trained 1,698970 0,001791
images 1,698970 0,002687
from 1,221849 0,003865
octodex 1,698970 0,001791
shared 1,397940 0,002211
myoctocat 1,698970 0,001791
twitter 0,769551 0,001623
photographs 1,698970 0,001791
laptops 1,698970 0,001791
stickers 1,698970 0,001791
them 1,221849 0,002576
installation 1,698970 0,001791
git 1,397940 0,005158
clone 1,698970 0,001791
com 0,744727 0,001178
gh 1,698970 0,002687
repo 1,522879 0,002408
create 1,397940 0,003685
created 1,522879 0,003211
repository 1,522879 0,001606
remote 1,522879 0,001606
push 1,301030 0,002058
origin 1,698970 0,003582
main 1,522879 0,002408
support 1,045757 0,002205
octocats 1,698970 0,001791
what 1,221849 0,002576
s 0,721246 0,003802
been 1,522879 0,001606
write 1,522879 0,004014
less 1,397940 0,001474
thanks 1,698970 0,001791
registry 1,698970 0,001791
find 1,301030 0,002743
approved 1,698970 0,002687
projects 1,397940 0,002948
accelerate 1,397940 0,001474
work 1,221849 0,003220
then 1,397940 0,001474
share 1,397940 0,001474
npm 1,522879 0,004014
install 1,397940 0,002211
eslint 1,698970 0,002687
contributors 1,698970 0,001791
audited 1,698970 0,001791
are 1,154902 0,001218
looking 1,397940 0,001474
funding 1,698970 0,001791
run 1,221849 0,002576
fund 1,698970 0,001791
details 1,522879 0,001606
found 1,522879 0,004014
vulnerabilities 1,698970 0,004478
javascript 1,000000 0,002109
linting 1,698970 0,001791
checkout 1,698970 0,001791
b 0,958607 0,001011
add 1,397940 0,003685
status 1,397940 0,004422
screens 1,698970 0,003582
collaborators 1,698970 0,001791
ready 1,522879 0,002408
player 1,522879 0,001606
two 1,522879 0,001606
scale 1,698970 0,001791
size 1,522879 0,001606
new 0,920819 0,001942
organization 1,522879 0,002408
better 1,397940 0,001474
starts 1,522879 0,001606
pull 1,522879 0,007225
requests 1,698970 0,006269
conversations 1,698970 0,002687
around 1,522879 0,001606
can 1,221849 0,003865
experiment 1,698970 0,001791
squash 1,698970 0,001791
bugs 1,698970 0,001791
cover 1,397940 0,001474
entire 1,698970 0,002687
flow 1,522879 0,001606
propose 1,698970 0,001791
changes 1,698970 0,001791
browse 1,522879 0,003211
ask 1,397940 0,002211
input 1,522879 0,001606
make 1,397940 0,002211
suggestion 1,698970 0,001791
off 1,698970 0,002687
one 0,958607 0,002527
place 1,522879 0,001606
know 1,522879 0,001606
when 1,397940 0,002211
request 1,522879 0,002408
merge 1,698970 0,006269
everything 1,221849 0,001288
reviews 1,698970 0,002687
check 1,397940 0,002948
conflicts 1,698970 0,001791
already 1,522879 0,001606
moving 1,698970 0,001791
manage 1,522879 0,001606
notifications 1,698970 0,001791
more 1,045757 0,004410
available 1,522879 0,004014
ios 1,000000 0,001054
android 0,958607 0,001011
bash 1,522879 0,001606
pr 1,154902 0,001218
relevant 1,522879 0,001606
cli 1,698970 0,005374
current 1,397940 0,001474
branch 1,698970 0,001791
there 1,522879 0,001606
associated 1,698970 0,001791
by 1,000000 0,001054
have 1,221849 0,002576
requesting 1,698970 0,001791
correctly 1,698970 0,001791
handle 1,698970 0,001791
set 1,397940 0,001474
empty 1,522879 0,001606
fields 1,522879 0,001606
emptybody 1,698970 0,001791
checks 1,698970 0,002687
confirmation 1,522879 0,001606
steps 1,698970 0,001791
risk 1,522879 0,001606
confirmations 1,698970 0,001791
x 0,853872 0,001800
failing 1,698970 0,001791
however 1,522879 0,001606
want 1,522879 0,001606
put 1,698970 0,001791
gui 1,397940 0,001474
desktop 1,522879 0,004014
stay 1,522879 0,001606
command 1,698970 0,001791
line 1,522879 0,001606
macos 1,301030 0,003429
windows 1,397940 0,003685
linux 1,397940 0,002948
blazing 1,698970 0,002687
fast 1,522879 0,003211
developer 1,154902 0,003044
environments 1,698970 0,001791
about 1,154902 0,004262
future 1,397940 0,001474
not 1,096910 0,001156
local 1,698970 0,002687
copy 1,522879 0,001606
gives 1,522879 0,001606
complete 1,221849 0,001288
configurable 1,522879 0,001606
dev 1,397940 0,001474
environment 1,522879 0,001606
top 1,000000 0,001054
powerful 1,522879 0,001606
vm 1,522879 0,001606
visual 1,301030 0,001372
studio 1,397940 0,001474
browser 1,522879 0,001606
full 1,301030 0,001372
stop 1,698970 0,001791
brings 1,698970 0,001791
popular 1,397940 0,001474
editor 1,698970 0,002687
every 1,221849 0,001932
test 1,397940 0,001474
use 1,096910 0,001156
terminal 1,522879 0,001606
anywhere 1,522879 0,001606
customize 1,698970 0,001791
heart 1,698970 0,001791
desire 1,698970 0,001791
favorite 1,698970 0,001791
vs 1,154902 0,001218
extensions 1,698970 0,001791
devcontainer 1,698970 0,001791
config 1,698970 0,001791
file 1,698970 0,001791
themes 1,698970 0,001791
tweak 1,698970 0,001791
settings 1,301030 0,001372
anything 1,397940 0,001474
setup 1,698970 0,001791
ci 1,301030 0,002058
cd 1,301030 0,001372
enhance 1,698970 0,001791
devops 1,301030 0,001372
script 1,301030 0,001372
workflow 1,698970 0,001791
kick 1,698970 0,001791
automated 1,698970 0,002687
workflows 1,698970 0,001791
issue 1,397940 0,001474
creation 1,698970 0,001791
release 1,397940 0,001474
own 1,221849 0,001932
import 1,698970 0,001791
within 1,397940 0,001474
our 1,221849 0,001932
class 1,397940 0,001474
feeling 1,397940 0,001474
stuck 1,522879 0,001606
docs 1,397940 0,002211
language 1,221849 0,001932
operating 1,698970 0,001791
system 1,397940 0,001474
arm 1,522879 0,001606
containers 1,698970 0,001791
at 1,154902 0,001826
once 1,301030 0,001372
matrix 1,698970 0,001791
jobs 1,397940 0,001474
per 1,522879 0,001606
month 1,522879 0,004014
re 1,301030 0,001372
good 1,522879 0,001606
company 1,522879 0,002408
number 1,397940 0,001474
service 1,698970 0,001791
speaking 1,522879 0,001606
automation 1,397940 0,002948
dependabot 1,698970 0,002687
keeps 1,698970 0,001791
that 1,096910 0,003469
update 1,698970 0,001791
just 1,698970 0,002687
fix 1,698970 0,001791
before 1,397940 0,002211
codeql 1,698970 0,001791
scanning 1,698970 0,001791
automatically 1,522879 0,002408
codebase 1,698970 0,002687
identifies 1,698970 0,001791
known 1,522879 0,001606
they 1,397940 0,001474
ever 1,698970 0,001791
reach 1,698970 0,002687
production 1,397940 0,002211
fixed 1,397940 0,001474
deserialized 1,698970 0,001791
data 1,045757 0,001103
vulnerability 1,698970 0,002687
secrets 1,698970 0,001791
we 1,221849 0,002576
scan 1,522879 0,001606
oauth 1,698970 0,003582
tokens 1,698970 0,002687
api 1,301030 0,002058
keys 1,698970 0,001791
personal 1,522879 0,002408
if 1,154902 0,001218
ll 1,698970 0,001791
notify 1,698970 0,001791
partner 1,301030 0,001372
issued 1,698970 0,001791
invalidate 1,698970 0,001791
secret 1,397940 0,001474
token 1,698970 0,002687
replaced 1,698970 0,001791
key 1,522879 0,001606
vault 1,698970 0,001791
value 1,397940 0,001474
advisory 1,698970 0,001791
remediation 1,698970 0,001791
tools 1,301030 0,001372
help 1,221849 0,001932
identify 1,522879 0,001606
disclose 1,698970 0,001791
responsibly 1,698970 0,001791
so 1,397940 0,001474
maintainers 1,698970 0,001791
patch 1,698970 0,001791
dedicated 1,698970 0,002687
workspaces 1,698970 0,001791
including 1,698970 0,001791
discussions 1,522879 0,002408
space 1,397940 0,001474
come 1,698970 0,001791
together 1,522879 0,001606
answer 1,522879 0,001606
questions 1,397940 0,001474
ended 1,698970 0,001791
how 1,221849 0,001288
get 1,154902 0,001826
started 1,221849 0,003220
amplify 1,698970 0,001791
voice 1,698970 0,001791
profile 1,522879 0,001606
tell 1,522879 0,001606
story 1,522879 0,001606
through 1,221849 0,001288
contributions 1,522879 0,001606
technologies 1,522879 0,001606
choice 1,522879 0,001606
sophshep 1,698970 0,001791
sponsoring 1,698970 0,003582
days 1,397940 0,002948
joshaber 1,698970 0,001791
pmarsceill 1,698970 0,001791
wrote 1,698970 0,001791
yourself 1,522879 0,001606
might 1,522879 0,001606
someone 1,522879 0,001606
else 1,698970 0,001791
paid 1,698970 0,001791
building 1,698970 0,002687
matters 1,698970 0,001791
depend 1,698970 0,001791
too 1,522879 0,001606
zero 1,522879 0,001606
fees 1,698970 0,001791
contribution 1,522879 0,001606
small 1,301030 0,001372
experiments 1,698970 0,001791
inspired 1,698970 0,001791
inventions 1,698970 0,001791
everyone 1,522879 0,003211
depends 1,698970 0,001791
tensorflow 1,698970 0,002687
machine 1,522879 0,001606
framework 1,522879 0,002408
gatsbyjs 1,698970 0,001791
gatsby 1,522879 0,001606
modern 1,698970 0,001791
apps 1,522879 0,002408
websites 1,698970 0,001791
react 1,397940 0,002211
assistant 1,698970 0,001791
core 1,397940 0,001474
puts 1,698970 0,001791
control 1,397940 0,001474
privacy 1,096910 0,001735
first 1,154902 0,001218
rust 1,301030 0,002058
lang 1,522879 0,001606
empowering 1,698970 0,001791
reliable 1,698970 0,001791
efficient 1,698970 0,002687
flutter 1,522879 0,003211
makes 1,698970 0,001791
easy 1,397940 0,001474
beautiful 1,698970 0,001791
beyond 1,698970 0,001791
kubernetes 1,522879 0,002408
grade 1,698970 0,001791
container 1,522879 0,001606
scheduling 1,698970 0,001791
management 1,301030 0,001372
apple 1,096910 0,001156
swift 1,301030 0,002058
programming 1,221849 0,001288
ansible 1,522879 0,003211
radically 1,698970 0,001791
simple 1,301030 0,001372
hashicorp 1,698970 0,001791
terraform 1,698970 0,002687
enables 1,698970 0,001791
safely 1,522879 0,001606
predictably 1,698970 0,001791
improve 1,522879 0,001606
infrastructure 1,522879 0,001606
ohmyzsh 1,698970 0,002687
delightful 1,698970 0,001791
driven 1,397940 0,001474
managing 1,698970 0,001791
zsh 1,698970 0,001791
configuration 1,698970 0,001791
facebook 0,823909 0,001303
declarative 1,698970 0,001791
flexible 1,698970 0,001791
library 1,397940 0,001474
user 1,301030 0,001372
interfaces 1,698970 0,001791
manager 1,397940 0,001474
resources 1,397940 0,001474
roadmap 1,698970 0,001791
partners 1,397940 0,001474
atom 1,698970 0,001791
electron 1,522879 0,001606
professional 1,301030 0,001372
services 1,397940 0,001474
blog 1,301030 0,001372
careers 1,522879 0,001606
press 1,154902 0,001218
inclusion 1,698970 0,001791
social 1,522879 0,001606
impact 1,397940 0,001474
shop 1,397940 0,001474
youtube 0,721246 0,000760
linkedin 1,698970 0,001791
inc 1,154902 0,001218
terms 1,221849 0,001288
site 1,397940 0,001474
map 1,698970 0,001791
t 1,000000 0,001054
perform 1,698970 0,001791
action 1,397940 0,001474
this 1,000000 0,001054
time 1,096910 0,001156
signed 1,698970 0,002687
another 1,522879 0,002408
tab 1,698970 0,002687
window 1,221849 0,001932
reload 1,698970 0,002687
refresh 1,397940 0,002211
session 1,698970 0,002687
out 1,154902 0,001218
