яндекс 0,585027 0,016102
метро 1,045757 0,038376
казань 0,769551 0,028240
адана 1,522879 0,027943
алмат 1,522879 0,027943
анкара 1,522879 0,027943
афина 1,301030 0,023872
баку 1,698970 0,031174
будапешт 1,698970 0,031174
бурса 1,698970 0,031174
бухарест 1,522879 0,027943
варшава 1,522879 0,027943
вено 1,522879 0,027943
волгоград 1,096910 0,020127
днепр 1,698970 0,031174
дубай 1,522879 0,027943
екатеринбург 0,920819 0,016896
ереван 1,698970 0,031174
измир 1,698970 0,031174
киев 0,744727 0,013665
лиссабон 1,698970 0,031174
милан 1,698970 0,031174
минск 1,301030 0,023872
москва 0,292430 0,005366
нижний 0,744727 0,013665
новгород 0,795880 0,014603
новосибирск 1,045757 0,019188
прага 1,698970 0,031174
рима 1,301030 0,023872
самар 1,221849 0,022419
сан 1,154902 0,021191
франциско 1,522879 0,027943
санкт 0,769551 0,014120
петербург 0,602060 0,011047
софия 1,154902 0,021191
стамбул 1,045757 0,019188
стокгольм 1,698970 0,031174
ташкент 1,698970 0,031174
тбилиси 1,522879 0,027943
харьков 1,154902 0,021191
хельсинки 1,698970 0,031174
обратный 0,508638 0,009333
связь 0,309804 0,005684
справка 1,000000 0,018349
разместить 0,721246 0,013234
реклама 0,259637 0,004764
условие 0,468521 0,008597
использование 0,408935 0,007503
схема 1,045757 0,019188
установить 0,958607 0,017589
приложение 0,657577 0,012066
подробный 0,657577 0,012066
