фильм 0,795880 0,014764
ты 0,698970 0,000734
решаешь 1,698970 0,001784
что 0,161151 0,000395
смотреть 0,552842 0,018383
новости 0,173925 0,000731
кино 0,455932 0,001117
трейлеры 1,154902 0,002425
подборки 0,769551 0,002963
топы 1,522879 0,001066
фильмов 0,795880 0,003621
сериалов 1,045757 0,007687
график 1,221849 0,004277
премьер 0,853872 0,002092
посмотреть 0,920819 0,001934
топ 0,677781 0,003559
онлайн 0,387216 0,005421
ожидаемых 1,522879 0,002132
популярные 0,744727 0,002607
фильмы 0,638272 0,001787
афиша 0,795880 0,001114
кинотеатров 1,301030 0,003643
координаты 1,698970 0,001189
скайфолл 1,698970 0,001189
спектр 1,698970 0,001189
казино 1,522879 0,001066
рояль 1,522879 0,001066
не 0,136677 0,000335
время 0,356547 0,000250
умирать 1,522879 0,001066
видео 0,327902 0,010789
индустрия 1,301030 0,001822
охотники 1,221849 0,000855
привидениями 1,698970 0,001189
наследники 1,397940 0,000979
дублированный 1,522879 0,008529
трейлер 1,154902 0,010914
человек 0,420216 0,000441
паук 1,221849 0,001283
нет 0,537602 0,000376
пути 0,886057 0,000620
домой 0,958607 0,000671
тизер 1,397940 0,001468
дом 0,522879 0,000549
дракона 1,301030 0,000911
сериал 0,823909 0,022494
один 0,602060 0,000421
дома 0,619789 0,000434
английском 1,221849 0,002566
языке 0,886057 0,001861
журнал 1,000000 0,001400
интервью 0,522879 0,000732
репортажи 1,397940 0,002447
самые 0,619789 0,001085
сериалы 0,769551 0,006465
августа 0,958607 0,000671
smotrim 1,397940 0,000979
ru 0,180456 0,000316
россияне 1,000000 0,000700
назвали 0,920819 0,000645
любимых 1,045757 0,000732
актеров 1,221849 0,000855
режиссеров 1,301030 0,000911
нового 0,769551 0,000808
русского 0,769551 0,000539
черная 1,397940 0,002936
вдова 1,301030 0,002732
вышла 1,000000 0,000700
лидеры 1,522879 0,001066
топа 1,698970 0,002379
продаж 1,096910 0,001920
российских 0,468521 0,000984
животных 1,045757 0,000732
которые 0,431798 0,000907
развеселят 1,698970 0,001189
когда 0,397940 0,000279
грустно 1,397940 0,000979
выхода 1,000000 0,001400
сокол 1,698970 0,001189
зимний 1,221849 0,000855
солдат 1,000000 0,000700
ванда 1,698970 0,001189
вижен 1,698970 0,001189
локи 1,698970 0,001189
форма 1,154902 0,000808
поиска 1,221849 0,000855
сайту 1,096910 0,000768
зрители 1,301030 0,001822
выбрали 1,522879 0,001599
мультфильм 1,154902 0,017786
топе 1,698970 0,004757
две 0,657577 0,000690
позиции 1,301030 0,000911
из 0,167491 0,000469
трех 1,221849 0,000855
первой 0,958607 0,001678
пятерке 1,522879 0,002665
заняли 1,301030 0,000911
семейные 1,154902 0,000808
проекты 0,657577 0,000690
триггер 1,698970 0,005352
вернул 1,522879 0,002132
себе 0,619789 0,000868
первое 0,886057 0,001241
место 0,744727 0,001564
популярности 1,522879 0,004797
а 0,221849 0,000233
еще 0,327902 0,000230
сразу 0,795880 0,000557
голливудские 1,522879 0,001066
новинки 0,677781 0,000712
оказались 1,154902 0,000808
триллер 0,958607 0,002013
дмитрием 1,301030 0,001366
нагиевым 1,698970 0,001784
возглавил 1,397940 0,001468
снова 0,744727 0,001303
оказалось 1,522879 0,001066
голливудских 1,698970 0,001784
проектов 1,154902 0,000808
вечные 1,698970 0,001784
мчатся 1,698970 0,001189
рекорду 1,698970 0,001189
marvel 1,301030 0,001366
вновь 0,795880 0,000557
стал 0,585027 0,000410
самым 0,920819 0,000645
востребованным 1,698970 0,001189
релизом 1,698970 0,001189
елизавета 1,221849 0,002138
зачем 0,744727 0,000782
новый 0,408935 0,000573
телеканала 0,958607 0,001007
россия 0,455932 0,000479
скоро 0,769551 0,000808
эфире 0,823909 0,000577
только 0,283997 0,000398
российские 0,744727 0,001825
первый 0,585027 0,001229
зарубежных 1,000000 0,000700
расположился 1,698970 0,001189
шестом 1,698970 0,001189
месте 0,886057 0,000620
уже 0,568636 0,000398
доступно 1,397940 0,000979
подробнее 0,677781 0,017318
исправление 1,522879 0,001599
наказание 1,221849 0,001283
комедия 0,920819 0,009347
телки 1,698970 0,002379
драма 0,920819 0,001612
порт 1,397940 0,001468
обоюдное 1,522879 0,001599
согласие 1,096910 0,001536
ваша 1,301030 0,000911
честь 1,096910 0,000768
цыпленок 1,698970 0,001784
жареный 1,698970 0,001189
почка 1,698970 0,001189
смотрите 1,000000 0,000700
наверх 1,301030 0,000911
память 1,000000 0,000700
здравствуйте 1,397940 0,001957
просто 0,602060 0,000421
так 0,481486 0,000337
золото 1,522879 0,001066
пылающее 1,698970 0,001189
море 1,301030 0,000911
матрица 1,522879 0,001066
воскрешение 1,397940 0,000979
боевик 1,221849 0,003849
приключения 0,853872 0,008966
научно 1,154902 0,001617
фантастический 1,301030 0,001822
киану 1,522879 0,001066
ривз 1,698970 0,001189
кэрри 1,522879 0,001066
энн 1,522879 0,001066
мосс 1,698970 0,001189
джессика 1,397940 0,000979
хенвик 1,698970 0,001189
предпоследняя 1,522879 0,001066
инстанция 1,522879 0,001066
карамора 1,698970 0,001784
данила 1,698970 0,001189
козловский 1,698970 0,001189
филипп 1,221849 0,000855
янковский 1,698970 0,001189
дарья 1,154902 0,000808
балабанова 1,522879 0,001066
большой 0,853872 0,001195
красный 1,397940 0,001468
пес 1,397940 0,001468
клиффорд 1,397940 0,001468
проклятие 1,301030 0,000911
прислугой 1,698970 0,001189
сергий 1,698970 0,001189
против 0,387216 0,000271
нечисти 1,698970 0,001189
власть 1,045757 0,000732
пса 1,698970 0,001189
назад 0,638272 0,002681
вперед 1,301030 0,005009
свежие 1,000000 0,001050
ужасов 1,221849 0,001711
бабушка 0,958607 0,001678
кинотеатрах 1,397940 0,001468
апреля 0,283997 0,000298
москве 0,455932 0,000479
состоится 1,045757 0,001098
премьерный 1,698970 0,001784
показ 1,301030 0,001366
хоррора 1,397940 0,001468
скрежет 1,096910 0,001920
зверопой 1,522879 0,001066
дюна 1,522879 0,001066
король 1,045757 0,001098
ричард 1,221849 0,001711
чикатило 1,698970 0,002379
лунный 1,301030 0,001366
рыцарь 1,301030 0,001366
хало 1,698970 0,001784
анонимный 1,698970 0,001784
детектив 0,920819 0,001289
герои 0,958607 0,000671
которых 0,677781 0,000712
проходят 1,522879 0,001066
испытания 1,301030 0,000911
находят 1,522879 0,001066
свое 0,698970 0,000489
счастье 1,045757 0,000732
аватар 1,397940 0,000979
пассажиры 1,397940 0,000979
кон 1,522879 0,001066
тики 1,698970 0,001189
движение 1,096910 0,000768
вверх 1,221849 0,000855
мстители 1,397940 0,000979
финал 1,301030 0,000911
красавица 1,045757 0,000732
чудовище 1,397940 0,000979
джуманджи 1,698970 0,001189
зов 1,698970 0,001189
джунглей 1,522879 0,001066
лед 1,698970 0,001189
марсианин 1,522879 0,001066
главный 0,522879 0,000915
герой 0,853872 0,001195
уилл 1,154902 0,001213
смит 1,154902 0,001617
оскандалился 1,698970 0,001189
оскаре 1,221849 0,000855
крис 1,397940 0,000979
рок 1,154902 0,001213
джада 1,698970 0,001189
пинкетт 1,698970 0,001189
тыс 1,096910 0,009982
все 0,124939 0,000481
новые 0,337242 0,000708
казнь 1,301030 0,001366
оскар 1,000000 0,001050
финальный 1,522879 0,002132
бука 1,397940 0,001468
мое 1,154902 0,001213
любимое 1,301030 0,001366
чудище 1,397940 0,001468
финник 1,301030 0,001366
мисс 1,045757 0,001098
марвел 1,397940 0,001468
морбиус 1,397940 0,001468
фантастические 1,301030 0,001366
твари 1,522879 0,001599
тайны 0,958607 0,001007
дамблдора 1,698970 0,001784
глубокие 1,698970 0,001784
воды 1,096910 0,001152
доктор 0,769551 0,001077
стрэндж 1,301030 0,001366
мультивселенной 1,221849 0,001283
безумия 1,301030 0,001366
властелин 1,522879 0,001599
колец 1,522879 0,001599
кольца 1,397940 0,001468
власти 0,769551 0,000808
анчартед 1,301030 0,001366
картах 1,301030 0,001366
значится 1,221849 0,001283
охотник 1,221849 0,001283
монстров 1,397940 0,001468
чудо 1,000000 0,001050
женщина 0,886057 0,000930
довод 1,698970 0,001784
батя 1,522879 0,001599
глубже 1,397940 0,001468
форсаж 1,522879 0,002132
промо 1,301030 0,001366
ролик 1,301030 0,001366
любовь 0,585027 0,000614
цензуры 1,698970 0,001189
d 0,920819 0,000967
гаспар 1,698970 0,001189
ноэ 1,698970 0,001189
тихое 1,698970 0,001784
том 0,522879 0,000549
джерри 1,522879 0,001599
сейчас 0,481486 0,000337
ищут 1,301030 0,000911
непосредственно 1,397940 0,000979
каха 1,698970 0,001189
млн 0,886057 0,000620
просмотров 1,221849 0,005560
юлия 0,823909 0,000865
гревцова 1,698970 0,001189
артур 1,397940 0,000979
оганесян 1,698970 0,001189
вартан 1,698970 0,001189
даниелян 1,698970 0,001189
холоп 1,698970 0,001189
мария 0,698970 0,000489
миронова 1,522879 0,001066
милош 1,698970 0,001189
бикович 1,698970 0,001189
александра 0,638272 0,000670
бортич 1,698970 0,001189
после 0,356547 0,000250
глава 0,638272 0,000447
сэльма 1,698970 0,001189
блэр 1,698970 0,001189
хиро 1,522879 0,001066
файнс 1,698970 0,001189
тиффин 1,698970 0,001189
дилан 1,698970 0,001189
спроус 1,698970 0,001189
вин 1,698970 0,001189
дизель 1,698970 0,001189
шарлиз 1,698970 0,001189
терон 1,698970 0,001189
джон 0,958607 0,001007
сина 1,522879 0,001066
джентльмены 1,522879 0,001066
мэттью 1,698970 0,001189
мак 1,397940 0,001957
конахи 1,698970 0,001189
чарли 1,522879 0,001066
ханнэм 1,698970 0,001189
джереми 1,522879 0,001066
стронг 1,698970 0,001784
заражение 1,698970 0,001189
амр 1,698970 0,001189
вакид 1,698970 0,001189
расселл 1,698970 0,001189
уэйт 1,698970 0,001189
джошуа 1,522879 0,001066
вайнштейн 1,698970 0,001189
эйфория 1,698970 0,001189
зендея 1,698970 0,001189
джейкоб 1,698970 0,001189
элорди 1,698970 0,001189
хантер 1,698970 0,001189
шафер 1,698970 0,001189
чернобыль 1,397940 0,000979
мини 1,301030 0,000911
стеллан 1,698970 0,001189
скарсгард 1,522879 0,001066
эмили 1,301030 0,000911
уотсон 1,698970 0,001189
джаред 1,698970 0,001189
харрис 1,397940 0,001468
хороший 1,397940 0,000979
бо 1,397940 0,000979
гарретт 1,698970 0,001189
антония 1,522879 0,001066
томас 1,397940 0,002447
чуку 1,698970 0,001189
моду 1,522879 0,001066
настоящий 1,045757 0,000732
терренс 1,698970 0,001189
розмор 1,698970 0,001189
кристофер 1,698970 0,001189
агиляр 1,698970 0,001189
айк 1,698970 0,001189
джексон 1,301030 0,000911
игра 0,958607 0,000671
престолов 1,397940 0,000979
шон 1,522879 0,001599
бин 1,698970 0,001189
николай 0,744727 0,000521
костер 1,522879 0,001066
вальдау 1,698970 0,001189
гарри 1,045757 0,000732
ллойд 1,698970 0,001189
мир 0,431798 0,000302
дикого 1,698970 0,001189
запада 1,000000 0,000700
сезона 0,958607 0,000671
джеймс 1,096910 0,002304
марсден 1,698970 0,001189
синтия 1,698970 0,001189
даллас 1,698970 0,001189
оливер 1,698970 0,001189
белл 1,522879 0,001066
жанры 1,045757 0,000732
аниме 1,096910 0,001152
биографический 1,397940 0,001468
вестерн 1,397940 0,001468
военный 1,154902 0,001213
документальный 1,397940 0,001468
исторический 1,154902 0,001213
короткометражный 1,522879 0,002132
криминал 1,221849 0,001283
мелодрама 1,221849 0,001283
мистика 0,958607 0,001007
музыкальный 1,397940 0,001468
мюзикл 1,522879 0,001599
нуар 1,522879 0,001599
семейный 1,154902 0,006064
спортивный 1,221849 0,001283
тв 0,657577 0,000690
шоу 0,508638 0,000712
ужасы 1,096910 0,001152
фэнтези 0,920819 0,001289
вольт 1,698970 0,001189
малкольм 1,698970 0,001189
дауэлл 1,698970 0,001189
липтон 1,698970 0,001189
марк 1,154902 0,001617
уолтон 1,698970 0,001189
сезон 0,721246 0,001515
охоты 1,301030 0,001822
скотт 1,397940 0,000979
менвилль 1,698970 0,001189
алекс 1,154902 0,000808
видов 1,522879 0,001066
л 0,958607 0,000671
уокер 1,698970 0,001189
роботы 1,301030 0,000911
робин 1,221849 0,000855
уильямс 1,698970 0,001189
джим 1,301030 0,001822
бродбент 1,698970 0,002379
мэл 1,698970 0,001189
брукс 1,698970 0,001189
байки 1,397940 0,000979
леса 1,221849 0,000855
брайан 1,698970 0,001784
драммонд 1,698970 0,001189
ли 0,387216 0,000271
токар 1,698970 0,001189
мелисса 1,698970 0,001189
штурм 1,698970 0,001189
лесная 1,698970 0,001189
братва 1,698970 0,001189
стив 1,522879 0,001599
карелл 1,698970 0,001189
кэтрин 1,397940 0,000979
хара 1,698970 0,001189
уильям 1,397940 0,000979
шетнер 1,698970 0,001189
звездные 1,301030 0,001366
собаки 1,522879 0,001066
белка 1,698970 0,001189
стрелка 1,522879 0,001066
елена 0,769551 0,000539
яковлева 1,397940 0,000979
анна 0,568636 0,000398
большова 1,698970 0,001189
руслан 1,397940 0,000979
кулешов 1,698970 0,001189
упс 1,698970 0,001189
ной 1,698970 0,001189
уплыл 1,698970 0,001189
карла 1,522879 0,001066
бекер 1,698970 0,001189
патрик 1,301030 0,001366
фицсиммонс 1,698970 0,001189
эва 1,698970 0,001189
коннолли 1,698970 0,001189
индюки 1,698970 0,001189
будущее 0,769551 0,000539
вуди 1,698970 0,001189
харрельсон 1,698970 0,001189
оуэн 1,698970 0,001189
уилсон 1,698970 0,001189
дэн 1,698970 0,001189
фоглер 1,698970 0,001189
криспин 1,698970 0,001189
гловер 1,698970 0,001189
элиза 1,522879 0,001066
габриелли 1,698970 0,001189
ника 1,397940 0,000979
футтерман 1,698970 0,001189
пиратов 1,698970 0,001189
стране 0,823909 0,000577
овощей 1,698970 0,001189
лиза 1,221849 0,000855
вишер 1,698970 0,001189
лаура 1,522879 0,001066
ричи 1,522879 0,001066
адам 1,397940 0,000979
фрик 1,698970 0,001189
цыпа 1,698970 0,001189
зан 1,698970 0,001189
зак 1,698970 0,001189
брафф 1,698970 0,001189
диндал 1,698970 0,001189
союз 0,958607 0,000671
зверей 1,698970 0,001189
дирайсон 1,698970 0,001189
билли 1,301030 0,000911
бич 1,698970 0,001189
вэлиант 1,698970 0,001189
пернатый 1,698970 0,001189
спецназ 1,522879 0,001066
джонатан 1,397940 0,000979
росс 1,397940 0,000979
лонсдэйл 1,698970 0,001189
папа 1,154902 0,000808
сдохни 1,698970 0,001189
илья 1,045757 0,000732
костюков 1,698970 0,001189
игорь 0,823909 0,000577
грабузов 1,698970 0,001189
ирина 0,886057 0,000620
токмакова 1,698970 0,001189
самолеты 1,397940 0,000979
огонь 1,221849 0,000855
вода 1,301030 0,000911
эд 1,397940 0,000979
дейн 1,698970 0,001189
кук 1,698970 0,001189
джули 1,522879 0,001066
боуэн 1,698970 0,001189
собачий 1,698970 0,001189
побег 1,397940 0,001468
бенжамин 1,698970 0,001189
натан 1,301030 0,000911
серио 1,698970 0,001189
франк 1,522879 0,001066
робледано 1,698970 0,001189
лови 1,698970 0,001189
волну 1,397940 0,000979
хидер 1,698970 0,001189
вудс 1,698970 0,001189
марио 1,522879 0,001066
котоне 1,698970 0,001189
курятника 1,698970 0,001189
тимоти 1,698970 0,001189
сполл 1,698970 0,001189
джулия 1,698970 0,001189
савалия 1,698970 0,001189
линн 1,397940 0,000979
фергюсон 1,698970 0,001189
дог 1,698970 0,001189
эдди 1,698970 0,001189
иззард 1,698970 0,001189
мэтт 1,698970 0,001189
диллон 1,698970 0,001189
льюис 1,301030 0,000911
блэк 1,698970 0,001189
делай 1,698970 0,001189
ноги 1,301030 0,000911
хью 1,301030 0,000911
джекман 1,698970 0,001189
элайджа 1,698970 0,001189
вуд 1,698970 0,001189
бриттани 1,698970 0,001189
мерфи 1,522879 0,001066
весь 0,721246 0,000505
сердцеед 1,698970 0,001189
бандит 1,698970 0,001189
лучшая 1,221849 0,000855
подружка 1,698970 0,001189
отличных 1,698970 0,001784
роменом 1,698970 0,001189
дюрисом 1,698970 0,001189
выживании 1,698970 0,001189
катастроф 1,397940 0,000979
морской 1,397940 0,000979
стихии 1,522879 0,001066
узнаваемые 1,698970 0,001189
мелодии 1,698970 0,001189
рокер 1,698970 0,001189
активист 1,698970 0,001189
фальшивомонетчик 1,698970 0,001189
лучшие 0,657577 0,001841
роли 0,958607 0,000671
шона 1,522879 0,001066
пенна 1,698970 0,001189
софия 1,301030 0,000911
екатерина 0,920819 0,001289
взлет 1,698970 0,001189
петр 1,000000 0,000700
завещание 1,221849 0,000855
годунов 1,522879 0,001066
самозванцы 1,522879 0,001066
сергей 0,468521 0,000328
маховиков 1,698970 0,001189
агриппина 1,522879 0,001066
стеклова 1,522879 0,001066
владимир 0,431798 0,000302
зайцев 1,698970 0,001189
отдел 1,221849 0,000855
стриминг 1,522879 0,001066
disney 1,522879 0,001066
показал 1,045757 0,000732
сериала 0,920819 0,000967
два 0,619789 0,000434
потеснили 1,698970 0,001189
отечественные 1,301030 0,000911
засланец 1,698970 0,001189
космоса 1,154902 0,000808
извне 1,698970 0,001189
вечером 1,221849 0,000855
откровенные 1,698970 0,001189
крутые 1,301030 0,000911
продлили 1,397940 0,000979
сезоны 1,397940 0,000979
заставят 1,698970 0,001189
вас 0,721246 0,000505
поверить 1,301030 0,000911
отечественный 1,301030 0,000911
кинематограф 1,698970 0,001189
пять 1,045757 0,000732
свежих 1,698970 0,001189
для 0,107905 0,000151
любителей 1,698970 0,001189
мистики 1,522879 0,001066
стыдно 1,221849 0,000855
ведьм 1,698970 0,001189
вампиров 1,397940 0,000979
серийных 1,698970 0,001189
убийц 1,221849 0,000855
маньяков 1,522879 0,001066
психопатов 1,698970 0,001189
космос 1,301030 0,000911
напряженные 1,698970 0,001189
политические 1,221849 0,000855
триллеры 1,698970 0,001189
даже 0,602060 0,000421
внимательные 1,698970 0,001189
легко 1,045757 0,000732
запутаются 1,698970 0,001189
нужно 0,698970 0,000489
чтобы 0,408935 0,000286
поддержать 1,096910 0,000768
разговор 1,154902 0,000808
крутой 1,522879 0,001066
компании 0,619789 0,000434
х 0,721246 0,000505
спирит 1,698970 0,001189
вольная 1,698970 0,001189
езда 1,698970 0,001189
джефф 1,698970 0,001189
беннетт 1,698970 0,001189
нолан 1,698970 0,001189
норт 1,522879 0,001066
сидни 1,522879 0,001066
парк 1,096910 0,000768
значит 1,096910 0,000768
семья 0,823909 0,000577
дэвид 1,397940 0,001468
кокнер 1,698970 0,001189
фил 1,522879 0,001066
хендри 1,698970 0,001189
реджина 1,698970 0,001189
тауфен 1,698970 0,001189
монсики 1,698970 0,001189
михаил 0,568636 0,000597
черняк 1,698970 0,001784
рудина 1,698970 0,001189
марина 0,958607 0,000671
гладкая 1,698970 0,001189
доярка 1,698970 0,001189
хацапетовки 1,698970 0,001189
вызов 1,154902 0,000808
судьбе 1,301030 0,000911
людмила 0,920819 0,000645
загорская 1,698970 0,001189
виктория 1,154902 0,000808
смачелюк 1,698970 0,001189
олейник 1,698970 0,001189
волк 1,096910 0,000768
наоборот 1,397940 0,000979
константин 0,886057 0,000620
хабенский 1,301030 0,000911
чулпан 1,698970 0,001189
хаматова 1,698970 0,001189
антон 0,958607 0,000671
комолов 1,698970 0,001189
фиксики 1,698970 0,001189
дмитрий 0,602060 0,000421
назаров 1,522879 0,001066
инна 1,397940 0,000979
королева 1,045757 0,000732
яков 1,397940 0,000979
васильев 1,096910 0,000768
мультерны 1,698970 0,001189
виксен 1,698970 0,001189
фред 1,698970 0,001189
татаскьор 1,698970 0,001189
кари 1,698970 0,001784
вурер 1,698970 0,001189
повелитель 1,698970 0,001189
собез 1,698970 0,001189
диомид 1,698970 0,001189
виноградов 1,221849 0,000855
даниил 1,397940 0,000979
эльдаров 1,698970 0,001189
иван 0,744727 0,000521
калинин 1,698970 0,001189
девон 1,698970 0,001189
сава 1,698970 0,001189
кен 1,698970 0,001189
лернер 1,698970 0,001189
ньюсом 1,698970 0,001189
семейка 1,698970 0,001189
крудс 1,698970 0,001189
начало 0,853872 0,000598
леннон 1,698970 0,001189
ана 1,522879 0,001066
гастейер 1,698970 0,001189
доминик 1,698970 0,001189
кэтрэмбоун 1,698970 0,001189
скрестив 1,698970 0,001189
мечи 1,698970 0,001189
люк 1,698970 0,001189
эванс 1,522879 0,001066
тара 1,698970 0,001189
аланна 1,698970 0,001189
юбак 1,698970 0,001189
кастлвания 1,698970 0,001189
армитэдж 1,698970 0,001189
грэм 1,397940 0,000979
тавиш 1,698970 0,001189
кэллис 1,698970 0,001189
вольтрон 1,698970 0,001189
легендарный 1,221849 0,000855
защитник 1,698970 0,001189
уолгрен 1,698970 0,001189
томми 1,698970 0,001189
савас 1,698970 0,001189
мик 1,698970 0,001189
вингерт 1,698970 0,001189
лунтик 1,698970 0,001189
его 0,346787 0,000243
друзья 0,886057 0,000620
гороховская 1,698970 0,001189
анастасия 1,096910 0,000768
чистякова 1,698970 0,001189
покемон 1,698970 0,001189
поколения 1,397940 0,000979
волшебный 1,397940 0,000979
фонарь 1,301030 0,000911
стражи 1,397940 0,000979
галактики 1,698970 0,001189
войны 0,698970 0,000489
повстанцы 1,397940 0,000979
лайам 1,698970 0,001189
брайэн 1,698970 0,001189
фредди 1,522879 0,001066
принц 1,301030 0,000911
мл 1,698970 0,001189
эшли 1,698970 0,001189
экштейн 1,698970 0,001189
горячие 1,301030 0,000911
живые 1,397940 0,000979
обсуждения 1,221849 0,000855
это 0,251812 0,000176
наших 0,823909 0,000577
социальных 0,769551 0,000539
сетях 0,769551 0,000539
присоединяйтесь 1,301030 0,000911
нам 0,619789 0,000434
https 0,721246 0,001262
www 0,698970 0,000979
facebook 0,823909 0,000577
com 0,744727 0,001303
filmpro 1,698970 0,001784
подписчиков 1,221849 0,001711
twitter 0,769551 0,000539
filmpronews 1,698970 0,002379
подписчик 1,698970 0,001189
instagram 1,154902 0,000808
youtube 0,721246 0,000505
user 1,301030 0,000911
сетевое 0,677781 0,000474
издание 0,638272 0,000447
учредитель 0,657577 0,000460
федеральное 1,045757 0,000732
государственное 1,154902 0,000808
унитарное 1,154902 0,000808
предприятие 1,096910 0,000768
всероссийская 1,154902 0,000808
государственная 1,221849 0,000855
телевизионная 1,221849 0,000855
радиовещательная 1,221849 0,000855
компания 0,853872 0,000598
вгтрк 1,154902 0,001213
свидетельство 0,638272 0,000447
регистрации 0,638272 0,000447
сми 0,468521 0,000328
эл 0,494850 0,000346
фс 0,522879 0,000366
выдано 1,045757 0,000732
федеральной 0,602060 0,000421
службой 0,744727 0,000521
надзору 0,619789 0,000434
сфере 0,552842 0,000387
связи 0,455932 0,000319
информационных 0,585027 0,000410
технологий 0,568636 0,000398
массовых 0,568636 0,000398
коммуникаций 0,585027 0,000410
редактор 0,585027 0,000410
кудрявцев 1,522879 0,001066
адрес 0,552842 0,000581
электронной 0,853872 0,000598
почты 0,886057 0,000620
редакции 0,443697 0,000466
info 0,886057 0,000620
vesti 1,522879 0,001066
телефон 0,677781 0,000474
детей 0,420216 0,000294
старше 1,000000 0,000700
лет 0,366532 0,000257
права 0,431798 0,000302
любые 0,853872 0,000598
материалы 0,481486 0,000337
опубликованные 0,920819 0,000645
сайте 0,420216 0,000441
защищены 0,602060 0,000421
соответствии 0,795880 0,000557
российским 0,795880 0,000557
международным 1,000000 0,000700
законодательством 0,823909 0,000577
интеллектуальной 1,096910 0,000768
собственности 1,154902 0,000808
любое 0,886057 0,000620
использование 0,619789 0,000651
текстовых 1,154902 0,000808
фото 0,568636 0,000398
аудио 0,920819 0,000645
видеоматериалов 1,045757 0,000732
возможно 0,853872 0,000598
согласия 1,000000 0,000700
правообладателя 0,886057 0,000620
партнер 1,301030 0,000911
рамблера 1,397940 0,000979
нашем 1,000000 0,000700
мы 0,327902 0,000230
используем 1,154902 0,000808
cookie 1,154902 0,000808
сбора 1,154902 0,000808
информации 0,698970 0,000489
технического 1,698970 0,001189
характера 1,301030 0,000911
обрабатываем 1,698970 0,001189
ip 1,698970 0,001189
вашего 1,154902 0,000808
местоположения 1,698970 0,001189
продолжая 1,522879 0,001066
использовать 1,154902 0,000808
этот 0,698970 0,000489
сайт 0,455932 0,000319
вы 0,376751 0,000264
даете 1,522879 0,001066
файлов 1,301030 0,000911
cookies 1,221849 0,000855
я 0,356547 0,000250
согласен 1,301030 0,000911
