культура 0,468521 0,006423
рф 0,568636 0,002751
портал 0,657577 0,002652
культурный 1,045757 0,010964
наследие 1,045757 0,004217
традиция 1,154902 0,007451
народ 0,853872 0,002066
россия 0,214670 0,001904
афиша 0,795880 0,002567
весь 0,107905 0,001218
пушкинский 1,045757 0,005903
карта 0,657577 0,003712
выставка 0,769551 0,001862
событие 0,455932 0,001471
онлайн 0,387216 0,001874
спектакль 1,000000 0,009677
концерт 0,958607 0,005411
фестиваль 0,721246 0,001163
праздник 0,677781 0,001093
встреча 0,638272 0,001029
вы 0,301030 0,002913
мочь 0,236572 0,002480
понравиться 1,000000 0,009677
кино 0,455932 0,003309
live 1,000000 0,003226
трансляция 0,721246 0,002908
расписание 1,096910 0,001769
архив 0,920819 0,001485
заявка 1,154902 0,001863
стриминговый 1,698970 0,002740
площадка 1,154902 0,002794
национальный 0,698970 0,001127
проект 0,259637 0,001047
ромео 1,698970 0,002740
джульетта 1,522879 0,002456
спецпроект 0,638272 0,004118
вопрос 0,420216 0,001694
слово 0,552842 0,001338
день 0,236572 0,000954
подкаста 0,657577 0,001061
школа 0,552842 0,001783
открывать 1,045757 0,003373
город 0,397940 0,000642
всероссийский 1,000000 0,002419
акция 0,823909 0,001329
место 0,481486 0,002330
даурия 1,698970 0,002740
фильм 0,431798 0,003134
статья 0,619789 0,005998
подборка 0,721246 0,007561
биография 0,886057 0,006431
актер 0,744727 0,001802
режиссер 0,823909 0,001329
сериал 0,494850 0,000798
живой 0,769551 0,001241
мемория 1,698970 0,002740
музей 0,823909 0,007973
коллекция 0,769551 0,001862
каталог 1,000000 0,004032
искусство 0,744727 0,006606
музейный 1,096910 0,002654
художник 0,744727 0,003604
коллекционер 1,301030 0,002098
эрмитаж 1,301030 0,002098
кинопутешествие 1,698970 0,002740
великий 0,619789 0,001000
музыка 0,602060 0,003884
музыкальный 1,045757 0,002530
произведенье 0,853872 0,001377
виртуальный 1,000000 0,001613
концертный 1,397940 0,004509
зал 1,096910 0,002654
музыкант 1,000000 0,001613
исполнитель 1,221849 0,001971
коллектив 1,522879 0,002456
история 0,283997 0,001145
жизнь 0,318759 0,001285
петр 0,958607 0,001546
чайковский 1,301030 0,002098
его 0,346787 0,000839
работа 0,431798 0,001045
театр 0,657577 0,005833
постановщик 1,698970 0,002740
произведение 0,721246 0,004072
федор 1,397940 0,002255
достоевский 1,096910 0,002654
литература 0,744727 0,005405
классический 0,886057 0,002144
русский 0,318759 0,001799
литературный 0,795880 0,001926
тема 0,585027 0,000944
писатель 0,721246 0,001163
критик 0,920819 0,001485
библиотека 0,853872 0,003443
стих 1,045757 0,001687
поэт 0,886057 0,001429
самый 0,251812 0,000609
популярный 0,455932 0,000735
классика 1,045757 0,003373
иза 0,167491 0,000675
школьный 1,096910 0,002654
программа 0,420216 0,001356
нематериальный 1,698970 0,002740
обычай 1,522879 0,002456
ритуал 1,301030 0,002098
религиозный 1,397940 0,002255
дом 0,356547 0,001150
клуб 0,657577 0,001061
зарубежный 0,769551 0,002482
как 0,187087 0,001056
появиться 0,721246 0,001163
человек 0,259637 0,000838
легенда 0,795880 0,001926
разный 0,677781 0,001093
архитектура 1,221849 0,008868
архитектурный 1,397940 0,004509
памятник 0,886057 0,003573
архитектор 1,301030 0,002098
усадьба 1,522879 0,003684
термин 1,301030 0,002098
век 0,619789 0,001000
вхутемас 1,698970 0,002740
который 0,236572 0,000382
мы 0,229148 0,001109
жить 0,585027 0,000944
образование 0,657577 0,002652
лекция 1,096910 0,005308
наука 0,431798 0,000696
ученый 0,853872 0,001377
общественный 0,744727 0,001802
деятель 1,221849 0,001971
образовательный 1,221849 0,001971
учреждение 1,301030 0,003148
тест 0,602060 0,001457
миф 1,000000 0,001613
байкал 1,522879 0,002456
ребенок 0,259637 0,000838
для 0,107905 0,000522
не 0,136677 0,000220
только 0,283997 0,000458
аудиокнига 1,221849 0,001971
классик 0,886057 0,001429
романа 0,585027 0,000944
река 0,920819 0,001485
значение 1,301030 0,002098
происхождение 1,301030 0,002098
употребление 1,397940 0,002255
понятие 1,301030 0,002098
современный 0,537602 0,001734
язык 0,568636 0,000917
заниматься 0,886057 0,001429
ли 0,387216 0,000625
революция 1,096910 0,001769
профессиональный 0,958607 0,001546
спорт 0,397940 0,000963
отвечать 0,920819 0,001485
анастасий 1,096910 0,001769
войко 1,698970 0,002740
автор 0,522879 0,000843
книга 0,552842 0,002675
любовь 0,468521 0,000756
приложение 0,657577 0,001061
нэба 1,522879 0,002456
света 0,886057 0,001429
алый 1,522879 0,002456
парус 1,522879 0,002456
руслана 1,397940 0,002255
людмила 0,920819 0,001485
драма 0,823909 0,001329
охота 1,000000 0,001613
другой 0,356547 0,001725
романтический 1,154902 0,001863
публикация 0,769551 0,004344
петербург 0,602060 0,000971
где 0,455932 0,000735
белинский 1,698970 0,002740
благословить 1,698970 0,002740
житель 0,602060 0,000971
творческий 1,000000 0,001613
коммуналка 1,522879 0,002456
проводить 0,886057 0,001429
вечер 0,823909 0,001329
интересный 0,619789 0,001999
канал 0,508638 0,000820
что 0,161151 0,000390
читать 0,537602 0,002168
советск 1,397940 0,002255
монументальный 1,698970 0,002740
городок 1,397940 0,002255
деревня 1,154902 0,001863
поселение 1,698970 0,002740
возрождаться 1,698970 0,002740
благодаря 0,823909 0,001329
просветительский 1,522879 0,004913
советовать 1,000000 0,001613
госфильмофонд 1,698970 0,002740
работник 1,154902 0,001863
отечественный 0,744727 0,001802
российский 0,229148 0,000370
мультфильм 0,920819 0,001485
финник 1,221849 0,001971
смешарик 1,522879 0,002456
смотреть 0,443697 0,001431
родитель 0,744727 0,001201
большой 0,657577 0,001061
кукла 1,397940 0,002255
антиутопия 1,397940 0,002255
евгений 0,795880 0,001284
замятин 1,522879 0,002456
повестить 1,221849 0,001971
александр 0,602060 0,000971
пушкин 0,795880 0,001284
лев 0,886057 0,001429
толстый 1,397940 0,002255
первое 0,721246 0,001163
профессия 0,958607 0,001546
известный 0,677781 0,001093
кто 0,346787 0,000559
стать 0,301030 0,000486
венециан 1,698970 0,002740
врубель 1,698970 0,002740
кандинский 1,522879 0,002456
факт 0,769551 0,001241
константин 0,769551 0,001241
сомовый 1,698970 0,002740
почему 0,366532 0,000591
возмущать 1,698970 0,002740
илья 0,795880 0,001284
репин 1,522879 0,002456
восхищать 1,698970 0,002740
кузьма 1,698970 0,002740
петров 1,096910 0,001769
водкин 1,698970 0,002740
реставрация 1,301030 0,002098
узнать 0,698970 0,001127
мастер 0,795880 0,001926
возрождать 1,698970 0,002740
повредить 1,698970 0,002740
экспонат 1,154902 0,001863
новость 0,161151 0,000910
телевизионный 1,096910 0,001769
проходить 0,721246 0,001745
шуховский 1,698970 0,002740
башня 1,221849 0,001971
апрель 0,275724 0,001779
объявить 0,769551 0,001241
лауреат 0,958607 0,001546
x 0,853872 0,001377
премия 0,677781 0,001640
art 1,045757 0,001687
newspaper 1,698970 0,002740
russia 1,397940 0,002255
углич 1,522879 0,002456
открываться 1,397940 0,002255
тактильный 1,522879 0,002456
модель 0,769551 0,001241
храм 1,096910 0,001769
царевич 1,522879 0,002456
димитрий 1,698970 0,002740
таганок 1,698970 0,002740
пройти 0,677781 0,001093
премьер 0,638272 0,001029
дон 0,920819 0,001485
кихот 1,698970 0,002740
мумия 1,397940 0,002255
древний 0,886057 0,001429
египет 1,154902 0,001863
бессмертие 1,522879 0,002456
три 0,522879 0,000843
open 1,154902 0,001863
call 1,301030 0,002098
стартовать 1,000000 0,001613
подписаться 0,677781 0,001093
рассылка 0,769551 0,001241
а 0,221849 0,000537
социальный 0,522879 0,000843
сеть 0,443697 0,000716
посетить 0,886057 0,001429
достопримечательность 1,397940 0,002255
апр 1,397940 0,010146
пт 1,397940 0,010146
iius 1,154902 0,001863
открытый 0,853872 0,002066
форум 0,886057 0,001429
молодые 1,000000 0,001613
библиотекарь 1,522879 0,002456
идея 0,853872 0,001377
практика 1,096910 0,001769
уфимский 1,698970 0,002740
центральный 0,920819 0,001485
городской 0,886057 0,001429
класс 0,853872 0,001377
балаж 1,698970 0,002740
бараньяй 1,698970 0,002740
конкурс 0,568636 0,000917
артист 0,886057 0,001429
балет 1,096910 0,001769
хореограф 1,522879 0,002456
церемония 0,823909 0,001329
вручение 1,221849 0,001971
имя 0,443697 0,001073
рима 1,301030 0,002098
баталов 1,698970 0,002740
молодость 1,000000 0,001613
нация 1,301030 0,002098
государственный 0,721246 0,001163
башкортостан 1,522879 0,002456
праздничный 1,154902 0,001863
песня 0,657577 0,001061
любимый 0,744727 0,001201
кинофильм 1,698970 0,002740
районный 1,698970 0,002740
воробьевка 1,698970 0,002740
арта 1,045757 0,001687
урок 0,958607 0,001546
создание 0,721246 0,001163
фонограмма 1,698970 0,002740
валуйский 1,698970 0,002740
дворец 1,154902 0,001863
студенческий 1,522879 0,002456
весна 0,823909 0,001329
центр 0,455932 0,000735
развитие 0,568636 0,000917
сесть 1,301030 0,002098
ютановка 1,698970 0,002740
волк 1,000000 0,001613
семеро 1,522879 0,002456
козленок 1,522879 0,002456
волоконовский 1,522879 0,002456
детский 0,619789 0,001000
м 0,698970 0,001127
дейнеко 1,698970 0,002740
гостиная 1,698970 0,002740
творчество 0,958607 0,002319
алексеевский 1,698970 0,002740
краеведческий 1,698970 0,002740
раздел 1,000000 0,001613
образ 0,853872 0,001377
загадка 1,397940 0,003382
вместе 0,744727 0,001802
код 0,823909 0,001993
школьников 1,221849 0,002956
популяризация 1,698970 0,002740
мероприятие 0,823909 0,001329
молодежь 1,522879 0,002456
точка 0,585027 0,000944
концентрация 1,698970 0,002740
талант 0,920819 0,001485
гений 1,045757 0,001687
пространство 1,096910 0,001769
новое 0,214670 0,000519
возможность 0,537602 0,000867
создать 0,619789 0,001000
база 1,096910 0,001769
модельный 1,698970 0,002740
муниципальный 1,397940 0,002255
русская 1,000000 0,001613
вишневый 1,522879 0,002456
сад 0,958607 0,001546
чехов 1,221849 0,001971
темный 0,920819 0,001485
аллея 1,301030 0,002098
бунин 1,301030 0,002098
постановка 1,397940 0,002255
кукольный 1,522879 0,002456
мюзикл 1,301030 0,002098
опера 1,096910 0,001769
путеводитель 0,920819 0,001485
царицын 1,698970 0,002740
знакомиться 1,397940 0,002255
отправляться 1,045757 0,001687
прогулка 1,096910 0,001769
старинный 1,221849 0,001971
парка 1,301030 0,002098
главное 0,327902 0,000529
художественный 0,886057 0,001429
объединение 1,522879 0,002456
поддерживать 1,096910 0,001769
друг 0,494850 0,001197
искать 0,698970 0,001127
стиль 0,721246 0,001163
бунтовать 1,698970 0,002740
против 0,387216 0,000625
канон 1,522879 0,002456
гуманитарный 1,045757 0,001687
посвятить 0,958607 0,001546
рассказывать 0,698970 0,001127
значимый 1,397940 0,002255
народный 0,744727 0,001201
наш 0,309804 0,000500
природа 1,045757 0,001687
формат 0,920819 0,002228
заметка 1,221849 0,001971
интервью 0,522879 0,000843
любой 0,420216 0,000678
интернет 0,455932 0,000735
данный 0,455932 0,000735
минкультуры 1,397940 0,002255
право 0,292430 0,000472
защитить 0,552842 0,000892
контакт 0,387216 0,000625
e 0,677781 0,001093
mail 0,721246 0,001163
cultrf 1,698970 0,002740
mkrf 1,698970 0,002740
ru 0,180456 0,000291
обратный 0,508638 0,000820
связь 0,309804 0,000500
найти 0,356547 0,000575
опечатка 1,221849 0,001971
ctrl 0,958607 0,001546
enter 0,958607 0,001546
материал 0,292430 0,000707
пря 0,387216 0,000625
цитирование 1,301030 0,002098
копирование 1,045757 0,001687
активный 1,000000 0,001613
гиперссылка 1,045757 0,001687
обязательный 0,886057 0,001429
