codewars 1,698970 0,013592
achieve 1,698970 0,006796
mastery 1,698970 0,009061
through 1,221849 0,006517
coding 1,698970 0,018122
practice 1,698970 0,006796
developer 1,154902 0,004620
mentorship 1,522879 0,004061
for 1,045757 0,008366
companies 1,221849 0,003258
educators 1,522879 0,004061
log 1,397940 0,003728
in 0,958607 0,005113
sign 1,397940 0,003728
up 1,000000 0,004000
challenge 1,698970 0,009061
improve 1,522879 0,004061
your 1,154902 0,032337
development 1,096910 0,004388
skills 1,397940 0,011184
by 1,000000 0,009333
training 1,397940 0,005592
with 1,096910 0,014625
peers 1,698970 0,004531
using 1,301030 0,003469
challengessign 1,698970 0,004531
to 0,886057 0,017721
join 1,221849 0,003258
you 0,958607 0,024285
must 1,522879 0,006092
first 1,154902 0,003080
prove 1,698970 0,004531
choose 1,698970 0,004531
language 1,221849 0,004887
begin 1,698970 0,004531
clojure 1,698970 0,004531
coffeescript 1,698970 0,004531
c 0,721246 0,003847
coq 1,698970 0,004531
crystal 1,698970 0,004531
dart 1,698970 0,004531
elixir 1,698970 0,004531
f 1,045757 0,002789
go 1,397940 0,003728
groovy 1,698970 0,004531
haskell 1,522879 0,004061
java 1,301030 0,003469
javascript 1,000000 0,002667
kotlin 1,522879 0,004061
lean 1,698970 0,004531
lua 1,522879 0,004061
nasm 1,698970 0,004531
php 1,522879 0,004061
python 1,221849 0,003258
racket 1,698970 0,004531
ruby 1,522879 0,004061
rust 1,301030 0,003469
scala 1,522879 0,004061
shell 1,397940 0,003728
sql 1,301030 0,003469
swift 1,301030 0,003469
typescript 1,522879 0,004061
additional 1,522879 0,004061
languages 1,522879 0,006092
these 1,522879 0,004061
are 1,154902 0,007699
currently 1,522879 0,004061
beta 1,397940 0,003728
once 1,301030 0,003469
enlist 1,698970 0,004531
will 1,397940 0,005592
have 1,221849 0,009775
opportunity 1,698970 0,004531
train 1,698970 0,009061
them 1,221849 0,003258
sharpen 1,698970 0,004531
yourself 1,522879 0,004061
on 1,045757 0,006972
kata 1,698970 0,031714
which 1,522879 0,004061
small 1,301030 0,003469
exercises 1,698970 0,004531
each 1,698970 0,006796
is 1,096910 0,008775
crafted 1,698970 0,004531
community 1,221849 0,008146
help 1,221849 0,003258
strengthen 1,698970 0,004531
different 1,522879 0,004061
master 1,397940 0,003728
current 1,397940 0,003728
of 0,853872 0,007969
choice 1,522879 0,004061
or 1,154902 0,003080
expand 1,522879 0,004061
understanding 1,522879 0,008122
a 0,698970 0,006524
new 0,920819 0,008594
one 0,958607 0,002556
get 1,154902 0,006159
instant 1,698970 0,004531
feedback 1,522879 0,004061
solve 1,522879 0,004061
style 0,823909 0,002197
right 1,522879 0,004061
browser 1,522879 0,004061
use 1,096910 0,002925
test 1,397940 0,003728
cases 1,522879 0,004061
tdd 1,522879 0,004061
check 1,397940 0,003728
it 0,823909 0,002197
as 1,221849 0,008146
progress 1,698970 0,006796
retrain 1,698970 0,004531
creative 1,522879 0,004061
optimized 1,522879 0,004061
approaches 1,698970 0,004531
most 1,397940 0,005592
out 1,154902 0,003080
programming 1,221849 0,003258
earn 1,522879 0,004061
ranks 1,522879 0,006092
honor 1,698970 0,009061
ranked 1,698970 0,006796
all 1,096910 0,002925
way 1,397940 0,005592
from 1,221849 0,004887
beginner 1,522879 0,004061
code 1,154902 0,004620
challenges 1,522879 0,006092
expert 1,522879 0,004061
level 1,221849 0,003258
complete 1,221849 0,003258
higher 1,698970 0,004531
pushing 1,698970 0,004531
software 1,154902 0,003080
highest 1,698970 0,004531
potential 1,698970 0,004531
tap 1,698970 0,004531
into 1,397940 0,003728
collective 1,698970 0,004531
wisdom 1,698970 0,004531
compare 1,301030 0,003469
solution 1,301030 0,003469
others 1,522879 0,010153
after 1,522879 0,006092
greater 1,698970 0,004531
discuss 1,522879 0,004061
best 1,301030 0,003469
practices 1,522879 0,004061
innovative 1,698970 0,004531
techniques 1,522879 0,004061
mind 1,698970 0,004531
blown 1,698970 0,004531
how 1,221849 0,003258
differently 1,698970 0,004531
tackle 1,698970 0,004531
same 1,522879 0,004061
problem 1,397940 0,003728
create 1,397940 0,013047
own 1,221849 0,004887
author 1,397940 0,003728
that 1,096910 0,007313
focus 1,301030 0,003469
interests 1,698970 0,004531
specific 1,522879 0,004061
skill 1,698970 0,004531
sets 1,698970 0,004531
insight 1,698970 0,004531
everything 1,221849 0,003258
common 1,522879 0,004061
interview 1,698970 0,004531
questions 1,397940 0,003728
push 1,301030 0,003469
limits 1,522879 0,004061
creativity 1,698970 0,004531
gain 1,522879 0,004061
sensei 1,698970 0,004531
within 1,397940 0,005592
dojo 1,698970 0,004531
love 1,301030 0,003469
i 0,823909 0,004394
swear 1,698970 0,004531
better 1,397940 0,003728
college 1,522879 0,004061
martin 1,698970 0,004531
genev 1,698970 0,004531
cyberseer 1,698970 0,004531
perfect 1,698970 0,004531
execution 1,522879 0,004061
kevin 1,698970 0,006796
granger 1,698970 0,006796
forgot 1,698970 0,004531
eat 1,522879 0,004061
dinner 1,698970 0,004531
was 1,522879 0,004061
this 1,000000 0,005333
addictive 1,698970 0,004531
raf 1,698970 0,004531
szalansky 1,698970 0,006796
extremely 1,522879 0,004061
well 1,522879 0,004061
done 1,698970 0,004531
excellent 1,698970 0,004531
example 1,522879 0,004061
learning 1,397940 0,003728
ahmed 1,698970 0,004531
omran 1,698970 0,004531
ahmedjoin 1,698970 0,004531
us 1,221849 0,003258
brought 1,698970 0,004531
accelerate 1,397940 0,003728
technical 1,522879 0,004061
hiring 1,698970 0,004531
upskilling 1,698970 0,004531
certifications 1,522879 0,004061
advanced 1,522879 0,004061
assessment 1,698970 0,004531
platform 1,397940 0,003728
learn 1,221849 0,003258
more 1,045757 0,002789
about 1,154902 0,003080
api 1,301030 0,003469
announcements 1,698970 0,004531
privacy 1,096910 0,002925
terms 1,221849 0,003258
contact 1,221849 0,003258
confirm 1,698970 0,006796
cancel 1,522879 0,004061
collect 1,698970 0,004531
loading 1,397940 0,003728
collection 1,522879 0,016244
data 1,045757 0,002789
add 1,397940 0,007456
my 1,397940 0,003728
collections 1,522879 0,010153
view 1,154902 0,003080
remove 1,698970 0,004531
not 1,096910 0,002925
created 1,522879 0,004061
any 1,221849 0,003258
yet 1,698970 0,004531
organize 1,698970 0,004531
so 1,397940 0,005592
can 1,221849 0,006517
routines 1,698970 0,004531
every 1,221849 0,003258
public 1,221849 0,003258
automatically 1,522879 0,004061
sharable 1,698970 0,004531
other 1,301030 0,003469
warriors 1,698970 0,004531
added 1,522879 0,004061
few 1,397940 0,003728
contained 1,698970 0,004531
started 1,221849 0,003258
now 1,221849 0,003258
creating 1,522879 0,004061
wait 1,698970 0,004531
until 1,522879 0,004061
earned 1,698970 0,004531
at 1,154902 0,003080
least 1,522879 0,004061
before 1,397940 0,003728
set 1,397940 0,003728
name 1,221849 0,003258
remember 1,698970 0,004531
going 1,522879 0,004061
be 1,301030 0,003469
visible 1,698970 0,004531
everyone 1,522879 0,004061
think 1,522879 0,004061
something 1,698970 0,004531
understand 1,522879 0,004061
