detective 1,698970 0,050867
conan 1,698970 0,061041
world 1,154902 0,034578
one 0,958607 0,011480
truth 1,698970 0,020347
prevails 1,698970 0,020347
home 1,522879 0,018238
anime 1,698970 0,020347
forum 1,397940 0,016742
wiki 1,522879 0,018238
studio 1,397940 0,016742
support 1,045757 0,012524
us 1,221849 0,029266
welcome 1,522879 0,027357
to 0,886057 0,015917
join 1,221849 0,021949
today 1,221849 0,021949
latest 1,522879 0,027357
episodes 1,698970 0,020347
kitakyushu 1,698970 0,030520
light 1,698970 0,030520
seaside 1,698970 0,030520
mystery 1,698970 0,030520
tour 1,522879 0,027357
part 1,397940 0,041854
a 0,698970 0,012556
woman 1,397940 0,025113
standing 1,698970 0,030520
by 1,000000 0,017964
window 1,221849 0,021949
scarlet 1,698970 0,030520
school 1,522879 0,027357
trip 1,698970 0,030520
red 1,522879 0,027357
love 1,301030 0,023372
arc 1,698970 0,030520
hour 1,522879 0,027357
special 1,397940 0,025113
bright 1,698970 0,020347
movies 1,522879 0,018238
zero 1,522879 0,018238
enforcer 1,698970 0,020347
crimson 1,522879 0,018238
letter 1,698970 0,020347
darkest 1,698970 0,020347
nightmare 1,698970 0,020347
sunflowers 1,698970 0,020347
of 0,853872 0,015339
inferno 1,698970 0,020347
dimensional 1,698970 0,020347
sniper 1,698970 0,020347
private 1,522879 0,018238
eye 1,698970 0,020347
in 0,958607 0,011480
distant 1,522879 0,018238
sea 1,698970 0,020347
copyright 1,096910 0,013137
twitter 0,769551 0,009216
terms 1,221849 0,014633
use 1,096910 0,013137
privacy 1,096910 0,013137
policy 1,522879 0,018238
rss 0,823909 0,009867
feed 1,698970 0,020347
