автоновость 1,221849 0,002250
день 0,236572 0,000654
авто 0,769551 0,005669
журнал 0,744727 0,001372
взгляд 0,853872 0,004718
mk 1,522879 0,004207
ru 0,180456 0,000831
мк 1,522879 0,002805
тв 0,657577 0,001211
охотник 1,045757 0,001926
ра 0,744727 0,001372
womanhit 1,522879 0,002805
войти 0,468521 0,000863
видео 0,327902 0,001510
фото 0,568636 0,001571
опрос 1,000000 0,002762
подкаста 0,657577 0,001817
автомобиль 0,698970 0,018665
тест 0,602060 0,003326
драйв 1,045757 0,005778
автопром 1,301030 0,015574
прайс 1,698970 0,003129
лист 1,301030 0,002396
технология 0,408935 0,000753
кроссовер 1,096910 0,008080
гай 1,522879 0,007011
угон 1,301030 0,002396
коррупция 1,096910 0,002020
пдда 1,301030 0,004792
общество 0,468521 0,005177
дорога 0,657577 0,002422
страхование 1,522879 0,002805
налог 1,221849 0,002250
социум 1,698970 0,014080
прилавок 1,698970 0,006258
гаджеты 1,096910 0,002020
автохимия 1,522879 0,002805
шина 1,154902 0,005317
диск 1,301030 0,002396
запчасть 1,301030 0,002396
фан 1,301030 0,004792
зона 1,045757 0,003852
эволюция 1,522879 0,002805
староход 1,698970 0,003129
автосалон 1,522879 0,002805
путешествие 0,677781 0,001248
спорт 0,397940 0,000733
категория 1,154902 0,004254
а 0,221849 0,000613
мотоцикл 1,522879 0,002805
квадроцикл 1,698970 0,003129
снегоход 1,698970 0,003129
лайфхак 1,154902 0,008508
эксплуатация 1,221849 0,007876
вождение 1,397940 0,002574
купить 0,744727 0,001372
продать 1,045757 0,001926
спецпроект 0,638272 0,001175
гаиобщество 1,698970 0,003129
алайфхак 1,698970 0,003129
весь 0,107905 0,000397
марк 0,823909 0,001517
премиум 1,221849 0,003375
который 0,236572 0,001307
мы 0,229148 0,000633
заслужить 1,698970 0,004693
новый 0,244125 0,001574
exeed 1,522879 0,004207
lx 1,522879 0,004207
выяснять 1,698970 0,003129
что 0,161151 0,000445
китаец 1,522879 0,004207
просить 1,096910 0,002020
рубль 0,455932 0,001259
китайский 1,000000 0,004604
для 0,107905 0,000596
россия 0,214670 0,003360
новинка 0,677781 0,001872
взорвать 1,522879 0,004207
авторынок 1,301030 0,003594
начать 0,508638 0,001873
дешеветь 1,397940 0,002574
новое 0,214670 0,000791
официальный 0,537602 0,000990
данный 0,455932 0,001259
росстат 1,698970 0,003129
обновить 0,769551 0,001417
hyundai 1,301030 0,002396
palisade 1,522879 0,002805
стать 0,301030 0,000832
квадратный 1,301030 0,002396
солидный 1,397940 0,002574
большой 0,657577 0,001211
suv 1,698970 0,004693
удивить 1,045757 0,001926
смена 0,958607 0,004413
имидж 1,522879 0,002805
lada 1,221849 0,002250
largus 1,397940 0,002574
cross 1,301030 0,002396
устанавливать 1,522879 0,002805
старый 0,958607 0,001765
мотор 1,221849 0,002250
кросс 1,221849 0,002250
универсал 1,301030 0,002396
разжиться 1,698970 0,003129
свежий 0,795880 0,001466
версия 0,522879 0,000963
гибдд 1,221849 0,004500
превращать 1,397940 0,003862
устать 1,522879 0,004207
водитель 0,920819 0,003392
пьяный 1,045757 0,002889
столичный 1,154902 0,004254
госавтоинспекция 1,522879 0,004207
распространить 1,154902 0,003190
сообщение 0,677781 0,001872
заверение 1,698970 0,003129
власть 0,638272 0,001175
москва 0,292430 0,000808
появиться 0,721246 0,003321
платный 1,301030 0,002396
обход 1,397940 0,002574
одинцово 1,522879 0,002805
сити 1,221849 0,002250
минуть 0,769551 0,001417
смерть 0,568636 0,001047
зеленый 1,154902 0,002127
крокодил 1,522879 0,002805
man 1,397940 0,002574
остановить 1,221849 0,002250
поставка 0,920819 0,001696
шасси 1,698970 0,003129
эвакуатор 1,698970 0,003129
санкция 0,537602 0,001485
ответить 0,853872 0,001573
российский 0,229148 0,001055
производство 0,823909 0,001517
бензин 1,154902 0,003190
мочь 0,236572 0,001307
полностью 0,795880 0,001466
остановиться 1,397940 0,002574
иза 0,167491 0,001080
нефтяник 1,522879 0,002805
предупредить 1,000000 0,001842
неожиданный 1,154902 0,002127
эффект 1,397940 0,002574
западный 0,823909 0,001517
рестрикция 1,522879 0,002805
эксперт 0,568636 0,002094
рассказать 0,366532 0,001013
когда 0,397940 0,001099
полок 1,522879 0,004207
автомагазин 1,698970 0,004693
закончиться 0,744727 0,002057
стоять 0,585027 0,001616
ли 0,387216 0,001426
поддаваться 1,698970 0,004693
паника 1,698970 0,004693
скупать 1,698970 0,004693
резина 1,522879 0,004207
новость 0,161151 0,000445
назвать 0,568636 0,001047
регион 0,619789 0,001141
лидировать 1,522879 0,002805
количество 1,045757 0,001926
дтпа 1,301030 0,002396
volkswagen 1,397940 0,003862
подорожать 1,301030 0,002396
nissan 1,397940 0,002574
вложить 1,522879 0,002805
миллион 0,537602 0,000990
доллар 0,698970 0,001287
укрепление 1,000000 0,001842
рыночный 1,397940 0,002574
позиция 1,045757 0,001926
научить 1,522879 0,002805
дорожник 1,698970 0,003129
строить 1,221849 0,002250
трасса 1,221849 0,002250
отходы 1,522879 0,002805
дуть 1,397940 0,003862
не 0,136677 0,000629
значить 1,000000 0,002762
холодить 1,698970 0,004693
как 0,187087 0,001034
проверить 0,721246 0,001992
кондиционер 1,522879 0,004207
пря 0,387216 0,002496
покупка 0,853872 0,003145
подержать 1,522879 0,005609
климатический 1,698970 0,004693
хитрость 1,221849 0,003375
самый 0,251812 0,001159
актуальный 0,823909 0,001517
автовладелец 1,698970 0,003129
изменение 0,958607 0,001765
закон 0,657577 0,001211
предложить 0,744727 0,001372
владимир 0,301030 0,001109
жириновский 0,431798 0,001590
сказать 0,795880 0,001466
спасибо 1,000000 0,001842
какой 0,337242 0,001553
любить 0,537602 0,001485
ездить 1,301030 0,008386
лидер 0,744727 0,002057
лдпр 0,744727 0,002057
коллекция 0,769551 0,001417
харизматичный 1,522879 0,002805
политик 0,366532 0,000675
страна 0,387216 0,000713
сомнительный 1,698970 0,006258
отдых 1,000000 0,003683
причина 0,853872 0,003145
отказаться 0,853872 0,003145
поездка 1,154902 0,004254
крым 0,920819 0,003392
чем 0,387216 0,001070
разочаровать 1,522879 0,004207
отпуск 1,045757 0,002889
полуостров 1,522879 0,004207
почему 0,366532 0,001350
опасно 1,301030 0,002396
покупать 0,823909 0,001517
машина 0,853872 0,001573
оклеить 1,698970 0,003129
пленка 1,522879 0,002805
обратить 1,045757 0,001926
внимание 0,769551 0,001417
осмотр 1,522879 0,002805
чего 0,769551 0,002834
категорически 1,698970 0,006258
нельзя 0,795880 0,002931
позволять 0,886057 0,003264
шиномонтажник 1,698970 0,006258
колесо 1,000000 0,003683
невнимательность 1,698970 0,003129
владелец 1,154902 0,002127
стоить 1,154902 0,002127
оно 0,397940 0,000733
деньги 1,045757 0,002889
кризис 0,795880 0,001466
топ 0,677781 0,001248
популярный 0,455932 0,001259
марка 1,221849 0,002250
поднебесный 1,522879 0,002805
производитель 1,221849 0,002250
чувствовать 1,221849 0,002250
себя 0,397940 0,000733
разгар 1,301030 0,002396
украинский 0,522879 0,000963
конфликт 1,000000 0,001842
спецоперация 0,657577 0,002422
украина 0,455932 0,001679
автоваз 1,522879 0,002805
потерять 0,823909 0,002276
много 0,301030 0,000554
половина 1,221849 0,002250
свое 0,455932 0,000840
покупатель 1,397940 0,002574
продажа 0,657577 0,001211
рухнуть 1,397940 0,002574
ниже 0,886057 0,001632
некуда 1,522879 0,002805
назло 1,397940 0,002574
uaz 1,698970 0,003129
patriot 1,698970 0,003129
выпускать 1,221849 0,002250
внедорожник 1,154902 0,002127
haval 1,522879 0,002805
dargo 1,698970 0,003129
встречать 1,096910 0,002020
одежка 1,698970 0,003129
lexus 1,397940 0,002574
выпустить 1,045757 0,001926
rz 1,698970 0,003129
штурвал 1,698970 0,003129
руль 1,045757 0,001926
volvo 1,301030 0,002396
caterpillar 1,698970 0,003129
построить 0,958607 0,001765
огромный 0,721246 0,001328
грузовой 1,522879 0,002805
капотник 1,698970 0,003129
решить 0,677781 0,001248
убрать 1,154902 0,002127
продуктовый 1,698970 0,003129
линейка 1,522879 0,002805
десяток 1,154902 0,002127
модель 0,769551 0,001417
крутой 1,096910 0,002020
mercede 1,301030 0,002396
amg 1,698970 0,003129
sl 1,698970 0,003129
оснастить 1,698970 0,003129
литровый 1,698970 0,003129
пакет 0,823909 0,001517
сок 1,698970 0,003129
показать 0,522879 0,000963
еще 0,327902 0,000604
пересесть 1,698970 0,003129
вы 0,301030 0,000554
общественный 0,744727 0,001372
транспорт 0,958607 0,001765
дефицит 0,886057 0,002448
резкий 1,301030 0,002396
подорожание 1,397940 0,002574
автозапчасть 1,698970 0,004693
нет 0,537602 0,001485
быть 0,161151 0,000594
последний 0,318759 0,000587
возможность 0,537602 0,000990
да 0,494850 0,000911
автобус 1,221849 0,002250
метро 1,045757 0,001926
даже 0,602060 0,001663
свой 0,301030 0,000554
очень 0,568636 0,001047
редко 1,522879 0,002805
аккуратно 1,522879 0,002805
я 0,346787 0,000639
вообще 1,221849 0,002250
никуда 1,698970 0,003129
так 0,481486 0,000887
работа 0,431798 0,000795
голосовать 1,221849 0,002250
антисанкция 1,698970 0,003129
против 0,387216 0,000713
резко 1,096910 0,002020
подешеветь 1,522879 0,002805
прощать 1,301030 0,002396
экология 1,096910 0,002020
чудодейственный 1,698970 0,003129
способ 0,721246 0,001328
завалить 1,698970 0,003129
дешевый 0,886057 0,004079
иномарка 1,522879 0,002805
импортный 1,522879 0,002805
моторный 1,397940 0,002574
масло 1,096910 0,002020
исчезнуть 1,154902 0,002127
благодаря 0,823909 0,002276
юридический 1,154902 0,002127
консультация 1,397940 0,002574
антон 0,823909 0,001517
недзвецкий 1,698970 0,003129
президент 0,698970 0,001931
потребитель 1,301030 0,002396
автотехник 1,698970 0,003129
алексей 0,552842 0,001018
реут 1,698970 0,003129
член 1,000000 0,001842
межреспубликанский 1,698970 0,003129
коллегия 1,698970 0,004693
адвокат 1,397940 0,002574
виктор 0,698970 0,001287
травина 1,698970 0,003129
правовой 0,823909 0,001517
защита 0,823909 0,001517
задать 1,522879 0,002805
вопрос 0,420216 0,000774
актуально 1,698970 0,003129
быстро 1,221849 0,002250
недорого 1,522879 0,002805
узнать 0,698970 0,001287
биография 0,886057 0,001632
перед 0,769551 0,001417
его 0,346787 0,000639
готовый 0,744727 0,001372
любой 0,420216 0,000774
поворот 1,397940 0,002574
goodyear 1,698970 0,003129
eagle 1,698970 0,003129
a 0,638272 0,001175
asymmetric 1,698970 0,003129
камера 1,154902 0,002127
штрафовать 1,698970 0,003129
пешеход 1,522879 0,002805
статья 0,619789 0,001141
контакт 0,387216 0,000713
выходной 1,000000 0,001842
copyright 1,096910 0,002020
info 0,886057 0,001632
avtovzglyad 1,698970 0,003129
реклама 0,259637 0,000478
сайт 0,173925 0,000320
sale 1,096910 0,002020
