весть 0,795880 0,006632
ru 0,180456 0,000470
новость 0,161151 0,001511
видео 0,327902 0,002220
фото 0,568636 0,000888
день 0,236572 0,000986
смотреть 0,443697 0,003466
прямой 0,619789 0,000968
эфир 0,537602 0,000840
трансляция 0,721246 0,001503
эксклюзив 0,823909 0,001287
политик 0,366532 0,000382
экономика 0,522879 0,000817
происшествие 0,769551 0,000802
общество 0,468521 0,000488
культура 0,468521 0,000732
кино 0,455932 0,001187
тв 0,657577 0,001027
спорт 0,397940 0,000415
авто 0,769551 0,000802
наука 0,431798 0,001124
медицина 0,886057 0,000923
hi 1,301030 0,002033
tech 1,301030 0,002033
регион 0,619789 0,000968
главное 0,327902 0,000512
тема 0,585027 0,000609
умереть 0,886057 0,000923
владимир 0,301030 0,000470
жириновский 0,431798 0,001124
минуть 0,769551 0,002806
назад 0,638272 0,002659
ситуация 0,657577 0,001027
украина 0,455932 0,001425
донбасс 0,657577 0,001370
усиление 1,522879 0,001586
нато 0,769551 0,001603
граница 0,769551 0,000802
россия 0,214670 0,002572
обмен 1,154902 0,001203
санкция 0,537602 0,001400
коронавирус 0,677781 0,001059
минута 1,045757 0,001089
спецоперация 0,657577 0,001370
продолжаться 1,096910 0,001714
целить 1,301030 0,002033
достигаться 1,698970 0,001770
сегодня 0,443697 0,001618
президент 0,698970 0,001092
доверять 1,522879 0,002379
россиянин 0,602060 0,001254
удар 0,494850 0,001031
краматорск 0,602060 0,000941
киев 0,744727 0,001552
не 0,136677 0,001068
скрывать 1,000000 0,001563
что 0,161151 0,000671
готовить 0,853872 0,002224
провокация 0,823909 0,001287
путин 0,602060 0,001254
всегда 0,657577 0,001027
огромный 0,721246 0,001127
интерес 0,886057 0,001384
выслушивать 1,698970 0,002655
мнение 0,602060 0,001254
песок 0,698970 0,001092
этот 0,173925 0,000362
вопрос 0,420216 0,001094
тот 0,376751 0,000785
чтобы 0,408935 0,000852
понять 0,769551 0,001202
простить 1,301030 0,002033
эксперт 0,568636 0,000592
избавляться 1,522879 0,001586
иллюзия 1,154902 0,001203
амбарный 1,698970 0,001770
замок 1,154902 0,001203
отношение 0,481486 0,000502
привести 0,886057 0,001384
высылка 1,154902 0,001203
дипломат 0,886057 0,001384
весь 0,107905 0,000899
разложить 1,522879 0,001586
полочка 1,397940 0,001456
запасть 1,522879 0,001586
мешать 1,221849 0,001273
существование 1,221849 0,001273
траур 1,698970 0,001770
ждать 0,619789 0,000646
лдпр 0,744727 0,000776
после 0,356547 0,000557
смерть 0,568636 0,000888
показать 0,522879 0,004085
картина 0,721246 0,000751
оборонительный 1,397940 0,002184
альянс 1,221849 0,001909
а 0,221849 0,000462
агрессивный 1,096910 0,001714
самый 0,251812 0,000656
читаемый 1,096910 0,001143
сержант 1,522879 0,002379
одиночка 1,522879 0,002379
уничтожить 0,886057 0,001384
взвод 1,522879 0,002379
вражеский 1,698970 0,002655
мотопехота 1,698970 0,002655
зачем 0,744727 0,001164
зеленский 0,886057 0,000923
греческий 1,045757 0,001089
парламент 1,096910 0,001143
неонацист 1,221849 0,001273
новый 0,244125 0,000509
мэр 1,045757 0,001089
мариуполь 0,744727 0,001552
назвать 0,568636 0,001185
сколько 0,769551 0,000802
город 0,397940 0,000622
погибнуть 0,886057 0,000923
житель 0,602060 0,000941
европа 0,585027 0,000609
отказываться 1,154902 0,001203
уголь 0,886057 0,000923
иза 0,167491 0,000698
сергей 0,408935 0,001065
лавров 1,000000 0,001042
истинный 1,154902 0,001203
замысел 1,154902 0,001203
киевский 1,221849 0,001273
дипломатия 1,301030 0,001355
украинский 0,522879 0,001362
военный 0,522879 0,000817
пытаться 0,744727 0,000776
вывезти 1,301030 0,001355
кто 0,346787 0,000722
важный 0,602060 0,000627
биооружие 1,698970 0,001770
пентагон 1,301030 0,001355
ставить 1,000000 0,001042
опыт 1,045757 0,001089
живой 0,769551 0,000802
человек 0,259637 0,000541
бой 0,853872 0,001334
славянск 1,397940 0,002184
направление 1,000000 0,001563
вс 0,698970 0,001456
бежать 1,154902 0,001805
бросать 1,522879 0,002379
техника 1,045757 0,001634
установить 0,958607 0,000999
личность 1,154902 0,001203
добивать 1,698970 0,001770
российский 0,229148 0,000597
десантник 1,522879 0,001586
солдат 0,769551 0,000802
lufthansa 1,522879 0,001586
который 0,236572 0,000246
быть 0,161151 0,000504
облетать 1,698970 0,001770
медиаплатформа 1,698970 0,001770
канал 0,508638 0,000795
соловьев 1,045757 0,002179
live 1,000000 0,001563
теперь 0,602060 0,000941
телеэфир 1,154902 0,001805
калининград 0,920819 0,001439
похоронить 1,397940 0,002184
актриса 1,000000 0,002083
александр 0,602060 0,001568
яковлев 1,000000 0,001563
документальный 1,000000 0,001563
фильм 0,431798 0,001124
стыдно 1,221849 0,001273
русский 0,318759 0,000332
юлий 0,823909 0,000858
меньшов 1,522879 0,001586
прокомментировать 0,958607 0,000999
поведение 1,154902 0,001203
некоторый 1,096910 0,001143
коллега 1,154902 0,001805
солист 1,397940 0,001456
отпетый 1,397940 0,001456
мошенник 1,045757 0,001634
аморал 1,397940 0,001456
высказаться 0,958607 0,000999
том 0,920819 0,000959
хаос 1,221849 0,001273
актер 0,744727 0,001164
карякин 1,221849 0,001909
лишиться 1,221849 0,001273
способность 1,221849 0,001273
говорить 0,537602 0,000560
тяжелый 0,744727 0,000776
болезнь 1,045757 0,001089
хотеться 1,000000 0,001042
ты 0,602060 0,000627
похожий 1,154902 0,001203
мама 0,795880 0,000829
близкий 0,744727 0,000776
поздравить 1,397940 0,001456
сын 0,698970 0,000728
жанна 1,221849 0,001909
фриск 1,397940 0,001456
такой 0,397940 0,000415
сладкое 1,698970 0,001770
николай 0,568636 0,000592
басок 1,698970 0,001770
похвастаться 1,522879 0,001586
прибавление 1,698970 0,001770
семья 0,552842 0,000864
сми 0,468521 0,001220
рэпер 1,221849 0,001273
моргенштерн 1,221849 0,001909
расстаться 1,522879 0,001586
жена 0,677781 0,000706
аврить 1,221849 0,001273
лавина 1,221849 0,001273
выходить 0,698970 0,000728
замуж 1,154902 0,001203
третий 0,886057 0,000923
раз 0,638272 0,000665
мид 0,853872 0,001334
держать 1,154902 0,001203
санкционный 0,886057 0,000923
выводить 1,522879 0,001586
сша 0,508638 0,000795
себя 0,397940 0,000415
сценарий 0,886057 0,000923
партнер 0,619789 0,000646
сбыться 1,397940 0,001456
мишустин 0,886057 0,002307
отчитаться 1,397940 0,001456
перед 0,769551 0,000802
госдума 0,823909 0,000858
переизбыток 1,698970 0,001770
мазут 1,522879 0,001586
нпз 1,397940 0,001456
мочь 0,236572 0,000493
остановиться 1,397940 0,001456
ралли 1,698970 0,001770
рубль 0,455932 0,001187
доллар 0,698970 0,000728
ниже 0,886057 0,001384
евро 0,769551 0,001202
газпром 1,522879 0,001586
резко 1,096910 0,001143
повысить 1,045757 0,001089
уровень 0,886057 0,000923
импортозамещение 1,000000 0,001042
сбербанк 1,397940 0,001456
рассказать 0,366532 0,000573
как 0,187087 0,000292
приготовиться 1,522879 0,001586
программа 0,420216 0,000657
расселение 1,698970 0,001770
аварийный 1,522879 0,002379
жилье 1,221849 0,001909
перечислить 1,522879 0,001586
мера 0,823909 0,000858
поддержка 0,537602 0,001120
предприниматель 1,397940 0,001456
белоруссия 1,000000 0,001563
начать 0,508638 0,000795
обслуживать 1,522879 0,001586
кредит 0,958607 0,000999
белорусский 1,301030 0,001355
whatsapp 1,397940 0,002184
заработать 1,045757 0,001634
смарта 1,698970 0,002655
часы 0,886057 0,001384
apple 1,096910 0,001714
право 0,292430 0,000609
импортозаместить 1,698970 0,002655
google 0,744727 0,001164
play 1,000000 0,001563
соревноваться 1,698970 0,002655
яндекс 0,585027 0,000914
vk 1,096910 0,001714
сбер 1,397940 0,002184
it 0,823909 0,000858
компания 0,443697 0,000924
рф 0,568636 0,001777
смочь 0,537602 0,000840
профинансировать 1,698970 0,001770
грант 1,301030 0,001355
затрата 1,698970 0,001770
проект 0,259637 0,000406
правительство 0,853872 0,000889
поступить 1,301030 0,001355
доработать 1,397940 0,001456
законопроект 1,154902 0,001203
цифровой 0,823909 0,001287
валюта 0,795880 0,001244
booking 1,301030 0,001355
com 0,744727 0,000776
заплатить 1,397940 0,001456
штраф 1,096910 0,001143
миллион 0,537602 0,000840
мы 0,229148 0,000358
выстоять 1,397940 0,001456
дума 1,096910 0,001143
прочность 1,397940 0,001456
раскалывать 1,698970 0,001770
запад 0,721246 0,000751
сумка 1,301030 0,001355
louis 1,698970 0,001770
vuitton 1,698970 0,001770
украсть 1,096910 0,001143
пенсионер 1,301030 0,001355
ресторан 1,096910 0,001143
москва 0,292430 0,001218
насекомое 1,522879 0,001586
снег 1,045757 0,001634
южный 1,000000 0,001042
урал 1,221849 0,001273
удивить 1,045757 0,001089
неизвестный 1,000000 0,001563
букашка 1,698970 0,001770
появиться 0,721246 0,001127
отечественный 0,744727 0,000776
компьютер 1,221849 0,001273
лететь 1,301030 0,001355
дубай 1,522879 0,001586
пассажир 1,045757 0,001089
изъять 1,522879 0,001586
колье 1,522879 0,001586
бриллиант 1,522879 0,001586
липецк 1,301030 0,001355
орнитолог 1,698970 0,001770
просить 1,096910 0,001143
переносить 1,301030 0,001355
пьяный 1,045757 0,001089
птица 0,958607 0,000999
дорога 0,657577 0,000685
газон 1,698970 0,001770
уже 0,568636 0,000888
население 0,920819 0,001439
планет 1,000000 0,001563
дышать 1,397940 0,002184
опасный 0,744727 0,001164
для 0,107905 0,000281
здоровье 0,602060 0,000941
воздух 1,698970 0,002655
создать 0,619789 0,000646
первый 0,346787 0,000361
миро 0,337242 0,000351
карта 0,657577 0,000685
развитие 0,568636 0,000592
человеческий 1,000000 0,001042
мозг 1,096910 0,001143
найти 0,356547 0,000557
далекий 0,769551 0,000802
древний 0,886057 0,000923
галактика 1,522879 0,001586
составить 0,958607 0,000999
рейтинг 0,657577 0,000685
приятный 1,096910 0,001143
неприятный 1,522879 0,001586
запах 1,301030 0,001355
микропластика 1,698970 0,001770
глубоко 1,698970 0,001770
легкое 1,154902 0,001203
телеканал 0,585027 0,000609
новинка 0,677781 0,000706
выходной 1,000000 0,001042
захватывать 1,154902 0,001203
сюжет 0,744727 0,000776
выдающийся 1,301030 0,001355
актерский 1,154902 0,001203
игра 0,585027 0,000609
пересмартивать 1,698970 0,001770
тарас 1,096910 0,001143
бульба 1,154902 0,001203
производство 0,823909 0,000858
выделить 0,853872 0,001334
миллиард 1,154902 0,001203
стать 0,301030 0,000627
легенда 0,795880 0,000829
азиатский 1,522879 0,001586
тайваньский 1,698970 0,001770
ван 1,000000 0,001042
юй 1,698970 0,001770
скончаться 1,096910 0,001143
больница 1,045757 0,001089
хороший 0,408935 0,000426
роля 0,744727 0,000776
татьяна 0,853872 0,000889
колганов 1,698970 0,001770
юбилей 1,301030 0,001355
безруков 1,221849 0,001273
сообщить 0,585027 0,000609
метрополитен 1,698970 0,001770
опера 1,096910 0,001714
разобрать 1,522879 0,001586
билет 0,853872 0,000889
евгений 0,795880 0,000829
онегин 1,221849 0,001273
ковент 1,522879 0,001586
гардный 1,698970 0,001770
премьера 1,000000 0,001042
последний 0,318759 0,000498
курта 1,522879 0,001586
кобейный 1,522879 0,001586
экспортировать 1,698970 0,001770
только 0,283997 0,000444
газ 1,045757 0,001089
валерий 1,154902 0,001203
представить 0,744727 0,000776
собственный 0,795880 0,000829
соцсеть 0,721246 0,000751
мьюзикгры 1,698970 0,001770
синоптик 1,397940 0,001456
исключить 1,221849 0,001273
мокрый 1,522879 0,001586
конец 0,657577 0,000685
апрель 0,275724 0,000287
страна 0,387216 0,000403
отдых 1,000000 0,001042
майский 0,886057 0,000923
праздник 0,677781 0,000706
когда 0,397940 0,000415
получить 0,420216 0,000438
пособие 1,096910 0,001143
ребенок 0,259637 0,000406
лет 0,337242 0,000527
москвич 1,221849 0,001273
прийти 0,958607 0,000999
чужое 1,301030 0,001355
квитанция 1,698970 0,001770
жк 1,522879 0,001586
риелтор 1,698970 0,001770
район 0,853872 0,000889
дорогой 0,744727 0,001164
вторичный 1,397940 0,001456
кремль 0,769551 0,001202
напомнить 1,000000 0,001042
заявление 0,853872 0,000889
минобороны 0,698970 0,000728
названый 1,301030 0,001355
дата 0,769551 0,000802
запуск 1,096910 0,001143
луна 1,096910 0,001143
денис 0,853872 0,000889
пушилин 1,096910 0,001143
очередной 1,045757 0,001089
преступление 0,744727 0,000776
пресс 0,552842 0,000864
конференция 0,853872 0,001334
глава 0,522879 0,000545
армения 1,301030 0,001355
цб 0,795880 0,000829
снизить 0,677781 0,000706
ключевой 0,619789 0,000646
ставка 0,657577 0,000685
годовой 0,886057 0,000923
запрет 0,795880 0,000829
снять 0,769551 0,000802
саночник 1,154902 0,001203
допустить 1,045757 0,001089
международный 0,508638 0,001060
турнир 1,221849 0,001273
нужный 0,552842 0,000576
помощь 0,481486 0,000502
тихон 1,698970 0,001770
иващенко 1,698970 0,001770
спасти 0,853872 0,000889
внутривенный 1,698970 0,001770
питание 1,154902 0,001203
заминировать 1,522879 0,001586
самолет 0,721246 0,000751
белград 1,221849 0,001273
благополучно 1,698970 0,001770
село 1,221849 0,001273
освободить 0,920819 0,000959
вариант 0,920819 0,000959
ха 0,657577 0,000685
коронавирусный 1,698970 0,001770
прогноз 0,958607 0,000999
евросоюз 0,853872 0,000889
ввести 0,721246 0,000751
пакет 0,823909 0,000858
любой 0,420216 0,000875
сложность 1,301030 0,001355
трудность 1,000000 0,001042
пелось 1,522879 0,001586
пожелать 1,522879 0,001586
выздороветь 1,698970 0,001770
ездить 1,301030 0,001355
тайвань 1,522879 0,001586
напасть 1,301030 0,001355
священнослужитель 1,698970 0,001770
французский 0,795880 0,000829
собор 1,301030 0,001355
роутер 1,522879 0,001586
процессор 1,301030 0,001355
байкал 1,522879 0,001586
защитить 0,552842 0,000864
хакерский 1,522879 0,001586
атака 0,920819 0,000959
официально 1,221849 0,001273
нетребко 1,096910 0,001143
выступить 0,920819 0,000959
фестиваль 0,721246 0,000751
звезда 0,552842 0,000864
белые 1,522879 0,001586
ночь 0,721246 0,000751
санкт 0,769551 0,000802
петербург 0,602060 0,000627
анна 0,537602 0,000560
снаткин 1,522879 0,001586
раскрыть 0,886057 0,000923
секрет 0,721246 0,000751
счастливый 1,045757 0,001089
брак 1,301030 0,001355
виктор 0,698970 0,000728
васильев 0,920819 0,000959
боев 1,397940 0,001456
пуск 1,397940 0,001456
оникс 1,096910 0,001143
попасть 0,823909 0,000858
боинг 1,397940 0,001456
разломиться 1,522879 0,001586
частить 0,920819 0,000959
время 0,327902 0,000342
посадка 1,301030 0,001355
фас 1,045757 0,001089
проверка 0,853872 0,000889
мираторга 1,045757 0,001089
полезный 0,769551 0,000802
макароны 1,397940 0,001456
они 0,309804 0,000323
выбрать 0,568636 0,000592
приготовить 1,698970 0,001770
обманывать 1,522879 0,001586
пользователь 0,657577 0,000685
youtube 0,721246 0,000751
имя 0,443697 0,000462
илона 1,221849 0,001273
маска 0,823909 0,000858
хлебниковый 1,698970 0,001770
впервые 0,744727 0,000776
телевидение 1,301030 0,001355
пожар 1,154902 0,001203
юш 1,698970 0,001770
шаман 1,522879 0,001586
монополист 1,698970 0,001770
обрядовый 1,698970 0,001770
сфера 0,537602 0,000840
тувинец 1,698970 0,001770
музыкант 1,000000 0,001042
гражданин 0,769551 0,000802
израиль 1,000000 0,001042
очень 0,568636 0,000592
уважать 1,698970 0,001770
сестра 0,795880 0,000829
музычук 1,221849 0,001273
япония 0,698970 0,001092
высылать 1,397940 0,001456
ответить 0,853872 0,000889
крымчанин 1,698970 0,001770
хакер 1,301030 0,001355
наводка 1,698970 0,001770
куратор 1,221849 0,001273
суд 0,795880 0,000829
оправдать 1,522879 0,001586
пашиняный 1,698970 0,001770
ковид 1,096910 0,001143
сутки 0,795880 0,000829
подскочить 1,522879 0,001586
число 0,853872 0,000889
госпитализация 1,522879 0,001586
минфин 1,096910 0,001143
внести 1,096910 0,001143
кабмин 1,522879 0,001586
закон 0,657577 0,000685
разрешить 1,096910 0,001143
поставлять 1,397940 0,001456
телекоммуникационный 1,698970 0,001770
оборудование 1,154902 0,001203
нхл 1,221849 0,001273
признать 0,958607 0,000999
шестеркин 1,397940 0,001456
второй 0,602060 0,000627
расстрелять 1,397940 0,001456
тель 1,221849 0,001273
авив 1,221849 0,001273
прятаться 1,698970 0,001770
возле 1,522879 0,001586
мечеть 1,522879 0,001586
яффа 1,698970 0,001770
ufc 1,397940 0,001456
яна 0,920819 0,000959
стерлинг 1,154902 0,001203
едва 1,522879 0,001586
подраться 1,397940 0,001456
мясник 1,301030 0,001355
аналог 1,154902 0,001203
лекарство 0,886057 0,000923
врач 0,853872 0,000889
дженерик 1,397940 0,001456
назальный 1,221849 0,001273
вакцина 1,301030 0,001355
выйти 0,568636 0,000592
оборот 1,221849 0,001273
состав 1,000000 0,001563
рейнджер 1,522879 0,001586
пингвин 1,698970 0,001770
устроить 1,000000 0,001042
массовый 0,508638 0,000795
драка 1,154902 0,001203
социальный 0,522879 0,000545
сеть 0,443697 0,000462
американский 0,585027 0,000609
метод 1,045757 0,001089
америка 1,096910 0,001143
валентин 0,958607 0,000999
богданов 1,397940 0,001456
бельгия 1,397940 0,001456
анастасия 1,698970 0,002655
попов 1,301030 0,002033
бесогон 1,698970 0,001770
британия 1,096910 0,001143
хабаров 1,698970 0,001770
алексей 0,552842 0,000576
казаков 1,522879 0,001586
суббота 1,045757 0,001089
дежурная 1,698970 0,001770
часть 0,638272 0,000665
неделя 0,522879 0,000817
net 1,522879 0,001586
вечер 0,823909 0,000858
война 0,522879 0,000545
центр 0,455932 0,000475
азия 1,301030 0,001355
роберт 1,154902 0,001203
францев 1,698970 0,001770
горизонт 1,522879 0,001586
атом 1,522879 0,001586
городской 0,886057 0,000923
технология 0,408935 0,000639
двенадцать 1,397940 0,001456
деловой 1,154902 0,001203
путешествие 0,677781 0,000706
история 0,283997 0,000296
диалог 1,522879 0,001586
индия 1,698970 0,001770
дмитрий 0,958607 0,000999
мельников 1,522879 0,001586
индустрия 1,096910 0,001143
инструкция 1,154902 0,001203
интервью 0,522879 0,000817
мария 0,657577 0,000685
бондарев 1,698970 0,001770
италия 1,045757 0,001089
ася 1,698970 0,001770
емельянов 1,522879 0,001586
инфографика 1,154902 0,001203
китай 0,721246 0,000751
балицкий 1,698970 0,001770
против 0,387216 0,000403
обозрение 1,397940 0,001456
мобильный 0,769551 0,000802
репортер 1,522879 0,001586
налог 1,221849 0,001273
научпоп 1,522879 0,001586
парламентский 1,698970 0,001770
час 0,769551 0,000802
погода 1,096910 0,001143
расследование 0,958607 0,000999
эдуард 1,397940 0,001456
петров 1,096910 0,001143
сенат 1,397940 0,001456
специальный 0,744727 0,000776
репортаж 1,096910 0,001143
типичный 1,397940 0,001456
утро 0,886057 0,000923
факт 0,769551 0,000802
формула 1,096910 0,001143
власть 0,638272 0,000665
франция 0,795880 0,000829
футбол 1,045757 0,001089
церковь 1,397940 0,001456
мир 0,387216 0,000403
энергетик 1,522879 0,001586
мингажев 1,698970 0,001770
я 0,346787 0,000361
студия 0,886057 0,000923
исторический 0,602060 0,000627
календарь 0,920819 0,000959
сайт 0,173925 0,000362
функционировать 1,221849 0,001273
система 0,721246 0,000751
коррекция 1,301030 0,001355
ошибка 0,677781 0,000706
обнаружить 0,958607 0,000999
неточность 1,397940 0,001456
текст 0,585027 0,000609
она 0,356547 0,000371
нажать 0,920819 0,000959
ctrl 0,958607 0,000999
enter 0,958607 0,000999
сетевой 0,585027 0,000609
издание 0,468521 0,000488
ра 0,744727 0,000776
учредитель 0,657577 0,000685
федеральный 0,508638 0,000795
государственный 0,721246 0,001127
унитарный 1,154902 0,001203
предприятие 0,886057 0,000923
всероссийский 1,000000 0,001042
телевизионный 1,096910 0,001143
радиовещательный 1,221849 0,001273
вгтрк 1,154902 0,001805
свидетельство 0,585027 0,000609
регистрация 0,408935 0,000426
эл 0,494850 0,000515
фс 0,522879 0,000545
выдать 0,958607 0,000999
служба 0,431798 0,000450
надзор 0,619789 0,000646
связь 0,309804 0,000323
информационный 0,481486 0,000502
коммуникация 0,568636 0,000592
главный 0,346787 0,000361
редактор 0,508638 0,000530
виноградов 1,096910 0,001143
е 0,823909 0,000858
адрес 0,537602 0,000560
электронный 0,619789 0,000646
почта 0,602060 0,000627
редакция 0,366532 0,000573
info 0,886057 0,000923
vesti 1,522879 0,002379
телефон 0,568636 0,000592
запретить 0,619789 0,000646
материал 0,292430 0,000305
опубликовать 0,494850 0,000515
соответствие 0,795880 0,000829
законодательство 0,638272 0,000665
интеллектуальный 1,045757 0,001089
собственность 1,096910 0,001143
использование 0,408935 0,000426
текстовой 1,096910 0,001143
аудио 0,920819 0,000959
видеоматериал 1,045757 0,001089
возможно 0,853872 0,000889
согласие 0,795880 0,000829
правообладатель 0,744727 0,000776
реклама 0,259637 0,000270
вы 0,301030 0,000314
получать 0,677781 0,000706
оповещение 1,397940 0,001456
ваш 0,431798 0,000450
браузер 0,886057 0,000923
подписаться 0,677781 0,000706
отменить 0,958607 0,000999
подписка 0,677781 0,000706
