книга 0,552842 0,008082
читать 0,537602 0,003438
онлайн 0,387216 0,001061
бесплатно 0,958607 0,001752
регистрация 0,408935 0,000560
fb 1,522879 0,002087
epub 1,698970 0,001552
электронный 0,619789 0,001416
библиотека 0,853872 0,003121
открыть 0,552842 0,000505
меню 0,886057 0,001214
что 0,161151 0,000589
почитать 1,096910 0,001002
новинка 0,677781 0,001548
скидка 1,045757 0,000955
рекомендовать 0,823909 0,000753
подборка 0,721246 0,000988
весь 0,107905 0,000493
жанр 0,853872 0,001560
полный 0,522879 0,000955
список 0,619789 0,001133
боевик 0,886057 0,001214
детектив 0,886057 0,001214
исторический 0,602060 0,000550
проза 0,958607 0,001752
лита 1,221849 0,001675
рпг 1,698970 0,002328
любовный 1,000000 0,001827
романа 0,585027 0,001069
мистик 0,958607 0,001314
подростковый 1,397940 0,001277
попаданец 1,698970 0,002328
поэзия 1,096910 0,001002
приключение 0,795880 0,000727
современный 0,537602 0,000737
триллер 0,920819 0,000841
ужас 0,920819 0,001262
фантастика 0,853872 0,001170
фанфика 1,301030 0,001783
фэнтезь 0,920819 0,001262
юмор 1,096910 0,001002
обсуждение 1,000000 0,000914
сообщество 1,154902 0,001055
конкурс 0,568636 0,000520
иллюстрация 1,397940 0,001277
топ 0,677781 0,000619
автор 0,522879 0,001433
пользователь 0,657577 0,000601
мой 0,619789 0,000566
мобильный 0,769551 0,001406
версия 0,522879 0,001194
войти 0,468521 0,000642
искать 0,698970 0,000639
популярный 0,455932 0,001250
показать 0,522879 0,001194
самый 0,251812 0,000805
сегодня 0,443697 0,000405
обновляться 1,397940 0,001277
каждый 0,552842 0,000505
час 0,769551 0,001055
мень 0,657577 0,001202
звать 1,096910 0,001503
виктор 0,698970 0,001277
крид 1,698970 0,002328
михаил 0,568636 0,001818
француз 1,698970 0,002328
время 0,327902 0,000449
решать 1,045757 0,000955
поляков 1,698970 0,001552
эксклюзив 0,823909 0,016561
травник 1,698970 0,003105
студент 1,221849 0,001675
бизнесмен 1,096910 0,001503
назим 1,698970 0,003105
константин 0,769551 0,001406
почтить 0,823909 0,001506
целитель 1,698970 0,003105
часть 0,638272 0,001166
третий 0,886057 0,002024
коткин 1,698970 0,003105
андрей 0,508638 0,002556
мание 1,698970 0,003105
крафт 1,698970 0,003105
тома 0,522879 0,004061
нефилить 1,522879 0,002783
леонида 0,958607 0,002190
демир 1,698970 0,003105
идеальный 0,769551 0,000703
мир 0,387216 0,001061
для 0,107905 0,000345
социопат 1,698970 0,001552
олег 0,721246 0,000659
сапфир 1,698970 0,001552
злой 1,096910 0,001002
игра 0,585027 0,000802
васильев 0,920819 0,001262
бьерн 1,698970 0,001552
василий 1,000000 0,000914
деревянный 1,698970 0,002328
венец 1,522879 0,002087
темный 0,920819 0,002524
маг 1,301030 0,001783
валерий 1,154902 0,001583
веденеев 1,522879 0,002087
внук 1,397940 0,001916
петр 0,958607 0,001314
великий 0,619789 0,000849
shellina 1,698970 0,002328
выбрать 0,568636 0,001299
путь 0,721246 0,000988
тимофей 1,522879 0,001391
иванов 0,823909 0,000753
дом 0,356547 0,000489
звезда 0,552842 0,001010
четвертый 1,045757 0,001911
сергей 0,408935 0,001681
горбоносый 1,698970 0,002328
tote 1,698970 0,002328
венецианский 1,698970 0,002328
купец 1,698970 0,002328
кровь 0,958607 0,001314
золото 1,522879 0,002087
дмитрия 0,602060 0,003300
распопов 1,522879 0,002087
другой 0,356547 0,000326
сторона 0,886057 0,001214
возвращение 0,853872 0,000780
родион 1,522879 0,001391
кораблеть 1,698970 0,001552
level 1,221849 0,001675
up 1,000000 0,001370
рестарт 1,698970 0,002328
данияр 1,698970 0,002328
сугралин 1,698970 0,002328
ученик 1,221849 0,001675
первухин 1,698970 0,003105
евгений 0,795880 0,001454
бессильный 1,698970 0,001552
чемпион 1,096910 0,001002
григория 1,221849 0,001675
володин 1,221849 0,001116
ратник 1,698970 0,001552
факультет 1,221849 0,001116
а 0,221849 0,000912
райро 1,698970 0,001552
горячее 1,154902 0,001055
последний 0,318759 0,000437
два 0,346787 0,000317
неделя 0,522879 0,000478
настоящий 0,795880 0,001454
американец 1,154902 0,002110
базилио 1,698970 0,003105
аристарх 1,698970 0,003105
риддер 1,698970 0,003105
командор 1,698970 0,001552
советский 0,619789 0,000849
союз 0,677781 0,000619
земляной 1,397940 0,001277
ловец 1,522879 0,001391
знанье 1,522879 0,001391
экспансия 1,698970 0,001552
роман 1,000000 0,000914
отправляться 1,045757 0,001433
ада 1,221849 0,001675
эгида 1,154902 0,001583
серж 1,698970 0,002328
винтеркей 1,698970 0,002328
тафгать 1,698970 0,001552
влада 1,522879 0,002087
порошин 1,698970 0,001552
рыцарь 1,221849 0,001116
старший 0,721246 0,000659
школа 0,552842 0,000505
ша 1,096910 0,002004
он 0,455932 0,001250
вы 0,301030 0,001513
не 0,136677 0,000624
демон 1,096910 0,001503
александра 0,443697 0,001013
вехор 1,698970 0,001552
кочегар 1,522879 0,001391
павел 0,769551 0,001055
матис 1,698970 0,001552
отверженный 1,698970 0,001552
iv 1,522879 0,001391
эскалация 1,698970 0,001552
алексис 1,698970 0,001552
опсокополос 1,698970 0,001552
янтарный 1,698970 0,001552
света 0,886057 0,000810
иметь 0,853872 0,001560
вишневский 1,397940 0,001277
архимаг 1,698970 0,001552
против 0,387216 0,000354
гопник 1,698970 0,001552
эмма 1,698970 0,001552
призыватель 1,698970 0,002328
ткачев 1,698970 0,002328
гнев 1,397940 0,001277
пламенный 1,397940 0,001277
ольга 0,721246 0,000659
дмитриев 1,301030 0,001189
вика 1,522879 0,002087
разрушитель 1,522879 0,002087
валерия 0,958607 0,001314
гуминский 1,698970 0,002328
телохранитель 1,698970 0,001552
цесаревна 1,397940 0,001277
бакалавр 1,698970 0,001552
зот 1,698970 0,001552
война 0,522879 0,001194
демонолог 1,698970 0,001552
владимир 0,301030 0,001100
кощеев 1,698970 0,001552
академия 1,045757 0,001433
vector 1,522879 0,001391
зомбятник 1,698970 0,001552
макса 1,045757 0,002389
крын 1,698970 0,001552
эротика 1,221849 0,001116
постапокалипсис 1,698970 0,001552
обновление 1,000000 0,001370
новое 0,214670 0,000392
глава 0,522879 0,000478
фрагмент 1,154902 0,001055
выкладывать 1,301030 0,001189
продолжение 0,853872 0,000780
мера 0,823909 0,000753
написание 1,221849 0,001116
я 0,346787 0,001267
они 0,309804 0,000566
тьма 1,096910 0,001002
анна 0,537602 0,000737
зимин 1,698970 0,001552
угрюмый 1,698970 0,001552
герой 0,552842 0,001010
мамбурин 1,698970 0,001552
харитона 1,698970 0,001552
байконур 1,698970 0,001552
боев 1,397940 0,001277
торгаш 1,698970 0,001552
поставщик 1,522879 0,001391
проблема 0,698970 0,000639
ковтунов 1,698970 0,001552
алексей 0,552842 0,000505
нагинубатор 1,698970 0,001552
липарк 1,698970 0,001552
смерть 0,568636 0,001299
этот 0,173925 0,000636
afterparty 1,698970 0,001552
вера 0,958607 0,000876
эпингер 1,698970 0,001552
полоть 1,522879 0,001391
соловей 1,397940 0,001916
призрачный 1,522879 0,001391
павлов 1,698970 0,001552
ангела 1,096910 0,001002
ромашка 1,698970 0,001552
лидий 1,301030 0,001189
бова 1,698970 0,001552
пойти 1,000000 0,000914
ли 0,387216 0,000531
лес 0,958607 0,000876
господин 1,698970 0,001552
инквизитор 1,698970 0,001552
ксения 1,096910 0,001002
васев 1,698970 0,001552
хозяин 1,301030 0,001189
древо 1,698970 0,001552
сие 1,698970 0,001552
виноградов 1,096910 0,002004
меч 1,301030 0,001783
некромант 1,698970 0,003881
кудрявцев 1,221849 0,001116
гордость 1,397940 0,001277
злодей 1,397940 0,001277
зозый 1,698970 0,001552
кат 1,698970 0,001552
племя 1,397940 0,001277
изгой 1,397940 0,001277
ника 1,154902 0,001055
фабер 1,698970 0,001552
пиковый 1,698970 0,001552
дама 1,301030 0,001189
совунья 1,698970 0,001552
усмешка 1,522879 0,001391
дьявол 1,301030 0,001189
анастасий 1,096910 0,001002
квапель 1,698970 0,001552
ирина 0,823909 0,000753
илиади 1,698970 0,001552
знающий 1,522879 0,001391
лев 0,886057 0,001214
пучок 1,522879 0,001391
честь 1,045757 0,000955
пират 1,397940 0,001277
йо 1,698970 0,001552
хо 1,397940 0,001916
боцман 1,522879 0,001391
астрадени 1,698970 0,001552
джейн 1,221849 0,001116
огонь 1,000000 0,000914
ярослава 1,698970 0,001552
шагнуть 1,698970 0,001552
радуга 1,522879 0,001391
снежана 1,698970 0,001552
масалыкин 1,698970 0,001552
бестселлер 1,154902 0,001055
подписка 0,677781 0,000619
легионер 1,522879 0,001391
евгенья 0,698970 0,000639
лебедев 1,397940 0,001277
хороший 0,408935 0,000934
иза 0,167491 0,000689
плохой 0,853872 0,001560
дашко 1,698970 0,003105
двенадцатый 1,698970 0,001552
убивать 1,154902 0,001055
маска 0,823909 0,000753
николай 0,568636 0,001039
метельский 1,698970 0,001552
мочь 0,236572 0,000648
танцевать 1,698970 0,003105
вальтер 1,698970 0,003105
мимика 1,698970 0,001552
новый 0,244125 0,000223
миро 0,337242 0,000770
северный 1,301030 0,001189
лис 1,522879 0,001391
интерес 0,886057 0,000810
государство 0,958607 0,000876
дакия 1,698970 0,001552
алекса 1,154902 0,001055
хай 1,397940 0,001277
боец 0,920819 0,000841
планет 1,000000 0,000914
земля 0,744727 0,000680
тимофеев 1,698970 0,001552
чем 0,387216 0,000531
смешивать 1,698970 0,001552
свой 0,301030 0,000550
краска 1,221849 0,001116
dmitriy 1,698970 0,001552
nightingale 1,698970 0,001552
конец 0,657577 0,000601
ха 0,657577 0,000601
год 0,236572 0,000324
ссср 0,795880 0,000727
тело 0,698970 0,000639
ребенок 0,259637 0,000474
попадать 1,397940 0,001277
сознание 1,221849 0,001116
взрослый 0,920819 0,000841
мужчина 0,677781 0,000619
наш 0,309804 0,001132
временить 0,698970 0,000639
знание 1,045757 0,000955
умение 1,221849 0,001116
семья 0,552842 0,000758
мальчик 0,698970 0,000639
оказаться 0,638272 0,000875
простой 0,795880 0,000727
сын 0,698970 0,000639
дипломат 0,886057 0,000810
определить 0,920819 0,000841
минус 1,522879 0,001391
плюс 1,154902 0,001055
тот 0,376751 0,001377
кгб 1,301030 0,001189
присматривать 1,522879 0,001391
работник 1,154902 0,001055
мид 0,853872 0,000780
можно 0,420216 0,001152
ведь 1,045757 0,000955
себя 0,397940 0,000364
польза 1,154902 0,001055
повернуть 1,698970 0,001552
да 0,494850 0,000452
так 0,481486 0,000440
рекриптум 1,698970 0,001552
паразит 1,522879 0,001391
лумрас 1,698970 0,001552
всегда 0,657577 0,000901
хотеть 0,387216 0,000708
побывать 1,397940 0,001277
какой 0,337242 0,000308
друг 0,494850 0,000452
отличный 1,154902 0,001055
только 0,283997 0,000389
фея 1,698970 0,001552
эльф 1,301030 0,001189
магия 1,045757 0,000955
будущий 0,795880 0,000727
высокотехнологичный 1,522879 0,001391
прогрессировать 1,698970 0,001552
вот 0,677781 0,001239
куда 0,795880 0,000727
попасть 0,823909 0,000753
такой 0,397940 0,000545
существовать 1,045757 0,000955
стоить 1,154902 0,001055
недешевый 1,698970 0,001552
долго 0,958607 0,000876
копить 1,698970 0,001552
собственный 0,795880 0,000727
машина 0,853872 0,000780
она 0,356547 0,000489
равно 1,221849 0,001116
успеть 1,301030 0,001783
покататься 1,698970 0,001552
решиться 1,522879 0,001391
цивилизация 1,221849 0,001675
страус 1,698970 0,001552
мусанифа 1,698970 0,001552
нелегкий 1,698970 0,001552
жизнь 0,318759 0,000291
современник 1,221849 0,001116
воля 1,301030 0,001189
судьба 0,657577 0,000601
криозаморозок 1,698970 0,001552
столь 1,221849 0,001116
уж 1,221849 0,001116
далекий 0,769551 0,000703
будущее 0,602060 0,000550
сато 1,698970 0,001552
рагим 1,698970 0,001552
джафаров 1,698970 0,001552
завтра 0,920819 0,000841
ваш 0,431798 0,000986
сказать 0,795880 0,000727
вовсе 1,301030 0,001189
сначала 1,000000 0,000914
быть 0,161151 0,000515
смеяться 1,301030 0,001189
пот 0,886057 0,001214
стать 0,301030 0,000413
раздражать 1,522879 0,001391
начать 0,508638 0,000465
медленно 1,698970 0,001552
сходить 1,397940 0,001277
ум 1,000000 0,000914
вслед 1,397940 0,001277
оно 0,397940 0,000545
сумасшедший 1,698970 0,001552
элирма 1,698970 0,001552
посмыгай 1,698970 0,001552
мы 0,229148 0,000733
доиграться 1,698970 0,001552
момент 0,853872 0,000780
когда 0,397940 0,000364
создать 0,619789 0,000566
первый 0,346787 0,000475
ия 1,397940 0,001277
вселить 0,886057 0,000810
замерцать 1,698970 0,001552
сообщение 0,677781 0,000619
статус 1,096910 0,001002
предупреждение 1,221849 0,001116
получить 0,420216 0,000576
контакт 0,387216 0,000354
запрет 0,795880 0,000727
вмешательство 1,522879 0,001391
отозвать 1,397940 0,001277
вердикт 1,397940 0,001277
нулевой 1,301030 0,001189
тип 1,301030 0,001189
человечество 1,221849 0,001116
признать 0,958607 0,000876
опасный 0,744727 0,000680
категория 1,154902 0,001055
опасность 1,154902 0,001055
ааа 1,698970 0,001552
максимальный 1,698970 0,001552
подтвердить 1,045757 0,000955
интересоваться 1,397940 0,001277
который 0,236572 0,000540
недавно 1,154902 0,001055
просматривать 1,301030 0,001189
поступление 1,301030 0,001189
опубликовать 0,494850 0,000452
произведение 0,721246 0,001647
мама 0,795880 0,001091
или 0,292430 0,000935
замуж 1,154902 0,001055
гад 1,698970 0,001552
тонуть 1,522879 0,001391
марс 1,301030 0,001189
тенить 1,397940 0,001277
таять 1,221849 0,001116
лаваль 1,698970 0,001552
серый 1,221849 0,001116
мышка 1,698970 0,001552
альф 1,698970 0,001552
ас 1,522879 0,001391
чертаново 1,698970 0,001552
гостить 1,096910 0,001002
белаша 1,698970 0,002328
людмила 0,920819 0,000841
осколок 1,522879 0,001391
елена 0,698970 0,000639
малоземов 1,522879 0,001391
докричаться 1,698970 0,001552
небо 0,886057 0,000810
бонус 1,522879 0,001391
лан 1,397940 0,001277
муар 1,698970 0,001552
капкан 1,698970 0,001552
jain 1,698970 0,001552
solvaty 1,698970 0,001552
месть 1,221849 0,001675
зотиков 1,698970 0,002328
метка 1,698970 0,001552
богорад 1,698970 0,001552
александр 0,602060 0,000550
гусаров 1,522879 0,001391
обзор 0,795880 0,000727
видеоигра 1,221849 0,001116
рудаз 1,698970 0,001552
н 0,769551 0,001055
аниса 1,698970 0,003881
гот 1,096910 0,001002
пять 1,000000 0,000914
катерина 1,221849 0,001675
любовь 0,468521 0,000642
отлично 1,522879 0,001391
весомый 1,698970 0,002328
гонорар 1,522879 0,002087
система 0,721246 0,000659
эволюция 1,522879 0,001391
алексеев 1,221849 0,001116
апрель 0,275724 0,000252
вячеслава 1,221849 0,001116
неклюдов 1,698970 0,001552
человек 0,259637 0,000474
чучело 1,698970 0,001552
юрий 0,677781 0,001239
постников 1,698970 0,001552
сейчас 0,481486 0,000440
добавить 0,823909 0,000753
рацидор 1,698970 0,001552
чужое 1,301030 0,001189
враг 1,096910 0,001002
романов 1,045757 0,001433
двойной 1,096910 0,001002
кошмар 1,221849 0,001116
натан 1,301030 0,001189
темень 1,698970 0,001552
возрождение 1,096910 0,001503
вадима 1,045757 0,001911
ть 0,552842 0,001010
наследие 1,045757 0,000955
древние 1,397940 0,001277
найденов 1,698970 0,001552
пятый 0,795880 0,000727
содержанка 1,522879 0,001391
рассэл 1,698970 0,001552
бэдфорд 1,698970 0,001552
диана 1,096910 0,001002
соул 1,698970 0,001552
убийца 0,823909 0,000753
садовник 1,698970 0,001552
ален 1,397940 0,001277
волгин 1,698970 0,001552
ненужный 1,522879 0,001391
отказник 1,698970 0,001552
дант 1,698970 0,001552
сокрытый 1,698970 0,001552
легион 1,301030 0,001189
усачев 1,397940 0,001277
человечный 1,522879 0,001391
амальгама 1,698970 0,001552
жатва 1,698970 0,001552
василенко 1,698970 0,001552
есть 0,508638 0,000697
завтрак 1,522879 0,001391
антон 0,823909 0,000753
кун 1,698970 0,001552
ius 1,221849 0,001675
читатель 0,823909 0,001129
нравиться 1,045757 0,000955
поставить 0,823909 0,000753
лекарь 1,698970 0,001552
второй 0,602060 0,000550
королев 1,000000 0,000914
снежный 1,221849 0,001116
светлана 1,000000 0,000914
титов 1,698970 0,001552
вечный 1,045757 0,001911
обратный 0,508638 0,000465
история 0,283997 0,000259
карелин 1,698970 0,001552
обложка 1,154902 0,001055
бродяга 1,698970 0,001552
рунный 1,698970 0,001552
пророк 1,221849 0,001116
батаев 1,698970 0,001552
винокуров 1,698970 0,002328
real 1,397940 0,001277
rpg 1,698970 0,001552
город 0,397940 0,000364
гоблин 1,522879 0,001391
жгулев 1,698970 0,001552
петра 1,000000 0,000914
i 0,769551 0,000703
грешник 1,698970 0,001552
злобин 1,698970 0,001552
ворг 1,698970 0,001552
полночь 1,397940 0,001277
марго 1,698970 0,001552
генера 1,698970 0,001552
меж 1,698970 0,001552
молот 1,698970 0,001552
наковальня 1,698970 0,001552
rain 1,698970 0,001552
славий 1,698970 0,001552
освящение 1,698970 0,001552
иван 0,619789 0,000566
шаман 1,522879 0,001391
чтение 1,045757 0,001911
сопровождать 1,397940 0,001277
ранний 1,000000 0,000914
возраст 0,920819 0,000841
глубокий 1,096910 0,001002
старость 1,154902 0,001055
кома 0,958607 0,000876
нрав 1,397940 0,001277
наслаждаться 1,397940 0,001916
изящный 1,522879 0,001391
словесный 1,698970 0,001552
оборот 1,221849 0,001116
классика 1,045757 0,000955
мировой 0,721246 0,000659
литература 0,744727 0,000680
кто 0,346787 0,000475
находить 1,154902 0,001055
ответ 0,677781 0,000619
волнующий 1,698970 0,001552
вопрос 0,420216 0,000384
нона 1,397940 0,001277
фикшн 1,698970 0,001552
возможность 0,537602 0,001719
развлечься 1,698970 0,001552
лихо 1,698970 0,001552
закрутить 1,698970 0,001552
сюжет 0,744727 0,000680
фантастический 0,958607 0,000876
произведенье 0,853872 0,001950
технология 0,408935 0,000374
подарить 1,096910 0,001002
прекрасный 0,920819 0,000841
практически 1,096910 0,001002
любой 0,420216 0,000576
обстановка 1,154902 0,001055
нужно 0,698970 0,000958
лишь 1,045757 0,001433
под 0,376751 0,000688
рука 0,677781 0,000929
планшет 1,397940 0,001277
ноутбук 1,522879 0,001391
обычный 1,000000 0,000914
смартфон 1,045757 0,000955
скачать 1,096910 0,002004
место 0,481486 0,000440
удобный 0,920819 0,001683
обладать 1,154902 0,001055
множество 1,301030 0,001189
достоинство 1,397940 0,001277
целый 1,000000 0,000914
настроение 1,000000 0,000914
аудиоверсия 1,397940 0,001277
слушать 0,886057 0,000810
даже 0,602060 0,000550
руль 1,045757 0,000955
пробежка 1,698970 0,001552
заниматься 0,886057 0,000810
ежедневный 1,154902 0,001055
рутина 1,698970 0,001552
появляться 1,221849 0,001116
горазд 1,522879 0,001391
быстрый 1,000000 0,000914
бумажный 1,397940 0,001277
варианта 1,698970 0,001552
том 0,920819 0,000841
же 0,721246 0,001647
надо 0,795880 0,000727
ехать 1,221849 0,001116
магазин 0,619789 0,000566
ждать 0,619789 0,000566
доставка 1,397940 0,001277
чтобы 0,408935 0,000934
возможный 0,769551 0,000703
важно 1,221849 0,001116
найти 0,356547 0,000326
качественный 1,301030 0,001783
ресурс 0,853872 0,001170
большой 0,657577 0,000601
коллекция 0,769551 0,000703
формат 0,920819 0,001262
бесплатный 0,853872 0,001170
author 1,397940 0,002554
today 1,221849 0,002233
право 0,292430 0,000267
считаться 1,397940 0,001277
именно 0,823909 0,000753
любить 0,537602 0,000491
интерфейс 1,301030 0,001189
интуитивно 1,698970 0,001552
понятный 1,397940 0,001277
поиск 0,387216 0,000531
синхронизация 1,698970 0,001552
устройство 1,000000 0,001370
сервис 0,537602 0,000491
рекомендация 1,045757 0,000955
формировать 1,397940 0,001277
основа 0,886057 0,000810
личной 0,958607 0,000876
предпочтенье 1,698970 0,001552
конечный 1,221849 0,001116
контент 1,045757 0,000955
прямо 0,958607 0,001314
сайт 0,173925 0,000477
понравиться 1,000000 0,000914
вернуться 0,638272 0,000583
отсутствие 1,096910 0,001002
доступ 0,920819 0,000841
интернет 0,455932 0,000417
например 1,397940 0,001277
самолет 0,721246 0,000659
предлагать 0,958607 0,000876
огромный 0,721246 0,000659
выбор 0,619789 0,000566
русский 0,318759 0,000291
зарубежный 0,769551 0,000703
написать 0,619789 0,000849
разнообразный 1,698970 0,001552
посетитель 1,154902 0,001055
уникальный 0,744727 0,000680
процесс 1,221849 0,001116
создание 0,721246 0,000659
тем 0,920819 0,000841
следить 1,154902 0,001055
развитие 0,568636 0,000520
начинающий 1,154902 0,001055
его 0,346787 0,000317
шаг 1,045757 0,000955
писательский 1,522879 0,001391
стезя 1,698970 0,001552
курс 0,602060 0,000550
новость 0,161151 0,000221
первое 0,721246 0,000659
получать 0,677781 0,000619
информация 0,327902 0,000449
полюбиться 1,698970 0,001552
серия 0,744727 0,000680
подписываться 1,301030 0,001189
еще 0,327902 0,000300
предусмотреть 1,397940 0,001277
персональный 0,619789 0,000566
настройка 0,920819 0,000841
позволять 0,886057 0,000810
размер 1,096910 0,001002
гарнитура 1,698970 0,001552
текст 0,585027 0,000802
цветовой 1,522879 0,001391
оформление 1,221849 0,001116
соответствующий 1,154902 0,001055
пункт 1,221849 0,001116
тут 0,853872 0,001170
полностью 0,795880 0,000727
раздел 1,000000 0,000914
инфо 1,522879 0,001391
проект 0,259637 0,000356
справочный 1,301030 0,001189
помощь 0,481486 0,000440
править 0,638272 0,000583
соглашение 0,443697 0,000608
конфиденциальность 0,698970 0,000639
пользовательский 0,552842 0,000505
публичный 1,154902 0,001055
оферта 1,397940 0,001277
предложение 0,853872 0,000780
идея 0,853872 0,000780
поддержка 0,537602 0,000491
support 1,045757 0,000955
создатель 1,096910 0,001002
шапин 1,698970 0,001552
подписаться 0,677781 0,000619
содержать 1,045757 0,000955
материал 0,292430 0,000267
предназначить 1,045757 0,000955
просмотр 0,920819 0,000841
лицо 0,537602 0,000491
достигнуть 0,958607 0,000876
лет 0,337242 0,000308
наверх 1,301030 0,001189
вниз 1,698970 0,001552
вход 0,602060 0,000550
вконтакт 0,638272 0,000583
google 0,744727 0,000680
yandex 0,958607 0,000876
запомнить 1,397940 0,001277
забыть 0,657577 0,000601
пароль 0,853872 0,000780
нет 0,537602 0,000491
аккаунт 1,045757 0,000955
зарегистрироваться 1,000000 0,000914
