интернет 0,522879 0,001867
библиотека 0,920819 0,009866
алексея 1,154902 0,006187
комарова 1,522879 0,013597
авторы 0,823909 0,004414
совет 1,000000 0,003571
чтобы 0,408935 0,001460
найти 0,508638 0,001817
произведение 1,221849 0,004364
воспользуйтесь 1,397940 0,004993
поиском 1,698970 0,006068
или 0,292430 0,001567
авторским 1,522879 0,005439
указателем 1,698970 0,006068
верхней 1,522879 0,005439
части 0,920819 0,003289
страниц 1,154902 0,004125
самое 0,886057 0,003164
актуальное 1,397940 0,004993
сегодня 0,443697 0,002377
война 0,795880 0,004264
мир 0,431798 0,002313
л 0,958607 0,010271
н 0,769551 0,008245
толстой 1,154902 0,014436
преступление 1,045757 0,005602
наказание 1,221849 0,006546
ф 1,045757 0,009337
м 0,698970 0,004993
достоевский 1,522879 0,016317
человек 0,420216 0,001501
футляре 1,698970 0,006068
а 0,221849 0,003169
п 1,096910 0,015670
чехов 1,698970 0,024271
крыжовник 1,698970 0,006068
ионыч 1,698970 0,006068
любви 0,677781 0,002421
мертвые 1,301030 0,006970
души 0,958607 0,005135
гоголь 1,397940 0,009985
вишневый 1,522879 0,005439
сад 1,000000 0,003571
дама 1,397940 0,004993
собачкой 1,698970 0,006068
детство 1,397940 0,004993
избранные 1,522879 0,008158
лермонтов 1,301030 0,006970
пушкин 1,154902 0,006187
последние 0,568636 0,002031
поступления 1,522879 0,005439
д 0,721246 0,002576
мамин 1,698970 0,006068
сибиряк 1,698970 0,006068
богач 1,698970 0,006068
еремка 1,698970 0,006068
старый 1,301030 0,004647
воробей 1,522879 0,005439
вертел 1,698970 0,006068
глуши 1,698970 0,006068
бозат 1,698970 0,006068
серая 1,522879 0,005439
шейка 1,698970 0,006068
приемыш 1,698970 0,006068
постойко 1,698970 0,006068
зимовье 1,698970 0,006068
студеной 1,698970 0,006068
емеля 1,698970 0,006068
охотник 1,221849 0,004364
никитин 1,397940 0,004993
пахарь 1,698970 0,006068
солнце 1,397940 0,004993
день 0,522879 0,002801
нагулялося 1,698970 0,006068
ночь 0,958607 0,003424
тобой 1,522879 0,005439
жду 1,698970 0,006068
встречи 0,886057 0,003164
чуть 1,000000 0,003571
сошлись 1,301030 0,004647
мы 0,327902 0,001171
друг 0,769551 0,004123
друга 0,886057 0,003164
узнали 1,301030 0,004647
альбом 1,522879 0,008158
жюно 1,698970 0,006068
дик 1,698970 0,006068
невесел 1,698970 0,006068
наш 0,795880 0,002842
север 1,397940 0,004993
холодный 1,522879 0,005439
плотниковой 1,698970 0,006068
прохладно 1,698970 0,006068
все 0,124939 0,000446
окна 1,522879 0,005439
открыты 1,397940 0,004993
помню 1,397940 0,004993
я 0,356547 0,002547
бывало 1,698970 0,006068
няня 1,522879 0,005439
кого 0,823909 0,002943
нет 0,537602 0,001920
думы 1,698970 0,006068
рассказ 1,096910 0,003918
моего 1,301030 0,004647
знакомого 1,522879 0,005439
позвольте 1,698970 0,006068
сысой 1,698970 0,009102
николаю 1,698970 0,006068
ивановичу 1,698970 0,006068
второву 1,698970 0,006068
как 0,187087 0,000668
другу 1,045757 0,005602
милому 1,698970 0,006068
единственному 1,698970 0,006068
новая 0,677781 0,002421
утрата 1,698970 0,006068
давно 0,769551 0,004123
ль 1,698970 0,006068
повеселел 1,698970 0,006068
мой 0,769551 0,005497
уголок 1,522879 0,005439
печальный 1,698970 0,006068
песня 1,045757 0,003735
ковыль 1,522879 0,008158
моя 0,886057 0,003164
травушка 1,698970 0,006068
бесприютная 1,698970 0,006068
взятие 1,698970 0,006068
карса 1,698970 0,006068
храмы 1,522879 0,005439
братьи 1,698970 0,006068
колени 1,522879 0,005439
затеплились 1,698970 0,006068
звезды 0,769551 0,002748
одна 1,000000 0,005357
другою 1,698970 0,006068
музыка 0,677781 0,002421
леса 1,221849 0,004364
конца 0,886057 0,003164
поля 1,221849 0,004364
последнее 0,853872 0,003050
свиданье 1,698970 0,006068
зачем 0,744727 0,002660
это 0,251812 0,001349
ты 0,698970 0,002496
матушка 1,698970 0,006068
выезд 1,522879 0,005439
троечника 1,698970 0,006068
ну 1,045757 0,003735
кажись 1,698970 0,006068
готов 1,154902 0,004125
не 0,136677 0,000976
смейся 1,698970 0,006068
родимый 1,522879 0,005439
кормилец 1,698970 0,006068
полями 1,698970 0,006068
вечерняя 1,397940 0,004993
зорька 1,698970 0,006068
горит 1,522879 0,005439
дележ 1,698970 0,006068
да 0,698970 0,002496
сударь 1,698970 0,006068
нередко 1,522879 0,005439
вот 0,677781 0,002421
бывает 1,221849 0,004364
октября 1,045757 0,003735
что 0,161151 0,000576
утро 1,045757 0,003735
серебряный 1,301030 0,004647
иней 1,522879 0,005439
отвяжися 1,698970 0,006068
тоска 1,397940 0,004993
лесу 1,154902 0,004125
привет 1,397940 0,004993
тебе 1,096910 0,003918
знакомец 1,698970 0,006068
кудрявый 1,698970 0,006068
савостьянову 1,698970 0,006068
спится 1,698970 0,006068
мне 0,744727 0,003990
окно 1,397940 0,004993
отворено 1,698970 0,006068
слепой 1,522879 0,005439
гусляр 1,698970 0,006068
уж 1,221849 0,004364
вижу 1,698970 0,006068
солнца 1,301030 0,004647
неба 1,522879 0,005439
пусть 1,522879 0,005439
снова 0,744727 0,002660
дни 0,920819 0,003289
мои 1,221849 0,004364
горе 1,397940 0,004993
принесут 1,698970 0,006068
просто 0,602060 0,002150
из 0,167491 0,000598
старейших 1,698970 0,006068
известнейших 1,698970 0,006068
электронных 1,096910 0,003918
библиотек 1,522879 0,005439
российского 0,698970 0,002496
интернета 1,045757 0,003735
основана 1,522879 0,005439
году 0,602060 0,002150
позволяет 1,301030 0,004647
читать 0,698970 0,002496
онлайн 0,387216 0,001383
наиболее 1,045757 0,003735
значимые 1,698970 0,006068
произведения 0,823909 0,002943
русской 0,744727 0,002660
литературы 0,920819 0,003289
подробнее 0,677781 0,002421
тексты 1,096910 0,003918
евгений 0,698970 0,002496
онегин 1,397940 0,004993
герой 0,853872 0,003050
нашего 0,958607 0,003424
времени 0,698970 0,002496
тургенев 1,301030 0,004647
отцы 1,301030 0,004647
дети 0,677781 0,002421
анна 0,568636 0,002031
каренина 1,522879 0,005439
идиот 1,522879 0,005439
воскресение 1,698970 0,006068
братья 1,154902 0,004125
карамазовы 1,698970 0,006068
email 1,154902 0,004125
otklik 1,698970 0,006068
ilibrary 1,698970 0,006068
библиотеке 1,397940 0,004993
реклама 0,346787 0,001239
сайте 0,420216 0,001501
алексей 0,602060 0,002150
комаров 1,698970 0,006068
подборка 1,221849 0,004364
произведений 0,853872 0,003050
оформление 1,397940 0,004993
программирование 1,522879 0,005439
