артхив 1,698970 0,012827
социальный 0,522879 0,001361
сеть 0,443697 0,001271
художник 0,744727 0,011052
ценитель 1,698970 0,001327
искусство 0,744727 0,001551
использовать 0,568636 0,001184
наш 0,309804 0,000403
сайт 0,173925 0,000498
вы 0,301030 0,000705
принимать 0,886057 0,000461
условие 0,468521 0,000244
согласно 1,154902 0,000601
который 0,236572 0,000678
мы 0,229148 0,000537
cookie 0,958607 0,000998
файл 0,920819 0,000959
для 0,107905 0,000759
анализ 1,154902 0,000601
данный 0,455932 0,000475
создание 0,721246 0,000563
контент 1,045757 0,000545
тома 0,522879 0,000817
число 0,853872 0,000667
рекламный 1,301030 0,000677
основа 0,886057 0,000461
ваш 0,431798 0,000337
интерес 0,886057 0,000461
узнать 0,698970 0,000364
много 0,301030 0,000627
какой 0,337242 0,000351
собирать 1,154902 0,001203
можно 0,420216 0,000438
здесь 0,698970 0,000546
принять 0,638272 0,000499
русский 0,318759 0,000249
english 1,096910 0,000571
deutsch 1,522879 0,000793
espa 1,522879 0,000793
ol 1,397940 0,000728
fran 1,522879 0,000793
abe 1,522879 0,000793
italiano 1,698970 0,000885
slovenski 1,698970 0,000885
выбрать 0,568636 0,000296
язык 0,568636 0,000740
пользоваться 1,000000 0,000521
удобный 0,920819 0,000719
картина 0,721246 0,007511
галерея 0,853872 0,006891
выставка 0,769551 0,003005
новость 0,161151 0,000420
тест 0,602060 0,000627
знание 1,045757 0,001906
энциклопедия 1,522879 0,003172
коллекция 0,769551 0,002605
подборка 0,721246 0,001314
справочник 1,301030 0,001355
коллекционер 1,301030 0,002032
любитель 1,301030 0,001355
проект 0,259637 0,000541
блог 0,795880 0,001450
вакансия 0,657577 0,000856
реклама 0,259637 0,000338
создать 0,619789 0,001936
или 0,292430 0,001751
pro 1,154902 0,002105
аккаунт 1,045757 0,001361
мобильный 0,769551 0,002204
приложение 0,657577 0,002739
ввести 0,721246 0,000376
ключевой 0,619789 0,000323
слово 0,552842 0,000720
быстрый 1,000000 0,000521
поиск 0,387216 0,000302
помочь 0,537602 0,000420
найти 0,356547 0,000557
пользователь 0,657577 0,001198
стать 0,301030 0,000549
а 0,221849 0,001097
подсказать 1,221849 0,000636
что 0,161151 0,000755
искать 0,698970 0,000546
ранее 0,958607 0,000499
вход 0,602060 0,000627
войти 0,468521 0,000854
залогинуться 1,698970 0,000885
чтобы 0,408935 0,000532
максимум 1,397940 0,001092
функция 1,522879 0,001189
регистрация 0,408935 0,000532
учетный 1,522879 0,000793
запись 1,045757 0,000545
зарегистрироваться 1,000000 0,001302
этот 0,173925 0,000815
действие 0,823909 0,000644
доступно 1,397940 0,001456
только 0,283997 0,000444
зарегистрировать 0,619789 0,000807
забыть 0,657577 0,000514
пароль 0,853872 0,001112
оставаться 0,886057 0,000923
система 0,721246 0,000563
я 0,346787 0,000361
заходить 1,221849 0,000954
согласный 1,096910 0,000857
правило 0,769551 0,000601
политика 0,638272 0,000499
конфиденциальность 0,698970 0,000728
получать 0,677781 0,000882
рассылка 0,769551 0,000601
начать 0,508638 0,000397
работа 0,431798 0,002923
восстановить 1,154902 0,000601
готовый 0,744727 0,000776
восстановление 1,096910 0,000571
выполнить 1,221849 0,000954
контакт 0,387216 0,000202
главное 0,327902 0,000171
меню 0,886057 0,000461
главный 0,346787 0,000271
страница 0,619789 0,001130
продать 1,045757 0,000817
добавить 0,823909 0,000429
остановить 1,221849 0,000954
война 0,522879 0,000681
украина 0,455932 0,000475
помощь 0,481486 0,000752
конструктор 1,397940 0,001092
arthive 1,698970 0,002212
site 1,301030 0,001016
разработать 1,000000 0,000521
специально 1,221849 0,000636
простой 0,795880 0,000414
управление 0,920819 0,000479
профиль 1,221849 0,000636
прекрасный 0,920819 0,000479
дизайн 0,920819 0,000719
гибкий 1,522879 0,000793
настройка 0,920819 0,000479
прямой 0,619789 0,000323
продажа 0,657577 0,001027
статистик 1,045757 0,000545
весь 0,107905 0,000562
подписываться 1,301030 0,000677
любимый 0,744727 0,000388
иза 0,167491 0,000741
произведенье 0,853872 0,000889
статья 0,619789 0,000323
слушать 0,886057 0,000461
аудиогид 1,522879 0,001982
редакция 0,366532 0,000286
пополнять 1,698970 0,000885
отобрать 1,221849 0,000636
эксперт 0,568636 0,000592
музей 0,823909 0,003432
распознавание 1,397940 0,001092
произве 1,698970 0,001327
дения 1,698970 0,001327
фотография 0,795880 0,000622
афиша 0,795880 0,000622
каждый 0,552842 0,000432
смартфон 1,045757 0,000545
взять 0,958607 0,000749
себя 0,397940 0,000518
тысяча 0,568636 0,000740
описануть 1,698970 0,000885
и 1,397940 0,000728
актуальный 0,823909 0,000429
арта 1,045757 0,004084
событие 0,455932 0,000356
доступ 0,920819 0,000479
база 1,096910 0,000571
установить 0,958607 0,000499
io 1,000000 0,000521
android 0,958607 0,000499
краткий 1,096910 0,000857
курс 0,602060 0,000470
украинский 0,522879 0,000681
часть 0,638272 0,000831
ius 1,221849 0,000636
предмет 1,096910 0,000571
быт 1,301030 0,000677
знаменитый 0,886057 0,000692
есть 0,508638 0,000265
л 0,795880 0,000414
жанка 1,698970 0,000885
ганч 1,698970 0,000885
рка 1,698970 0,000885
шкарпетки 1,698970 0,000885
некоторые 1,045757 0,001089
другой 0,356547 0,000278
объект 1,000000 0,000521
новичок 1,698970 0,001327
бороться 1,221849 0,000636
побороть 1,397940 0,000728
знаковый 1,522879 0,001586
тарас 1,096910 0,000571
шевченко 1,698970 0,000885
поэт 0,886057 0,000923
протяжение 1,522879 0,000793
три 0,522879 0,000408
десятилетие 1,221849 0,000636
i 0,769551 0,000401
животное 0,886057 0,000461
птица 0,958607 0,000499
насекомое 1,522879 0,000793
известный 0,677781 0,001941
полотно 1,522879 0,003568
лелечь 1,698970 0,000885
пацюк 1,698970 0,000885
метелик 1,698970 0,000885
бэнкси 1,698970 0,000885
охматдеть 1,698970 0,000885
разрушить 1,301030 0,000677
оно 0,397940 0,000414
куинджа 1,698970 0,003096
jr 1,698970 0,000885
львов 1,698970 0,000885
дайджест 1,221849 0,000636
представлять 1,045757 0,000545
обзор 0,795880 0,000414
связанный 1,301030 0,000677
танцовщица 1,301030 0,001694
лондонский 1,301030 0,001016
национальный 0,698970 0,000364
переименовать 1,522879 0,000793
дега 1,698970 0,007077
костюм 1,301030 0,001016
венок 1,698970 0,000885
они 0,309804 0,000968
желтый 1,397940 0,000728
голубой 1,221849 0,000636
лента 0,677781 0,000706
факт 0,769551 0,000601
день 0,236572 0,000246
почему 0,366532 0,000477
жена 0,677781 0,001235
айвазовский 1,698970 0,003981
сжечь 1,301030 0,001016
балетка 1,698970 0,001327
женщина 0,619789 0,000645
необычный 1,154902 0,000601
первый 0,346787 0,000903
гувернантка 1,698970 0,000885
юлий 0,823909 0,000429
гревс 1,698970 0,000885
второй 0,602060 0,000470
анна 0,537602 0,000420
саркизов 1,698970 0,000885
младший 1,301030 0,001016
его 0,346787 0,001354
почтить 0,823909 0,001073
лет 0,337242 0,000527
быть 0,161151 0,000965
еще 0,327902 0,000341
один 0,356547 0,000743
балерина 1,698970 0,000885
мария 0,657577 0,000856
тальони 1,698970 0,001327
старший 0,721246 0,000376
история 0,283997 0,000222
отношенье 1,045757 0,000545
суть 1,522879 0,000793
легенда 0,795880 0,000622
подняться 1,221849 0,000636
когда 0,397940 0,000829
задеть 1,522879 0,000793
она 0,356547 0,002321
экипаж 1,154902 0,000601
он 0,455932 0,002611
упасть 0,920819 0,000479
дорога 0,657577 0,000342
билет 0,853872 0,000445
представление 1,397940 0,001092
италия 1,045757 0,000545
два 0,346787 0,000271
купить 0,744727 0,000388
наконец 1,301030 0,000677
личный 0,657577 0,000342
встреча 0,638272 0,000332
счастье 0,769551 0,000401
любовь 0,468521 0,000244
живопись 1,154902 0,001804
балет 1,096910 0,000857
предлагать 0,958607 0,000749
возлюбить 1,397940 0,000728
рука 0,677781 0,000353
сердце 0,769551 0,000401
получить 0,420216 0,000547
отказ 0,886057 0,000461
всего 0,721246 0,000563
как 0,187087 0,000682
говорить 0,537602 0,000280
память 0,823909 0,000429
жизнь 0,318759 0,000415
остаться 0,721246 0,000376
розовый 1,221849 0,000636
умереть 0,886057 0,000692
дело 0,481486 0,000501
реликвия 1,698970 0,000885
венценосный 1,698970 0,000885
британский 1,000000 0,001041
королев 1,000000 0,000521
викторий 1,154902 0,000601
делать 0,744727 0,000776
набросок 1,698970 0,001327
портрет 1,221849 0,002545
член 1,000000 0,000781
королевский 1,096910 0,001713
семья 0,552842 0,000432
ни 0,698970 0,001092
кой 1,301030 0,000677
случай 0,568636 0,000296
не 0,136677 0,000925
предназначаться 1,698970 0,000885
посторонний 1,698970 0,000885
глаз 0,886057 0,000461
некий 1,221849 0,000636
журналист 0,920819 0,000479
сообщить 0,585027 0,000305
величество 1,698970 0,000885
подать 1,221849 0,000636
суд 0,795880 0,000414
иск 1,522879 0,000793
публичный 1,154902 0,000601
персона 1,096910 0,000571
против 0,387216 0,000202
сми 0,468521 0,000244
так 0,481486 0,000877
персональный 0,619789 0,000323
устроить 1,000000 0,000521
после 0,356547 0,000650
смерть 0,568636 0,000740
год 0,236572 0,000862
зритель 0,920819 0,000479
увидеть 1,154902 0,001203
милый 1,301030 0,000677
эскиз 1,698970 0,001327
дочь 0,958607 0,001248
виктория 1,522879 0,000793
ванна 1,522879 0,000793
одетый 1,698970 0,001327
платье 1,154902 0,000902
рисунок 1,301030 0,001016
раскрыть 0,886057 0,000461
человек 0,259637 0,000203
талант 0,920819 0,000959
королева 1,397940 0,000728
котор 1,045757 0,000545
мало 0,920819 0,000719
кто 0,346787 0,000181
знать 0,494850 0,000644
тот 0,376751 0,001471
кстати 1,397940 0,000728
рисование 1,397940 0,001092
увлекаться 1,698970 0,000885
потомок 1,522879 0,000793
чарльз 1,698970 0,000885
принц 1,221849 0,000636
уэльский 1,698970 0,000885
создавать 1,000000 0,000521
живописный 1,397940 0,000728
акварельный 1,698970 0,001327
пейзаж 1,698970 0,002212
разный 0,677781 0,000529
место 0,481486 0,000376
мир 0,387216 0,000202
австралия 1,154902 0,000601
азия 1,301030 0,000677
ямайка 1,698970 0,000885
конечный 1,221849 0,000954
сад 0,958607 0,000749
любовница 1,397940 0,001092
тициан 1,698970 0,002212
честный 1,154902 0,000601
приятный 1,096910 0,000571
сюрприз 1,221849 0,000636
реставратор 1,522879 0,001189
обнаружить 0,958607 0,000749
резиденция 1,698970 0,000885
герцог 1,698970 0,001327
веллингтон 1,698970 0,000885
принадлежать 0,920819 0,000479
кисть 1,698970 0,001327
великий 0,619789 0,000807
безымянный 1,522879 0,000793
последователь 1,698970 0,001327
под 0,376751 0,000294
название 1,000000 0,000521
считаться 1,397940 0,001820
нарисовать 1,301030 0,001016
ть 0,552842 0,000288
появляться 1,221849 0,000954
публика 1,522879 0,000793
столетие 1,397940 0,000728
чуть 1,000000 0,000781
ли 0,387216 0,000302
время 0,327902 0,000512
добыть 1,522879 0,000793
награбить 1,698970 0,000885
испанский 1,096910 0,000857
привезти 1,397940 0,000728
лондон 1,096910 0,000857
ирония 1,397940 0,000728
владеть 1,301030 0,001016
подлинник 1,397940 0,000728
копия 1,522879 0,001189
рейнольдс 1,522879 0,001586
варвара 1,698970 0,000885
президент 0,698970 0,000364
академия 1,045757 0,000545
джошуа 1,522879 0,000793
иметь 0,853872 0,000445
навязчивый 1,698970 0,000885
склонность 1,698970 0,000885
переписывание 1,698970 0,000885
переработка 1,522879 0,000793
свое 0,455932 0,000475
великое 1,000000 0,000521
коллега 1,154902 0,000601
исследование 0,958607 0,000499
рембрандт 1,698970 0,000885
сусанна 1,698970 0,001327
старец 1,698970 0,001327
прийти 0,958607 0,000499
шокировать 1,397940 0,000728
вывод 1,397940 0,000728
значительный 1,154902 0,000601
перекрасить 1,698970 0,000885
xviius 1,397940 0,000728
веко 1,522879 0,000793
участок 1,301030 0,000677
просто 0,602060 0,000470
промыть 1,522879 0,000793
растворитель 1,698970 0,000885
прописать 1,522879 0,000793
заново 1,698970 0,000885
современный 0,537602 0,001260
временить 0,698970 0,000728
светлый 1,397940 0,000728
тон 1,397940 0,000728
ученый 0,853872 0,000445
считать 0,744727 0,000388
варварство 1,397940 0,000728
заниматься 0,886057 0,000923
никто 0,823909 0,000858
иной 0,958607 0,000499
редактура 1,522879 0,000793
относиться 1,154902 0,000601
раз 0,638272 0,000332
том 0,920819 0,000479
период 0,920819 0,000719
находиться 0,823909 0,000644
наполеон 1,698970 0,002212
iius 1,154902 0,000902
отстегать 1,698970 0,000885
хлыст 1,698970 0,001769
курбе 1,698970 0,002212
гюстав 1,698970 0,001327
купальщица 1,698970 0,001327
салон 1,397940 0,000728
ударить 1,000000 0,000521
сделать 0,657577 0,000685
общепринятый 1,698970 0,000885
версия 0,522879 0,000408
император 1,154902 0,000601
возмутить 1,397940 0,000728
грубый 1,397940 0,000728
натурализм 1,698970 0,000885
богиня 1,522879 0,000793
коренастый 1,698970 0,000885
крестьянка 1,698970 0,000885
да 0,494850 0,000644
грязный 1,397940 0,000728
пятка 1,698970 0,000885
альтернативный 1,096910 0,000571
вообще 1,221849 0,000636
такой 0,397940 0,000414
образ 0,853872 0,001334
отреагировать 1,301030 0,000677
блестеть 1,698970 0,000885
шутка 1,397940 0,001092
свой 0,301030 0,001097
императрица 1,522879 0,001586
евгений 0,795880 0,000622
сопровождать 1,397940 0,000728
там 0,769551 0,000401
удивить 1,045757 0,000545
гигантский 1,522879 0,000793
лошадиный 1,698970 0,000885
круп 1,698970 0,000885
роза 1,045757 0,000545
бонер 1,698970 0,000885
объяснить 0,677781 0,000353
изобразить 1,522879 0,001189
скакун 1,698970 0,000885
першерон 1,698970 0,000885
порода 1,397940 0,000728
славиться 1,698970 0,000885
крепкий 1,397940 0,000728
телосложение 1,698970 0,000885
дойти 1,698970 0,000885
указывать 1,522879 0,000793
впечатляющий 1,397940 0,000728
зад 1,698970 0,000885
героиня 1,045757 0,000545
улыбнуться 1,698970 0,000885
спросить 1,154902 0,000601
першеронка 1,698970 0,000885
острота 1,698970 0,000885
восхитить 1,698970 0,001327
щелкнуть 1,698970 0,000885
кот 0,958607 0,000998
винчи 1,698970 0,001327
леонардо 1,522879 0,001189
любить 0,537602 0,000420
наблюдать 1,698970 0,000885
кошка 1,522879 0,001189
зарисовывать 1,698970 0,000885
настроение 1,000000 0,000521
поза 1,522879 0,000793
судя 1,698970 0,000885
восемь 1,045757 0,000545
подготовительный 1,698970 0,000885
задумывать 1,698970 0,000885
мадонна 1,397940 0,000728
младенец 1,397940 0,000728
понять 0,769551 0,000601
идея 0,853872 0,000445
воплотиться 1,698970 0,000885
комбинация 1,397940 0,001092
живой 0,769551 0,000401
модель 0,769551 0,001002
очень 0,568636 0,000296
непоседливый 1,698970 0,000885
блестяще 1,698970 0,000885
уловить 1,698970 0,000885
борьба 0,721246 0,000376
малыш 1,045757 0,000817
животный 1,522879 0,000793
явно 1,397940 0,000728
вынудить 1,045757 0,000545
рисовать 1,154902 0,000601
высокий 0,721246 0,000376
скорость 1,154902 0,000601
должно 1,221849 0,000636
попытка 0,886057 0,000461
удержать 1,522879 0,000793
течение 1,096910 0,000571
многий 1,096910 0,000571
часы 0,886057 0,000461
необходимый 1,000000 0,000521
детальный 1,698970 0,000885
проработка 1,698970 0,000885
масло 1,096910 0,000571
обречь 1,698970 0,000885
провал 1,522879 0,000793
лишить 1,154902 0,000601
закончить 1,301030 0,001355
произведение 0,721246 0,000563
мастер 0,795880 0,000829
унижение 1,397940 0,000728
рубенс 1,698970 0,002212
ван 1,000000 0,001562
дейк 1,698970 0,002212
посмертно 1,698970 0,000885
умирать 1,397940 0,000728
депеша 1,698970 0,000885
король 0,920819 0,000479
сомневаться 1,522879 0,000793
предложить 0,744727 0,000776
пря 0,387216 0,000202
двор 1,301030 0,001016
филипп 1,221849 0,000636
iv 1,522879 0,000793
просить 1,096910 0,000571
прежде 1,045757 0,000817
завершить 0,958607 0,000499
даже 0,602060 0,000470
могила 1,301030 0,000677
суметь 1,522879 0,000793
унизить 1,522879 0,000793
мень 0,657577 0,000514
сказать 0,795880 0,000414
досада 1,698970 0,000885
жить 0,585027 0,000305
совсем 1,154902 0,000902
недолго 1,522879 0,000793
декабрь 0,795880 0,000414
летний 0,721246 0,000563
загадочный 1,154902 0,000601
болезнь 1,045757 0,000545
похоронный 1,522879 0,000793
крестина 1,698970 0,000885
новорожденный 1,522879 0,000793
иустиниана 1,698970 0,000885
джексон 1,301030 0,001016
поллка 1,698970 0,001327
визитка 1,698970 0,000885
изобретать 1,698970 0,000885
фреска 1,698970 0,001327
поллок 1,698970 0,000885
писать 0,744727 0,000776
огромный 0,721246 0,000376
пегга 1,698970 0,000885
гуггенхайм 1,698970 0,000885
заказать 1,301030 0,000677
стен 1,221849 0,000636
дом 0,356547 0,000278
сюрреалист 1,698970 0,000885
марсель 1,522879 0,001586
дюшан 1,698970 0,000885
посоветовать 1,096910 0,000571
штукатурка 1,698970 0,000885
холст 1,698970 0,001769
отложить 1,397940 0,000728
заказ 1,000000 0,001302
полка 1,522879 0,000793
несколько 0,744727 0,000582
месяц 0,537602 0,000420
провести 0,721246 0,000376
созерцать 1,698970 0,000885
обдумывать 1,698970 0,000885
чистый 1,301030 0,000677
постепенно 1,698970 0,000885
впадать 1,522879 0,000793
настоящий 0,795880 0,000622
депрессия 1,522879 0,000793
краснер 1,698970 0,000885
однако 0,886057 0,000923
вырулить 1,698970 0,000885
нея 1,045757 0,000545
ночь 0,721246 0,000376
творец 1,522879 0,000793
посетить 0,886057 0,000461
вдохновение 1,301030 0,000677
менее 1,154902 0,000601
чем 0,387216 0,000403
сутки 0,795880 0,000414
поздний 0,886057 0,000692
признанный 1,522879 0,001189
шедевр 1,000000 0,001302
ну 1,045757 0,001089
перестать 1,301030 0,001016
бояться 1,000000 0,000521
большой 0,657577 0,000342
мег 1,698970 0,000885
визитный 1,522879 0,000793
карточка 1,397940 0,000728
пикассо 1,397940 0,002184
играть 0,920819 0,000959
язвительный 1,698970 0,000885
снисходительный 1,698970 0,000885
замечание 1,698970 0,000885
эдгар 1,698970 0,002654
удаться 1,221849 0,000636
избежать 1,221849 0,000636
доставаться 1,698970 0,000885
писатель 0,721246 0,000376
критик 0,920819 0,000719
политик 0,366532 0,000286
отрывок 1,154902 0,000601
разговор 1,000000 0,000521
участие 0,677781 0,000353
каф 1,301030 0,001355
записывать 1,301030 0,000677
биограф 1,698970 0,000885
летописец 1,522879 0,000793
импрессионизм 1,522879 0,001586
пабнуть 1,397940 0,001820
поселиться 1,698970 0,000885
монмартр 1,698970 0,000885
ходить 1,221849 0,000636
жилец 1,698970 0,000885
коммуна 1,698970 0,000885
бато 1,698970 0,000885
лавуар 1,698970 0,000885
гостить 1,096910 0,000857
друг 0,494850 0,000902
развлекаться 1,698970 0,000885
вечер 0,823909 0,000429
игра 0,585027 0,000457
смысл 0,958607 0,000499
заключаться 1,522879 0,000793
высказывать 1,698970 0,000885
грубость 1,522879 0,000793
оскорбление 1,698970 0,000885
совершенно 0,886057 0,000461
спокойный 1,154902 0,000601
голос 0,958607 0,000499
максимально 1,522879 0,000793
вежливо 1,698970 0,000885
светски 1,698970 0,000885
забор 1,522879 0,001189
красить 1,698970 0,000885
архип 1,698970 0,001327
отправиться 1,096910 0,000857
учиться 1,045757 0,000545
феодосий 1,698970 0,000885
застенчивый 1,698970 0,000885
полный 0,522879 0,000408
юноша 1,522879 0,000793
прибыть 1,154902 0,000601
рубаха 1,698970 0,000885
цветастый 1,698970 0,000885
жилет 1,698970 0,000885
клетчатый 1,698970 0,000885
пузыриться 1,698970 0,000885
колено 1,301030 0,000677
панталоны 1,698970 0,000885
соломенный 1,698970 0,000885
шляпа 1,522879 0,000793
юный 1,000000 0,000781
изрядно 1,698970 0,000885
повеселить 1,698970 0,000885
иван 0,619789 0,000323
константин 0,769551 0,000401
елена 0,698970 0,000364
вдоволь 1,698970 0,000885
посмеяться 1,698970 0,000885
наивный 1,698970 0,000885
деревенский 1,301030 0,000677
мазня 1,698970 0,000885
вечно 1,522879 0,001189
пунцовый 1,698970 0,000885
физиономия 1,698970 0,000885
жила 1,698970 0,000885
навес 1,698970 0,000885
мастерской 1,522879 0,001586
пускать 1,698970 0,000885
конец 0,657577 0,000342
обучение 1,301030 0,000677
мэтр 1,522879 0,000793
доверить 1,522879 0,000793
покрасить 1,698970 0,000885
дельный 1,698970 0,000885
совет 0,568636 0,000296
же 0,721246 0,000563
ученик 1,221849 0,000636
адольф 1,522879 0,000793
фесслер 1,698970 0,000885
урок 0,958607 0,000499
усвоить 1,522879 0,000793
сам 0,721246 0,000376
никогда 0,958607 0,000499
отказывать 1,698970 0,000885
поклонник 1,221849 0,001272
сезанный 1,698970 0,001327
сезанна 1,698970 0,001769
ехать 1,221849 0,000636
мотив 1,096910 0,000571
нести 1,000000 0,000521
подмышка 1,698970 0,000885
этюд 1,698970 0,000885
проходить 0,721246 0,000376
вокзал 0,698970 0,000728
сный 1,698970 0,000885
лазар 1,698970 0,000885
столкнуться 1,000000 0,000521
незнакомец 1,522879 0,000793
попросить 1,154902 0,000902
показать 0,522879 0,000545
бледный 1,698970 0,000885
тощий 1,698970 0,000885
молодой 1,000000 0,000521
развернуть 1,221849 0,000636
стена 1,698970 0,000885
потрясный 1,698970 0,000885
невиданный 1,698970 0,001327
зеленый 1,154902 0,000601
цвет 1,301030 0,000677
свежесть 1,698970 0,000885
манера 1,522879 0,000793
письмо 0,795880 0,000622
нравиться 1,045757 0,000545
мой 0,619789 0,000323
дерево 1,045757 0,000545
забирать 1,397940 0,000728
нечего 1,221849 0,000636
заплатить 1,397940 0,000728
возражать 1,698970 0,000885
новый 0,244125 0,000127
отдавать 1,301030 0,000677
дар 1,221849 0,000636
оба 1,000000 0,000521
уходить 0,823909 0,000429
абсолютно 1,221849 0,000636
счастливый 1,045757 0,000817
прямо 0,958607 0,000499
поля 1,154902 0,000601
снимать 0,958607 0,000499
вместе 0,744727 0,000582
ренуар 1,698970 0,003096
мона 1,522879 0,001982
появиться 0,721246 0,000376
торжественно 1,698970 0,000885
заявить 0,677781 0,000529
порог 1,301030 0,000677
встречный 1,698970 0,000885
оказаться 0,638272 0,000332
нищий 1,397940 0,000728
изгонять 1,522879 0,000793
где 0,455932 0,000475
пытаться 0,744727 0,000388
сочинение 1,397940 0,000728
композитор 1,096910 0,000571
музыкант 1,000000 0,000521
эрнеста 1,397940 0,000728
кабанер 1,698970 0,000885
сарджент 1,698970 0,001327
американский 0,585027 0,000305
джон 0,920819 0,000719
сингер 1,698970 0,000885
дружить 1,397940 0,000728
дилер 1,301030 0,001355
эшер 1,698970 0,000885
вертмейхер 1,698970 0,001327
написать 0,619789 0,000484
сарджентовской 1,698970 0,000885
месса 1,698970 0,000885
инна 1,301030 0,001016
романтический 1,154902 0,000601
настроить 1,301030 0,000677
портретист 1,698970 0,000885
разделять 1,698970 0,000885
круг 1,154902 0,000601
общение 0,920819 0,000479
накануне 1,221849 0,000636
свадьба 0,920819 0,000479
уплывать 1,698970 0,000885
морской 1,000000 0,000521
офицер 1,301030 0,000677
оставить 0,823909 0,000644
записной 1,397940 0,000728
книжка 1,522879 0,000793
строка 1,397940 0,000728
уитмен 1,698970 0,000885
мочь 0,236572 0,000246
ждать 0,619789 0,000323
столь 1,221849 0,000636
долго 0,958607 0,000499
корабль 0,886057 0,000461
душить 0,823909 0,000429
рваться 1,522879 0,000793
открыть 0,552842 0,000432
мора 1,301030 0,000677
чего 0,769551 0,000401
официально 1,221849 0,000636
заказной 1,522879 0,000793
покончить 1,698970 0,000885
исключение 0,958607 0,000499
рокфеллер 1,698970 0,000885
генри 1,397940 0,000728
джеймс 0,958607 0,000499
вудро 1,698970 0,000885
вильсон 1,698970 0,000885
уничтожить 0,886057 0,000461
репутация 1,397940 0,001456
актриса 1,000000 0,000781
эллен 1,522879 0,001586
андра 1,698970 0,001327
парижский 1,522879 0,000793
театр 0,657577 0,000342
пал 1,522879 0,000793
рояль 1,522879 0,000793
бар 1,522879 0,000793
фоля 1,698970 0,000885
бержер 1,698970 0,000885
позировать 1,698970 0,001327
огюст 1,698970 0,001327
эдуар 1,698970 0,001769
мана 1,698970 0,002212
часто 1,221849 0,000636
засиживаться 1,698970 0,000885
новое 0,214670 0,000279
афина 1,301030 0,000677
дерзость 1,698970 0,000885
питейный 1,698970 0,000885
заведение 1,221849 0,000636
дама 1,301030 0,001016
сопровождение 1,301030 0,000677
абсент 1,698970 0,000885
дебутен 1,698970 0,000885
сказаться 1,522879 0,000793
тоже 0,958607 0,000499
самый 0,251812 0,000131
выгодный 1,096910 0,000571
вызвать 0,920819 0,000719
скандал 0,958607 0,000499
называть 1,000000 0,000521
отвратительный 1,698970 0,000885
аморальный 1,522879 0,000793
видеть 0,698970 0,000364
вызов 1,096910 0,000571
подозревать 1,000000 0,000521
запойный 1,698970 0,000885
пьянство 1,698970 0,000885
прийтись 0,823909 0,000644
выступить 0,920819 0,000479
официальный 0,537602 0,000280
заявление 0,853872 0,000445
никакой 0,920819 0,000479
алкоголик 1,522879 0,000793
отлично 1,522879 0,001189
сыграть 0,958607 0,000499
роля 0,744727 0,000388
компенсировать 1,698970 0,000885
удар 0,494850 0,000258
подарок 0,886057 0,000692
тьеполый 1,698970 0,001327
бесстыжий 1,698970 0,000885
флора 1,698970 0,001327
спрятать 1,522879 0,000793
красота 0,721246 0,000376
имя 0,443697 0,000462
уста 1,397940 0,000728
миро 0,337242 0,000176
чердак 1,698970 0,000885
французский 0,795880 0,000414
имение 1,698970 0,000885
стыдливый 1,698970 0,000885
бабушка 0,853872 0,000445
дедушка 1,154902 0,000601
нынешний 1,522879 0,000793
владелец 1,154902 0,000601
припрятать 1,698970 0,000885
шикарный 1,522879 0,000793
топлесс 1,698970 0,000885
грех 1,698970 0,000885
подалекий 1,698970 0,000885
благодаря 0,823909 0,000429
сохраниться 1,301030 0,000677
предполагать 1,301030 0,000677
заказывать 1,522879 0,000793
российский 0,229148 0,000119
елизавета 1,045757 0,000545
украшение 1,522879 0,000793
зимний 0,853872 0,000445
дворец 1,154902 0,000601
иметься 1,522879 0,000793
аналогичный 1,221849 0,000636
серия 0,744727 0,000388
назвать 0,568636 0,000296
леди 1,221849 0,000636
вскоре 1,221849 0,000636
аукцион 1,522879 0,001189
christie 1,698970 0,000885
s 0,721246 0,000376
доллар 0,698970 0,000364
втрое 1,698970 0,000885
перекрыть 1,522879 0,000793
немалый 1,698970 0,000885
эстимейта 1,698970 0,000885
тинторетто 1,698970 0,002212
итальянский 1,221849 0,000954
якопо 1,698970 0,001327
хитрость 1,221849 0,000636
выиграть 1,301030 0,000677
конкурс 0,568636 0,000296
роспись 1,698970 0,000885
собор 1,301030 0,000677
скуол 1,698970 0,001327
сан 1,154902 0,000902
рокко 1,698970 0,001327
конкурент 1,301030 0,000677
сильнейший 1,698970 0,000885
живописец 1,698970 0,001327
успешно 1,301030 0,000677
реализовать 1,221849 0,000636
многоходовый 1,698970 0,000885
предоставить 1,045757 0,000545
жюри 1,397940 0,000728
святой 1,221849 0,000954
роха 1,698970 0,001327
устав 1,698970 0,000885
школа 0,552842 0,000288
запрещать 1,397940 0,000728
отказываться 1,154902 0,000601
дарственный 1,698970 0,000885
надпись 1,522879 0,000793
отдать 1,301030 0,001016
находчивый 1,698970 0,000885
обеспечить 1,301030 0,000677
занятие 1,096910 0,000571
близкий 0,744727 0,000388
именно 0,823909 0,000644
столько 1,221849 0,000636
занять 0,920819 0,000479
композиция 1,698970 0,000885
отметить 0,958607 0,000749
идеальный 0,769551 0,000401
уродство 1,522879 0,000793
скульптура 1,397940 0,001092
маленький 1,045757 0,000817
четырнадцатилетний 1,698970 0,001327
показ 1,096910 0,000857
воспринять 1,522879 0,000793
негативно 1,698970 0,000885
похожий 1,154902 0,000601
обезьяна 1,397940 0,000728
ацтек 1,698970 0,000885
абортировать 1,698970 0,000885
зародыш 1,698970 0,000885
размер 1,096910 0,000571
возникнуть 1,301030 0,000677
бы 0,585027 0,000305
искушение 1,397940 0,000728
замариновать 1,698970 0,000885
поместить 1,698970 0,000885
банка 1,397940 0,000728
спирт 1,698970 0,000885
отмечать 1,154902 0,000601
девочка 0,823909 0,000429
идеально 1,397940 0,000728
уродливый 1,522879 0,000793
лоб 1,698970 0,000885
губа 1,397940 0,000728
явный 1,522879 0,000793
порочность 1,698970 0,000885
теперь 0,602060 0,000470
мари 1,221849 0,000636
гести 1,698970 0,000885
ти 1,397940 0,000728
вид 0,744727 0,000388
обнаженный 1,698970 0,000885
слепок 1,522879 0,000793
планировать 0,769551 0,000401
статуэтка 1,698970 0,000885
пятый 0,795880 0,000414
импрессионист 1,397940 0,001456
момент 0,853872 0,000667
открытие 1,000000 0,000521
удовлетворить 1,698970 0,000885
демонстрироваться 1,522879 0,000793
нарядить 1,397940 0,000728
юбка 1,698970 0,000885
муслин 1,698970 0,000885
атласный 1,698970 0,000885
волос 1,221849 0,000636
отец 0,721246 0,001314
голубь 1,522879 0,001189
признать 0,958607 0,000499
воспоминание 1,301030 0,000677
родственник 1,154902 0,000601
карандаш 1,522879 0,001189
мальчик 0,698970 0,000364
подрасти 1,698970 0,000885
брать 1,221849 0,000636
сын 0,698970 0,000546
колледж 1,397940 0,000728
преподавать 1,698970 0,000885
мол 1,698970 0,000885
однажды 0,920819 0,000719
зачем 0,744727 0,000388
кабинет 0,920819 0,000479
работать 0,431798 0,000337
изображение 1,000000 0,000521
вернуться 0,638272 0,000499
мастерство 1,522879 0,000793
потрясти 1,397940 0,000728
палитра 1,698970 0,000885
пора 0,886057 0,000461
подходить 1,221849 0,000636
мольберт 1,522879 0,001189
бездарный 1,698970 0,000885
ряд 0,823909 0,000429
клод 1,522879 0,001189
аржантея 1,698970 0,000885
расположиться 1,522879 0,000793
пока 0,920819 0,000479
хозяин 1,301030 0,000677
домашний 0,853872 0,000445
совместный 1,096910 0,000571
пленэр 1,522879 0,000793
смущаться 1,698970 0,000885
нибыть 1,301030 0,000677
постараться 1,397940 0,000728
намекнуть 1,522879 0,000793
бедняга 1,698970 0,000885
нет 0,537602 0,000280
увлечь 1,522879 0,000793
кайботта 1,698970 0,001327
цвета 1,045757 0,000545
яхта 1,397940 0,001092
марк 0,823909 0,000429
давать 0,920819 0,000479
меценат 1,397940 0,000728
унаследовать 1,698970 0,000885
состояние 0,958607 0,000499
поддерживать 1,096910 0,000571
тогда 1,045757 0,000545
покупать 0,823909 0,000858
оплачивать 1,522879 0,000793
пример 1,000000 0,000521
организовывать 1,698970 0,000885
выставлять 1,522879 0,000793
втридорога 1,698970 0,000885
маркетинговый 1,397940 0,000728
ход 0,769551 0,000401
хобби 1,221849 0,000636
разведение 1,698970 0,000885
орхидея 1,698970 0,000885
строительство 1,221849 0,000636
текстиль 1,698970 0,000885
почетный 1,301030 0,000677
список 0,619789 0,000323
выдающийся 1,301030 0,000677
филателист 1,698970 0,000885
значиться 1,221849 0,000636
филателия 1,698970 0,000885
марочный 1,698970 0,000885
завещать 1,698970 0,000885
франция 0,795880 0,000414
сислей 1,698970 0,000885
фонд 0,886057 0,000461
барнс 1,698970 0,000885
филадельфия 1,698970 0,000885
остаток 1,698970 0,000885
орс 1,698970 0,000885
вермеер 1,698970 0,001769
символ 1,301030 0,001016
дружба 1,000000 0,000781
народ 0,853872 0,000667
мировой 0,721246 0,000376
девушка 0,744727 0,000388
открытый 0,853872 0,000445
окно 1,000000 0,000521
яна 0,920819 0,000479
перевезти 1,698970 0,000885
дрезден 1,522879 0,000793
шахта 1,000000 0,000521
саксония 1,698970 0,000885
спасти 0,853872 0,000445
уничтожение 1,221849 0,000636
солдат 0,769551 0,000401
красный 0,920819 0,000479
армия 0,657577 0,000342
отправить 0,619789 0,000323
советский 0,619789 0,000807
союз 0,677781 0,000529
сталин 1,522879 0,000793
решение 0,619789 0,000323
вернуть 0,823909 0,000429
укрепление 1,000000 0,000521
развитие 0,568636 0,000296
немецкий 0,886057 0,000461
искусствовед 1,522879 0,000793
хранитель 1,522879 0,000793
потерять 0,823909 0,000429
сотня 0,958607 0,000499
экспонат 1,154902 0,000601
пожертвовать 1,397940 0,000728
спать 1,301030 0,000677
венера 1,397940 0,000728
джорджон 1,698970 0,000885
знак 1,045757 0,000545
признательность 1,698970 0,000885
сохранение 1,154902 0,000601
возвращение 0,853872 0,000445
всемирно 1,698970 0,000885
сокровище 1,096910 0,000571
дрезденский 1,698970 0,000885
немец 1,301030 0,000677
согласиться 1,397940 0,000728
германий 0,958607 0,000499
читать 0,537602 0,000280
далекий 0,769551 0,000401
свернуть 1,522879 0,000793
публикация 0,769551 0,000601
рекомендовать 0,823909 0,000644
продвигать 1,522879 0,001189
блок 1,096910 0,000571
статус 1,096910 0,000571
подробный 0,657577 0,000514
смотреть 0,443697 0,000578
выбор 0,619789 0,000323
дебют 1,221849 0,000636
оценка 0,823909 0,000644
атрибуция 1,522879 0,001189
сообщество 1,154902 0,000902
удобно 1,221849 0,000636
публиковать 1,221849 0,000636
связать 1,045757 0,000545
управлять 1,522879 0,001189
продавать 1,096910 0,000571
объединять 1,397940 0,000728
предоставлять 1,045757 0,000545
возможность 0,537602 0,000420
легко 1,045757 0,000817
находить 1,154902 0,000601
общаться 1,154902 0,000601
обсуждать 0,886057 0,000461
тема 0,585027 0,000305
творчество 0,958607 0,000749
вести 0,657577 0,000342
выпустить 1,045757 0,000817
конкретный 1,221849 0,000636
качественный 1,301030 0,000677
репродукция 1,522879 0,000793
нужно 0,698970 0,000364
просматривать 1,301030 0,000677
множество 1,301030 0,000677
крупный 0,744727 0,000388
онлайн 0,387216 0,000202
автор 0,522879 0,000408
собрать 0,958607 0,000499
обширный 1,522879 0,000793
описание 1,301030 0,000677
авторский 0,744727 0,000388
биография 0,886057 0,000461
достоверный 1,698970 0,000885
проверить 0,721246 0,000376
дата 0,769551 0,000401
портал 0,657577 0,000342
открывать 1,045757 0,000545
семьдесят 1,522879 0,000793
всевозможный 1,698970 0,000885
жанр 0,853872 0,000445
техника 1,045757 0,000545
сюжет 0,744727 0,000388
многочисленный 1,301030 0,000677
фильтр 1,397940 0,000728
интересный 0,619789 0,000323
платформа 0,853872 0,000445
представлят 1,698970 0,000885
анонс 1,096910 0,000571
загрузить 0,958607 0,000499
привлечь 1,154902 0,000601
подписчик 1,096910 0,000571
собственный 0,795880 0,000414
куратор 1,221849 0,000636
faq 1,397940 0,000728
контактный 1,000000 0,000521
сервис 0,537602 0,000280
выставочный 1,221849 0,000636
соц 1,397940 0,000728
чат 1,096910 0,000571
медиум 1,698970 0,000885
канал 0,508638 0,000265
телеграм 1,522879 0,001189
инстаграм 1,698970 0,000885
бот 1,522879 0,000793
рейтинг 0,657577 0,000514
недорогой 1,522879 0,000793
реализм 1,397940 0,000728
реалистичный 1,522879 0,000793
стиль 0,721246 0,000376
словарь 1,397940 0,000728
термин 1,301030 0,000677
определение 1,522879 0,000793
досье 1,698970 0,000885
прикол 1,522879 0,000793
стрит 1,221849 0,000636
популярный 0,455932 0,000237
натюрморт 1,522879 0,000793
европейский 0,744727 0,000388
ссср 0,795880 0,000414
