тв 0,657577 0,003019
центр 0,455932 0,002512
официальный 0,537602 0,000987
сайт 0,173925 0,000799
телекомпания 1,522879 0,002797
твц 1,522879 0,004195
open 1,154902 0,003182
menu 1,397940 0,003851
главный 0,346787 0,001592
новость 0,161151 0,000740
телепрограмма 0,853872 0,003136
прямой 0,619789 0,002277
эфир 0,537602 0,002468
видеотека 1,698970 0,006240
компания 0,443697 0,001630
поиск 0,387216 0,001422
дата 0,769551 0,001413
телеканал 0,585027 0,001612
nastroenie 1,698970 0,004680
tv 0,920819 0,002537
общество 0,468521 0,002151
москва 0,292430 0,001611
прощаться 1,096910 0,002015
владимир 0,301030 0,000829
жириновский 0,431798 0,001190
церемония 0,823909 0,001513
посетить 0,886057 0,001627
путин 0,602060 0,002211
фильм 0,431798 0,003965
звезда 0,552842 0,002031
король 0,920819 0,004228
эпизод 1,221849 0,002244
борислава 1,698970 0,004680
брондуков 1,698970 0,004680
под 0,376751 0,001384
конец 0,657577 0,001208
жизнь 0,318759 0,001756
быть 0,161151 0,000740
приковать 1,698970 0,003120
постлать 1,698970 0,003120
три 0,522879 0,000960
инсульт 1,698970 0,003120
лишить 1,154902 0,002121
артист 0,886057 0,001627
профессия 0,958607 0,001761
зритель 0,920819 0,002537
всегда 0,657577 0,001208
смеяться 1,301030 0,002389
когда 0,397940 0,001096
видеть 0,698970 0,001284
экран 0,958607 0,003521
его 0,346787 0,002866
чудаковатый 1,698970 0,003120
герой 0,552842 0,002538
самый 0,251812 0,000694
дело 0,481486 0,001326
он 0,455932 0,002512
играть 0,920819 0,003382
трагедия 1,045757 0,001921
маленький 1,045757 0,001921
человек 0,259637 0,000954
бросить 0,886057 0,001627
дно 1,397940 0,002567
так 0,481486 0,001326
что 0,161151 0,001332
порыть 1,397940 0,002567
реплика 1,698970 0,003120
запоминать 1,698970 0,003120
чаща 1,154902 0,002121
чем 0,387216 0,001422
монолог 1,221849 0,002244
главное 0,327902 0,000602
экономика 0,522879 0,001440
банк 0,795880 0,001462
россия 0,214670 0,000789
снизить 0,677781 0,001245
ключевой 0,619789 0,001138
ставка 0,657577 0,001208
худо 1,698970 0,004680
женщина 0,619789 0,002277
наводить 1,522879 0,002797
порядок 0,795880 0,001462
украина 0,455932 0,002093
огонь 1,000000 0,001837
спасать 1,301030 0,002389
сослуживец 1,522879 0,002797
новое 0,214670 0,000591
подвиг 0,958607 0,001761
российский 0,229148 0,000842
военный 0,522879 0,001440
военнослужащий 1,301030 0,002389
проявлять 1,397940 0,002567
отвага 1,698970 0,003120
док 1,397940 0,006418
знаменитый 0,886057 0,003255
соблазнитель 1,698970 0,004680
шон 1,397940 0,003851
коннерить 1,698970 0,006240
признать 0,958607 0,001761
сексуальный 1,397940 0,002567
мужчина 0,677781 0,001245
хха 1,397940 0,002567
век 0,619789 0,001138
этот 0,173925 0,000958
безупречный 1,397940 0,002567
британский 1,000000 0,001837
джентльмен 1,397940 0,002567
мало 0,920819 0,001691
кто 0,346787 0,000955
знать 0,494850 0,001363
сам 0,721246 0,001325
простолюдин 1,698970 0,003120
рождение 0,602060 0,001106
не 0,136677 0,001130
любить 0,537602 0,001481
англичанин 1,397940 0,002567
посвятить 0,958607 0,001761
борьба 0,721246 0,001325
независимость 1,522879 0,002797
родной 0,920819 0,001691
шотландия 1,698970 0,003120
европа 0,585027 0,001074
давление 1,000000 0,001837
сша 0,508638 0,000934
вынудить 1,045757 0,001921
действовать 1,221849 0,002244
себя 0,397940 0,000731
ущерб 1,522879 0,002797
накануне 1,221849 0,002244
страна 0,387216 0,001067
ес 0,920819 0,001691
согласовать 1,698970 0,003120
очередной 1,045757 0,003841
пакет 0,823909 0,001513
мереть 1,522879 0,002797
против 0,387216 0,000711
михаил 0,568636 0,003133
круг 1,154902 0,004242
я 0,346787 0,000955
а 0,221849 0,001222
мень 0,657577 0,001208
предавать 1,698970 0,003120
будущий 0,795880 0,002193
шансон 1,522879 0,004195
отвратительно 1,698970 0,003120
учиться 1,045757 0,001921
школа 0,552842 0,001015
первый 0,346787 0,001274
стихотворение 1,301030 0,002389
написать 0,619789 0,001138
чтобы 0,408935 0,000751
проучить 1,698970 0,003120
отличница 1,698970 0,003120
сестра 0,795880 0,001462
как 0,187087 0,000859
двоечник 1,698970 0,003120
миша 1,301030 0,002389
воробьев 1,397940 0,002567
превратиться 1,301030 0,002389
какой 0,337242 0,000619
отношение 0,481486 0,000884
псевдоним 1,397940 0,002567
иметь 0,853872 0,001568
чекушечка 1,698970 0,003120
водка 1,045757 0,001921
правда 0,657577 0,001208
ли 0,387216 0,001422
тиран 1,522879 0,002797
личный 0,657577 0,001208
мочь 0,236572 0,000652
мстить 1,698970 0,003120
поруганный 1,698970 0,003120
любовь 0,468521 0,000860
официально 1,221849 0,002244
убийство 0,853872 0,002352
раскрыть 0,886057 0,001627
почему 0,366532 0,001346
близкий 0,744727 0,001368
сей 1,096910 0,002015
пора 0,886057 0,001627
верить 0,958607 0,002641
результат 0,698970 0,001284
следствие 1,045757 0,001921
приехать 1,045757 0,001921
проститься 0,886057 0,001627
лидер 0,744727 0,001368
лдпр 0,744727 0,001368
скончаться 1,096910 0,002015
апрель 0,275724 0,000506
обложка 1,154902 0,003182
принц 1,221849 0,002244
тьма 1,096910 0,002015
модель 0,769551 0,002120
советский 0,619789 0,002846
сборка 1,698970 0,003120
блеск 1,301030 0,002389
нищета 1,301030 0,002389
красавица 0,958607 0,001761
союз 0,677781 0,001245
платить 1,045757 0,001921
манекенщица 1,698970 0,006240
право 0,292430 0,000537
появиться 0,721246 0,001987
спецслужба 1,522879 0,002797
разрушить 1,301030 0,002389
личной 0,958607 0,001761
счастье 0,769551 0,002120
лека 1,698970 0,003120
миронов 1,096910 0,002015
галина 1,154902 0,002121
миловский 1,698970 0,003120
позор 1,698970 0,003120
выгнать 1,397940 0,002567
иза 0,167491 0,000308
убить 1,096910 0,002015
марлена 1,698970 0,003120
дитрих 1,698970 0,003120
валентин 0,958607 0,001761
яшин 1,698970 0,003120
красота 0,721246 0,001325
стать 0,301030 0,000553
для 0,107905 0,000198
проклятье 1,301030 0,002389
миро 0,337242 0,000619
видео 0,327902 0,000602
крушение 1,522879 0,002797
boe 1,698970 0,003120
коста 1,397940 0,002567
рика 1,301030 0,002389
никто 0,823909 0,003026
пострадать 1,096910 0,002015
благотворительность 1,522879 0,002797
собирать 1,154902 0,002121
средство 0,920819 0,002537
лечение 1,221849 0,002244
дим 1,698970 0,003120
боронина 1,698970 0,003120
передача 0,795880 0,002193
мыть 0,698970 0,001926
александр 0,602060 0,001659
яковлев 1,000000 0,002755
память 0,823909 0,001513
артистка 1,522879 0,002797
сложиться 1,522879 0,002797
актерский 1,154902 0,002121
судьба 0,657577 0,001812
александра 0,443697 0,000815
она 0,356547 0,001310
свое 0,455932 0,000837
время 0,327902 0,000602
решить 0,677781 0,001245
резко 1,096910 0,002015
весь 0,107905 0,000297
изменить 0,744727 0,001368
уйти 0,795880 0,001462
сначала 1,000000 0,001837
бизнес 0,468521 0,000860
пот 0,886057 0,001627
политика 0,638272 0,001172
довольный 1,522879 0,002797
выбор 0,619789 0,001138
только 0,283997 0,000522
смотреть 0,443697 0,000815
выпуск 0,698970 0,001926
ток 1,154902 0,002121
шоу 0,508638 0,000934
татьяна 0,853872 0,001568
устинов 1,301030 0,002389
проходить 0,721246 0,001325
обслуживание 1,301030 0,002389
ремонт 1,045757 0,001921
бронетехника 1,522879 0,002797
комплексный 1,698970 0,003120
восстановление 1,096910 0,002015
проводить 0,886057 0,001627
полевой 1,698970 0,003120
условие 0,468521 0,000860
анатомия 1,397940 0,002567
убийственный 1,698970 0,003120
справедливость 1,221849 0,002244
серия 0,744727 0,001368
доктор 0,721246 0,002649
п 1,096910 0,003022
медицина 0,886057 0,002441
каждый 0,552842 0,001523
мечтать 1,045757 0,001921
жить 0,585027 0,001074
долго 0,958607 0,001761
оставаться 0,886057 0,001627
пря 0,387216 0,001067
здоровый 1,154902 0,002121
активный 1,000000 0,002755
сильный 0,823909 0,001513
глубокий 1,096910 0,002015
старость 1,154902 0,002121
реально 1,397940 0,002567
современный 0,537602 0,000987
предлагать 0,958607 0,001761
идеальный 0,769551 0,001413
управление 0,920819 0,001691
свой 0,301030 0,000553
здоровье 0,602060 0,001659
который 0,236572 0,000434
называться 1,397940 0,002567
заключаться 1,522879 0,002797
основной 1,000000 0,001837
принцип 1,096910 0,002015
программа 0,420216 0,000772
рассказывать 0,698970 0,001284
врач 0,853872 0,001568
гериатр 1,698970 0,003120
медицинский 1,096910 0,002015
наука 0,431798 0,000793
антон 0,823909 0,001513
наумов 1,522879 0,002797
коронавирус 0,677781 0,001867
covid 1,096910 0,002015
госпитализировать 1,154902 0,002121
выявить 1,096910 0,002015
случай 0,568636 0,001044
ульянов 1,522879 0,004195
горький 1,154902 0,002121
исповедь 1,301030 0,002389
лет 0,337242 0,000619
один 0,356547 0,000655
театр 0,657577 0,001208
около 0,886057 0,001627
роля 0,744727 0,001368
кино 0,455932 0,000837
уметь 1,154902 0,002121
актерствовать 1,698970 0,003120
слово 0,552842 0,001015
перемерить 1,698970 0,003120
совершенно 0,886057 0,001627
разный 0,677781 0,001245
маска 0,823909 0,001513
остаться 0,721246 0,001987
индивидуальность 1,698970 0,003120
рассекретить 1,301030 0,002389
архивный 1,301030 0,002389
документ 0,744727 0,001368
зверство 1,221849 0,002244
украинский 0,522879 0,000960
националист 0,920819 0,001691
информация 0,327902 0,000903
предоставить 1,045757 0,001921
минобороны 0,698970 0,001284
политик 0,366532 0,000673
обсудить 0,958607 0,001761
совбез 1,301030 0,002389
спецоперация 0,657577 0,001208
патрик 1,301030 0,003584
суэйзя 1,698970 0,004680
представать 1,698970 0,003120
баловень 1,522879 0,002797
казаться 0,958607 0,002641
добиваться 1,397940 0,002567
всего 0,721246 0,001325
легко 1,045757 0,001921
непринужденный 1,522879 0,002797
успех 0,958607 0,001761
деньги 1,045757 0,001921
подлинный 1,301030 0,002389
подозревать 1,000000 0,001837
оно 0,397940 0,000731
прийтись 0,823909 0,001513
пройти 0,677781 0,001245
сколько 0,769551 0,001413
боль 1,000000 0,001837
несчастье 1,397940 0,002567
выпасть 1,698970 0,003120
доля 1,522879 0,002797
догадываться 1,698970 0,003120
подстерегать 1,698970 0,003120
тот 0,376751 0,000692
момент 0,853872 0,001568
обрести 1,221849 0,002244
трудность 1,000000 0,001837
позади 1,522879 0,002797
copyright 1,096910 0,002015
ао 0,795880 0,002193
работать 0,431798 0,000793
система 0,721246 0,001325
коррекция 1,301030 0,002389
ошибка 0,677781 0,001245
обнаружить 0,958607 0,001761
неточность 1,397940 0,002567
текст 0,585027 0,001074
выделить 0,853872 0,001568
нажать 0,920819 0,001691
ctrl 0,958607 0,001761
enter 0,958607 0,001761
реклама 0,259637 0,000715
reklama 1,522879 0,002797
tvc 1,698970 0,003120
ru 0,180456 0,000331
форма 0,795880 0,001462
обратный 0,508638 0,000934
связь 0,309804 0,000853
партнер 0,619789 0,001138
проект 0,259637 0,000715
гражданин 0,769551 0,001413
георгиевский 1,397940 0,002567
лента 0,677781 0,001245
онлайн 0,387216 0,000711
сетевой 0,585027 0,001612
издание 0,468521 0,001291
учредитель 0,657577 0,001208
свидетельство 0,585027 0,001074
регистрация 0,408935 0,000751
сми 0,468521 0,000860
эл 0,494850 0,000909
фс 0,522879 0,000960
декабрь 0,795880 0,001462
год 0,236572 0,000434
выдать 0,958607 0,001761
федеральный 0,508638 0,000934
служба 0,431798 0,000793
надзор 0,619789 0,001138
сфера 0,537602 0,000987
информационный 0,481486 0,000884
технология 0,408935 0,000751
массовый 0,508638 0,001401
коммуникация 0,568636 0,001044
редактор 0,508638 0,000934
быстрицкий 1,698970 0,003120
ю 1,221849 0,002244
выпускаться 1,698970 0,003120
финансовый 0,638272 0,001172
поддержка 0,537602 0,000987
департамент 1,096910 0,002015
город 0,397940 0,000731
демонстрироваться 1,522879 0,002797
табачный 1,698970 0,003120
изделие 1,522879 0,002797
потребление 1,301030 0,002389
табак 1,698970 0,003120
вредить 1,698970 0,003120
ваш 0,431798 0,000793
