гис 1,698970 0,020226
советует 1,397940 0,008321
обновить 1,154902 0,010312
браузер 1,221849 0,010909
прекрасно 1,397940 0,008321
работает 0,657577 0,003914
новых 0,494850 0,002946
браузерах 1,698970 0,010113
а 0,221849 0,001321
старых 1,301030 0,007744
могут 0,508638 0,003028
быть 0,420216 0,002501
неожиданности 1,698970 0,010113
вас 0,721246 0,004293
не 0,136677 0,001627
самый 0,769551 0,004581
новый 0,408935 0,002434
мы 0,327902 0,002928
рекомендуем 1,221849 0,007273
его 0,346787 0,002064
chrome 1,522879 0,009065
firefox 1,522879 0,009065
opera 1,522879 0,009065
хотите 0,958607 0,005706
настаиваем 1,698970 0,010113
пропустить 1,522879 0,009065
обновление 1,397940 0,008321
браузера 1,301030 0,007744
перейти 0,920819 0,005481
script 1,301030 0,015488
function 1,397940 0,054087
n 1,397940 0,054087
e 0,677781 0,018155
var 1,522879 0,018130
t 1,000000 0,041667
o 1,301030 0,042593
i 0,823909 0,017165
c 0,721246 0,021466
f 1,045757 0,021787
passive 1,522879 0,009065
capture 1,698970 0,010113
r 1,154902 0,020623
new 0,920819 0,010962
date 1,301030 0,015488
a 0,698970 0,008321
pointerup 1,698970 0,010113
u 1,698970 0,020226
pointercancel 1,698970 0,010113
p 1,096910 0,013058
w 1,522879 0,018130
s 0,721246 0,008586
foreach 1,698970 0,015169
l 1,397940 0,012482
if 1,154902 0,034372
cancelable 1,698970 0,010113
timestamp 1,522879 0,013597
performance 1,397940 0,008321
now 1,221849 0,007273
pointerdown 1,698970 0,015169
type 1,301030 0,007744
click 1,522879 0,009065
mousedown 1,698970 0,010113
keydown 1,698970 0,010113
touchstart 1,698970 0,010113
self 1,397940 0,016642
perfmetrics 1,698970 0,020226
onfirstinputdelay 1,698970 0,010113
push 1,301030 0,034849
addeventlistener 1,698970 0,010113
removeeventlistener 1,698970 0,010113
features 1,301030 0,046465
try 1,397940 0,008321
array 1,698970 0,020226
prototype 1,698970 0,015169
flat 1,698970 0,010113
flatmap 1,698970 0,010113
flatmapandflat 1,698970 0,010113
false 1,522879 0,009065
firstinputdelay 1,698970 0,010113
window 1,221849 0,018182
intersectionobserver 1,698970 0,015169
object 1,522879 0,013597
assign 1,698970 0,015169
requestidlecallback 1,698970 0,015169
worker 1,698970 0,015169
resizeobserver 1,698970 0,015169
catch 1,698970 0,010113
length 1,522879 0,009065
document 1,698970 0,010113
write 1,522879 0,009065
src 0,795880 0,004737
polyfills 1,698970 0,010113
min 1,698970 0,010113
js 1,045757 0,006225
join 1,221849 0,007273
scr 1,698970 0,010113
ipt 1,698970 0,010113
