афиша 0,795880 0,003125
куда 0,795880 0,000694
сходить 1,397940 0,001220
москве 0,455932 0,001591
div 1,000000 0,000873
img 0,795880 0,001042
src 0,795880 0,001042
https 0,721246 0,000944
mc 1,000000 0,001309
yandex 0,958607 0,001255
ru 0,180456 0,000236
watch 0,958607 0,001255
style 0,823909 0,001078
position 0,853872 0,001118
absolute 0,958607 0,001255
left 0,958607 0,001255
px 0,920819 0,001205
alt 0,886057 0,001160
москва 0,508638 0,000666
всекинотеатррестораныконцертыфильмотекавыставкидетиподборки 1,698970 0,001483
все 0,124939 0,000327
развлечения 1,301030 0,001135
москвы 0,744727 0,002924
апрель 1,301030 0,002271
пт 1,397940 0,032936
сб 1,698970 0,039287
вс 1,000000 0,023124
пн 1,397940 0,032326
вт 1,698970 0,039287
ср 1,698970 0,039287
чт 1,301030 0,030085
май 1,522879 0,001993
июнь 1,522879 0,001993
июль 1,301030 0,001703
август 1,397940 0,001830
сентябрь 1,522879 0,001993
октябрь 1,698970 0,002224
ноябрь 1,698970 0,002224
декабрь 1,397940 0,001830
январь 1,698970 0,002224
февраль 1,397940 0,001830
март 1,221849 0,001599
пушкинская 1,301030 0,001135
карта 0,920819 0,001205
выбор 0,698970 0,002440
афиши 1,698970 0,009636
детские 1,221849 0,002665
мероприятия 1,154902 0,001512
фильмы 0,638272 0,000557
изменившие 1,301030 0,001135
мир 0,431798 0,000377
подборки 0,769551 0,001007
каталог 1,045757 0,000913
фильмов 0,795880 0,001736
ожидаемые 1,397940 0,002440
премьеры 1,096910 0,002871
купить 0,886057 0,001933
билеты 1,000000 0,006981
финник 1,301030 0,001135
домовой 1,698970 0,001483
заводит 1,698970 0,001483
дружбу 1,301030 0,001135
девочкой 1,698970 0,001483
шоу 0,508638 0,000444
импровизация 1,522879 0,001329
мая 0,795880 0,011806
crocus 1,698970 0,001483
city 1,522879 0,001329
hall 1,698970 0,001483
везде 1,221849 0,001599
сразу 0,795880 0,001042
китайская 1,698970 0,002224
иммигрантка 1,698970 0,002224
мультивселенной 1,221849 0,001599
безумия 1,301030 0,001703
враки 1,698970 0,002224
или 0,292430 0,000383
завещание 1,221849 0,001599
барона 1,698970 0,003706
мюнхгаузена 1,698970 0,002224
константин 0,886057 0,001160
хабенский 1,301030 0,001703
роли 0,958607 0,001255
легендарного 1,522879 0,001993
мальчик 1,000000 0,001745
дельфин 1,221849 0,001599
сказка 1,221849 0,001599
морском 1,698970 0,002224
маугли 1,698970 0,002224
i 0,823909 0,001438
международная 1,397940 0,002440
биеннале 1,522879 0,002658
искусство 0,886057 0,001933
будущего 0,795880 0,002431
закончится 0,920819 0,000804
мультимедиа 1,397940 0,002440
арт 1,045757 0,002738
музей 0,958607 0,002509
брат 1,301030 0,002271
криминальная 1,522879 0,001993
драма 0,920819 0,001607
алексея 1,154902 0,001512
балабанова 1,522879 0,001993
сегодня 0,443697 0,000774
кино 0,455932 0,000995
анчартед 1,301030 0,001135
картах 1,301030 0,001135
не 0,136677 0,000179
значится 1,221849 0,001066
боевик 1,221849 0,002665
том 0,522879 0,000456
холланд 1,522879 0,001329
отправляется 1,221849 0,001066
опаснейшее 1,698970 0,001483
приключение 1,522879 0,001329
поиски 1,221849 0,001066
сокровищ 1,301030 0,001135
гарри 1,045757 0,000913
хафт 1,221849 0,001066
последний 0,744727 0,000650
бой 1,096910 0,000957
биография 1,221849 0,001066
бен 1,301030 0,001135
фостер 1,397940 0,001220
выходит 0,920819 0,000804
боксерский 1,698970 0,001483
ринг 1,522879 0,001329
фильме 1,096910 0,000957
барри 1,301030 0,001135
левинсона 1,397940 0,001220
скрежет 1,096910 0,000957
ужасы 1,096910 0,000957
девочка 1,221849 0,001066
приносит 1,522879 0,001329
домой 0,958607 0,000836
птичье 1,698970 0,001483
яйцо 1,397940 0,001220
которое 1,096910 0,000957
нарушает 1,397940 0,001220
покой 1,522879 0,001329
семьи 0,853872 0,000745
прятки 1,522879 0,001329
триллер 0,958607 0,001255
джонатан 1,397940 0,001220
рис 1,698970 0,001483
майерс 1,698970 0,001483
ищет 1,096910 0,000957
брата 1,397940 0,001220
слетает 1,698970 0,001483
катушек 1,522879 0,001329
спектакли 1,397940 0,001830
старший 1,221849 0,001599
сын 0,886057 0,001160
театр 0,795880 0,001389
фольклора 1,698970 0,002224
русская 1,000000 0,001309
песня 1,045757 0,001369
драматический 1,698970 0,002965
виктор 0,795880 0,001389
сухоруков 1,698970 0,002224
трогательной 1,698970 0,002224
комедии 1,301030 0,001703
вампилова 1,698970 0,002224
questioning 1,698970 0,001483
кто 0,408935 0,000714
ты 0,698970 0,000610
гоголь 1,397940 0,001220
центр 0,537602 0,000704
перформанс 1,698970 0,001483
щекотливый 1,698970 0,001483
спектакль 1,301030 0,001703
актеров 1,221849 0,001066
декораций 1,698970 0,001483
подыскиваю 1,698970 0,001483
жену 1,221849 0,001066
недорого 1,522879 0,001329
театриум 1,698970 0,001483
серпуховке 1,698970 0,001483
комедия 0,920819 0,000804
антрепризный 1,698970 0,001483
превратностях 1,698970 0,001483
любви 0,677781 0,000591
день 0,522879 0,001141
радио 0,795880 0,000694
дк 1,522879 0,001329
им 0,602060 0,000788
зуева 1,698970 0,001483
самый 0,769551 0,001007
смешной 1,522879 0,001329
капустник 1,698970 0,001483
последних 1,045757 0,000913
сезонов 1,698970 0,001483
ресторанов 1,698970 0,001483
самые 0,619789 0,000811
красивые 1,397940 0,001830
десерты 1,397940 0,001830
ресторанах 1,698970 0,002224
матрешек 1,698970 0,002224
коры 1,698970 0,002224
дерева 1,698970 0,002224
новенького 1,698970 0,002224
пройдут 1,221849 0,001599
фестиваль 0,958607 0,001255
премия 0,958607 0,001255
пальмовая 1,698970 0,002224
ветвь 1,698970 0,002224
ресторанного 1,698970 0,002224
бизнеса 1,000000 0,001309
последнее 0,853872 0,001118
китайское 1,522879 0,001993
предупреждение 1,301030 0,001703
где 0,455932 0,000597
пробовать 1,698970 0,002224
утку 1,698970 0,002224
пекински 1,698970 0,002224
ласточкины 1,522879 0,001993
гнезда 1,522879 0,001993
черные 1,698970 0,002224
яйца 1,397940 0,001830
планы 1,096910 0,001436
неделю 0,920819 0,001205
докторская 1,698970 0,002224
колбаса 1,698970 0,002224
горошком 1,698970 0,002224
рождения 0,677781 0,000887
коньяка 1,698970 0,002224
праздник 1,397940 0,001830
сакуры 1,698970 0,002224
выпить 1,698970 0,002224
чувством 1,522879 0,001993
новых 0,494850 0,000864
мест 1,045757 0,001369
вином 1,698970 0,002224
коктейлями 1,698970 0,002224
нельзя 0,795880 0,001042
резко 1,096910 0,001436
повышать 1,698970 0,002224
цены 0,744727 0,000975
уменьшать 1,698970 0,002224
порции 1,698970 0,002224
люди 0,585027 0,000766
почувствуют 1,698970 0,002224
обман 1,397940 0,001830
игорь 0,823909 0,001078
бухаров 1,698970 0,002224
будущем 1,045757 0,001369
ресторанной 1,698970 0,002224
индустрии 1,522879 0,001993
впечатление 1,397940 0,001830
мексике 1,522879 0,001993
новый 0,408935 0,000714
сет 1,698970 0,002224
шефа 1,698970 0,002224
tacobar 1,698970 0,002224
пятницкой 1,698970 0,002224
назад 0,638272 0,003063
какие 0,494850 0,000432
выставки 0,958607 0,002091
можно 0,420216 0,000367
посетить 1,000000 0,000873
апреле 0,853872 0,000745
дня 0,443697 0,000387
книг 0,958607 0,000836
для 0,107905 0,000141
детей 0,420216 0,000367
дней 0,744727 0,002924
почему 0,366532 0,000320
мужчины 0,920819 0,000804
слабый 1,522879 0,001329
пол 1,154902 0,001008
объясняет 1,522879 0,001329
генетик 1,698970 0,001483
изоляции 1,397940 0,001220
как 0,187087 0,000571
советские 0,958607 0,000836
неофициальные 1,698970 0,001483
художники 1,045757 0,000913
творили 1,522879 0,001329
несмотря 1,000000 0,000873
ни 0,698970 0,000610
что 0,161151 0,000141
анна 0,568636 0,000496
винтур 1,698970 0,001483
швыряет 1,698970 0,001483
сумки 1,522879 0,001329
пальто 1,698970 0,001483
самом 0,886057 0,000773
деле 0,886057 0,000773
работает 0,657577 0,000574
редакция 0,744727 0,000975
vogue 1,698970 0,001483
сны 1,301030 0,001135
поездов 1,397940 0,001220
горничная 1,522879 0,001329
две 0,657577 0,000574
переводные 1,698970 0,001483
новинки 0,677781 0,000591
марта 0,721246 0,010384
любовь 0,585027 0,000510
эпоху 1,522879 0,001329
ненависти 1,522879 0,001329
отрывок 1,301030 0,001135
из 0,167491 0,000219
новой 0,638272 0,000557
книги 0,602060 0,000788
флориана 1,698970 0,001483
иллиеса 1,698970 0,001483
европу 1,522879 0,001329
х 0,721246 0,000629
волшебнои 1,698970 0,001483
горы 1,698970 0,001483
концентрационныи 1,698970 0,001483
лагерь 1,221849 0,001066
туберкулезе 1,698970 0,001483
шутки 1,698970 0,001483
жалобы 1,698970 0,001483
взаимопомощь 1,698970 0,001483
твиттер 1,301030 0,001135
объединился 1,698970 0,001483
против 0,387216 0,000338
перекупщиков 1,698970 0,001483
прокладок 1,698970 0,001483
писатель 0,958607 0,000836
убийство 1,301030 0,001135
билли 1,301030 0,001135
саммерс 1,522879 0,001329
очень 0,568636 0,000496
хороший 1,397940 0,001220
роман 0,638272 0,000557
стивена 1,397940 0,001220
кинга 1,397940 0,001220
концерты 1,221849 0,003199
живой 1,397940 0,001220
soundtrack 1,698970 0,001483
сплин 1,698970 0,001483
би 1,522879 0,001329
вячеслав 1,221849 0,001066
бутусов 1,698970 0,001483
июня 0,886057 0,012757
music 1,522879 0,001993
media 1,154902 0,001008
dome 1,698970 0,001483
рок 1,154902 0,001512
песни 0,886057 0,000773
главного 1,000000 0,000873
фильма 0,795880 0,000694
постсоветской 1,698970 0,001483
россии 0,251812 0,000330
живьем 1,698970 0,001483
great 1,698970 0,001483
gatsby 1,522879 0,001329
завтра 0,920819 0,001205
gipsy 1,698970 0,001483
джаз 1,522879 0,001329
людовико 1,698970 0,001483
эйнауди 1,698970 0,001483
simple 1,301030 0,001135
ensemble 1,698970 0,001483
пространство 1,397940 0,001220
хлебозавод 1,698970 0,001483
живая 1,301030 0,001135
музыка 0,677781 0,000591
денис 0,853872 0,000745
мацуев 1,698970 0,001483
апреля 0,283997 0,003965
зарядье 1,522879 0,001329
классика 1,154902 0,001008
главный 0,522879 0,000684
пианист 1,698970 0,001483
современной 0,958607 0,000836
авангард 1,397940 0,001220
телеге 1,698970 0,001483
xxi 1,154902 0,001008
век 0,920819 0,000804
русского 0,769551 0,000672
импрессионизма 1,522879 0,001329
живопись 1,221849 0,001066
новооткрытые 1,698970 0,001483
работы 0,619789 0,000541
фешина 1,698970 0,001483
машкова 1,698970 0,001483
кандинского 1,698970 0,001483
цой 1,522879 0,001329
путь 0,886057 0,000773
героя 1,045757 0,000913
манеж 1,522879 0,001329
видео 0,327902 0,000572
костюмы 1,698970 0,001483
гитары 1,698970 0,001483
рисунки 1,522879 0,001329
цоя 1,698970 0,001483
экспериментальном 1,698970 0,001483
оформлении 1,698970 0,001483
vr 1,301030 0,001135
gallery 1,698970 0,001483
марс 1,397940 0,001220
новые 0,337242 0,000294
медиа 0,769551 0,000672
путешествие 1,000000 0,000873
известные 1,221849 0,001066
полотна 1,522879 0,001329
виртуальные 1,096910 0,000957
галереи 1,301030 0,001135
проектирование 1,698970 0,001483
историческая 1,096910 0,000957
знаковые 1,698970 0,001483
утопичные 1,698970 0,001483
градостроительные 1,698970 0,001483
проекты 0,657577 0,000861
xvii 1,301030 0,001135
xx 0,958607 0,000836
веков 1,154902 0,001008
мхт 1,522879 0,001329
чехова 1,301030 0,001135
версий 1,397940 0,001830
высокотехнологичного 1,698970 0,002224
российских 0,468521 0,000613
иностранных 0,886057 0,001160
художников 1,096910 0,001436
мультфильм 1,154902 0,002016
большая 0,920819 0,000804
спортивная 1,522879 0,001329
арена 1,698970 0,001483
лужники 1,522879 0,001329
хип 1,698970 0,001483
хоп 1,698970 0,001483
важнейший 1,698970 0,001483
российский 0,619789 0,000541
рэпер 1,397940 0,001220
скоро 0,769551 0,001007
красавица 1,045757 0,000913
дракон 1,045757 0,000913
аниме 1,096910 0,000957
мамору 1,698970 0,001483
хосоды 1,698970 0,001483
виртуальность 1,698970 0,001483
реальность 1,000000 0,000873
мульт 1,522879 0,001329
выпуск 0,853872 0,000745
мультики 1,397940 0,001220
детям 0,958607 0,000836
короткометражный 1,522879 0,001329
подельники 1,301030 0,001135
устраивает 1,522879 0,001329
охоту 1,698970 0,001483
убийцу 1,301030 0,001135
своего 0,920819 0,001205
отца 1,000000 0,000873
игровая 1,698970 0,001483
картина 1,154902 0,001008
режиссера 1,154902 0,001008
документалки 1,698970 0,001483
вне 1,096910 0,000957
закона 1,045757 0,000913
трагикомедия 1,522879 0,001329
трагикомические 1,698970 0,001483
приключения 0,853872 0,000745
трех 1,221849 0,001066
неудачников 1,698970 0,001483
смотрите 1,000000 0,000873
онлайн 0,387216 0,000507
okko 1,522879 0,003987
острые 1,301030 0,001135
козырьки 1,397940 0,001220
гангстерская 1,522879 0,001329
сага 1,301030 0,001135
киллианом 1,698970 0,001483
мерфи 1,522879 0,001329
ходячие 1,698970 0,001483
мертвецы 1,698970 0,001483
сериал 0,823909 0,000719
зомби 1,698970 0,001483
апокалипсисе 1,698970 0,001483
люцифер 1,698970 0,001483
фантастика 0,920819 0,000804
мистический 1,522879 0,001329
процедурал 1,698970 0,001483
мотивам 1,397940 0,001220
комиксов 1,698970 0,001483
нила 1,698970 0,001483
геймана 1,698970 0,001483
симпсоны 1,698970 0,001483
мультсериал 1,522879 0,001329
который 0,508638 0,000444
умеет 1,301030 0,001135
предсказывать 1,522879 0,001329
будущее 0,769551 0,000672
полное 1,154902 0,001008
расписание 1,096910 0,003350
событий 0,853872 0,000745
выставок 1,397940 0,002440
спектаклей 1,397940 0,001830
концертов 1,221849 0,001599
недели 0,744727 0,001300
петербурге 1,045757 0,002281
аигел 1,698970 0,002224
пикник 1,522879 0,002658
shadowraze 1,698970 0,002224
ярких 1,301030 0,001703
молодых 1,154902 0,001512
художниц 1,698970 0,002224
ярмарке 1,698970 0,002224
современного 1,221849 0,001599
искусства 0,886057 0,001160
art 1,301030 0,001703
russia 1,397940 0,001830
терапия 1,522879 0,001993
помогает 1,221849 0,001599
справиться 1,301030 0,001703
тревожностью 1,698970 0,002224
рассказывают 1,397940 0,001830
основательницы 1,698970 0,002224
студии 1,154902 0,001512
ну 1,045757 0,001369
ладно 1,522879 0,001993
русском 1,096910 0,001436
музее 1,154902 0,001512
выставочные 1,522879 0,001993
отмены 1,397940 0,001830
создайте 1,522879 0,001329
уникальную 1,301030 0,001135
страницу 1,154902 0,001008
события 0,638272 0,001114
афише 1,698970 0,002224
это 0,251812 0,000220
возможность 0,721246 0,000629
рассказать 1,698970 0,001483
нем 0,958607 0,000836
многомиллионной 1,698970 0,001483
аудитории 1,698970 0,001483
увеличить 1,397940 0,001220
посещаемость 1,698970 0,001483
создать 1,154902 0,001008
мероприятие 1,397940 0,001220
кинотеатров 1,301030 0,001135
imax 1,522879 0,001329
кинотеатры 1,301030 0,001135
театров 1,397940 0,001220
театры 1,154902 0,001008
концертные 1,522879 0,001329
залы 1,221849 0,001066
клубы 1,154902 0,001008
музеи 1,096910 0,000957
дети 0,677781 0,000887
детских 1,221849 0,002132
нас 0,468521 0,000409
компании 0,619789 0,000541
реклама 0,346787 0,000303
контакты 0,431798 0,000377
сайта 0,508638 0,000444
daily 1,522879 0,001329
еда 1,221849 0,001066
ру 0,744727 0,000650
путеводители 1,397940 0,001220
еще 0,327902 0,000286
добавить 1,096910 0,000957
заведение 1,397940 0,001220
возврат 1,522879 0,001329
билетов 1,154902 0,001008
обратная 0,585027 0,000510
связь 0,552842 0,000482
мобильная 1,000000 0,000873
версия 0,744727 0,000650
сертификаты 1,698970 0,001483
соц 1,397940 0,001220
сетях 0,769551 0,000672
мобильное 1,301030 0,001135
приложение 0,886057 0,000773
удобный 1,301030 0,001135
способ 1,000000 0,000873
выбрать 0,853872 0,000745
провести 1,045757 0,000913
свободное 1,397940 0,001220
время 0,356547 0,000311
наведите 1,698970 0,001483
камеру 1,698970 0,001483
рассылка 1,301030 0,001135
главные 0,585027 0,000510
вас 0,721246 0,000629
почте 1,397940 0,001220
подписаться 0,769551 0,001007
нажимая 1,301030 0,001135
кнопку 1,522879 0,001329
вы 0,376751 0,000329
соглашаетесь 1,154902 0,001008
c 0,721246 0,000629
правилами 1,301030 0,001135
рассылок 1,698970 0,001483
ооо 0,853872 0,000745
компания 0,853872 0,000745
права 0,431798 0,000377
защищены 0,602060 0,000525
лиц 1,045757 0,000913
старше 1,000000 0,000873
лет 0,366532 0,000320
пользовательское 0,657577 0,000574
соглашение 0,619789 0,000541
политика 0,387216 0,000338
конфиденциальности 0,744727 0,000650
календарь 1,000000 0,000873
июля 0,920819 0,012856
августа 0,958607 0,013384
сентября 1,154902 0,015620
октября 1,045757 0,014600
ноября 1,154902 0,015620
декабря 0,853872 0,011921
января 0,920819 0,012856
февраля 0,823909 0,010425
выходные 1,096910 0,000957
неделя 1,154902 0,001008
месяц 0,744727 0,000650
