новость 0,161151 0,001379
наш 0,309804 0,000757
призвание 1,522879 0,003723
рен 1,221849 0,005975
тв 0,657577 0,004019
window 1,096910 0,025478
yacontextcb 1,698970 0,006231
прямой 0,619789 0,002273
эфир 0,537602 0,001972
весь 0,107905 0,000264
россия 0,214670 0,001575
миро 0,337242 0,000825
политик 0,366532 0,000896
экономика 0,522879 0,001278
спорт 0,397940 0,000973
криминал 1,221849 0,002987
шоу 0,508638 0,001244
бизнес 0,468521 0,001146
здоровье 0,602060 0,001472
lifestyle 1,522879 0,003723
статья 0,619789 0,001515
спецоперация 0,657577 0,002412
защита 0,823909 0,002014
донбасс 0,657577 0,001608
мнение 0,602060 0,002208
проект 0,259637 0,000952
телеканал 0,585027 0,002861
программа 0,420216 0,001027
лицо 0,537602 0,001314
канал 0,508638 0,001865
адрес 0,537602 0,001972
редакция 0,366532 0,001344
обратный 0,508638 0,001865
связь 0,309804 0,001515
правовой 0,823909 0,003022
информация 0,327902 0,001203
помощь 0,481486 0,001177
ребенок 0,259637 0,000952
more 1,045757 0,002557
tv 0,920819 0,003377
найти 0,356547 0,000872
главное 0,327902 0,000802
песок 0,698970 0,006836
исключение 0,958607 0,002344
рф 0,568636 0,001390
иза 0,167491 0,000819
спчий 0,920819 0,003377
оон 0,823909 0,002014
голосовать 1,221849 0,002987
принудить 1,698970 0,004154
русофобия 1,301030 0,003181
развернуть 1,221849 0,029874
банк 0,795880 0,001946
решить 0,677781 0,001657
понизить 1,522879 0,003723
ключевой 0,619789 0,001515
ставка 0,657577 0,001608
годовой 0,886057 0,002166
hcwp 1,698970 0,101772
push 1,301030 0,027039
widget 1,698970 0,068540
bloggerstream 1,698970 0,035309
id 1,154902 0,024002
selector 1,698970 0,035309
mat 1,522879 0,031649
label 1,698970 0,035309
count 1,698970 0,035309
эксклюзив 0,823909 0,002014
боец 0,920819 0,002251
днр 0,823909 0,002014
позывные 1,698970 0,004154
индус 1,698970 0,004154
рассказать 0,366532 0,000896
тактика 1,301030 0,003181
вс 0,698970 0,001709
кочевать 1,698970 0,004154
танк 1,045757 0,002557
жириновский 0,431798 0,001056
многое 1,096910 0,002682
предвидеть 1,522879 0,003723
международный 0,508638 0,001244
арена 1,301030 0,003181
евросоюз 0,853872 0,002088
принять 0,638272 0,001561
пятый 0,795880 0,001946
пакет 0,823909 0,002014
антироссийский 0,886057 0,002166
санкция 0,537602 0,001314
около 0,886057 0,002166
человек 0,259637 0,000635
погибнуть 0,886057 0,002166
пря 0,387216 0,001420
удар 0,494850 0,001210
точка 0,585027 0,001430
вокзал 0,698970 0,001709
краматорск 0,602060 0,001472
мид 0,853872 0,002088
вызвать 0,920819 0,002251
посол 1,221849 0,002987
польша 0,920819 0,002251
москва 0,292430 0,000715
задержать 0,886057 0,002166
подозреваемый 1,301030 0,003181
нападение 0,958607 0,002344
главред 1,096910 0,002682
новый 0,244125 0,000597
газета 0,853872 0,002088
муратов 1,154902 0,002824
два 0,346787 0,000848
женщина 0,619789 0,001515
госпитализировать 1,154902 0,004236
после 0,356547 0,000872
падение 1,096910 0,002682
лифт 1,301030 0,003181
махачкала 1,221849 0,002987
легкомоторный 1,522879 0,003723
самолет 0,721246 0,001763
упасть 0,920819 0,003377
возле 1,522879 0,003723
озеро 1,221849 0,002987
ленобласть 1,522879 0,003723
евро 0,769551 0,001882
ниже 0,886057 0,002166
рубль 0,455932 0,001115
впервые 0,744727 0,001821
июль 0,823909 0,002014
год 0,236572 0,000578
кремль 0,769551 0,001882
подтвердить 1,045757 0,002557
скорый 0,920819 0,002251
встреча 0,638272 0,001561
путин 0,602060 0,001472
лукашенко 1,397940 0,003418
заявить 0,677781 0,002486
завершение 1,221849 0,002987
украина 0,455932 0,001672
обозримый 1,522879 0,003723
будущее 0,602060 0,001472
бизнесмен 1,096910 0,002682
борис 0,698970 0,001709
шпигель 1,221849 0,002987
матросский 1,698970 0,004154
тишина 1,522879 0,003723
решение 0,619789 0,001515
сделать 0,657577 0,001608
мая 0,677781 0,001657
днем 1,045757 0,002557
жертва 0,958607 0,002344
агрессия 1,397940 0,003418
постыдный 1,301030 0,003181
призвать 1,045757 0,002557
не 0,136677 0,000334
верить 0,958607 0,002344
слух 1,096910 0,002682
транспортный 1,301030 0,003181
блокада 1,221849 0,002987
калининград 0,920819 0,002251
убедить 1,221849 0,002987
агрессивный 1,096910 0,002682
характер 0,823909 0,002014
нато 0,769551 0,001882
что 0,161151 0,000394
отчет 0,958607 0,002344
кабмин 1,522879 0,003723
госдума 0,823909 0,002014
быть 0,161151 0,000591
блестящий 1,096910 0,002682
выход 0,744727 0,001821
западный 0,823909 0,002014
мир 0,387216 0,000947
мочь 0,236572 0,000578
расплатиться 1,522879 0,003723
доллар 0,698970 0,001709
продолжать 0,795880 0,001946
работа 0,431798 0,001056
сайт 0,173925 0,000638
ren 1,698970 0,004154
вы 0,301030 0,000736
подтверждать 1,221849 0,002987
использование 0,408935 0,001500
cookie 0,958607 0,002344
ваш 0,431798 0,001056
браузер 0,886057 0,002166
цель 1,045757 0,002557
улучшить 1,301030 0,003181
сервис 0,537602 0,001314
подробный 0,657577 0,001608
политика 0,638272 0,001561
обработка 0,853872 0,002088
персональный 0,619789 0,001515
данный 0,455932 0,001115
понятно 1,301030 0,003181
отправить 0,619789 0,001515
размещение 0,853872 0,002088
реклама 0,259637 0,000635
охрана 1,045757 0,002557
труд 1,301030 0,003181
rss 0,823909 0,002014
социальный 0,522879 0,001918
сеть 0,443697 0,001627
экстремистский 1,397940 0,003418
террористический 1,522879 0,003723
организация 0,769551 0,001882
запретить 0,619789 0,001515
российский 0,229148 0,000560
федерация 0,698970 0,001709
правый 1,397940 0,003418
сектор 1,301030 0,003181
украинский 0,522879 0,001278
повстанческий 1,698970 0,004154
армия 0,657577 0,001608
упа 1,522879 0,003723
игил 1,522879 0,003723
джабхат 1,698970 0,006231
фатх 1,698970 0,004154
аша 1,698970 0,004154
ша 1,096910 0,002682
ан 1,522879 0,005585
нусра 1,522879 0,005585
джебхат 1,698970 0,004154
национал 1,522879 0,003723
большевистский 1,522879 0,003723
партия 1,045757 0,002557
нбп 1,698970 0,004154
аля 1,301030 0,003181
каида 1,522879 0,003723
уна 1,397940 0,003418
унсо 1,522879 0,003723
талибан 1,397940 0,003418
меджлис 1,522879 0,003723
крымско 1,698970 0,004154
татарский 1,221849 0,002987
народ 0,853872 0,002088
свидетель 1,301030 0,003181
иегова 1,522879 0,003723
мизантропик 1,522879 0,003723
дивийный 1,522879 0,003723
братство 1,397940 0,003418
корчинский 1,698970 0,004154
артподготовка 1,522879 0,003723
тризубый 1,522879 0,003723
оно 0,397940 0,000973
степан 1,221849 0,002987
бандер 1,522879 0,003723
нсо 1,698970 0,004154
славянский 1,522879 0,003723
союз 0,677781 0,001657
формат 0,920819 0,002251
хизба 1,698970 0,004154
ута 1,698970 0,004154
тахрир 1,698970 0,004154
арестантский 1,698970 0,004154
уголовный 1,301030 0,003181
единство 1,301030 0,003181
ау 1,522879 0,003723
зарегистрировать 0,619789 0,001515
федеральный 0,508638 0,001244
служба 0,431798 0,001056
надзор 0,619789 0,001515
сфера 0,537602 0,001314
информационный 0,481486 0,001177
технология 0,408935 0,001000
массовый 0,508638 0,001244
коммуникация 0,568636 0,001390
свидетельство 0,585027 0,001430
регистрация 0,408935 0,001000
эл 0,494850 0,001210
фс 0,522879 0,001278
материал 0,292430 0,000715
просьба 1,397940 0,003418
ссылаться 1,698970 0,004154
использовать 0,568636 0,001390
гиперссылка 1,045757 0,002557
