матч 1,221849 0,011754
тв 0,657577 0,002711
онлайн 0,387216 0,000355
трансляция 0,721246 0,002313
спортивный 0,886057 0,003653
событие 0,455932 0,000418
обзор 0,795880 0,000729
новость 0,161151 0,001033
видео 0,327902 0,000751
мероприятие 0,823909 0,000755
интервью 0,522879 0,001437
спортсмен 1,397940 0,001921
перейти 0,744727 0,000682
основный 1,221849 0,001119
контент 1,045757 0,000958
эфир 0,537602 0,000985
телепрограмма 0,853872 0,001173
эксклюзив 0,823909 0,001132
премьер 0,638272 0,001462
подписка 0,677781 0,001242
академия 1,045757 0,001437
акция 0,823909 0,001132
еще 0,327902 0,001202
вход 0,602060 0,000827
выход 0,744727 0,002047
футбол 1,045757 0,005749
россия 0,214670 0,001377
тинькофф 1,698970 0,003891
рпло 1,698970 0,003891
фнл 1,522879 0,002093
пфл 1,698970 0,002335
бетсити 1,698970 0,002335
кубок 1,397940 0,003842
европа 0,585027 0,003484
лига 0,958607 0,007026
чемпион 1,096910 0,002010
англия 1,522879 0,002093
испания 1,154902 0,001587
италия 1,045757 0,001437
германия 0,958607 0,001317
франция 0,795880 0,001094
нидерланды 1,698970 0,002335
белоруссия 1,000000 0,002290
португалия 1,698970 0,003113
сборный 1,301030 0,005364
сборная 1,698970 0,003891
нация 1,301030 0,001788
чемпионат 1,154902 0,003174
миро 0,337242 0,000618
хоккей 1,096910 0,005025
кхла 1,301030 0,004172
нхл 1,221849 0,003358
мхла 1,698970 0,002335
биатлон 1,221849 0,002799
бокс 1,096910 0,002512
mma 1,522879 0,002790
one 0,958607 0,001317
fc 1,698970 0,002335
fight 1,698970 0,002335
night 1,698970 0,002335
лыжный 1,301030 0,003576
гонка 1,154902 0,003703
фигурный 1,301030 0,002384
катание 1,301030 0,002384
баскетбол 1,397940 0,003202
втб 1,301030 0,001788
нба 1,698970 0,004670
еврокубок 1,698970 0,003891
теннис 1,397940 0,001921
формула 1,096910 0,001507
волейбол 1,397940 0,001921
летний 0,721246 0,001652
вид 0,744727 0,002729
киберспорт 1,397940 0,001921
зимний 0,853872 0,001565
авто 0,769551 0,001058
мото 1,522879 0,002093
легкий 1,096910 0,001507
атлетика 1,397940 0,001921
шахматы 1,096910 0,002512
водный 1,397940 0,001921
d 0,920819 0,001265
тур 1,301030 0,002384
птс 1,698970 0,002335
главный 0,346787 0,001589
дорогой 0,744727 0,001023
агент 1,397940 0,001281
телевизионный 1,096910 0,001005
сериал 0,494850 0,000453
ть 0,552842 0,000506
войти 0,468521 0,000644
сайт 0,173925 0,000239
близкий 0,744727 0,000682
российский 0,229148 0,001260
апр 1,397940 0,035221
нижний 0,744727 0,001023
новгород 0,795880 0,001094
x 0,853872 0,003520
динамо 1,522879 0,003488
м 0,698970 0,000961
химки 1,522879 0,001395
цска 1,397940 0,002562
рубина 1,698970 0,001557
краснодар 1,000000 0,002290
ахмат 1,698970 0,001557
зенит 1,698970 0,002335
урал 1,221849 0,001119
крыло 1,154902 0,001058
совет 0,568636 0,001302
уфа 1,096910 0,001005
сочить 0,920819 0,000844
спартак 1,698970 0,001557
арсенал 1,397940 0,001281
ростов 0,920819 0,000844
локомотив 1,698970 0,001557
топ 0,677781 0,000621
финал 0,920819 0,001265
конференция 0,853872 0,000782
запад 0,721246 0,000661
ска 1,397940 0,001281
й 1,000000 0,000916
бесплатно 0,958607 0,000878
югорский 1,698970 0,002335
марафон 1,397940 0,002562
километр 1,045757 0,001437
федерация 0,698970 0,000961
санный 1,698970 0,001557
спорт 0,397940 0,000365
добиться 1,154902 0,001058
право 0,292430 0,000268
для 0,107905 0,000148
участвовать 1,045757 0,000958
международный 0,508638 0,000699
старт 1,096910 0,001005
елена 0,698970 0,000961
вяльба 1,301030 0,002384
сообщить 0,585027 0,000804
что 0,161151 0,001033
намерить 1,096910 0,001507
переизбраться 1,698970 0,002335
fis 1,301030 0,002384
тренер 1,301030 0,008940
каспер 1,698970 0,002335
объяснить 0,677781 0,000931
ситуация 0,657577 0,000904
новый 0,244125 0,000671
контракт 1,301030 0,002384
болгария 1,301030 0,001788
главное 0,327902 0,001051
они 0,309804 0,001277
проявить 1,522879 0,002093
здравомыслие 1,522879 0,002093
карякин 1,221849 0,001679
отказ 0,886057 0,001218
украинский 0,522879 0,000958
шахматистка 1,096910 0,002010
поддержать 0,920819 0,001687
отстранение 1,154902 0,002116
россиянин 0,602060 0,003310
саня 1,698970 0,003891
когда 0,397940 0,000911
мы 0,229148 0,000840
вернуться 0,638272 0,001170
вы 0,301030 0,000827
быть 0,161151 0,000517
тяжелый 0,744727 0,001023
бороться 1,221849 0,001679
саночник 1,154902 0,001587
репил 1,698970 0,002335
прыжок 1,698970 0,002335
вода 1,154902 0,002645
прыгун 1,522879 0,002093
выступить 0,920819 0,001265
апрель 0,275724 0,000379
открыть 0,552842 0,000760
лидер 0,744727 0,001365
рейтинг 0,657577 0,000904
сми 0,468521 0,001932
цитируемость 1,698970 0,002335
первый 0,346787 0,000953
квартал 1,301030 0,001788
год 0,236572 0,000759
арбитр 1,698970 0,002335
fil 1,698970 0,002335
считать 0,744727 0,001706
санкция 0,537602 0,000985
против 0,387216 0,000710
основать 1,045757 0,001437
только 0,283997 0,000781
гражданство 1,221849 0,001679
являться 0,721246 0,001322
политический 0,721246 0,000991
дискриминация 1,522879 0,002093
весь 0,107905 0,000593
легионер 1,522879 0,003488
разный 0,677781 0,000931
отношение 0,481486 0,000882
играть 0,920819 0,001687
тот 0,376751 0,001381
кто 0,346787 0,000794
много 0,301030 0,000414
уплатить 1,698970 0,002335
форвард 1,698970 0,003891
ильин 1,698970 0,002335
мочь 0,236572 0,000759
ли 0,387216 0,000532
клуб 0,657577 0,002109
заявить 0,677781 0,000931
этот 0,173925 0,000717
сезон 0,568636 0,002344
новое 0,214670 0,000197
футболист 1,397940 0,003842
ответ 0,677781 0,000931
рфс 1,522879 0,002093
писать 0,744727 0,000682
должно 1,221849 0,001119
стыдно 1,221849 0,001119
иза 0,167491 0,000537
я 0,346787 0,000635
русский 0,318759 0,000292
назаров 1,522879 0,001395
уход 0,853872 0,000782
чешский 1,221849 0,001119
устроить 1,000000 0,001374
шоу 0,508638 0,001165
нью 1,221849 0,002239
йорк 1,221849 0,002239
а 0,221849 0,000915
после 0,356547 0,000980
игра 0,585027 0,001072
подколоть 1,698970 0,002335
друг 0,494850 0,000907
хороший 0,408935 0,001311
проблема 0,698970 0,000640
не 0,136677 0,000814
глимт 1,522879 0,002093
обвинить 1,221849 0,001679
нападение 0,958607 0,001317
вратарь 1,301030 0,001788
ром 1,397940 0,003202
прямая 1,301030 0,001192
речь 1,045757 0,000958
круто 1,522879 0,002093
медведев 1,154902 0,001587
сняться 1,397940 0,001921
откровенный 1,397940 0,001921
фотосессия 1,397940 0,001921
серебряный 1,154902 0,001587
призер 1,522879 0,002790
олимпиада 1,221849 0,002799
тоже 0,958607 0,001317
готовый 0,744727 0,001365
такой 0,397940 0,000547
шаг 1,045757 0,001916
папа 1,045757 0,000958
полицейский 1,221849 0,001119
земляк 1,698970 0,001557
президент 0,698970 0,000640
пятилетний 1,698970 0,001557
плотник 1,698970 0,001557
афера 1,698970 0,001557
фамилия 1,221849 0,001119
нигериец 1,698970 0,001557
дебют 1,221849 0,001119
рассказать 0,366532 0,000336
себя 0,397940 0,000365
дзюба 1,698970 0,001557
нужный 0,552842 0,000506
оно 0,397940 0,000365
предложить 0,744727 0,000682
который 0,236572 0,000217
прошлый 0,744727 0,000682
раз 0,638272 0,000877
орлов 1,397940 0,001281
хотеть 0,387216 0,000532
уехать 1,045757 0,001437
перед 0,769551 0,001058
раунд 1,698970 0,002335
алексей 0,552842 0,000760
кудашов 1,698970 0,003113
итог 0,769551 0,001058
будущее 0,602060 0,000827
колоть 1,698970 0,002335
голдобин 1,522879 0,002790
хорошо 0,823909 0,001132
чем 0,387216 0,000710
кросби 1,698970 0,002335
магнитка 1,698970 0,002335
забить 1,522879 0,002790
победный 1,698970 0,002335
гол 1,397940 0,002562
трактор 1,397940 0,001921
федоров 1,698970 0,002335
v 0,795880 0,001094
ротенберг 1,698970 0,002335
уникальный 0,744727 0,001023
дуэль 1,301030 0,002384
назад 0,638272 0,000877
бы 0,585027 0,000804
даже 0,602060 0,001103
назвать 0,568636 0,000781
фестиваль 0,721246 0,000991
чудо 0,823909 0,001132
голов 1,397940 0,001921
ретро 1,301030 0,001788
комбинация 1,397940 0,001921
барс 1,397940 0,001921
норвежский 1,522879 0,002093
проклятье 1,301030 0,001788
роттердам 1,698970 0,002335
л 0,795880 0,001094
лк 1,397940 0,001921
лейпциг 1,397940 0,001281
тедеско 1,698970 0,001557
аталант 1,522879 0,001395
миранчук 1,522879 0,001395
сыграть 0,958607 0,001317
вничью 1,397940 0,001281
бавария 1,522879 0,001395
уступить 1,522879 0,001395
команда 0,795880 0,001458
эмерить 1,522879 0,001395
бензем 1,397940 0,001281
снова 0,744727 0,000682
сделать 0,657577 0,000602
хет 1,397940 0,001281
трик 1,397940 0,001281
момент 0,853872 0,000782
мм 1,397940 0,001281
постесняться 1,698970 0,001557
сфоткаться 1,698970 0,001557
сайтиевый 1,698970 0,001557
чимаев 1,522879 0,002093
гот 1,096910 0,001005
помочь 0,537602 0,000739
макгрегор 1,301030 0,001788
мощно 1,698970 0,001557
говорить 0,537602 0,000493
яна 0,920819 0,002531
стерлинг 1,154902 0,003174
ждать 0,619789 0,000568
избиение 1,522879 0,001395
секундант 1,698970 0,001557
петр 0,958607 0,000878
рассказывать 0,698970 0,000640
подготовка 0,853872 0,001173
бой 0,853872 0,000782
мень 0,657577 0,000602
лагерь 1,154902 0,001058
ловить 1,221849 0,001119
прием 1,045757 0,000958
петра 1,000000 0,001374
хабиб 1,698970 0,001557
угол 1,522879 0,001395
реакция 1,221849 0,001119
сын 0,698970 0,000640
завершение 1,221849 0,001679
тренерский 1,698970 0,001557
карьер 0,958607 0,000878
просто 0,602060 0,000552
кокетничать 1,698970 0,001557
александра 0,443697 0,000407
жулин 1,698970 0,001557
изоляция 1,397940 0,001281
патриотизм 1,301030 0,001192
ребенок 0,259637 0,000238
заочно 1,698970 0,001557
громить 1,698970 0,001557
чемпионка 1,698970 0,001557
участие 0,677781 0,000621
ученица 1,301030 0,001788
тутберидзе 1,698970 0,001557
она 0,356547 0,000327
тренировка 1,698970 0,001557
видеть 0,698970 0,000961
четверной 1,698970 0,001557
откладываться 1,698970 0,001557
подсознание 1,698970 0,001557
экс 1,096910 0,001005
липницкий 1,698970 0,001557
сильный 0,823909 0,000755
разбор 1,154902 0,001058
неизбежный 1,522879 0,001395
удар 0,494850 0,000453
наш 0,309804 0,000568
бан 1,698970 0,001557
потеря 0,920819 0,000844
миллион 0,537602 0,000493
обвал 1,397940 0,001281
жутко 1,522879 0,001395
сложный 0,886057 0,000812
отбор 1,522879 0,001395
чма 1,698970 0,002335
месси 1,698970 0,001557
роналд 1,698970 0,001557
светить 1,522879 0,001395
золотой 0,795880 0,000729
мяч 1,397940 0,001281
есть 0,508638 0,000466
четыре 0,721246 0,000661
крутой 1,096910 0,001005
претендент 1,522879 0,002093
награда 1,096910 0,001005
польша 0,920819 0,000844
понятно 1,301030 0,001192
выйти 0,568636 0,000781
материал 0,292430 0,000402
академический 1,698970 0,002335
гребля 1,698970 0,001557
михаил 0,568636 0,000521
кузнецов 1,154902 0,001058
звезда 0,552842 0,000760
грести 1,698970 0,001557
анна 0,537602 0,000493
пракатень 1,698970 0,001557
антироссийский 0,886057 0,000812
горячее 1,154902 0,001058
фотография 0,795880 0,000729
судьба 0,657577 0,000602
подарить 1,096910 0,001005
автомобиль 0,698970 0,000640
дальнейший 1,045757 0,000958
карьера 0,958607 0,000878
андрей 0,508638 0,000466
менг 1,698970 0,001557
панарин 1,698970 0,001557
шестеркин 1,397940 0,001921
ноль 1,397940 0,001281
дмитрия 0,602060 0,000552
пономаренко 1,698970 0,001557
эксклюзивный 1,154902 0,001058
белый 0,853872 0,000782
голубой 1,221849 0,001119
евгенья 0,698970 0,000640
дзичковский 1,698970 0,001557
нападающий 1,397940 0,001281
сейчас 0,481486 0,000441
скорострельность 1,698970 0,001557
состав 1,000000 0,001374
быков 1,397940 0,001281
владимир 0,301030 0,000276
ильина 1,522879 0,001395
женатый 1,698970 0,001557
дочь 0,958607 0,000878
грузинский 1,154902 0,001058
иметь 0,853872 0,000782
мнение 0,602060 0,000552
мелкий 1,221849 0,001119
пас 1,698970 0,001557
столь 1,221849 0,001119
любимый 0,744727 0,000682
его 0,346787 0,000477
павел 0,769551 0,001058
лысенков 1,698970 0,002335
бомбардирский 1,698970 0,001557
пль 1,397940 0,001921
офф 1,221849 0,001679
металлург 1,301030 0,001192
оказаться 0,638272 0,000585
два 0,346787 0,000477
гагарин 1,096910 0,001005
ответный 1,397940 0,001281
неделя 0,522879 0,000719
денис 0,853872 0,000782
петров 1,096910 0,001005
идти 0,657577 0,000602
кампания 1,522879 0,001395
двое 1,096910 0,001005
уже 0,568636 0,000521
лишиться 1,221849 0,001679
работа 0,431798 0,000593
европейский 0,744727 0,001023
следующий 1,154902 0,001058
высылать 1,397940 0,001281
дипломат 0,886057 0,000812
территория 0,795880 0,000729
возможность 0,537602 0,000739
удаться 1,221849 0,001119
загрузить 0,958607 0,000878
данный 0,455932 0,000627
показать 0,522879 0,000479
покинуть 0,853872 0,000782
чехия 1,221849 0,001119
какой 0,337242 0,000309
мужик 1,397940 0,001281
пря 0,387216 0,000532
помощь 0,481486 0,000441
взмах 1,698970 0,001557
рука 0,677781 0,000621
изменить 0,744727 0,000682
н 0,769551 0,001058
жй 1,397940 0,001921
ритуал 1,301030 0,001192
африка 1,301030 0,001788
путин 0,602060 0,000552
очень 0,568636 0,000521
любить 0,537602 0,000493
камерун 1,522879 0,001395
страна 0,387216 0,000355
где 0,455932 0,000418
огласить 1,698970 0,001557
звание 1,522879 0,001395
игрок 1,301030 0,001192
признать 0,958607 0,000878
второй 0,602060 0,000552
игровой 1,522879 0,001395
день 0,236572 0,000217
сила 0,698970 0,000640
пройти 0,677781 0,000931
условие 0,468521 0,000644
стабильный 1,698970 0,001557
сан 1,154902 0,001058
хосе 1,698970 0,001557
проиграть 1,301030 0,001192
калгари 1,698970 0,001557
барабанов 1,698970 0,001557
закончить 1,301030 0,001192
полезность 1,698970 0,001557
ванкувер 1,522879 0,001395
обыграть 1,522879 0,001395
аризон 1,522879 0,001395
подколзин 1,522879 0,001395
набрать 1,522879 0,002093
очко 1,154902 0,001058
мэттьюс 1,522879 0,001395
стать 0,301030 0,000414
снайпер 1,522879 0,001395
американец 1,154902 0,001058
история 0,283997 0,000390
принимать 0,886057 0,001218
допинг 1,301030 0,001192
ufc 1,397940 0,001921
позволить 1,301030 0,001192
провести 0,721246 0,000661
взгляд 0,853872 0,000782
алджамэйна 1,698970 0,001557
признаться 1,301030 0,001192
открывать 1,045757 0,000958
сообщение 0,677781 0,000621
соцсеть 0,721246 0,000661
предъявить 1,154902 0,001058
шесть 0,920819 0,000844
обвинение 1,000000 0,000916
дело 0,481486 0,000441
опасный 0,744727 0,000682
вождение 1,397940 0,001281
боец 0,920819 0,000844
бернса 1,698970 0,001557
ментальный 1,522879 0,001395
проседать 1,698970 0,001557
съедать 1,522879 0,001395
соперник 1,698970 0,001557
бикрев 1,698970 0,001557
ibu 1,698970 0,001557
полностью 0,795880 0,000729
запретить 0,619789 0,000568
использование 0,408935 0,000749
фтор 1,698970 0,001557
свердловский 1,522879 0,001395
область 0,638272 0,000585
нет 0,537602 0,000739
мужской 1,221849 0,001119
многое 1,096910 0,001005
зависеть 1,522879 0,001395
шипулин 1,698970 0,002335
антон 0,823909 0,000755
медаль 1,522879 0,001395
заслуга 1,397940 0,001281
личной 0,958607 0,000878
юрлово 1,698970 0,001557
перхт 1,698970 0,001557
рассмотреть 1,301030 0,001192
статус 1,096910 0,001005
играющий 1,698970 0,001557
йокич 1,698970 0,001557
очки 1,522879 0,001395
подбор 1,397940 0,001281
передача 0,795880 0,000729
турнир 1,221849 0,001119
независимо 1,698970 0,001557
вердикт 1,397940 0,001281
fiba 1,698970 0,001557
триплый 1,698970 0,001557
дабла 1,698970 0,001557
дюрант 1,698970 0,001557
бруклин 1,698970 0,001557
победить 1,096910 0,001005
лейкерс 1,522879 0,002093
шанс 1,045757 0,000958
продолжение 0,853872 0,000782
борьба 0,721246 0,000661
сменить 1,221849 0,001119
крамер 1,698970 0,001557
предвзятый 1,698970 0,001557
расстроить 1,698970 0,001557
окончание 1,522879 0,001395
лыжник 1,698970 0,001557
ретивое 1,698970 0,001557
обладатель 1,301030 0,001192
серебро 1,698970 0,001557
турышев 1,698970 0,001557
ставить 1,000000 0,000916
задача 1,000000 0,000916
лишь 1,045757 0,000958
добраться 1,301030 0,001192
финиш 1,698970 0,001557
белов 1,397940 0,001281
выиграть 1,301030 0,001192
классика 1,045757 0,000958
югорск 1,698970 0,001557
подтвердить 1,045757 0,000958
кандидат 1,301030 0,001192
выборы 1,301030 0,001192
организация 0,769551 0,000705
канал 0,508638 0,000466
контакт 0,387216 0,000355
вакансия 0,657577 0,000602
аккредитация 1,698970 0,001557
обратный 0,508638 0,000466
связь 0,309804 0,000426
размещение 0,853872 0,000782
реклама 0,259637 0,000238
ооо 0,853872 0,001956
национальный 0,698970 0,001601
телеканал 0,585027 0,001340
пользовательский 0,552842 0,000760
соглашение 0,443697 0,000610
средство 0,920819 0,001265
массовый 0,508638 0,000932
информация 0,327902 0,000601
сетевой 0,585027 0,001608
издание 0,468521 0,001288
www 0,698970 0,002241
matchtv 1,698970 0,007004
ru 0,180456 0,000661
зарегистрировать 0,619789 0,000568
федеральный 0,508638 0,000466
служба 0,431798 0,000396
надзор 0,619789 0,000568
сфера 0,537602 0,000493
информационный 0,481486 0,000441
технология 0,408935 0,000375
коммуникация 0,568636 0,000521
роскомнадзор 0,698970 0,000640
свидетельство 0,585027 0,000536
регистрация 0,408935 0,000562
эл 0,494850 0,000453
фс 0,522879 0,000479
название 1,000000 0,000916
учредитель 0,657577 0,000602
соучредитель 1,397940 0,001281
редактор 0,508638 0,000466
слюсаренко 1,698970 0,001557
е 0,823909 0,000755
номер 0,795880 0,000729
телефон 0,568636 0,000521
редакция 0,366532 0,000504
адрес 0,537602 0,000493
электронный 0,619789 0,000568
почта 0,602060 0,000552
чуть 1,000000 0,001374
получить 0,420216 0,000577
доступ 0,920819 0,001265
бесплатный 0,853872 0,000782
дая 1,221849 0,001119
согласие 0,795880 0,001094
получать 0,677781 0,000621
маркетинговый 1,397940 0,001281
рекламный 1,301030 0,001192
иной 0,958607 0,000878
завершить 0,958607 0,000878
pass 1,698970 0,001557
medium 1,154902 0,001058
теперь 0,602060 0,000552
гид 1,096910 0,001507
авторизоваться 1,221849 0,001119
система 0,721246 0,000661
целый 1,000000 0,000916
вселить 0,886057 0,000812
развлекательный 1,301030 0,001192
сервис 0,537602 0,000493
подробный 0,657577 0,000602
использовать 0,568636 0,000521
давать 0,920819 0,000844
cookie 0,958607 0,001317
этап 1,698970 0,001557
отказаться 0,853872 0,000782
настроить 1,301030 0,001192
необходимый 1,000000 0,000916
параметр 1,522879 0,001395
свой 0,301030 0,000276
браузер 0,886057 0,000812
ок 1,397940 0,001281
