женский 0,958607 0,001439
журнал 0,744727 0,001490
woman 1,397940 0,007693
ru 0,180456 0,000903
звезда 0,552842 0,002489
мода 0,958607 0,003836
красота 0,721246 0,002526
любовь 0,468521 0,000703
секс 1,096910 0,002744
гороскоп 1,154902 0,002889
психология 0,958607 0,001439
ребенок 0,259637 0,001169
здоровье 0,602060 0,002108
читать 0,537602 0,000538
онлайн 0,387216 0,000581
вумный 1,698970 0,003400
ра 0,744727 0,001863
ваш 0,431798 0,001296
браузер 0,886057 0,001773
устареть 1,397940 0,001399
поэтому 0,853872 0,000854
сайт 0,173925 0,000609
мочь 0,236572 0,000237
отображаться 1,698970 0,001700
некорректный 1,698970 0,001700
обновить 0,769551 0,001155
для 0,107905 0,000864
повышение 1,154902 0,001155
уровень 0,886057 0,000886
безопасность 0,744727 0,000745
скорость 1,154902 0,001155
комфорт 1,522879 0,001524
использование 0,408935 0,000818
этот 0,173925 0,001044
войти 0,468521 0,000469
форум 0,886057 0,002216
отношение 0,481486 0,001686
познать 1,698970 0,002550
себя 0,397940 0,000995
стиль 0,721246 0,001804
жизнь 0,318759 0,001914
реальный 0,853872 0,001281
новость 0,161151 0,000403
диета 1,154902 0,001733
вкус 1,096910 0,001646
ностальгия 1,698970 0,001700
еще 0,327902 0,000656
поиск 0,387216 0,000387
вход 0,602060 0,000602
проект 0,259637 0,000390
контакт 0,387216 0,000581
рекламодатель 1,301030 0,001953
пользовательский 0,552842 0,001106
соглашение 0,443697 0,000888
политик 0,366532 0,000733
cookie 0,958607 0,001439
файл 0,920819 0,001382
промокод 1,096910 0,001646
светский 1,221849 0,001222
хроник 1,154902 0,001155
макияж 1,397940 0,003497
женщина 0,619789 0,001860
кейт 1,301030 0,001953
миддлтон 1,522879 0,002285
мы 0,229148 0,000802
мужчина 0,677781 0,001356
монарх 1,522879 0,001524
мегать 1,698970 0,001700
маркл 1,698970 0,001700
интервью 0,522879 0,000785
пластик 1,522879 0,001524
косметология 1,698970 0,001700
уход 0,853872 0,000854
антиэйдж 1,698970 0,001700
рецепт 0,958607 0,001439
апрель 0,275724 0,000414
год 0,236572 0,000828
василиса 1,522879 0,001524
володин 1,221849 0,001222
тельце 1,698970 0,001700
трудовой 1,397940 0,001399
повинность 1,698970 0,001700
а 0,221849 0,001221
стрелец 1,522879 0,001524
судьбоносный 1,698970 0,001700
решение 0,619789 0,000620
жириновский 0,431798 0,001080
провидец 1,522879 0,001524
лидер 0,744727 0,000745
лдпр 0,744727 0,000745
сделать 0,657577 0,001316
прогноз 0,958607 0,000959
как 0,187087 0,001685
исчезновение 1,522879 0,001524
летний 0,721246 0,000722
яр 1,698970 0,001700
гамбиразио 1,698970 0,001700
вскрыть 1,522879 0,001524
клубок 1,522879 0,001524
измена 1,301030 0,001302
целый 1,000000 0,001001
город 0,397940 0,000398
я 0,346787 0,000694
просто 0,602060 0,000602
повезти 1,301030 0,001302
заниматься 0,886057 0,000886
любимый 0,744727 0,000745
дело 0,481486 0,000482
получать 0,677781 0,000678
деньга 0,853872 0,000854
янина 1,698970 0,001700
студилин 1,698970 0,001700
съемка 0,920819 0,000921
сериал 0,494850 0,000743
сестра 0,795880 0,000796
что 0,161151 0,000967
нужно 0,698970 0,000699
знать 0,494850 0,000495
апрельский 1,221849 0,001222
новолуние 1,522879 0,001524
овен 1,698970 0,001700
рассказывать 0,698970 0,000699
астролог 1,397940 0,001399
день 0,236572 0,000355
букет 1,397940 0,001399
алый 1,522879 0,001524
роза 1,045757 0,001046
владимир 0,301030 0,000904
путин 0,602060 0,000602
первый 0,346787 0,000347
проститься 0,886057 0,001330
секрет 0,721246 0,001082
молодость 1,000000 0,001501
китаянка 1,698970 0,002550
екатерина 0,886057 0,001773
андреев 1,301030 0,001953
полезный 0,769551 0,001540
таить 1,698970 0,002550
ласточкин 1,522879 0,002285
гнездо 1,522879 0,002285
найти 0,356547 0,001070
модный 1,221849 0,003056
свитер 1,698970 0,002550
сезон 0,568636 0,001707
где 0,455932 0,000684
купить 0,744727 0,001118
самый 0,251812 0,000630
полосатый 1,522879 0,002285
ангела 1,096910 0,001646
надломить 1,698970 0,002550
шизофрения 1,698970 0,002550
одиночество 1,397940 0,002098
трагедия 1,045757 0,001569
жена 0,677781 0,001017
ганжи 1,698970 0,002550
иза 0,167491 0,000587
фильм 0,431798 0,000648
больший 0,853872 0,001281
перемена 1,000000 0,001501
не 0,136677 0,000957
стыдно 1,221849 0,002445
быть 0,161151 0,000564
русский 0,318759 0,000638
меньшов 1,522879 0,002285
высказаться 0,958607 0,001439
покинуть 0,853872 0,001281
россия 0,214670 0,000644
наш 0,309804 0,001085
украсть 1,096910 0,001646
сейчас 0,481486 0,001204
жить 0,585027 0,001171
похитить 1,522879 0,002285
девушка 0,744727 0,002608
который 0,236572 0,000947
провести 0,721246 0,001804
плена 1,698970 0,002550
ералаш 1,522879 0,001524
наследник 1,154902 0,001155
борис 0,698970 0,000699
грачевский 1,698970 0,001700
обмануть 1,154902 0,001155
его 0,346787 0,001041
молодой 1,000000 0,002501
вдова 1,698970 0,001700
белоцерковский 1,698970 0,001700
уже 0,568636 0,001991
давно 0,769551 0,000770
выступать 1,522879 0,001524
тот 0,376751 0,000565
чтобы 0,408935 0,000818
весь 0,107905 0,000486
имущество 1,221849 0,001222
режиссер 0,823909 0,000824
поделить 1,698970 0,001700
дышать 1,397940 0,001399
трубочка 1,698970 0,001700
бедный 0,958607 0,000959
настя 1,154902 0,001155
бороться 1,221849 0,001222
рак 1,045757 0,001569
истощить 1,698970 0,001700
артист 0,886057 0,000886
обратиться 1,096910 0,001097
поклонник 1,221849 0,001834
помощь 0,481486 0,000482
сбор 0,920819 0,000921
деньги 1,045757 0,001046
получить 0,420216 0,000841
она 0,356547 0,000535
вечерний 1,045757 0,001046
патриот 1,301030 0,001302
мария 0,657577 0,000987
шукшин 1,698970 0,002550
наехать 1,698970 0,001700
ургант 1,397940 0,002797
иван 0,619789 0,000930
стать 0,301030 0,000452
объект 1,000000 0,001001
нападки 1,698970 0,001700
свой 0,301030 0,000602
старший 0,721246 0,000722
коллега 1,154902 0,001733
актриса 1,000000 0,001001
хит 1,045757 0,001046
выглядеть 0,920819 0,001382
герой 0,552842 0,000553
любовник 1,397940 0,002098
культовый 1,096910 0,001097
латиноамериканский 1,522879 0,001524
ха 0,657577 0,000987
тройка 1,154902 0,001155
пятерка 1,301030 0,001302
мечтать 1,045757 0,001046
надо 0,795880 0,000796
последний 0,318759 0,000638
высказать 1,221849 0,001222
комик 1,221849 0,001222
илья 0,795880 0,000796
соболев 1,301030 0,001302
унизить 1,522879 0,001524
ева 1,000000 0,001001
польн 1,522879 0,001524
лет 0,337242 0,000844
измениться 0,920819 0,000921
единственный 1,045757 0,001046
сын 0,698970 0,000699
жанна 1,221849 0,001222
фриск 1,397940 0,001399
яйцо 1,096910 0,001097
или 0,292430 0,000293
курица 1,698970 0,001700
отвечать 0,920819 0,001382
важный 0,602060 0,000904
вопрос 0,420216 0,001051
эксперт 0,568636 0,000853
лента 0,677781 0,000678
тайный 0,823909 0,001236
код 0,823909 0,000824
судьба 0,657577 0,000658
расшифровать 1,397940 0,001399
новый 0,244125 0,000488
неловко 1,698970 0,001700
спросить 1,154902 0,001155
собираться 0,958607 0,001439
оправдываться 1,522879 0,001524
анна 0,537602 0,000538
нетребко 1,096910 0,001097
осадить 1,698970 0,001700
возмутиться 1,698970 0,001700
россиянин 0,602060 0,000904
артистка 1,522879 0,001524
прийтись 0,823909 0,000824
объяснить 0,677781 0,001017
резкий 1,301030 0,001302
высказывание 1,522879 0,001524
адрес 0,537602 0,000538
вернуться 0,638272 0,000639
европейский 0,744727 0,000745
сцена 0,958607 0,000959
речь 1,045757 0,001046
патриарх 1,301030 0,001302
кирилл 1,154902 0,001155
километровый 1,698970 0,001700
очередь 1,045757 0,001046
простой 0,795880 0,001194
человек 0,259637 0,000390
храм 1,096910 0,001097
христос 1,397940 0,001399
спаситель 1,522879 0,001524
прошлый 0,744727 0,000745
отпевание 1,397940 0,001399
смерть 0,568636 0,000569
настоящий 0,795880 0,001593
удар 0,494850 0,000495
вольф 1,397940 0,001399
прийти 0,958607 0,000959
десяток 1,154902 0,001155
сотня 0,958607 0,000959
гражданин 0,769551 0,000770
преодолеть 1,301030 0,001302
конфликт 1,000000 0,001501
поколенье 1,397940 0,001399
семья 0,552842 0,000830
бесплатный 0,853872 0,001281
вебинара 1,397940 0,002098
психолог 1,000000 0,001501
одноклассник 0,744727 0,000745
анит 1,698970 0,001700
ивкин 1,698970 0,001700
рассказать 0,366532 0,000733
тома 0,522879 0,000785
избежать 1,221849 0,001222
отцов 1,522879 0,001524
внутри 1,045757 0,001046
помочь 0,537602 0,001076
разобраться 1,397940 0,001399
сложный 0,886057 0,001330
жизненный 1,301030 0,001953
ситуация 0,657577 0,000987
межпоколенческий 1,698970 0,001700
отношенье 1,045757 0,001046
способ 0,721246 0,000722
мгновенно 1,698970 0,001700
ловкость 1,698970 0,001700
рука 0,677781 0,001356
никакой 0,920819 0,000921
мошенничество 1,301030 0,001302
собрать 0,958607 0,000959
бьютя 1,397940 0,003497
хитрость 1,221849 0,001222
благодаря 0,823909 0,000824
вы 0,301030 0,001958
казаться 0,958607 0,000959
считаный 1,698970 0,001700
минута 1,045757 0,001046
находка 1,698970 0,002550
новинка 0,677781 0,001356
неделя 0,522879 0,001046
гель 1,698970 0,001700
душ 1,154902 0,001155
гранат 1,698970 0,001700
тональный 1,698970 0,001700
крем 1,698970 0,001700
хамелеон 1,698970 0,001700
скраб 1,698970 0,001700
имбирь 1,698970 0,001700
отдел 1,000000 0,001001
снова 0,744727 0,000745
выбирать 1,000000 0,001001
интересный 0,619789 0,000620
многообещающий 1,522879 0,001524
раз 0,638272 0,000639
внимание 0,769551 0,000770
удостоиться 1,698970 0,001700
патч 1,698970 0,001700
губа 1,397940 0,002098
коллаген 1,698970 0,001700
упругий 1,698970 0,001700
маска 0,823909 0,000824
волос 1,221849 0,001222
кой 1,301030 0,001302
попытка 0,886057 0,000886
номер 0,795880 0,000796
три 0,522879 0,000523
аврить 1,221849 0,001222
лавина 1,221849 0,001222
выходить 0,698970 0,001399
замуж 1,154902 0,001155
канадский 1,698970 0,001700
певица 1,000000 0,001001
предложение 0,853872 0,000854
сердце 0,769551 0,000770
похвастаться 1,522879 0,001524
красивый 0,958607 0,001439
кольцо 0,958607 0,000959
александра 0,443697 0,000444
васильев 0,920819 0,000921
дать 0,721246 0,001082
совет 0,568636 0,001138
россиянка 1,397940 0,003497
одеваться 1,522879 0,001524
стильно 1,522879 0,001524
кризис 0,795880 0,000796
вести 0,657577 0,000658
программа 0,420216 0,000420
приговор 1,522879 0,001524
путешествовать 1,522879 0,001524
европа 0,585027 0,000585
оставаться 0,886057 0,000886
связь 0,309804 0,000465
даже 0,602060 0,000602
вдали 1,698970 0,001700
родина 1,000000 0,001001
он 0,455932 0,000912
продолжать 0,795880 0,000796
делиться 1,301030 0,001302
рекомендация 1,045757 0,001046
жидкий 1,698970 0,001700
стекло 1,397940 0,001399
чистый 1,301030 0,001302
лицо 0,537602 0,000538
главное 0,327902 0,000328
тренд 1,154902 0,002311
весна 0,823909 0,000824
улыбчивый 1,698970 0,001700
палетка 1,698970 0,001700
парфюм 1,522879 0,001524
счастье 0,769551 0,000770
дорогой 0,744727 0,000745
тысяча 0,568636 0,000853
рубль 0,455932 0,000684
дешевый 0,886057 0,001330
процедура 1,397940 0,001399
советовать 1,000000 0,001001
косметолог 1,522879 0,001524
замерзнуть 1,522879 0,001524
горячий 1,221849 0,001222
какой 0,337242 0,000506
средство 0,920819 0,000921
нужный 0,552842 0,000553
повторить 1,096910 0,001097
идеальный 0,769551 0,000770
педикюр 1,698970 0,001700
домашние 1,397940 0,001399
условие 0,468521 0,000703
нога 1,000000 0,001001
бюджетный 1,301030 0,001953
помада 1,698970 0,001700
карандаш 1,522879 0,001524
боний 1,522879 0,001524
резать 1,698970 0,001700
chanel 1,154902 0,001155
монако 1,522879 0,001524
калашников 1,522879 0,001524
попасть 0,823909 0,000824
обложка 1,154902 0,001155
mirror 1,522879 0,001524
модница 1,698970 0,001700
протестовать 1,698970 0,001700
против 0,387216 0,000387
запрет 0,795880 0,000796
бренд 0,769551 0,000770
рогов 1,522879 0,001524
почему 0,366532 0,000733
сумка 1,301030 0,001953
hermes 1,698970 0,001700
всегда 0,657577 0,000987
носить 1,397940 0,002098
расстегнуть 1,698970 0,001700
королева 1,397940 0,001399
подиум 1,698970 0,001700
свободный 0,853872 0,000854
хиппи 1,698970 0,001700
меняться 1,154902 0,001155
белла 1,221849 0,001222
хадид 1,698970 0,001700
кислотный 1,698970 0,001700
бум 1,522879 0,001524
неоновый 1,698970 0,001700
вещь 1,045757 0,001046
весной 1,154902 0,001155
неуместно 1,698970 0,001700
очень 0,568636 0,000569
дорого 1,522879 0,002285
сколько 0,769551 0,000770
отдать 1,301030 0,001302
гардероб 1,522879 0,001524
карибский 1,698970 0,001700
турне 1,698970 0,001700
хейль 1,522879 0,001524
ничто 1,221849 0,001222
плохой 0,853872 0,000854
брендовый 1,698970 0,001700
сэкономить 1,522879 0,001524
покупка 0,853872 0,000854
лекарство 0,886057 0,001330
сегодня 0,443697 0,000888
задаваться 1,522879 0,001524
многие 0,920819 0,000921
покупать 0,823909 0,000824
проверить 0,721246 0,001082
маркетплейс 1,698970 0,001700
вокруг 1,045757 0,001046
полыхать 1,698970 0,001700
волна 1,045757 0,001046
стелс 1,301030 0,001302
омикрон 1,301030 0,001302
обрушиться 1,522879 0,001524
месяц 0,537602 0,000538
говорить 0,537602 0,000538
страна 0,387216 0,000581
зафиксировать 1,096910 0,001097
случай 0,568636 0,000569
заражение 1,397940 0,001399
ковид 1,096910 0,001097
вариант 0,920819 0,000921
масштабный 1,397940 0,001399
всплеск 1,698970 0,001700
заболеваемость 1,301030 0,001302
ожидаться 1,154902 0,001155
обострение 1,397940 0,001399
весенний 1,045757 0,001046
аллергия 1,698970 0,001700
загородный 1,522879 0,001524
дом 0,356547 0,000357
апартамент 1,698970 0,001700
москва 0,292430 0,000293
сити 1,221849 0,001222
распродавать 1,522879 0,001524
недвижимость 0,823909 0,000824
упорно 1,522879 0,001524
ходить 1,221849 0,001222
слух 1,096910 0,001097
телеведущий 1,397940 0,001399
намерен 1,698970 0,001700
уехать 1,045757 0,001046
поговаривать 1,698970 0,001700
присматривать 1,522879 0,001524
жилье 1,221849 0,001222
израиль 1,000000 0,001001
грузия 1,221849 0,001222
слишком 1,154902 0,001155
обходиться 1,522879 0,001524
макарь 1,221849 0,001222
навсегда 1,000000 0,001001
завязать 1,522879 0,001524
брак 1,301030 0,001302
вновь 0,795880 0,000796
жениться 1,301030 0,001302
после 0,356547 0,000357
третий 0,886057 0,000886
развод 1,045757 0,001046
музыкант 1,000000 0,001001
заявить 0,677781 0,000678
семейный 0,744727 0,001118
оно 0,397940 0,000597
четыре 0,721246 0,000722
сыграть 0,958607 0,000959
свадьба 0,920819 0,000921
костюм 1,301030 0,001302
валентина 1,096910 0,001097
юдашкин 1,698970 0,001700
показать 0,522879 0,000785
коллекция 0,769551 0,000770
везти 1,698970 0,001700
париж 1,045757 0,001046
оказываться 1,154902 0,001155
модельер 1,301030 0,001302
активно 1,522879 0,001524
работать 0,431798 0,000432
готовить 0,853872 0,000854
фэшн 1,301030 0,001302
феерия 1,698970 0,001700
новое 0,214670 0,000644
наряд 1,698970 0,001700
представить 0,744727 0,001118
однако 0,886057 0,000886
санкция 0,537602 0,000538
помешать 1,301030 0,001302
бодинейтральность 1,698970 0,001700
здоровый 1,154902 0,001155
альтернатива 1,221849 0,001222
коварный 1,301030 0,001302
бодипозитив 1,698970 0,001700
мнение 0,602060 0,000904
спокойный 1,154902 0,001155
лишний 1,221849 0,001222
сантиметр 1,397940 0,001399
килограмм 1,397940 0,001399
главный 0,346787 0,000520
хоть 1,397940 0,001399
поднадоесть 1,698970 0,001700
смена 0,958607 0,000959
осознание 1,522879 0,001524
необходимость 1,096910 0,001097
безграничный 1,698970 0,001700
любить 0,537602 0,000538
свое 0,455932 0,000456
тело 0,698970 0,000699
пришлый 1,096910 0,001097
потребность 1,698970 0,001700
же 0,721246 0,000722
определить 0,920819 0,000921
рамка 1,045757 0,001046
думать 0,886057 0,001330
сгореть 1,522879 0,001524
яковлев 1,000000 0,001001
похороны 1,000000 0,001001
актер 0,744727 0,000745
денис 0,853872 0,000854
бондаренко 1,698970 0,001700
раскрыть 0,886057 0,000886
связывать 1,522879 0,001524
экипаж 1,154902 0,001155
тема 0,585027 0,000585
критик 0,920819 0,000921
внешность 1,522879 0,001524
вуман 1,698970 0,001700
иметь 0,853872 0,000854
ли 0,387216 0,000581
право 0,292430 0,000293
снимать 0,958607 0,000959
телефон 0,568636 0,000853
выкладывать 1,301030 0,001302
сеть 0,443697 0,000444
хорарный 1,698970 0,001700
астрология 1,698970 0,001700
ответить 0,853872 0,000854
замужний 1,522879 0,001524
тонкость 1,397940 0,001399
муж 0,958607 0,001439
общаться 1,154902 0,001155
стесняться 1,397940 0,002098
улица 0,823909 0,001236
потому 0,920819 0,000921
некрасивый 1,301030 0,001302
ехать 1,221849 0,001222
домыть 0,958607 0,000959
крупный 0,744727 0,000745
инвестор 1,221849 0,001222
стоматологический 1,698970 0,001700
отрасль 1,301030 0,001302
алкоголь 1,397940 0,001399
нравиться 1,045757 0,001046
покорный 1,698970 0,001700
популярный 0,455932 0,000456
разный 0,677781 0,000678
взгляд 0,853872 0,000854
парень 1,096910 0,001097
женитьба 1,522879 0,001524
оказаться 0,638272 0,000639
безответственный 1,522879 0,001524
свекровь 1,698970 0,001700
выгнать 1,397940 0,001399
мень 0,657577 0,000987
мой 0,619789 0,000620
зарабатывать 1,221849 0,001222
т 1,045757 0,001046
р 1,221849 0,001222
учительница 1,397940 0,001399
заставлять 1,221849 0,001222
делать 0,744727 0,000745
урок 0,958607 0,000959
зачем 0,744727 0,000745
создать 0,619789 0,000930
собственный 0,795880 0,000796
альтернативный 1,096910 0,001097
реальность 0,823909 0,000824
подталкивать 1,698970 0,001700
разрыв 1,397940 0,001399
стоять 0,585027 0,000585
менять 1,096910 0,001097
фамилия 1,221849 0,001222
мужик 1,397940 0,001399
зажраться 1,698970 0,001700
туалетный 1,522879 0,001524
бумага 0,886057 0,000886
подписка 0,677781 0,000678
рассылка 0,769551 0,001155
подписаться 0,677781 0,000678
подписываться 1,301030 0,001302
принимать 0,886057 0,000886
стильный 1,301030 0,001302
уверить 1,096910 0,001097
представительница 1,698970 0,001700
прекрасный 0,920819 0,000921
пол 1,045757 0,001046
здесь 0,698970 0,001049
подсказка 1,522879 0,001524
правильно 1,154902 0,001733
худеть 1,698970 0,001700
надеть 1,698970 0,001700
вечеринка 1,154902 0,001155
незабываемый 1,698970 0,001700
женственный 1,698970 0,001700
образ 0,853872 0,000854
единомышленник 1,522879 0,001524
ответ 0,677781 0,000678
интересовать 1,397940 0,001399
научиться 1,301030 0,001302
весть 0,795880 0,000796
психологически 1,698970 0,001700
каждый 0,552842 0,000553
раздел 1,000000 0,001001
статья 0,619789 0,000930
освещать 1,522879 0,001524
аспект 1,301030 0,001302
карьер 0,958607 0,000959
путешествие 0,677781 0,000678
информация 0,327902 0,000328
тенденция 1,301030 0,001302
техника 1,045757 0,001046
косметика 1,397940 0,001399
противоположный 1,698970 0,001700
полом 1,698970 0,001700
дарита 1,301030 0,001302
позитив 1,522879 0,001524
вдохновение 1,301030 0,001302
идея 0,853872 0,000854
смочь 0,537602 0,000538
завести 1,397940 0,001399
знакомство 0,958607 0,000959
моральный 1,301030 0,001302
поддержка 0,537602 0,000538
важно 1,221849 0,001222
бояться 1,000000 0,001001
комментировать 1,154902 0,001155
высказываться 1,698970 0,001700
повод 1,000000 0,001001
заинтересовать 1,698970 0,001700
обещать 1,096910 0,001097
натолкнуться 1,698970 0,001700
непонимание 1,522879 0,001524
агрессия 1,397940 0,001399
сторона 0,886057 0,000886
модератор 1,698970 0,001700
администрация 1,000000 0,001001
рад 1,301030 0,001302
заскучать 1,698970 0,001700
время 0,327902 0,000328
польза 1,154902 0,001155
удовольствие 1,301030 0,001302
любой 0,420216 0,000420
воспроизведение 1,221849 0,001222
материал 0,292430 0,000293
разрешение 0,769551 0,000770
редакция 0,366532 0,000550
воспрещаться 1,698970 0,001700
copyright 1,096910 0,001097
ооо 0,853872 0,000854
шкулевый 1,698970 0,002550
медиа 0,769551 0,001155
холдинг 1,698970 0,002550
сетевой 0,585027 0,000585
издание 0,468521 0,000469
свидетельство 0,585027 0,000585
регистрация 0,408935 0,000409
сми 0,468521 0,000469
эл 0,494850 0,000743
фс 0,522879 0,000523
выдать 0,958607 0,000959
федеральный 0,508638 0,000509
служба 0,431798 0,000432
надзор 0,619789 0,000620
сфера 0,537602 0,000538
информационный 0,481486 0,000482
технология 0,408935 0,000409
массовый 0,508638 0,000509
коммуникация 0,568636 0,000569
роскомнадзор 0,698970 0,001049
июнь 0,823909 0,000824
учредитель 0,657577 0,000658
общество 0,468521 0,000469
ограниченный 1,522879 0,001524
ответственность 0,886057 0,000886
редактор 0,508638 0,000509
воронцев 1,698970 0,001700
контактный 1,000000 0,001001
данный 0,455932 0,000456
государственный 0,721246 0,000722
орган 1,045757 0,001046
число 0,853872 0,000854
почта 0,602060 0,000602
