тупичок 1,698970 0,002030
гоблин 1,522879 0,025472
goblin 1,698970 0,030447
перевод 1,000000 0,007168
кино 0,455932 0,001089
студия 0,886057 0,005293
полный 0,522879 0,001249
пэ 1,698970 0,004060
божий 1,301030 0,003109
искра 1,522879 0,003639
синий 1,301030 0,003109
фила 1,522879 0,003639
новость 0,161151 0,001733
заметка 1,221849 0,004379
картинка 1,000000 0,004779
видео 0,327902 0,001959
магазин 0,619789 0,002221
освободить 0,920819 0,002200
джимми 1,698970 0,004060
хороший 0,408935 0,000977
мальчик 0,698970 0,001670
идентификация 1,522879 0,003639
борн 1,698970 0,004060
рима 1,301030 0,003109
лицо 0,537602 0,001285
шрам 1,698970 0,004060
большой 0,657577 0,001571
лебовский 1,698970 0,004060
очень 0,568636 0,001359
плохой 0,853872 0,002040
училка 1,698970 0,004060
конструктор 1,397940 0,003340
для 0,107905 0,000387
будущее 0,602060 0,001439
инженер 1,522879 0,003639
защита 0,823909 0,001969
одежда 1,397940 0,005011
обувь 1,397940 0,003340
набор 1,522879 0,003639
выживание 1,301030 0,003109
поисковый 1,301030 0,003109
трекер 1,698970 0,004060
chipolo 1,698970 0,004060
брючный 1,698970 0,004060
ремень 1,698970 0,004060
умный 0,920819 0,002200
вес 1,221849 0,002920
picooc 1,698970 0,004060
mini 1,522879 0,003639
александра 0,443697 0,002651
галушка 1,698970 0,006089
что 0,161151 0,000578
происходить 0,769551 0,002758
экономика 0,522879 0,001874
клим 1,301030 0,004663
жуков 1,397940 0,005011
особый 1,096910 0,003932
зона 1,045757 0,003748
инновационный 1,522879 0,005458
колледж 1,397940 0,005011
алабуг 1,698970 0,006089
политех 1,698970 0,006089
дмитрия 0,602060 0,002877
пучок 1,522879 0,007278
открытый 0,853872 0,003060
быть 0,161151 0,000578
русский 0,318759 0,001143
советский 0,619789 0,002221
артиллерист 1,522879 0,005458
афганистан 1,522879 0,005458
вспоминать 1,301030 0,004663
меледин 1,698970 0,006089
призрак 1,096910 0,003932
солдат 0,769551 0,002758
забытый 1,522879 0,005458
война 0,522879 0,003124
лужники 1,522879 0,005458
игра 0,585027 0,001398
кальмар 1,522879 0,003639
любой 0,420216 0,001004
цена 0,619789 0,001481
комментарий 0,823909 0,015750
политик 0,366532 0,001314
img 0,795880 0,024723
src 0,795880 0,014263
https 0,721246 0,012926
youtube 0,721246 0,019819
com 0,744727 0,010677
vi 1,522879 0,021833
seno 1,698970 0,004060
cz 1,698970 0,004060
lkk 1,698970 0,004060
jpg 1,698970 0,030447
просмотр 0,920819 0,014302
аудиоверсия 1,397940 0,018372
вконтакт 0,638272 0,010676
телегр 1,154902 0,004139
канал 0,508638 0,001823
кристалл 1,698970 0,004060
рост 0,795880 0,001902
наука 0,431798 0,001032
qhaqtfw 1,698970 0,004060
sw 1,698970 0,004060
rutube 1,096910 0,015726
дзный 1,000000 0,015532
куда 0,795880 0,001902
пойти 1,000000 0,002389
учиться 1,045757 0,002499
кошмар 1,221849 0,002920
лондон 1,096910 0,002621
джек 1,154902 0,002760
прыгун 1,522879 0,003639
отец 0,721246 0,001723
весь 0,107905 0,000258
монстр 1,045757 0,002499
egoryakovlev 1,698970 0,004060
история 0,283997 0,001018
dde 1,698970 0,004060
b 0,958607 0,002291
kazgc 1,698970 0,004060
maxresdefault 1,698970 0,006089
этот 0,173925 0,000831
пеар 1,698970 0,008119
video 1,397940 0,011691
ope 1,698970 0,010149
ru 0,180456 0,001078
preview 1,698970 0,008119
openstudio 1,698970 0,004060
программа 0,420216 0,001004
открыть 0,552842 0,001982
onepamop 1,698970 0,004060
nsfosu 1,698970 0,004060
xqc 1,698970 0,004060
поддержать 0,920819 0,002200
выпуск 0,698970 0,001670
новое 0,214670 0,000513
видеоматериал 1,045757 0,002499
специнформ 1,698970 0,004060
подписаться 0,677781 0,001620
prizraki 1,698970 0,004060
помочь 0,537602 0,001285
автор 0,522879 0,001874
можно 0,420216 0,001004
перейти 0,744727 0,001780
ссылка 0,698970 0,001670
фильм 0,431798 0,003095
патриотический 1,522879 0,005458
книга 0,552842 0,003303
скидка 1,045757 0,004998
реклама 0,259637 0,000931
подборка 0,721246 0,001723
актуальный 0,823909 0,001969
издательство 0,958607 0,002291
питер 1,522879 0,003639
купон 1,522879 0,003639
опереть 1,698970 0,004060
алексей 0,552842 0,001321
иванов 0,823909 0,001969
мир 0,387216 0,000925
 1,000000 0,002389
owpzzbg 1,698970 0,004060
радио 0,795880 0,001902
комсомольский 1,397940 0,003340
правда 0,657577 0,001571
степан 1,221849 0,002920
земцов 1,698970 0,004060
малый 1,000000 0,002389
средний 1,154902 0,002760
бизнес 0,468521 0,001120
арктика 1,301030 0,004663
разный 0,677781 0,001620
hcd 1,698970 0,004060
eqqsb 1,698970 0,004060
k 1,154902 0,004139
проектный 1,698970 0,004060
офис 1,154902 0,002760
развитие 0,568636 0,001359
пора 0,886057 0,003176
крым 0,920819 0,002200
первый 0,346787 0,000829
пляж 1,301030 0,003109
евпатория 1,698970 0,004060
путешествие 0,677781 0,001620
nsbawlsxrh 1,698970 0,004060
борьба 0,721246 0,001723
антон 0,823909 0,001969
долина 1,301030 0,003109
спасение 1,045757 0,002499
российский 0,229148 0,000548
прокат 1,000000 0,002389
брюс 1,397940 0,003340
уиллис 1,301030 0,003109
наушник 1,522879 0,003639
fkc 1,698970 0,004060
gqfnium 1,698970 0,004060
кода 1,698970 0,004060
аксессуар 1,698970 0,004060
деть 0,920819 0,002200
проект 0,259637 0,000620
вперед 1,301030 0,003109
вверх 1,221849 0,002920
rw 1,698970 0,004060
dibabuu 1,698970 0,004060
изолента 1,698970 0,008119
live 1,000000 0,004779
isolenta 1,698970 0,004060
telegram 0,744727 0,002669
оскар 0,886057 0,003176
уилла 1,096910 0,002621
смит 1,000000 0,002389
крис 1,301030 0,003109
рок 1,000000 0,002389
вильнев 1,698970 0,004060
спайса 1,698970 0,004060
выбор 0,619789 0,001481
зритель 0,920819 0,002200
uxckpdizrai 1,698970 0,004060
кто 0,346787 0,000829
как 0,187087 0,000447
голосовать 1,221849 0,002920
обзор 0,795880 0,002853
армия 0,657577 0,001571
мертвец 1,522879 0,003639
дюна 1,397940 0,003340
газ 1,045757 0,002499
рубль 0,455932 0,001089
чубайс 1,221849 0,002920
отъехать 1,698970 0,004060
сахарный 1,522879 0,003639
ком 1,522879 0,003639
прощальный 1,522879 0,003639
совет 0,568636 0,001359
европа 0,585027 0,001398
kvnr 1,698970 0,004060
stsfwm 1,698970 0,004060
счет 0,853872 0,002040
модульбанк 1,698970 0,004060
следующий 1,154902 0,002760
архив 0,920819 0,002200
предыдущий 1,397940 0,003340
интересный 0,619789 0,001481
опершоп 1,698970 0,004060
vip 1,698970 0,004060
клуб 0,657577 0,001571
контакт 0,387216 0,001388
яндекс 0,585027 0,002097
tiktok 1,221849 0,002920
itune 1,698970 0,006089
store 1,096910 0,003932
tynus 1,698970 0,004060
группа 0,823909 0,001969
rss 0,823909 0,001969
twitter 0,769551 0,001839
жж 1,698970 0,004060
подкаста 0,657577 0,003143
spotify 1,301030 0,003109
музыка 0,602060 0,001439
аудиокнига 1,221849 0,002920
лита 1,221849 0,002920
рес 1,301030 0,003109
создание 0,721246 0,001723
сайт 0,173925 0,000416
megagroup 1,698970 0,004060
entertorment 1,698970 0,004060
заслать 1,698970 0,004060
письмо 0,795880 0,001902
цурюк 1,698970 0,004060
