день 0,236572 0,000841
ра 0,744727 0,001059
новость 0,161151 0,001719
интервью 0,522879 0,001116
фото 0,568636 0,001213
видео 0,327902 0,001633
звезда 0,552842 0,003539
караван 1,698970 0,003625
история 0,283997 0,000606
коллекция 0,769551 0,001095
войти 0,468521 0,001999
поиск 0,387216 0,000551
кино 0,455932 0,003567
красота 0,721246 0,004104
здоровье 0,602060 0,002569
мода 0,958607 0,002045
развлечение 1,301030 0,002776
мыть 0,698970 0,001989
дом 0,356547 0,001014
скидка 1,045757 0,002231
модный 1,221849 0,001738
критик 0,920819 0,001310
александр 0,602060 0,000856
васильев 0,920819 0,001310
гороскоп 1,154902 0,004107
монарх 1,522879 0,002166
спорт 0,397940 0,000849
политика 0,638272 0,000908
миро 0,337242 0,000480
светский 1,221849 0,001738
хроник 1,154902 0,001643
частный 1,301030 0,003701
жизнь 0,318759 0,002040
рейтинг 0,657577 0,000935
энциклопедия 1,522879 0,002166
рецензия 0,920819 0,001310
подборка 0,721246 0,001539
обзор 0,795880 0,001698
новинка 0,677781 0,001446
макияж 1,397940 0,001989
прическа 1,397940 0,001989
секрет 0,721246 0,003078
маникюр 1,522879 0,002166
тело 0,698970 0,000994
человек 0,259637 0,000554
секс 1,096910 0,001560
медицина 0,886057 0,001891
наука 0,431798 0,000614
похудеть 1,397940 0,001989
питание 1,154902 0,001643
эстетический 1,522879 0,002166
коронавирус 0,677781 0,001446
гардероб 1,522879 0,002166
тренд 1,154902 0,002464
афиша 0,795880 0,001132
музыка 0,602060 0,000856
книга 0,552842 0,000786
тест 0,602060 0,000856
подкаста 0,657577 0,000935
театр 0,657577 0,001871
опрос 1,000000 0,001422
создавать 1,000000 0,002845
уют 1,397940 0,002983
готовить 0,853872 0,001215
вместе 0,744727 0,001059
семья 0,552842 0,000786
отдых 1,000000 0,001422
промокод 1,096910 0,014043
летуаль 1,698970 0,002417
adida 1,698970 0,002417
спортмастер 1,698970 0,002417
эльдорадо 1,698970 0,002417
технопарк 1,698970 0,002417
перекресток 1,522879 0,002166
domino 1,698970 0,002417
s 0,721246 0,001026
pizza 1,698970 0,002417
яндекс 0,585027 0,000832
маркета 1,397940 0,001989
iherb 1,698970 0,002417
hoff 1,698970 0,002417
кассир 1,522879 0,002166
ивить 1,522879 0,002166
алиэкспресс 1,698970 0,002417
asos 1,522879 0,002166
тег 1,221849 0,001738
издательство 0,958607 0,003409
правовой 0,823909 0,001758
информация 0,327902 0,000700
рекламодатель 1,301030 0,002776
контакт 0,387216 0,001102
проект 0,259637 0,000554
как 0,187087 0,001464
пользователь 0,657577 0,000935
вы 0,301030 0,000856
мочь 0,236572 0,000673
сайт 0,173925 0,000495
зарегистрировать 0,619789 0,001763
один 0,356547 0,001014
иза 0,167491 0,000834
этот 0,173925 0,000247
сервис 0,537602 0,000765
запомнить 1,397940 0,001989
напомнить 1,000000 0,001422
пароль 0,853872 0,001215
еще 0,327902 0,000466
не 0,136677 0,000972
регистрация 0,408935 0,000582
прибалтика 1,397940 0,001989
отец 0,721246 0,001026
стас 1,301030 0,001851
пьех 1,522879 0,002166
высказаться 0,958607 0,001364
эмиграция 1,397940 0,001989
уехать 1,045757 0,001488
россия 0,214670 0,000763
литвинов 1,397940 0,001989
отправить 0,619789 0,000882
хабенский 1,154902 0,001643
важный 0,602060 0,000856
послание 1,522879 0,002166
совсем 1,154902 0,003286
пасть 1,698970 0,002417
дух 0,920819 0,001310
осунуться 1,698970 0,002417
нетребко 1,096910 0,002340
записать 1,397940 0,001989
печальный 1,397940 0,001989
после 0,356547 0,001014
изгнание 1,221849 0,001738
седьмой 1,301030 0,001851
поколение 0,958607 0,001364
робот 0,958607 0,001364
пылесос 1,698970 0,002417
плюс 1,154902 0,001643
минус 1,522879 0,002166
личный 0,657577 0,000935
опыт 1,045757 0,001488
сейчас 0,481486 0,001027
читать 0,537602 0,000765
легкий 1,096910 0,001560
юмор 1,096910 0,002340
разговор 1,000000 0,001422
главное 0,327902 0,000466
почему 0,366532 0,001043
мы 0,229148 0,000652
смотреть 0,443697 0,000631
сериал 0,494850 0,001760
здравствовать 1,397940 0,001989
пора 0,886057 0,001260
онлайн 0,387216 0,000551
кинотеатр 0,920819 0,001310
premier 1,698970 0,002417
апрель 0,275724 0,001373
представить 0,744727 0,001589
новый 0,244125 0,000868
вестник 1,397940 0,001989
смерть 0,568636 0,000809
который 0,236572 0,000841
внезапно 1,154902 0,001643
влюбляться 1,154902 0,001643
слезть 1,221849 0,001738
взглянуть 1,397940 0,001989
кудрявцев 1,221849 0,001738
вынудить 1,045757 0,001488
пользоваться 1,000000 0,001422
фотошоп 1,698970 0,002417
телеведущая 1,522879 0,005416
признаться 1,301030 0,001851
что 0,161151 0,000573
так 0,481486 0,001027
идеальный 0,769551 0,001095
кажется 1,045757 0,001488
потерять 0,823909 0,001172
деньга 0,853872 0,001215
переехать 1,522879 0,002166
изгнать 1,698970 0,002417
предречь 1,301030 0,001851
болезненный 1,522879 0,002166
провал 1,522879 0,002166
певица 1,000000 0,002845
наступить 1,522879 0,002166
черный 0,853872 0,001215
полоса 1,096910 0,002340
я 0,346787 0,001233
хотеться 1,000000 0,001422
разорвать 1,698970 0,002417
она 0,356547 0,000761
частить 0,920819 0,001310
первый 0,346787 0,000493
женить 1,698970 0,002417
малахов 1,397940 0,001989
рождение 0,602060 0,000856
ребенок 0,259637 0,000923
coda 1,698970 0,002417
глухой 1,522879 0,002166
родитель 0,744727 0,001059
штамп 1,698970 0,002417
свобода 0,853872 0,001215
оскар 0,886057 0,001260
видеохостинг 1,698970 0,002417
rutube 1,096910 0,001560
обновить 0,769551 0,001095
инфраструктура 1,221849 0,001738
весь 0,107905 0,000384
честность 1,698970 0,002417
искренность 1,397940 0,001989
формула 1,096910 0,001560
успех 0,958607 0,001364
блогер 1,045757 0,002231
валерия 0,958607 0,001364
чекалин 1,698970 0,002417
лерчек 1,698970 0,002417
близкий 0,744727 0,001059
дорогой 0,744727 0,001059
миллион 0,537602 0,000765
подписчик 1,096910 0,001560
валерий 1,154902 0,001643
сказать 0,795880 0,001132
а 0,221849 0,000473
понимать 0,886057 0,001260
бесить 1,698970 0,002417
иосиф 1,221849 0,001738
говорить 0,537602 0,000765
себя 0,397940 0,000849
можно 0,420216 0,000598
женщина 0,619789 0,000882
любить 0,537602 0,000765
столько 1,221849 0,001738
лет 0,337242 0,001199
мень 0,657577 0,001403
сам 0,721246 0,001026
ирина 0,823909 0,001758
безруков 1,221849 0,003476
посмотреть 0,853872 0,001215
давно 0,769551 0,001095
известный 0,677781 0,000964
событие 0,455932 0,000649
актриса 1,000000 0,002134
получить 0,420216 0,000598
невероятный 1,096910 0,001560
повод 1,000000 0,001422
для 0,107905 0,000230
радость 1,000000 0,001422
оно 0,397940 0,000566
пушкин 0,795880 0,001132
регин 1,698970 0,002417
тодоренко 1,522879 0,002166
настя 1,154902 0,002464
ивлеев 1,698970 0,002417
видеоблогер 1,698970 0,003625
давида 1,397940 0,001989
манукян 1,522879 0,002166
певец 1,397940 0,002983
танцовщик 1,698970 0,002417
ольга 0,721246 0,001026
бузов 1,301030 0,001851
моргенштерн 1,221849 0,001738
тор 1,397940 0,001989
любовь 0,468521 0,000666
гром 1,301030 0,001851
удивить 1,045757 0,002231
фанат 1,221849 0,001738
выход 0,744727 0,001589
матрешка 1,301030 0,002776
балалайка 1,698970 0,002417
путешествие 0,677781 0,000964
временить 0,698970 0,000994
опубликовать 0,494850 0,000704
трейлер 1,096910 0,001560
продолжение 0,853872 0,001215
сергей 0,408935 0,000873
шнур 1,698970 0,002417
стать 0,301030 0,000642
официальный 0,537602 0,000765
голос 0,958607 0,001364
канал 0,508638 0,000724
тнт 1,397940 0,001989
салют 1,154902 0,002464
человечный 1,522879 0,002166
подвиг 0,958607 0,001364
сверхчеловек 1,698970 0,002417
повторный 1,698970 0,002417
прокат 1,000000 0,001422
фильм 0,431798 0,000921
клим 1,301030 0,002776
шипенко 1,397940 0,002983
режиссерский 1,698970 0,002417
версия 0,522879 0,000744
стоять 0,585027 0,000832
пропускать 1,397940 0,001989
бабушка 0,853872 0,001215
геронтохоррор 1,698970 0,002417
жуткий 1,522879 0,002166
старушка 1,397940 0,001989
недобрый 1,522879 0,002166
взгляд 0,853872 0,001215
режиссер 0,823909 0,001758
культовый 1,096910 0,002340
репортаж 1,096910 0,001560
мощный 1,301030 0,001851
актерский 1,154902 0,001643
работа 0,431798 0,000614
закат 1,221849 0,001738
тим 1,397940 0,002983
рот 1,522879 0,003249
покинуть 0,853872 0,001215
территория 0,795880 0,001132
роскошный 1,221849 0,001738
мексиканский 1,698970 0,003625
отель 1,096910 0,002340
серьезно 1,154902 0,001643
влипнуть 1,698970 0,002417
наслаждаться 1,397940 0,001989
последний 0,318759 0,000453
раз 0,638272 0,001816
сначала 1,000000 0,001422
шикарный 1,522879 0,002166
акапулько 1,698970 0,002417
пот 0,886057 0,001260
общественный 0,744727 0,001059
пляж 1,301030 0,001851
местный 0,958607 0,001364
девица 1,522879 0,002166
затем 1,154902 0,001643
переполненный 1,698970 0,002417
камера 1,154902 0,001643
тюрьма 1,221849 0,001738
патинко 1,698970 0,002417
корейский 1,301030 0,001851
поразить 1,397940 0,001989
ваш 0,431798 0,000614
воображение 1,522879 0,002166
впечатляющий 1,397940 0,001989
исторический 0,602060 0,000856
драма 0,823909 0,001758
похожий 1,154902 0,001643
паразит 1,522879 0,002166
или 0,292430 0,000624
игра 0,585027 0,000832
кальмар 1,522879 0,002166
приключение 0,795880 0,001132
триллер 0,920819 0,001310
imdb 1,698970 0,002417
кинопоиск 1,698970 0,002417
появиться 0,721246 0,001026
новое 0,214670 0,000305
страх 1,096910 0,001560
молодая 1,397940 0,001989
жена 0,677781 0,000964
макарь 1,221849 0,001738
впервые 0,744727 0,001589
новорожденный 1,522879 0,002166
сын 0,698970 0,000994
кольцо 0,958607 0,001364
аврить 1,221849 0,001738
лавина 1,221849 0,001738
снова 0,744727 0,001059
выходить 0,698970 0,000994
замуж 1,154902 0,001643
наш 0,309804 0,000441
чудо 0,823909 0,001172
второй 0,602060 0,000856
мама 0,795880 0,001132
кабаев 1,698970 0,002417
показать 0,522879 0,000744
роддом 1,522879 0,002166
частенько 1,698970 0,002417
звать 1,096910 0,001560
домыть 0,958607 0,001364
долина 1,301030 0,001851
рассказать 0,366532 0,001043
связь 0,309804 0,000661
андрей 0,508638 0,000724
миронов 1,096910 0,001560
операбельный 1,698970 0,002417
актер 0,744727 0,001059
бедный 0,958607 0,001364
узнать 0,698970 0,000994
смертельный 1,522879 0,002166
диагноз 1,522879 0,002166
прийтись 0,823909 0,001172
выжигать 1,698970 0,002417
савичев 1,698970 0,002417
свой 0,301030 0,000428
тяжелый 0,744727 0,001059
болезнь 1,045757 0,001488
много 0,301030 0,000642
стильно 1,522879 0,002166
дешево 1,698970 0,002417
эксперт 0,568636 0,000809
советовать 1,000000 0,001422
закупать 1,698970 0,002417
секонда 1,698970 0,002417
хенд 1,698970 0,002417
осуществить 1,522879 0,002166
грамотный 1,698970 0,002417
шоппинг 1,698970 0,002417
копейка 1,397940 0,001989
надежда 0,769551 0,001095
нет 0,537602 0,000765
россиянин 0,602060 0,000856
планировать 0,769551 0,001095
обеспечивать 1,397940 0,001989
старость 1,154902 0,001643
только 0,283997 0,000404
гражданин 0,769551 0,001095
рассчитывать 1,301030 0,001851
финансовый 0,638272 0,001362
помощь 0,481486 0,000685
родственник 1,154902 0,001643
творожный 1,698970 0,002417
запеканка 1,698970 0,003625
кролик 1,397940 0,001989
брюссельский 1,522879 0,002166
капуста 1,522879 0,002166
пошаговый 1,301030 0,001851
рецепт 0,958607 0,002045
приготовление 1,522879 0,002166
нежный 1,522879 0,002166
пышный 1,698970 0,002417
творог 1,698970 0,002417
духовка 1,698970 0,002417
домашние 1,397940 0,001989
условие 0,468521 0,000666
маска 0,823909 0,001172
эффект 1,397940 0,001989
инъекция 1,698970 0,002417
биоревитализация 1,698970 0,002417
другой 0,356547 0,000507
косметика 1,397940 0,001989
остаться 0,721246 0,001026
российский 0,229148 0,000326
бьютя 1,397940 0,001989
бренд 0,769551 0,001095
альтернатива 1,221849 0,001738
готовый 0,744727 0,001059
предложить 0,744727 0,001059
западный 0,823909 0,001172
марк 0,823909 0,001172
уйти 0,795880 0,001132
рынок 0,769551 0,001095
ангелина 1,522879 0,002166
стречина 1,698970 0,002417
профессионал 1,397940 0,001989
снимать 0,958607 0,001364
отек 1,522879 0,002166
горячий 1,221849 0,001738
вода 1,154902 0,001643
выдавать 1,221849 0,001738
возраст 0,920819 0,001965
сохранить 0,886057 0,001260
молодость 1,000000 0,001422
кожа 1,397940 0,002983
рука 0,677781 0,001446
быстрый 1,000000 0,001422
всего 0,721246 0,001539
истончаться 1,698970 0,002417
жировой 1,698970 0,002417
прослоек 1,698970 0,002417
ускорить 1,522879 0,002166
порядок 0,795880 0,001132
регистр 1,698970 0,002417
донор 1,522879 0,002166
костный 1,698970 0,002417
мозг 1,096910 0,001560
пересадка 1,522879 0,002166
спасти 0,853872 0,001215
больной 1,221849 0,001738
рак 1,045757 0,001488
кровь 0,958607 0,001364
иммунолог 1,522879 0,002166
назвать 0,568636 0,000809
самый 0,251812 0,000358
аллергенный 1,698970 0,002417
регион 0,619789 0,000882
повезти 1,301030 0,001851
юг 1,221849 0,001738
приморье 1,522879 0,002166
неделя 0,522879 0,000744
такой 0,397940 0,000566
случаться 1,698970 0,002417
сближение 1,522879 0,002166
юпитер 1,698970 0,002417
нептун 1,698970 0,002417
повлиять 1,000000 0,001422
судьба 0,657577 0,000935
каждый 0,552842 0,000786
знак 1,045757 0,001488
зодиак 1,301030 0,001851
учитель 0,920819 0,001310
врач 0,853872 0,001215
бизнесмен 1,096910 0,001560
понять 0,769551 0,001095
свое 0,455932 0,000649
предназначение 1,522879 0,002166
двойной 1,096910 0,001560
новолуние 1,522879 0,002166
год 0,236572 0,000337
опасность 1,154902 0,001643
возможность 0,537602 0,000765
уникальный 0,744727 0,001059
явление 1,301030 0,001851
белый 0,853872 0,001215
удача 1,397940 0,001989
благоприятный 1,522879 0,002166
когда 0,397940 0,000566
деть 0,920819 0,001310
быть 0,161151 0,000344
идти 0,657577 0,000935
гора 1,154902 0,001643
специальный 0,744727 0,001059
предложение 0,853872 0,001215
every 1,221849 0,001738
health 1,522879 0,002166
м 0,698970 0,000994
глобус 1,698970 0,002417
обсуждать 0,886057 0,001260
спрут 1,698970 0,002417
выглядеть 0,920819 0,001310
перейти 0,744727 0,002119
обсуждение 1,000000 0,002845
кто 0,346787 0,000493
честный 1,154902 0,001643
верный 1,096910 0,001560
оставаться 0,886057 0,001260
одинокий 1,045757 0,001488
развод 1,045757 0,001488
барокамера 1,698970 0,002417
прогулка 1,096910 0,001560
восстановиться 1,698970 0,002417
ао 0,795880 0,001132
семь 0,886057 0,001891
право 0,292430 0,000416
защитить 0,552842 0,000786
сетевой 0,585027 0,000832
издание 0,468521 0,000666
ru 0,180456 0,000513
федеральный 0,508638 0,000724
служба 0,431798 0,000614
надзор 0,619789 0,000882
сфера 0,537602 0,000765
информационный 0,481486 0,001027
технология 0,408935 0,000582
массовый 0,508638 0,000724
коммуникация 0,568636 0,000809
роскомнадзор 0,698970 0,000994
свидетельство 0,585027 0,000832
эл 0,494850 0,000704
фс 0,522879 0,000744
июль 0,823909 0,001172
ть 0,552842 0,001180
учредитель 0,657577 0,000935
зао 1,522879 0,002166
главный 0,346787 0,000493
редактор 0,508638 0,000724
калиновый 1,698970 0,002417
полина 1,000000 0,001422
леонид 1,301030 0,001851
адрес 0,537602 0,000765
редакция 0,366532 0,000521
москва 0,292430 0,000416
волоколамский 1,698970 0,002417
ша 1,096910 0,001560
да 0,494850 0,000704
корп 1,698970 0,002417
official 1,698970 0,002417
dn 1,698970 0,002417
согласно 1,154902 0,001643
фза 1,522879 0,003249
day 1,154902 0,001643
относиться 1,154902 0,001643
категория 1,154902 0,001643
продукция 1,301030 0,001851
достигнуть 0,958607 0,001364
шестнадцать 1,301030 0,001851
