аргумент 1,397940 0,002509
факт 0,769551 0,001657
новость 0,161151 0,000231
россия 0,214670 0,002080
миро 0,337242 0,002421
aif 1,698970 0,004879
ru 0,180456 0,000712
федеральный 0,508638 0,000913
ая 1,397940 0,009032
а 0,221849 0,001752
санкт 0,769551 0,000552
петербург 0,602060 0,000432
адыгея 1,698970 0,001220
архангельск 1,397940 0,001004
астрахань 1,221849 0,000877
барнаул 1,397940 0,001004
беларусь 1,154902 0,000829
белгород 1,096910 0,000787
брянск 1,221849 0,000877
бурятия 1,698970 0,001220
владивосток 1,221849 0,000877
владимир 0,301030 0,000756
волгоград 1,096910 0,000787
вологда 1,221849 0,000877
воронеж 1,154902 0,000829
дагестан 1,522879 0,001093
иванов 0,823909 0,000591
иркутск 1,301030 0,000934
казань 0,769551 0,000829
казахстан 1,000000 0,000718
калининград 0,920819 0,000661
калуга 1,301030 0,000934
камчатка 1,397940 0,001004
карелия 1,397940 0,001004
киров 1,221849 0,000877
коми 1,698970 0,001220
кострома 1,301030 0,000934
краснодар 1,000000 0,000718
красноярск 1,096910 0,000787
крым 0,920819 0,000992
кузбасс 1,154902 0,000829
кыргызстан 1,522879 0,001093
мурманск 1,301030 0,000934
нижний 0,744727 0,000535
новгород 0,795880 0,000571
новосибирск 1,045757 0,000751
омск 1,096910 0,000787
оренбург 1,154902 0,000829
пенза 1,154902 0,000829
пермь 1,096910 0,000787
псков 1,154902 0,000829
ростов 0,920819 0,000992
дон 0,920819 0,000661
рязань 1,221849 0,000877
самар 1,221849 0,000877
саратов 1,221849 0,000877
сахалин 1,301030 0,000934
смоленск 1,301030 0,000934
ставрополь 1,397940 0,001004
тверь 1,301030 0,000934
томск 1,221849 0,000877
тула 1,096910 0,000787
тюмень 1,096910 0,000787
удмуртия 1,698970 0,001220
ульяновск 1,221849 0,000877
урал 1,221849 0,000877
уфа 1,096910 0,000787
хабаровск 1,397940 0,001004
чебоксары 1,397940 0,001004
челябинск 1,045757 0,000751
черноземье 1,522879 0,001093
чита 1,301030 0,000934
югра 1,522879 0,001093
якутия 1,397940 0,001004
ямал 1,397940 0,001505
ярославль 1,045757 0,000751
спецпроект 0,638272 0,000458
весь 0,107905 0,000620
коронавирус 0,677781 0,001216
общество 0,468521 0,000673
лет 0,337242 0,000484
победа 0,677781 0,000487
просто 0,602060 0,000432
сложный 0,886057 0,000636
сеть 0,443697 0,000796
наука 0,431798 0,000620
здравоохранение 1,522879 0,001093
армия 0,657577 0,000944
безопасность 0,744727 0,000802
образование 0,657577 0,000708
право 0,292430 0,000315
конкурс 0,568636 0,000816
регион 0,619789 0,000890
арктика 1,301030 0,000934
территория 0,795880 0,000857
развитие 0,568636 0,000816
экология 1,096910 0,000787
мчс 1,301030 0,000934
мусор 1,221849 0,000877
нет 0,537602 0,001158
агроновость 1,698970 0,001220
история 0,283997 0,000815
человек 0,259637 0,000652
религия 1,154902 0,000829
общественный 0,744727 0,000535
транспорт 0,958607 0,000688
сми 0,468521 0,000505
природа 1,045757 0,001501
туризм 1,045757 0,001877
благотворительность 1,522879 0,001093
изменить 0,744727 0,000535
один 0,356547 0,000512
жизнь 0,318759 0,000801
галерея 0,853872 0,003065
мнение 0,602060 0,000864
происшествие 0,769551 0,003591
политик 0,366532 0,000526
госдума 0,823909 0,000591
московский 0,657577 0,000472
выбор 0,619789 0,000445
итог 0,769551 0,000829
пятилетка 1,698970 0,001220
курский 1,522879 0,001093
область 0,638272 0,000916
деньга 0,853872 0,002145
экономика 0,522879 0,000938
коррупция 1,096910 0,000787
карьер 0,958607 0,001032
бизнес 0,468521 0,000841
личной 0,958607 0,001376
компания 0,443697 0,000796
рынок 0,769551 0,001381
время 0,327902 0,000471
созидать 1,698970 0,001220
импортозамещение 1,000000 0,000718
москва 0,292430 0,000945
культура 0,468521 0,000336
кино 0,455932 0,000327
театр 0,657577 0,000708
книга 0,552842 0,000595
искусство 0,744727 0,000535
шоу 0,508638 0,000913
персона 1,096910 0,004331
проблема 0,698970 0,001254
куда 0,795880 0,000571
пойти 1,000000 0,000718
актуальный 0,823909 0,000591
классик 0,886057 0,000636
спорт 0,397940 0,000286
футбол 1,045757 0,000751
хоккей 1,096910 0,000787
зимний 0,853872 0,000919
вид 0,744727 0,001337
летний 0,721246 0,001036
другой 0,356547 0,000384
олимпиада 1,221849 0,000877
инфраструктура 1,221849 0,000877
фото 0,568636 0,001021
кухня 1,154902 0,001658
рецепт 0,958607 0,001032
инфографика 1,154902 0,004560
продукт 0,769551 0,000552
напиток 1,522879 0,001093
питание 1,154902 0,001658
диета 1,154902 0,000829
кулинарный 1,522879 0,001093
хитрость 1,221849 0,000877
мастер 0,795880 0,000571
класс 0,853872 0,000613
детский 0,619789 0,000667
бытовой 1,522879 0,001093
техник 1,096910 0,001181
дебаты 1,698970 0,001220
журнал 0,744727 0,000802
вкус 1,096910 0,000787
дача 1,301030 0,002802
огород 1,522879 0,001093
сад 0,958607 0,000688
стройка 1,221849 0,000877
дизайн 0,920819 0,000661
помощь 0,481486 0,000518
юрист 1,154902 0,000829
здоровье 0,602060 0,002377
здоровый 1,154902 0,001658
голос 0,958607 0,000688
правильный 1,000000 0,000718
ребенок 0,259637 0,000373
секрет 0,721246 0,000518
красота 0,721246 0,000518
лазерный 1,522879 0,001093
эпиляция 1,522879 0,001093
психология 0,958607 0,000688
как 0,187087 0,001343
защитить 0,552842 0,000595
себя 0,397940 0,000429
вирус 1,221849 0,000877
мужской 1,221849 0,000877
лекарственный 1,698970 0,001220
справочник 1,301030 0,000934
газета 0,853872 0,000613
авто 0,769551 0,000552
гибдд 1,221849 0,000877
автомобиль 0,698970 0,000502
обслуживание 1,301030 0,001401
практический 1,397940 0,001004
совет 0,568636 0,000408
пробка 1,397940 0,001004
дорога 0,657577 0,000472
безопасный 1,221849 0,000877
дорогой 0,744727 0,000802
тест 0,602060 0,000864
фотоголосование 1,698970 0,001220
индустрия 1,096910 0,000787
гаджеты 1,096910 0,000787
приложение 0,657577 0,000472
компьютер 1,221849 0,000877
технология 0,408935 0,000440
виртуальный 1,000000 0,000718
сервер 1,522879 0,001093
добрый 1,045757 0,000751
сердце 0,769551 0,000552
усадьба 1,522879 0,001093
барышников 1,522879 0,001093
недвижимость 0,823909 0,001183
город 0,397940 0,000429
загород 1,698970 0,001220
дом 0,356547 0,000768
ремонт 1,045757 0,000751
жкх 1,301030 0,001401
цена 0,619789 0,000667
свежий 0,795880 0,000571
номер 0,795880 0,000857
острый 1,045757 0,001126
недостаточность 1,522879 0,001640
медицина 0,886057 0,000954
заболеть 1,522879 0,001640
дефицит 0,886057 0,000954
кадры 1,522879 0,001640
издание 0,468521 0,000336
социальный 0,522879 0,000375
минобороны 0,698970 0,001756
опровергнуть 0,958607 0,001376
заявление 0,853872 0,001839
киев 0,744727 0,001069
нанесение 1,154902 0,001658
рф 0,568636 0,001633
удар 0,494850 0,000710
краматорск 0,602060 0,000864
ведомство 1,221849 0,000877
обратить 1,045757 0,000751
внимание 0,769551 0,000829
что 0,161151 0,001388
ракета 0,823909 0,000887
точка 0,585027 0,000420
применяться 1,397940 0,001004
только 0,283997 0,000306
украинский 0,522879 0,001126
стороной 1,301030 0,000934
путин 0,602060 0,000648
попрощаться 1,221849 0,000877
лидер 0,744727 0,000535
лдпр 0,744727 0,000802
жириновский 0,431798 0,001705
центробанк 1,154902 0,000829
принять 0,638272 0,000687
решение 0,619789 0,000445
снизить 0,677781 0,000730
ключевой 0,619789 0,000667
ставка 0,657577 0,000708
евросоюз 0,853872 0,000613
пятый 0,795880 0,000571
пакет 0,823909 0,000591
санкция 0,537602 0,001351
против 0,387216 0,000695
мид 0,853872 0,000613
китай 0,721246 0,000518
призывать 1,522879 0,001093
пелось 1,522879 0,001093
отменить 0,958607 0,000688
визит 1,154902 0,000829
тайвань 1,522879 0,001093
союз 0,677781 0,000973
завершиться 1,045757 0,000751
прощание 0,744727 0,000802
стамбул 1,045757 0,000751
пройти 0,677781 0,000487
переговоры 0,958607 0,000688
глава 0,522879 0,000938
турция 1,000000 0,000718
британия 1,096910 0,000787
италия 1,045757 0,000751
хлопок 1,698970 0,001220
прозвучать 1,522879 0,001093
белгородский 1,397940 0,001004
граница 0,769551 0,000552
украина 0,455932 0,001309
япония 0,698970 0,000502
анонсировать 1,154902 0,000829
новое 0,214670 0,000539
песок 0,698970 0,000753
рассказать 0,366532 0,000526
доверительный 1,397940 0,001004
отношение 0,481486 0,000346
эксперт 0,568636 0,000408
допустить 1,045757 0,001126
курс 0,602060 0,000648
доллар 0,698970 0,000753
мочь 0,236572 0,000594
упасть 0,920819 0,000661
рубль 0,455932 0,000818
запашный 1,522879 0,001093
предложить 0,744727 0,000802
назвать 0,568636 0,000408
имя 0,443697 0,000796
улица 0,823909 0,000591
кировский 1,698970 0,001220
задержать 0,886057 0,000636
лжегазовик 1,698970 0,001220
обмануть 1,154902 0,000829
порядок 0,795880 0,000571
красное 1,301030 0,000934
знамя 1,397940 0,001004
проверка 0,853872 0,000613
цвета 1,045757 0,000751
правда 0,657577 0,000472
который 0,236572 0,000425
пугать 1,154902 0,000829
нацист 1,221849 0,000877
зачем 0,744727 0,000535
солдат 0,769551 0,000552
стиралка 1,698970 0,001220
иза 0,167491 0,000421
российский 0,229148 0,000576
военнослужащий 1,301030 0,000934
делать 0,744727 0,000802
грабитель 1,397940 0,001004
работа 0,431798 0,000465
бежать 1,154902 0,000829
лес 0,958607 0,000688
сколько 0,769551 0,000829
вырастить 1,397940 0,001004
безработица 1,522879 0,001093
страна 0,387216 0,000695
отрубить 1,698970 0,001220
голова 1,096910 0,001181
нога 1,000000 0,000718
рассекретить 1,301030 0,000934
документ 0,744727 0,000535
топ 0,677781 0,000487
читать 0,537602 0,000386
выразить 1,397940 0,001004
надежда 0,769551 0,000552
спецоперация 0,657577 0,001180
скоро 0,769551 0,000552
закончиться 0,744727 0,000535
мера 0,823909 0,001183
поддержка 0,537602 0,001351
правительство 0,853872 0,001839
условие 0,468521 0,000841
главное 0,327902 0,000824
мировой 0,721246 0,000777
много 0,301030 0,000540
житель 0,602060 0,000864
земля 0,744727 0,000802
склоняться 1,698970 0,001829
позиция 1,045757 0,001126
лавров 1,000000 0,000718
сообщить 0,585027 0,000630
представить 0,744727 0,000535
свой 0,301030 0,000756
проект 0,259637 0,000186
соглашение 0,443697 0,000319
чего 0,769551 0,001105
добиться 1,154902 0,001244
вс 0,698970 0,001254
апрель 0,275724 0,000396
ход 0,769551 0,000829
акция 0,823909 0,000591
политика 0,638272 0,000916
нато 0,769551 0,000552
софия 1,154902 0,000829
митинг 1,301030 0,000934
рост 0,795880 0,000571
греция 1,000000 0,000718
планировать 0,769551 0,000829
провести 0,721246 0,000518
отпуск 1,045757 0,000751
этот 0,173925 0,000312
год 0,236572 0,000340
измениться 0,920819 0,000661
стоимость 1,000000 0,000718
бензин 1,154902 0,000829
разный 0,677781 0,000730
газовый 1,221849 0,000877
империя 1,045757 0,000751
вопрос 0,420216 0,004072
ответ 0,677781 0,006569
почему 0,366532 0,000789
пентагон 1,301030 0,000934
не 0,136677 0,000294
дозвониться 1,698970 0,001220
сергей 0,408935 0,000587
шойгу 1,301030 0,000934
вообще 1,221849 0,000877
устроить 1,000000 0,000718
связь 0,309804 0,000556
военный 0,522879 0,000375
сша 0,508638 0,000548
узнать 0,698970 0,006523
цб 0,795880 0,000857
внезапно 1,154902 0,000829
быть 0,161151 0,000694
кредит 0,958607 0,000688
вклад 1,045757 0,000751
германия 0,958607 0,000688
больной 1,221849 0,000877
нацизм 1,301030 0,000934
чем 0,387216 0,000834
говорить 0,537602 0,000772
осквернение 1,698970 0,001220
воин 0,920819 0,000661
освободитель 1,522879 0,001093
теракт 1,397940 0,001505
центр 0,455932 0,000491
тель 1,221849 0,001316
авив 1,221849 0,001316
два 0,346787 0,000498
убить 1,096910 0,001181
еще 0,327902 0,000235
четверо 1,397940 0,001004
получить 0,420216 0,000302
тяжелый 0,744727 0,000535
ранение 1,397940 0,001505
результат 0,698970 0,000502
центральный 0,920819 0,000661
частить 0,920819 0,000661
шахматистка 1,096910 0,001181
выступить 0,920819 0,000661
россиянин 0,602060 0,000864
сестра 0,795880 0,000571
анна 0,537602 0,000772
мария 0,657577 0,000472
музычук 1,221849 0,000877
отказаться 0,853872 0,000613
подписывать 1,301030 0,000934
призыв 1,096910 0,000787
отстранение 1,154902 0,000829
белорусский 1,301030 0,000934
спортсмен 1,397940 0,001505
участие 0,677781 0,000487
турнир 1,221849 0,000877
под 0,376751 0,000541
эгида 1,154902 0,000829
фид 1,698970 0,001220
оно 0,397940 0,000429
грозить 1,045757 0,000751
известно 1,000000 0,001077
пролет 1,698970 0,001220
истребитель 1,045757 0,001126
ряд 0,823909 0,000591
самолет 0,721246 0,001036
рейс 1,301030 0,001868
белград 1,221849 0,001316
пассажирский 1,522879 0,001093
авиакомпания 1,154902 0,000829
air 1,397940 0,001004
serbia 1,522879 0,001093
следовать 0,920819 0,000661
заметить 1,096910 0,000787
кавказ 1,096910 0,000787
такой 0,397940 0,000286
пристрелить 1,698970 0,001220
бы 0,585027 0,000420
юрий 0,677781 0,000487
лоза 1,698970 0,001220
драка 1,154902 0,000829
уилла 1,096910 0,000787
смит 1,000000 0,000718
нетребко 1,096910 0,001181
прокомментировать 0,958607 0,000688
свое 0,455932 0,000327
скандальный 1,301030 0,000934
котор 1,045757 0,000751
оперный 1,397940 0,001004
диво 1,522879 0,001093
осудить 1,522879 0,001640
напомнить 1,000000 0,000718
мир 0,387216 0,000278
давно 0,769551 0,000552
жить 0,585027 0,000630
австрия 1,522879 0,001093
являться 0,721246 0,000518
налоговый 1,698970 0,001220
резидент 1,397940 0,001004
многие 0,920819 0,000661
воспринять 1,522879 0,001093
предательство 1,221849 0,000877
поэтому 0,853872 0,000613
вновь 0,795880 0,000571
решить 0,677781 0,000487
высказаться 0,958607 0,000688
лично 1,301030 0,001868
вывезти 1,301030 0,001401
русский 0,318759 0,000229
домыть 0,958607 0,001032
биатлон 1,221849 0,000877
вызвать 0,920819 0,000661
гнев 1,397940 0,001004
последний 0,318759 0,000343
украинец 1,154902 0,000829
вашингтон 1,221849 0,000877
пост 0,920819 0,000661
преступный 1,698970 0,001220
тактика 1,301030 0,000934
протекать 1,522879 0,001093
бой 0,853872 0,000919
минуть 0,769551 0,000552
ночь 0,721246 0,000518
авиация 1,154902 0,000829
вкс 1,698970 0,001220
высокоточный 1,698970 0,001220
накрыть 1,522879 0,001093
железнодорожный 0,958607 0,000688
станция 1,000000 0,000718
эшелон 1,522879 0,001093
техника 1,045757 0,000751
вооружение 1,221849 0,000877
готовый 0,744727 0,000535
ли 0,387216 0,000695
вы 0,301030 0,000540
написать 0,619789 0,000445
тотальный 1,397940 0,001004
диктант 1,397940 0,001004
когда 0,397940 0,000286
назальный 1,221849 0,000877
вакцина 1,301030 0,000934
ковид 1,096910 0,001181
поступить 1,301030 0,000934
поликлиника 1,698970 0,001220
аптека 1,221849 0,001316
для 0,107905 0,000232
свободный 0,853872 0,000613
продажа 0,657577 0,000472
она 0,356547 0,000512
поступать 1,221849 0,000877
актер 0,744727 0,000802
бедный 0,958607 0,001032
настя 1,154902 0,001244
похудеть 1,397940 0,001004
килограмм 1,397940 0,001004
карякин 1,221849 0,000877
сниматься 1,522879 0,001093
сериал 0,494850 0,000355
нюхач 1,698970 0,001220
иван 0,619789 0,000445
денис 0,853872 0,000919
лента 0,677781 0,000487
возникнуть 1,301030 0,000934
серьезный 1,000000 0,000718
требоваться 1,301030 0,000934
срочный 1,301030 0,000934
рассказывать 0,698970 0,000502
подробность 1,000000 0,000718
треветь 1,698970 0,001829
выпустить 1,045757 0,001126
пухляш 1,698970 0,001829
клип 1,154902 0,001244
little 1,154902 0,001244
big 1,221849 0,001316
танцор 1,698970 0,001220
шоумен 1,698970 0,001220
дмитрия 0,602060 0,000432
красилов 1,698970 0,001220
uno 1,698970 0,001220
группа 0,823909 0,000591
муза 1,301030 0,000934
тв 0,657577 0,000472
приехать 1,045757 0,001126
посвятить 0,958607 0,000688
путешествие 0,677781 0,000487
наклон 1,698970 0,001220
представлять 1,045757 0,000751
синдром 1,397940 0,001004
пизанский 1,698970 0,001220
башня 1,221849 0,000877
донбасс 0,657577 0,000708
сгореть 1,522879 0,001093
остаться 0,721246 0,000518
флот 1,301030 0,000934
реабилитация 1,522879 0,001093
ер 1,522879 0,001093
помочь 0,537602 0,000579
лечение 1,221849 0,000877
после 0,356547 0,000384
река 0,920819 0,000661
окно 1,000000 0,000718
бассейн 1,522879 0,001093
наш 0,309804 0,000222
журналист 0,920819 0,000661
оценить 0,920819 0,000661
йка 1,698970 0,001220
новый 0,244125 0,000701
формат 0,920819 0,000992
еженедельник 1,522879 0,002186
оформить 1,154902 0,002487
подписка 0,677781 0,001703
какой 0,337242 0,000484
графика 1,698970 0,001220
прививок 1,522879 0,001093
готовить 0,853872 0,000613
теплица 1,698970 0,001220
теплый 1,397940 0,001004
грядка 1,698970 0,001220
аиф 1,698970 0,001829
способ 0,721246 0,000518
усилить 1,397940 0,001004
эффективность 1,397940 0,001004
витамин 1,397940 0,001004
идеальный 0,769551 0,000552
весенний 1,045757 0,000751
салат 1,397940 0,001004
шанс 1,045757 0,000751
оптимист 1,698970 0,001220
счет 0,853872 0,000613
совершить 1,000000 0,000718
технологический 1,522879 0,001093
рывок 1,698970 0,001220
след 1,000000 0,000718
зверь 1,221849 0,000877
угрожать 1,397940 0,001004
отрезать 1,698970 0,001220
ухо 1,522879 0,001093
пот 0,886057 0,000636
малолетняя 1,698970 0,001220
дочь 0,958607 0,000688
мать 0,721246 0,000777
схватить 1,522879 0,001093
сын 0,698970 0,000502
ударить 1,000000 0,000718
третьеклассник 1,698970 0,001220
заявить 0,677781 0,000487
полиция 1,045757 0,001126
учитель 0,920819 0,000661
море 1,301030 0,000934
мало 0,920819 0,000661
активный 1,000000 0,000718
турист 1,045757 0,001126
команда 0,795880 0,000571
ждать 0,619789 0,000445
хотеть 0,387216 0,000417
поставить 0,823909 0,000591
памятник 0,886057 0,000636
местный 0,958607 0,000688
хатико 1,698970 0,001220
гений 1,045757 0,000751
чародейство 1,698970 0,001220
калининградец 1,698970 0,001220
проститься 0,886057 0,000636
звезда 0,552842 0,000595
экипаж 1,154902 0,000829
расстрелять 1,397940 0,001004
неизвестно 1,522879 0,001093
дневник 1,154902 0,000829
нацистский 1,221849 0,000877
оккупация 1,522879 0,001093
харьков 1,154902 0,000829
вождь 1,522879 0,001093
или 0,292430 0,000210
политбюро 1,698970 0,001220
кто 0,346787 0,000871
заменить 1,154902 0,001658
семен 1,301030 0,000934
могиль 1,698970 0,001829
фбр 1,522879 0,001640
разыскивать 1,397940 0,001004
объявить 0,769551 0,000829
награда 1,096910 0,000787
сведение 1,154902 0,000829
тайна 0,920819 0,000661
мариуполь 0,744727 0,000802
пытаться 0,744727 0,000535
окружить 1,522879 0,001093
прийти 0,958607 0,000688
штамм 1,301030 0,000934
ха 0,657577 0,000472
мутация 1,698970 0,001220
xe 1,221849 0,000877
примерно 1,698970 0,001220
заразный 1,522879 0,001093
стелс 1,301030 0,000934
омикрон 1,301030 0,000934
так 0,481486 0,000518
же 0,721246 0,000518
опасный 0,744727 0,000535
мы 0,229148 0,000164
скорый 0,920819 0,000661
всего 0,721246 0,000518
вводить 1,096910 0,000787
точечный 1,698970 0,001220
послабление 1,698970 0,001220
излишний 1,301030 0,000934
переукрепление 1,698970 0,001220
сутки 0,795880 0,000571
сбить 1,397940 0,001004
вертолет 1,301030 0,000934
противник 1,096910 0,000787
олигарх 1,698970 0,001220
поучиться 1,698970 0,001220
пенсионер 1,301030 0,000934
обойтись 1,301030 0,000934
аренда 1,397940 0,001004
сезон 0,568636 0,000408
сдавать 1,522879 0,001093
ценовый 1,397940 0,001004
сегмент 1,301030 0,000934
элитный 1,301030 0,000934
экономкласс 1,698970 0,001220
субсидировать 1,698970 0,001829
чартерный 1,698970 0,001220
ростуризм 1,522879 0,001093
опубликовать 0,494850 0,000355
список 0,619789 0,000445
чартер 1,698970 0,001220
курортный 1,522879 0,001093
романа 0,585027 0,000420
жена 0,677781 0,000487
мужчина 0,677781 0,000487
свр 1,698970 0,001220
нарышкин 1,698970 0,001220
возврат 1,397940 0,001505
старый 0,958607 0,000688
уже 0,568636 0,000408
идти 0,657577 0,000708
мокрый 1,522879 0,001093
прическа 1,397940 0,001004
фотосессия 1,397940 0,001004
фигуристка 1,698970 0,001220
медведев 1,154902 0,000829
европейский 0,744727 0,000535
спекулянт 1,698970 0,001220
газ 1,045757 0,000751
обмен 1,154902 0,000829
хабенский 1,154902 0,001244
спектакль 1,000000 0,001077
контрабас 1,698970 0,001220
аншлаг 1,522879 0,001093
вот 0,677781 0,000487
теперь 0,602060 0,000432
константин 0,769551 0,000552
передавать 1,154902 0,000829
эстафета 1,698970 0,001220
стоять 0,585027 0,000420
покупать 0,823909 0,000887
б 1,301030 0,000934
шина 1,154902 0,000829
резкий 1,301030 0,000934
подорожание 1,397940 0,001004
покрышка 1,698970 0,001220
заставлять 1,221849 0,000877
автомобилист 1,397940 0,001004
обращать 1,221849 0,000877
подержать 1,522879 0,001093
колесо 1,000000 0,000718
означать 1,397940 0,001004
фраза 1,221849 0,000877
пророк 1,221849 0,001754
отечество 1,698970 0,001829
выражение 1,522879 0,001093
стать 0,301030 0,000432
очень 0,568636 0,000408
популярно 1,397940 0,001004
предлагать 0,958607 0,001032
возвращать 1,397940 0,001004
неполученный 1,698970 0,001220
заказ 1,000000 0,001077
asos 1,522879 0,001093
airbnb 1,397940 0,001004
потребитель 1,301030 0,000934
схема 1,045757 0,000751
деньги 1,045757 0,000751
предоплатить 1,698970 0,001220
зарубежный 0,769551 0,000552
интернет 0,455932 0,000655
магазин 0,619789 0,000667
приостановить 1,221849 0,000877
доставка 1,397940 0,001004
автобус 1,221849 0,000877
повезти 1,301030 0,000934
юг 1,221849 0,000877
рабство 1,301030 0,000934
xxi 1,154902 0,000829
век 0,619789 0,000445
банда 1,221849 0,000877
похищать 1,698970 0,001220
сокращение 1,397940 0,001505
начальник 1,221849 0,000877
реформа 1,301030 0,000934
они 0,309804 0,000222
купить 0,744727 0,000535
есть 0,508638 0,000365
прибалтика 1,397940 0,001004
лев 0,886057 0,000636
бомбежка 1,698970 0,001220
выживать 1,522879 0,001093
животное 0,886057 0,000636
зоопарк 1,698970 0,001220
ленин 1,045757 0,000751
сталина 1,301030 0,000934
прощаться 1,096910 0,000787
колонный 1,045757 0,000751
зало 0,958607 0,000688
командировка 1,698970 0,001220
навсегда 1,000000 0,000718
умереть 0,886057 0,000636
разведчик 1,397940 0,001004
нелегал 1,522879 0,001093
михаил 0,568636 0,000816
васенков 1,698970 0,001220
уйти 0,795880 0,000571
чтобы 0,408935 0,000294
вернуться 0,638272 0,000458
индий 1,301030 0,000934
покойник 1,698970 0,001220
похороны 1,000000 0,000718
председатель 1,522879 0,001093
мишустин 0,886057 0,000636
смерть 0,568636 0,000408
неосторожность 1,698970 0,001220
мальчик 0,698970 0,000502
утонуть 1,698970 0,001220
яма 1,522879 0,001093
вода 1,154902 0,000829
кубань 1,522879 0,001093
серый 1,221849 0,000877
день 0,236572 0,000255
полчище 1,698970 0,001220
огромный 0,721246 0,000518
крыса 1,301030 0,000934
атаковать 1,221849 0,000877
жилой 1,221849 0,000877
район 0,853872 0,000613
сахарный 1,522879 0,001093
барьер 1,698970 0,001220
пря 0,387216 0,000556
диабет 1,522879 0,001093
сложно 1,301030 0,000934
родитель 0,744727 0,000535
ни 0,698970 0,000753
внучек 1,698970 0,001220
прах 1,698970 0,001220
дочка 1,221849 0,000877
семья 0,552842 0,000397
убитый 1,397940 0,001004
германий 0,958607 0,000688
петербурженка 1,698970 0,001220
роутер 1,522879 0,001093
защита 0,823909 0,000887
хакерский 1,522879 0,001093
атака 0,920819 0,000661
изобрести 1,397940 0,001004
маршрутизатор 1,698970 0,001220
кибератак 1,522879 0,001093
предназначить 1,045757 0,000751
применение 1,301030 0,000934
небольшой 1,154902 0,000829
штатный 1,698970 0,001220
численность 1,698970 0,001220
вячеслав 1,397940 0,001004
зайцев 1,397940 0,001004
требовать 0,886057 0,000636
миллион 0,537602 0,000386
департамент 1,096910 0,000787
городской 0,886057 0,000636
имущество 1,221849 0,000877
подать 1,221849 0,000877
иск 1,522879 0,001093
модельер 1,301030 0,000934
туалетный 1,522879 0,001093
выпускать 1,221849 0,000877
унитаз 1,698970 0,001220
ванна 1,522879 0,001093
кран 1,698970 0,001220
телеканал 0,585027 0,000630
соловьев 1,045757 0,001126
live 1,000000 0,001077
выйти 0,568636 0,000408
частота 1,698970 0,001829
euronews 1,522879 0,001640
вещать 1,698970 0,001220
темный 0,920819 0,000661
сторона 0,886057 0,000636
связать 1,045757 0,000751
нелегальный 1,522879 0,001093
даркнуть 1,698970 0,001220
почувствовать 1,522879 0,001093
утро 0,886057 0,000636
прогноз 0,958607 0,000688
сбыться 1,397940 0,001004
модификация 1,698970 0,001220
американский 0,585027 0,000420
танк 1,045757 0,000751
польша 0,920819 0,000661
особенность 1,154902 0,000829
модернизированный 1,522879 0,001093
машин 0,958607 0,000688
количество 1,045757 0,000751
разновидность 1,698970 0,001220
боеприпас 1,397940 0,001004
тип 1,301030 0,000934
ложка 1,698970 0,001220
обед 1,522879 0,001093
хлебный 1,698970 0,001220
монополия 1,397940 0,001004
ть 0,552842 0,000595
развалить 1,698970 0,001220
запомниться 1,698970 0,001220
писательница 1,522879 0,001640
гайда 1,522879 0,001640
лагздынь 1,698970 0,001829
скончаться 1,096910 0,000787
советский 0,619789 0,000445
автор 0,522879 0,000375
раскрасить 1,698970 0,001220
реклама 0,259637 0,000186
издательский 1,045757 0,000751
онлайн 0,387216 0,000278
пресс 0,552842 0,000397
pdf 1,522879 0,001093
версия 0,522879 0,000375
обратный 0,508638 0,000365
путеводитель 0,920819 0,000661
запад 0,721246 0,000518
карта 0,657577 0,000472
сайт 0,173925 0,000375
редакция 0,366532 0,000263
ошибка 0,677781 0,000487
ао 0,795880 0,000857
генеральный 1,221849 0,000877
директор 1,045757 0,001126
руслана 1,397940 0,001004
новиков 1,397940 0,001004
главный 0,346787 0,000249
редактор 0,508638 0,000730
чканик 1,698970 0,001220
цифровой 0,823909 0,000887
направление 1,000000 0,000718
медиа 0,769551 0,000552
халаим 1,698970 0,001220
шеф 1,000000 0,001077
шушкин 1,698970 0,001829
зарегистрировать 0,619789 0,000445
служба 0,431798 0,000310
надзор 0,619789 0,000445
сфера 0,537602 0,000386
информационный 0,481486 0,000346
массовый 0,508638 0,000548
коммуникация 0,568636 0,000612
роскомнадзор 0,698970 0,000502
регистрационный 1,397940 0,001004
эл 0,494850 0,000355
фс 0,522879 0,000375
учредитель 0,657577 0,000472
функционировать 1,221849 0,000877
финансовый 0,638272 0,000458
министерство 1,000000 0,000718
федерация 0,698970 0,000502
e 0,677781 0,001216
mail 0,721246 0,001294
karaul 1,698970 0,001220
тело 0,698970 0,000502
копирование 1,045757 0,000751
использование 0,408935 0,000294
полный 0,522879 0,000375
материал 0,292430 0,000315
запретить 0,619789 0,000445
частичный 1,301030 0,000934
цитирование 1,301030 0,000934
возможно 0,853872 0,000613
гиперссылка 1,045757 0,000751
www 0,698970 0,000502
объяснять 1,000000 0,000718
происходить 0,769551 0,000552
понятный 1,397940 0,001004
любой 0,420216 0,000302
репортаж 1,096910 0,000787
расследование 0,958607 0,000688
доставлять 1,698970 0,001829
почта 0,602060 0,000648
подписаться 0,677781 0,000973
спасибо 1,000000 0,001436
получать 0,677781 0,000487
самый 0,251812 0,000271
обсуждать 0,886057 0,000636
статья 0,619789 0,000445
электронный 0,619789 0,000445
адрес 0,537602 0,000386
полезный 0,769551 0,000552
интересный 0,619789 0,000445
