первый 0,346787 0,030155
канал 0,508638 0,039806
новость 0,161151 0,007007
видео 0,327902 0,005703
телепрограмма 0,853872 0,022275
прямой 0,619789 0,010779
эфир 0,537602 0,014024
главный 0,346787 0,006031
смотреть 0,443697 0,015433
соцсеть 0,721246 0,012543
шоу 0,508638 0,008846
фильм 0,431798 0,007510
сериал 0,494850 0,008606
спорт 0,397940 0,006921
news 0,920819 0,016014
tv 0,920819 0,016014
ru 0,180456 0,003138
выпуск 0,698970 0,018234
весь 0,107905 0,003753
title 1,397940 0,024312
be 1,045757 0,018187
loading 1,397940 0,024312
показать 0,522879 0,009094
еще 0,327902 0,005703
реклама 0,259637 0,004515
телепроект 1,522879 0,026485
спецпроект 0,638272 0,011100
онлайн 0,387216 0,006734
кинотеатр 0,920819 0,016014
кино 0,455932 0,007929
тв 0,657577 0,011436
вещание 1,045757 0,018187
рубеж 0,958607 0,016671
отель 1,096910 0,019077
миро 0,337242 0,005865
телеканал 0,585027 0,010174
для 0,107905 0,001877
ребенок 0,259637 0,004515
юношество 1,397940 0,024312
скачать 1,096910 0,019077
мобильный 0,769551 0,020075
приложение 0,657577 0,017154
право 0,292430 0,005086
защитить 0,552842 0,009615
