русский 0,318759 0,009992
музей 0,823909 0,034294
aa 1,522879 0,001565
eng 1,301030 0,001337
филиал 1,397940 0,007902
выбрать 0,568636 0,000584
михайловский 1,397940 0,015804
дворец 1,154902 0,021365
корпус 1,096910 0,004509
бенуа 1,698970 0,006984
строгановский 1,698970 0,005238
замок 1,154902 0,008902
мраморный 1,522879 0,010173
летний 0,721246 0,002594
сад 0,958607 0,004433
петр 0,958607 0,006404
i 0,769551 0,005141
домик 1,698970 0,006111
павильон 1,698970 0,003492
людвиг 1,397940 0,004310
город 0,397940 0,001227
малага 1,698970 0,003492
кемерово 1,301030 0,002006
справочный 1,301030 0,004011
информация 0,327902 0,001348
билет 0,853872 0,007021
реставрация 1,301030 0,002674
музейный 1,096910 0,004509
ценность 1,000000 0,001542
друг 0,494850 0,001017
администрация 1,000000 0,002569
партнер 0,619789 0,001274
спонсор 1,301030 0,002674
пресс 0,552842 0,001136
противодействие 1,301030 0,002674
коррупция 1,096910 0,002255
локальный 1,522879 0,002348
нормативный 1,698970 0,002619
акт 1,522879 0,002348
посетитель 1,154902 0,002374
час 0,769551 0,001186
работа 0,431798 0,001109
лекторий 1,698970 0,005238
править 0,638272 0,000984
посещение 1,301030 0,002006
экскурсия 1,096910 0,002255
доступный 0,958607 0,001478
ребенок 0,259637 0,000400
план 0,769551 0,001186
мероприятие 0,823909 0,001270
улучшение 1,522879 0,003130
качество 0,795880 0,001227
деятельность 0,853872 0,001755
оценка 0,823909 0,001270
условие 0,468521 0,000963
труд 1,301030 0,002006
выставка 0,769551 0,008700
течь 1,301030 0,002006
будущее 0,602060 0,000928
пройти 0,677781 0,001045
постоянный 1,045757 0,015047
экспозиция 1,154902 0,018991
выездной 1,698970 0,002619
событие 0,455932 0,001406
коллекция 0,769551 0,005536
издание 0,468521 0,000722
каталог 1,000000 0,002569
альбом 1,397940 0,002155
научный 0,795880 0,002045
собрание 1,301030 0,005349
сборник 1,096910 0,002255
буклет 1,698970 0,002619
ежегодный 1,301030 0,002006
отчет 0,958607 0,001478
мультимедиа 1,397940 0,002155
проект 0,259637 0,000934
виртуальный 1,000000 0,003083
культурно 1,397940 0,002155
выставочный 1,221849 0,003139
центр 0,455932 0,002109
фестиваль 0,721246 0,001112
императорский 1,698970 0,002619
россия 0,214670 0,000662
образование 0,657577 0,001352
российский 0,229148 0,000824
педагогика 1,698970 0,002619
детский 0,619789 0,000955
творчество 0,958607 0,001970
студенческий 1,522879 0,002348
клуб 0,657577 0,001014
консультационный 1,698970 0,003492
методический 1,522879 0,003913
художественный 0,886057 0,003187
федерация 0,698970 0,001437
аспирантура 1,698970 0,002619
поддержать 0,920819 0,002366
порядок 0,795880 0,001227
оплата 1,045757 0,001612
договор 1,154902 0,001780
пожертвование 1,522879 0,002348
магазин 0,619789 0,000955
вячеслава 1,221849 0,001884
пакулин 1,698970 0,004365
поиск 0,387216 0,001194
стиль 0,721246 0,001853
эпоха 0,853872 0,001755
декабрь 0,795880 0,002863
апрель 0,275724 0,002125
наделить 1,698970 0,002619
уникальный 0,744727 0,001531
яркий 0,853872 0,001316
талант 0,920819 0,001420
быть 0,161151 0,000580
увлечь 1,522879 0,002348
е 0,823909 0,001270
год 0,236572 0,000973
большой 0,657577 0,001014
отдавать 1,301030 0,002006
дань 1,698970 0,002619
общий 0,823909 0,001270
устремление 1,698970 0,002619
многий 1,096910 0,001691
худжать 1,698970 0,001746
анна 0,537602 0,001105
лепорскать 1,698970 0,002619
живопись 1,154902 0,004154
график 1,000000 0,002055
фарфор 1,698970 0,003492
лет 0,337242 0,000867
поступить 1,301030 0,002006
дар 1,221849 0,001884
обширный 1,522879 0,002348
произведенье 0,853872 0,002633
разный 0,677781 0,001741
художник 0,744727 0,003444
получить 0,420216 0,000648
историография 1,698970 0,002619
назва 1,698970 0,001746
семь 0,886057 0,001821
красавица 0,958607 0,001970
январь 0,886057 0,002277
июнь 0,823909 0,002540
приурочить 1,397940 0,002873
юбилей 1,301030 0,001337
выдающийся 1,301030 0,001337
азербайджанский 1,522879 0,001565
поэт 0,886057 0,001366
философ 1,397940 0,001437
низ 1,698970 0,001746
гянджевь 1,698970 0,001746
представлять 1,045757 0,003224
вид 0,744727 0,000765
искусство 0,744727 0,009185
объединять 1,397940 0,001437
несколько 0,744727 0,000765
лика 1,698970 0,004365
лицо 0,537602 0,001658
морда 1,698970 0,004365
московский 0,657577 0,001352
az 1,698970 0,002619
анатолий 1,397940 0,002873
зверев 1,522879 0,003130
один 0,356547 0,000916
иза 0,167491 0,000947
свое 0,455932 0,000703
наиболее 1,045757 0,002687
успешный 1,045757 0,001612
летие 1,045757 0,002150
известно 1,000000 0,001028
петербургский 1,522879 0,003913
собиратель 1,522879 0,002348
брат 0,920819 0,001420
яков 1,522879 0,002348
александрович 1,698970 0,006111
иосиф 1,221849 0,002512
ржевский 1,698970 0,002619
март 0,698970 0,000718
известный 0,677781 0,001393
коллекционер 1,301030 0,002674
як 1,397940 0,001437
подробный 0,657577 0,001014
сохранять 1,397940 0,001437
история 0,283997 0,000292
реставрационный 1,698970 0,002619
мастерский 1,301030 0,001337
июль 0,823909 0,000847
посвятить 0,958607 0,001478
организация 0,769551 0,001186
первый 0,346787 0,001247
мастерской 1,522879 0,001565
представить 0,744727 0,002296
александра 0,443697 0,000456
рубцов 1,522879 0,001565
оказаться 0,638272 0,000656
воля 1,301030 0,001337
судьба 0,657577 0,001352
певец 1,397940 0,001437
летописец 1,522879 0,001565
тунис 1,698970 0,001746
много 0,301030 0,000464
живописный 1,397940 0,002155
частный 1,301030 0,001337
коллекца 1,698970 0,001746
тотальный 1,397940 0,002155
диктант 1,397940 0,002155
приглашать 1,154902 0,002967
лекция 1,096910 0,003382
валентина 1,096910 0,001691
серов 1,698970 0,002619
абонемент 1,522879 0,007826
мастер 0,795880 0,002045
цикл 0,958607 0,001478
iius 1,154902 0,001780
семья 0,552842 0,000852
строганов 1,698970 0,002619
страсть 1,221849 0,001884
древнерусский 1,397940 0,003592
xvius 1,301030 0,003343
век 0,619789 0,006370
самый 0,251812 0,000518
крупный 0,744727 0,001148
значительный 1,154902 0,002374
наш 0,309804 0,000478
страна 0,387216 0,000796
оно 0,397940 0,000613
включать 1,096910 0,002255
себя 0,397940 0,000613
около 0,886057 0,001366
шесть 0,920819 0,001420
тысяча 0,568636 0,000877
икона 1,522879 0,002348
разместить 0,721246 0,001112
четыре 0,721246 0,000741
зало 0,958607 0,000985
часть 0,638272 0,000656
этот 0,173925 0,000358
ценный 1,221849 0,001256
произведение 0,721246 0,001483
xius 1,698970 0,001746
создать 0,619789 0,000955
важный 0,602060 0,000619
древний 0,886057 0,000911
русь 1,221849 0,001256
новгород 0,795880 0,001227
псков 1,154902 0,001780
владимир 0,301030 0,000309
суздаль 1,522879 0,001565
москва 0,292430 0,000301
ярославль 1,045757 0,001075
заказать 1,301030 0,007354
михайловск 1,397940 0,003592
xviius 1,397940 0,001437
половина 1,221849 0,003139
xix 1,096910 0,004509
второй 0,602060 0,000928
народный 0,744727 0,000765
xxi 1,154902 0,001780
я 0,346787 0,000356
фотобиеннал 1,698970 0,001746
историко 1,698970 0,002619
архивный 1,301030 0,002006
фотография 0,795880 0,001636
биеннал 1,522879 0,001565
вновь 0,795880 0,000818
малодоступный 1,698970 0,001746
фотоколлекция 1,698970 0,001746
региональный 1,301030 0,001337
показать 0,522879 0,000537
воронеж 1,154902 0,001187
ивангород 1,698970 0,001746
нижний 0,744727 0,000765
рыбинск 1,698970 0,001746
рязань 1,221849 0,001256
симферополь 1,397940 0,001437
омск 1,096910 0,001127
углич 1,522879 0,001565
якутск 1,522879 0,001565
строиться 1,397940 0,001437
как 0,187087 0,000192
последовательный 1,698970 0,001746
рассказ 0,920819 0,000946
культурный 1,045757 0,001075
бытовой 1,522879 0,001565
политический 0,721246 0,000741
жизнь 0,318759 0,000328
ха 0,657577 0,001014
минералогический 1,698970 0,001746
кабинет 0,920819 0,000946
ампир 1,221849 0,001256
декоративный 1,522879 0,002348
прикладной 1,221849 0,001884
временить 0,698970 0,002155
царствование 1,698970 0,001746
император 1,154902 0,001187
александр 0,602060 0,000928
феномен 1,522879 0,001565
непарадный 1,698970 0,001746
портрет 1,221849 0,001256
отечественный 0,744727 0,000765
хха 1,397940 0,005747
константин 0,769551 0,000791
романов 1,045757 0,001612
серебряный 1,154902 0,001187
мировой 0,721246 0,001112
идея 0,853872 0,001316
направление 1,000000 0,001542
современный 0,537602 0,000829
предмет 1,096910 0,001127
относиться 1,154902 0,001187
петровский 1,522879 0,001565
тома 0,522879 0,000537
число 0,853872 0,000878
мемориальный 1,301030 0,001337
они 0,309804 0,000318
мундирный 1,698970 0,001746
платье 1,154902 0,001187
красный 0,920819 0,000946
сукно 1,698970 0,001746
трость 1,698970 0,001746
восточный 1,045757 0,001075
отливка 1,698970 0,001746
рука 0,677781 0,000697
оттиск 1,698970 0,001746
сделать 0,657577 0,000676
липецк 1,301030 0,001337
чугунолитейный 1,698970 0,001746
завод 0,958607 0,000985
ть 0,552842 0,000852
лодка 1,522879 0,001565
верейка 1,698970 0,001746
кресло 1,698970 0,001746
послереволюционный 1,698970 0,001746
персональный 0,619789 0,000637
призвать 1,045757 0,001075
полно 1,698970 0,001746
многогранный 1,698970 0,001746
его 0,346787 0,000356
открытие 1,000000 0,001028
сфера 0,537602 0,000553
театральный 1,154902 0,001187
конец 0,657577 0,001014
начать 0,508638 0,001307
xx 0,958607 0,001478
название 1,000000 0,001028
архив 0,920819 0,001420
лепорский 1,698970 0,001746
свыше 1,301030 0,001337
рисунок 1,301030 0,001337
акварель 1,698970 0,001746
гуашь 1,698970 0,001746
изделие 1,522879 0,001565
парадное 1,698970 0,003492
зал 1,096910 0,002818
общество 0,468521 0,000482
портретный 1,698970 0,002619
галерея 0,853872 0,000878
мая 0,677781 0,000697
открыться 1,045757 0,001075
после 0,356547 0,000366
масштабный 1,397940 0,001437
обращать 1,221849 0,001256
ваш 0,431798 0,000444
внимание 0,769551 0,000791
что 0,161151 0,000166
связь 0,309804 0,000478
проведение 1,221849 0,001256
дополнительный 0,853872 0,000878
раб 1,522879 0,001565
классический 0,886057 0,000911
интернациональный 1,698970 0,001746
послевоенный 1,522879 0,001565
столетие 1,397940 0,001437
образец 1,397940 0,001437
исторический 0,602060 0,000619
жанровый 1,522879 0,001565
пейзажный 1,397940 0,001437
передвижнический 1,698970 0,001746
реализм 1,397940 0,001437
явление 1,301030 0,001337
русско 1,698970 0,001746
знакомить 1,301030 0,002006
разнообразие 1,698970 0,001746
тенденция 1,301030 0,001337
классицизм 1,698970 0,001746
романтизм 1,522879 0,001565
постоянна 1,698970 0,001746
мы 0,229148 0,000589
вконтакт 0,638272 0,000984
google 0,744727 0,000765
art 1,045757 0,001075
одноклассник 0,744727 0,001148
telegram 0,744727 0,001148
назад 0,638272 0,000984
вперед 1,301030 0,002006
state 1,698970 0,001746
russian 1,301030 0,001337
museum 1,522879 0,001565
временной 1,522879 0,001565
закрытие 1,522879 0,001565
реэкспозиция 1,698970 0,001746
всероссийский 1,000000 0,001028
семинар 1,397940 0,001437
социокультурный 1,698970 0,001746
реабилитация 1,522879 0,001565
ментальный 1,522879 0,001565
нарушение 0,920819 0,000946
учреждение 1,301030 0,002006
культура 0,468521 0,000722
суббота 1,045757 0,001612
майолика 1,698970 0,002619
рубеж 0,958607 0,000985
лектор 1,301030 0,002674
кандидат 1,301030 0,002006
искусствоведение 1,522879 0,002348
м 0,698970 0,001078
да 0,494850 0,000509
григорьев 1,301030 0,001337
семирадский 1,698970 0,001746
фрина 1,698970 0,001746
праздник 0,677781 0,000697
посейдон 1,698970 0,001746
гейша 1,698970 0,001746
гетера 1,698970 0,001746
куртизанка 1,698970 0,001746
тайный 0,823909 0,000847
смысл 0,958607 0,000985
картина 0,721246 0,000741
ахунов 1,698970 0,001746
сезон 0,568636 0,000584
можно 0,420216 0,000432
приобрести 1,397940 0,001437
касса 1,698970 0,001746
заявка 1,154902 0,001187
занятие 1,096910 0,001127
для 0,107905 0,000222
отдельный 1,301030 0,001337
класс 0,853872 0,000878
группа 0,823909 0,000847
специально 1,221849 0,001256
разработать 1,000000 0,001028
программа 0,420216 0,000648
выезд 1,397940 0,001437
школа 0,552842 0,000568
другой 0,356547 0,000366
приниматься 1,397940 0,001437
тело 0,698970 0,000718
рекомендовать 0,823909 0,000847
санитарный 1,522879 0,002348
эпидемиологический 1,698970 0,002619
норма 1,698970 0,002619
оставить 0,823909 0,000847
отзыв 0,958607 0,000985
соблюдение 1,221849 0,001256
поблагодарить 1,522879 0,001565
или 0,292430 0,000301
направить 1,397940 0,001437
пожелание 1,397940 0,001437
безопасный 1,221849 0,001256
qr 1,397940 0,001437
код 0,823909 0,000847
весь 0,107905 0,000222
являться 0,721246 0,001112
база 1,096910 0,001127
министерство 1,000000 0,001028
рф 0,568636 0,000584
отдел 1,000000 0,001028
реализовать 1,221849 0,001256
межмузейный 1,698970 0,001746
образовательный 1,221849 0,001256
специалист 0,920819 0,000946
перейти 0,744727 0,000765
сайт 0,173925 0,000358
шедевр 1,000000 0,002055
отобрать 1,221849 0,001256
искусствовед 1,522879 0,001565
позволить 1,301030 0,001337
вы 0,301030 0,000309
составить 0,958607 0,000985
впечатление 1,221849 0,001256
просмотр 0,920819 0,000946
прогулка 1,096910 0,001127
тур 1,301030 0,002006
технология 0,408935 0,000420
панорамный 1,698970 0,001746
съемка 0,920819 0,000946
временный 1,698970 0,001746
интерьер 1,301030 0,002006
внешний 1,045757 0,001075
облик 1,698970 0,001746
комплекс 1,154902 0,001187
обратный 0,508638 0,000523
youtube 0,721246 0,000741
пользовательский 0,552842 0,000568
соглашение 0,443697 0,000456
подписка 0,677781 0,000697
новость 0,161151 0,000248
курс 0,602060 0,000619
разработка 1,221849 0,001256
студия 0,886057 0,000911
проектор 1,698970 0,001746
обладатель 1,301030 0,001337
исключительный 1,397940 0,001437
право 0,292430 0,000301
изображение 1,000000 0,002055
а 0,221849 0,000228
текстовый 1,522879 0,001565
который 0,236572 0,000243
официальный 0,537602 0,000553
использование 0,408935 0,000420
текст 0,585027 0,000601
опубликовать 0,494850 0,000509
возможно 0,853872 0,000878
только 0,283997 0,000292
разрешение 0,769551 0,000791
