стих 1,045757 0,062839
поэт 0,886057 0,004382
классик 0,886057 0,001534
читать 0,537602 0,000266
стихотворение 1,301030 0,000643
антология 1,154902 0,000857
русский 0,318759 0,000631
зарубежный 0,769551 0,001142
поэзия 1,096910 0,001356
ра 0,744727 0,000921
перейти 0,744727 0,000368
контент 1,045757 0,000517
современный 0,537602 0,000266
список 0,619789 0,000613
век 0,619789 0,000920
золотой 0,795880 0,000787
серебряный 1,154902 0,000571
советский 0,619789 0,000460
тематика 1,522879 0,001883
любовь 0,468521 0,003592
пушкин 0,795880 0,016335
есенин 1,301030 0,012869
ахматов 1,397940 0,010716
цветаев 1,397940 0,006568
тютчев 1,698970 0,013864
лермонтов 1,154902 0,013994
фет 1,698970 0,008402
маяковский 1,522879 0,013180
блок 1,096910 0,007324
асадовый 1,698970 0,002521
бродский 1,698970 0,005041
некрасов 1,698970 0,013864
пастернак 1,397940 0,007605
бунин 1,301030 0,004826
рождественский 1,397940 0,003803
хяйям 1,698970 0,000840
женщина 0,619789 0,002299
сильный 0,823909 0,000407
мама 0,795880 0,000984
бабушка 0,853872 0,001056
сестра 0,795880 0,000394
подруга 1,096910 0,000542
женский 0,958607 0,000711
красота 0,721246 0,000535
короткий 1,154902 0,006568
рубальский 1,698970 0,000840
омар 1,698970 0,001680
хайям 1,698970 0,002521
жизнь 0,318759 0,001025
высоцкий 1,698970 0,012604
смысл 0,958607 0,000474
грустный 1,397940 0,001037
смерть 0,568636 0,000422
война 0,522879 0,002069
твардовский 1,522879 0,003389
симонов 1,522879 0,002636
джалиль 1,522879 0,000753
друнин 1,698970 0,002101
окуджава 1,698970 0,000840
евтушенко 1,522879 0,003389
гамзатов 1,698970 0,001260
природа 1,045757 0,004138
животное 0,886057 0,000657
родина 1,000000 0,004946
малый 1,000000 0,000495
для 0,107905 0,000614
ребенок 0,259637 0,001477
барто 1,522879 0,003013
маршак 1,522879 0,004142
юнна 1,698970 0,000840
мориц 1,698970 0,000840
чуковский 1,522879 0,004896
михалков 1,301030 0,002574
заходер 1,522879 0,001883
саша 1,045757 0,000776
черный 0,853872 0,000845
хармс 1,698970 0,000840
благинин 1,698970 0,001680
берестов 1,522879 0,000753
успенский 1,698970 0,000840
токмаков 1,522879 0,000753
усачев 1,397940 0,001037
легкое 1,154902 0,000571
басня 1,397940 0,002420
крылов 1,397940 0,002420
осень 1,301030 0,002895
хороший 0,408935 0,000607
популярный 0,455932 0,002819
цитата 1,045757 0,000517
анализ 1,154902 0,000857
блог 0,795880 0,000590
сказка 0,823909 0,002241
наш 0,309804 0,000306
сайт 0,173925 0,000172
вы 0,301030 0,001340
легкость 1,522879 0,000753
мочь 0,236572 0,000585
найти 0,356547 0,000441
почитать 1,096910 0,000542
произведение 0,721246 0,000357
как 0,187087 0,000093
отечественный 0,744727 0,000368
так 0,481486 0,000595
помощь 0,481486 0,000357
магия 1,045757 0,000517
слово 0,552842 0,000820
великое 1,000000 0,000495
творец 1,522879 0,000753
стараться 1,221849 0,000604
передать 1,096910 0,000542
весь 0,107905 0,000374
чувство 1,154902 0,001142
который 0,236572 0,000292
испытывать 1,698970 0,000840
каждый 0,552842 0,000273
человек 0,259637 0,000642
земля 0,744727 0,001105
счастье 0,769551 0,000571
радость 1,000000 0,000495
страх 1,096910 0,000542
боль 1,000000 0,000495
они 0,309804 0,000230
крутиться 1,522879 0,000753
неведомый 1,698970 0,000840
водоворот 1,522879 0,000753
окунуться 1,522879 0,000753
читатель 0,823909 0,000407
какой 0,337242 0,000334
бы 0,585027 0,000434
ни 0,698970 0,000691
быть 0,161151 0,000598
ваш 0,431798 0,000214
настроение 1,000000 0,000495
душевный 1,397940 0,000691
состояние 0,958607 0,000474
всегда 0,657577 0,000488
тот 0,376751 0,000373
что 0,161151 0,000478
прийтись 0,823909 0,000407
вкус 1,096910 0,000542
именно 0,823909 0,000407
дать 0,721246 0,000535
момент 0,853872 0,000422
чаровать 1,698970 0,000840
страсть 1,221849 0,000604
накаляться 1,698970 0,000840
лирический 1,522879 0,000753
герой 0,552842 0,000684
или 0,292430 0,000145
не 0,136677 0,001318
взаимный 1,522879 0,000753
возникать 1,301030 0,000643
многий 1,096910 0,000542
иза 0,167491 0,000331
мы 0,229148 0,000453
любимый 0,744727 0,000368
написать 0,619789 0,000460
давно 0,769551 0,000381
равно 1,221849 0,000604
терять 1,397940 0,000691
свой 0,301030 0,000149
актуальность 1,522879 0,000753
важность 1,522879 0,000753
смочь 0,537602 0,000266
только 0,283997 0,000140
ответ 0,677781 0,000335
вопрос 0,420216 0,000208
сильно 1,045757 0,000517
тревожить 1,522879 0,000753
замечательно 1,522879 0,000753
провести 0,721246 0,000357
время 0,327902 0,000324
понять 0,769551 0,000571
себя 0,397940 0,000492
а 0,221849 0,000274
окружающие 1,522879 0,000753
дорогой 0,744727 0,001473
иван 0,619789 0,002605
михаил 0,568636 0,006187
владимир 0,301030 0,004317
марина 1,221849 0,000906
иосиф 1,221849 0,003021
евгений 0,795880 0,000590
агния 1,522879 0,002636
александр 0,602060 0,000893
валерий 1,154902 0,000857
брюсов 1,698970 0,002101
корней 1,397940 0,004148
николай 0,568636 0,006187
анна 0,537602 0,003323
сергей 0,408935 0,003944
константин 0,769551 0,001903
бальмонт 1,522879 0,001506
самуил 1,698970 0,004201
вера 0,958607 0,001896
полозковый 1,698970 0,002941
эдуард 1,397940 0,001037
гумилев 1,698970 0,003781
борис 0,698970 0,003803
роберт 1,154902 0,000571
юлия 1,522879 0,001130
федор 1,397940 0,001037
афанасий 1,698970 0,001260
дмитрий 0,958607 0,000474
быков 1,397940 0,000691
арсений 1,698970 0,000840
тарковский 1,221849 0,000604
сонет 1,397940 0,001037
уильям 1,301030 0,000643
шекспир 1,397940 0,000691
рубай 1,698970 0,001260
гете 1,698970 0,000840
стихотворенье 1,522879 0,001506
александра 0,443697 0,010752
евгенья 0,698970 0,001556
цвета 1,045757 0,000517
хорошо 0,823909 0,001222
пуля 1,397940 0,000691
пророк 1,221849 0,001511
утес 1,698970 0,000840
я 0,346787 0,003259
помнить 0,920819 0,000683
чудной 1,522879 0,001130
мгновенье 1,698970 0,001260
керн 1,698970 0,001260
любить 0,537602 0,001728
еще 0,327902 0,000730
глубина 1,301030 0,000643
сибирский 1,397940 0,000691
руда 1,698970 0,000840
памятник 0,886057 0,000876
воздвигнуть 1,698970 0,001260
нерукотворный 1,698970 0,001260
дума 1,096910 0,000542
ты 0,602060 0,002829
мень 0,657577 0,001301
жалеть 1,698970 0,002521
русь 1,221849 0,001813
нате 1,698970 0,000840
лиличка 1,698970 0,000840
поль 1,397940 0,000691
куликовый 1,698970 0,000840
марин 0,958607 0,003082
нравиться 1,045757 0,000517
больной 1,221849 0,000604
попа 1,522879 0,000753
работник 1,154902 0,000571
его 0,346787 0,000172
балда 1,698970 0,000840
царь 1,301030 0,001609
салтан 1,522879 0,001130
пороша 1,698970 0,000840
туча 1,698970 0,001260
ресторан 1,096910 0,000542
бородино 1,698970 0,001260
дедушка 1,154902 0,000857
мазать 1,698970 0,000840
заяц 1,301030 0,000643
скиф 1,698970 0,000840
россия 0,214670 0,000265
вечер 0,823909 0,001834
одический 1,698970 0,000840
рать 1,698970 0,000840
узник 1,698970 0,001260
парус 1,522879 0,001883
белеть 1,698970 0,001260
одинокий 1,045757 0,000776
юбилейный 1,698970 0,000840
отношение 0,481486 0,000238
лошадь 1,397940 0,000691
одиночество 1,397940 0,001383
песнь 1,522879 0,000753
вещий 1,154902 0,000571
олег 0,721246 0,000357
нищий 1,397940 0,000691
железный 1,000000 0,000989
дорога 0,657577 0,000813
советск 1,397940 0,001037
паспорт 1,221849 0,000906
мужество 1,397940 0,001037
прозаседаться 1,698970 0,000840
послушать 1,522879 0,000753
листок 1,698970 0,000840
облако 1,698970 0,001680
штаны 1,522879 0,000753
поэма 1,397940 0,002420
дрянь 1,698970 0,000840
ночь 0,721246 0,001783
гавриила 1,698970 0,002521
державин 1,698970 0,002521
незнакомка 1,698970 0,001260
улица 0,823909 0,000815
фонарь 1,301030 0,000965
аптека 1,221849 0,000906
необычайный 1,698970 0,000840
приключение 0,795880 0,000394
левый 1,397940 0,000691
марш 1,698970 0,000840
убить 1,096910 0,000814
ржев 1,698970 0,000840
тоска 1,397940 0,000691
голос 0,958607 0,000711
афанасья 1,698970 0,005882
зара 1,522879 0,000753
она 0,356547 0,000265
будить 1,397940 0,000691
ласточка 1,522879 0,000753
пропалить 1,698970 0,000840
письмо 0,795880 0,001968
татьяна 0,853872 0,000845
онегин 1,221849 0,001511
талисман 1,698970 0,001260
пилигрим 1,698970 0,000840
ждать 0,619789 0,000613
вернуться 0,638272 0,000789
зимний 0,853872 0,001267
утро 0,886057 0,001315
мороз 1,698970 0,001260
солнце 1,221849 0,001209
день 0,236572 0,000292
чудесный 1,301030 0,000965
научиться 1,301030 0,000643
просто 0,602060 0,000298
мудро 1,698970 0,000840
жить 0,585027 0,000723
заря 1,397940 0,000691
прощаться 1,096910 0,000542
демон 1,096910 0,001085
сын 0,698970 0,000519
артиллерист 1,522879 0,000753
прийти 0,958607 0,000711
привет 1,221849 0,000906
выходить 0,698970 0,000519
комната 1,154902 0,000571
совершать 1,301030 0,000643
ошибка 0,677781 0,000335
натюрморт 1,522879 0,000753
родной 0,920819 0,000455
сжать 1,698970 0,000840
рука 0,677781 0,000503
под 0,376751 0,000373
темный 0,920819 0,000683
вуаль 1,698970 0,000840
подражание 1,522879 0,000753
коран 1,698970 0,000840
федора 1,397940 0,008642
сидеть 1,397940 0,000691
пола 1,698970 0,000840
разговор 1,000000 0,000495
книгопродавец 1,698970 0,000840
реквием 1,522879 0,001506
сероглазый 1,698970 0,000840
король 0,920819 0,000455
чудный 1,522879 0,000753
картина 0,721246 0,000357
зима 1,301030 0,001609
недаром 1,698970 0,000840
злиться 1,698970 0,000840
есть 0,508638 0,000503
осенить 1,522879 0,000753
первоначальный 1,698970 0,000840
весенний 1,045757 0,001034
гроза 1,522879 0,001130
начало 0,638272 0,000316
мая 0,677781 0,000335
вод 0,886057 0,000438
сжечь 1,301030 0,000643
встретить 1,154902 0,000571
былой 1,698970 0,000840
перед 0,769551 0,000571
весной 1,154902 0,000571
бывать 1,154902 0,000857
такой 0,397940 0,000689
ум 1,000000 0,000742
пущино 1,698970 0,000840
песня 0,657577 0,000976
последний 0,318759 0,000315
встреча 0,638272 0,000316
няня 1,397940 0,000691
девушка 0,744727 0,000368
петь 1,154902 0,000857
церковный 1,522879 0,000753
хорь 1,698970 0,000840
эдуарда 1,221849 0,002115
асад 1,698970 0,002941
очень 0,568636 0,000281
двенадцать 1,397940 0,000691
октябрь 1,045757 0,000517
неинтересный 1,522879 0,000753
миро 0,337242 0,000167
нет 0,537602 0,000532
мать 0,721246 0,000892
живой 0,769551 0,000571
мой 0,619789 0,001073
старушка 1,397940 0,000691
отговорить 1,698970 0,000840
роща 1,522879 0,000753
толпа 1,397940 0,000691
цветок 1,698970 0,000840
анчар 1,698970 0,000840
зов 1,522879 0,001130
плакать 1,522879 0,001130
этот 0,173925 0,000215
кавказский 1,301030 0,000965
пленник 1,698970 0,001260
остаться 0,721246 0,000357
один 0,356547 0,000441
забава 1,698970 0,000840
клен 1,698970 0,000840
мыть 0,698970 0,001037
опасть 1,698970 0,000840
размышление 1,522879 0,000753
парадный 1,698970 0,000840
подъезд 1,397940 0,000691
холм 1,522879 0,000753
грузия 1,221849 0,000604
лежать 1,522879 0,000753
ночной 1,154902 0,000571
мгла 1,698970 0,000840
фабрика 1,698970 0,000840
бестолковый 1,698970 0,000840
сон 1,000000 0,000495
крестьянский 1,698970 0,000840
зеленый 1,154902 0,001142
шум 1,698970 0,000840
забыть 0,657577 0,000325
деревня 1,154902 0,000857
бес 1,397940 0,000691
мадонна 1,397940 0,000691
хранить 1,397940 0,000691
эхо 1,522879 0,000753
петушок 1,698970 0,000840
вновь 0,795880 0,000394
посетить 0,886057 0,000438
знаменитый 0,886057 0,000438
некрасиво 1,698970 0,000840
нобелевский 1,221849 0,000604
премия 0,677781 0,000335
никто 0,823909 0,000407
дом 0,356547 0,000265
июль 0,823909 0,000407
свеча 1,698970 0,000840
гореть 1,154902 0,000571
стол 1,397940 0,000691
гамлет 1,698970 0,000840
жираф 1,698970 0,000840
когда 0,397940 0,000295
волноваться 1,522879 0,000753
желтеть 1,698970 0,000840
нива 1,397940 0,001037
кинжал 1,522879 0,000753
унизиться 1,698970 0,000840
рассказ 0,920819 0,000683
танкист 1,698970 0,000840
свобода 0,853872 0,000422
сеятель 1,698970 0,000840
пустынный 1,698970 0,000840
лукоморье 1,698970 0,001260
дуб 1,522879 0,001506
летний 0,721246 0,000535
вольность 1,698970 0,000840
мертвый 0,920819 0,000455
царевна 1,397940 0,001383
семь 0,886057 0,000438
богатырь 1,522879 0,000753
рыбак 1,397940 0,000691
рыбка 1,522879 0,000753
признание 1,522879 0,000753
обмануть 1,154902 0,000571
чаадаев 1,698970 0,000840
арион 1,698970 0,000840
отчизна 1,698970 0,000840
странный 1,045757 0,000517
кавказ 1,096910 0,000814
дождь 1,154902 0,000857
заметаться 1,698970 0,000840
пожар 1,154902 0,000571
голубой 1,221849 0,000604
погаснуть 1,698970 0,000840
дневной 1,698970 0,000840
светило 1,698970 0,000840
внимать 1,698970 0,000840
ужас 0,920819 0,000455
белый 0,853872 0,000845
береза 1,522879 0,000753
окно 1,000000 0,000495
ирония 1,397940 0,000691
твой 1,045757 0,000517
элегия 1,698970 0,000840
плохо 1,301030 0,000965
школьник 1,221849 0,000906
тройка 1,154902 0,000571
покинуть 0,853872 0,000422
родимый 1,522879 0,000753
скучно 1,397940 0,000691
грустно 1,397940 0,000691
волшебный 1,045757 0,000517
скрипка 1,522879 0,001130
ангела 1,096910 0,000542
валерика 1,698970 0,000840
три 0,522879 0,000259
пальма 1,522879 0,000753
завещание 1,221849 0,000604
толчок 1,397940 0,000691
согнать 1,698970 0,000840
ладья 1,698970 0,000840
елена 0,698970 0,000519
посидеть 1,698970 0,000840
тишина 1,522879 0,001130
айболит 1,522879 0,000753
мойдодыр 1,522879 0,000753
краденое 1,698970 0,000840
кто 0,346787 0,000515
суриков 1,698970 0,000840
детство 0,920819 0,000911
звезда 0,552842 0,000410
андрей 0,508638 0,000377
дементьев 1,698970 0,001260
баллада 1,397940 0,001728
дело 0,481486 0,000238
делать 0,744727 0,000368
нечего 1,221849 0,000604
шестой 1,221849 0,000604
расул 1,522879 0,000753
журавль 1,698970 0,000840
вадима 1,045757 0,000776
шефнер 1,698970 0,000840
можно 0,420216 0,000208
роберта 1,221849 0,001511
помять 1,397940 0,000691
однажды 0,920819 0,000455
студеный 1,522879 0,000753
пора 0,886057 0,000438
юрий 0,677781 0,000503
визбор 1,698970 0,001260
милая 1,522879 0,000753
леонида 0,958607 0,000474
филатов 1,522879 0,000753
федот 1,698970 0,000840
стрелец 1,522879 0,000753
удалый 1,698970 0,000840
молодец 1,698970 0,000840
кома 0,958607 0,000711
найтись 1,301030 0,000643
дая 1,221849 0,000906
бог 0,958607 0,000474
никогда 0,958607 0,000711
чем 0,387216 0,000192
грибоедов 1,698970 0,000840
горе 1,221849 0,000906
трусиха 1,698970 0,000840
василий 1,000000 0,003462
теркин 1,522879 0,000753
фридрих 1,698970 0,000840
шиллер 1,698970 0,000840
перчатка 1,397940 0,000691
мус 1,698970 0,000840
джалиля 1,698970 0,000840
варварство 1,397940 0,000691
начинаться 1,154902 0,000571
жуковский 1,698970 0,005041
птичка 1,698970 0,001680
котик 1,698970 0,000840
козлик 1,522879 0,000753
печальный 1,397940 0,000691
вид 0,744727 0,000368
крестьянин 1,698970 0,000840
торжествовать 1,397940 0,000691
открыть 0,552842 0,000273
уж 1,221849 0,000906
небо 0,886057 0,000657
дышать 1,397940 0,000691
вероника 1,522879 0,001506
тушнов 1,698970 0,001680
знать 0,494850 0,000612
рубцов 1,522879 0,001130
тихий 1,301030 0,000643
селение 1,698970 0,000840
щенок 1,397940 0,000691
дядя 1,154902 0,000571
степ 1,698970 0,000840
мимоза 1,698970 0,000840
неизвестный 1,000000 0,000495
почта 0,602060 0,000298
память 0,823909 0,000611
багаж 1,397940 0,000691
два 0,346787 0,000257
великан 1,698970 0,000840
морской 1,000000 0,000742
детка 1,698970 0,000840
клетка 1,301030 0,000643
усатый 1,698970 0,000840
полосатый 1,522879 0,000753
язык 0,568636 0,000422
шарль 1,397940 0,000691
бодлер 1,698970 0,000840
падаль 1,698970 0,000840
право 0,292430 0,000217
юлий 0,823909 0,000407
зинка 1,698970 0,000840
никитин 1,397940 0,000691
давида 1,397940 0,001037
самойлов 1,698970 0,001260
сороковой 1,522879 0,000753
выезд 1,397940 0,000691
редьярд 1,698970 0,001260
киплинг 1,698970 0,001260
заповедь 1,698970 0,000840
штрафной 1,698970 0,000840
батальон 1,221849 0,000604
утренний 1,522879 0,000753
гимнастика 1,397940 0,000691
смотрины 1,698970 0,000840
скалолазка 1,698970 0,000840
райский 1,522879 0,000753
яблоко 1,397940 0,001037
прощание 0,744727 0,000368
гора 1,154902 0,000571
передача 0,795880 0,000394
друг 0,494850 0,000367
оказаться 0,638272 0,000316
вдруг 1,397940 0,000691
охота 1,000000 0,000495
волков 1,301030 0,000643
он 0,455932 0,000225
бой 0,853872 0,000422
москва 0,292430 0,000145
одесса 0,958607 0,000474
купол 1,698970 0,000840
конь 1,522879 0,000753
привередливый 1,698970 0,000840
здесь 0,698970 0,000346
равнина 1,397940 0,001037
диалог 1,522879 0,000753
телевизор 1,397940 0,000691
судьба 0,657577 0,000325
высота 1,301030 0,000643
братский 1,698970 0,000840
могила 1,301030 0,000643
безмолвие 1,698970 0,000840
банька 1,698970 0,000840
борьба 0,721246 0,000357
надо 0,795880 0,000590
мало 0,920819 0,000455
вечный 1,045757 0,000517
слава 1,096910 0,000814
редеть 1,698970 0,000840
летучий 1,522879 0,000753
гряда 1,698970 0,000840
телега 1,522879 0,000753
царский 1,522879 0,000753
село 1,221849 0,000604
станс 1,698970 0,000840
портрет 1,221849 0,000604
обвал 1,397940 0,000691
имя 0,443697 0,000219
клеветник 1,698970 0,000840
пиндемонтить 1,698970 0,000840
годунов 1,522879 0,000753
жених 1,301030 0,000643
пир 1,397940 0,000691
чум 1,522879 0,000753
медный 1,698970 0,000840
всадник 1,522879 0,000753
светлана 1,000000 0,000495
сельский 1,301030 0,000643
кладбище 1,154902 0,000571
невыразимый 1,698970 0,000840
мора 1,301030 0,000643
людмила 0,920819 0,000455
лесной 1,154902 0,000571
заболоцкий 1,698970 0,002521
полка 1,522879 0,000753
игорев 1,698970 0,000840
спать 1,301030 0,000643
человеческий 1,000000 0,000495
лицо 0,537602 0,000266
некрасивый 1,301030 0,000965
девочка 0,823909 0,000611
позволять 0,886057 0,000438
душа 1,522879 0,000753
лениться 1,698970 0,000840
искать 0,698970 0,000346
гармония 1,698970 0,000840
пловец 1,698970 0,000840
выть 1,522879 0,000753
волна 1,045757 0,001034
скакать 1,698970 0,000840
полдень 1,522879 0,000753
осенний 1,397940 0,000691
таять 1,221849 0,000906
неохотно 1,522879 0,000753
несмело 1,698970 0,000840
предугадать 1,698970 0,000840
весна 0,823909 0,001019
бедный 0,958607 0,000474
селенье 1,698970 0,000840
предопределение 1,698970 0,000840
сфинкс 1,698970 0,000840
поляна 1,522879 0,000753
коршун 1,698970 0,000840
подняться 1,221849 0,000604
отрекаться 1,698970 0,000840
любя 1,522879 0,000753
тургенев 1,301030 0,000643
муза 1,301030 0,000643
монолог 1,221849 0,000604
красивый 0,958607 0,000474
всего 0,721246 0,000357
птичий 1,522879 0,000753
школа 0,552842 0,000410
поля 1,154902 0,000571
перемена 1,000000 0,000495
алексей 0,552842 0,000547
плещеев 1,698970 0,000840
снег 1,045757 0,000776
бежать 1,154902 0,000571
ручей 1,698970 0,000840
клятва 1,698970 0,000840
идти 0,657577 0,000325
определение 1,522879 0,000753
иней 1,522879 0,000753
сосна 1,698970 0,000840
августа 1,397940 0,000691
полтава 1,698970 0,001260
бахчисарайский 1,698970 0,000840
фонтан 1,698970 0,001260
несжатый 1,698970 0,000840
полоса 1,096910 0,000542
полный 0,522879 0,000259
разгар 1,301030 0,000643
страда 1,698970 0,000840
деревенский 1,301030 0,000643
чистописание 1,522879 0,000753
тучкин 1,698970 0,000840
штучка 1,698970 0,000840
немножко 1,522879 0,000753
нервно 1,698970 0,000840
яковлев 1,000000 0,000495
дешевый 0,886057 0,000438
распродажа 1,522879 0,000753
вот 0,677781 0,000335
рассеять 1,522879 0,000753
бассейный 1,698970 0,000840
осипнуть 1,698970 0,001260
мандельштам 1,397940 0,001037
ленинград 1,522879 0,000753
гремучий 1,698970 0,000840
доблесть 1,397940 0,001037
грясти 1,154902 0,000571
воздушный 1,397940 0,000691
корабль 0,886057 0,000657
ветка 1,698970 0,000840
палестина 1,698970 0,000840
русалка 1,522879 0,001130
свинья 1,522879 0,000753
мартышка 1,522879 0,000753
очко 1,154902 0,000571
молитва 1,698970 0,001680
певучесть 1,698970 0,000840
карамзин 1,522879 0,000753
капитан 1,397940 0,000691
максим 0,958607 0,000711
горький 1,154902 0,000857
сокол 1,522879 0,000753
буревестник 1,698970 0,000840
роза 1,045757 0,000517
зреть 1,698970 0,000840
рожь 1,698970 0,000840
жаркий 1,698970 0,000840
майский 0,886057 0,000438
бабочка 1,397940 0,001037
теперь 0,602060 0,000298
уходить 0,823909 0,000611
понемногу 1,698970 0,000840
исповедь 1,301030 0,000643
хулиган 1,522879 0,001130
корова 1,397940 0,000691
сукин 1,698970 0,000840
добрый 1,045757 0,000776
разбудить 1,522879 0,000753
завтра 0,920819 0,000455
рано 1,698970 0,001260
фелица 1,698970 0,000840
вельможа 1,698970 0,000840
властитель 1,698970 0,000840
судия 1,698970 0,000840
книга 0,552842 0,000273
красное 1,301030 0,000965
переплет 1,698970 0,000840
вчера 0,920819 0,000455
глаз 0,886057 0,000657
глядеть 1,698970 0,000840
попытка 0,886057 0,000438
ревность 1,522879 0,000753
чудо 0,823909 0,000407
дерево 1,045757 0,000517
бармаль 1,522879 0,000753
федорино 1,522879 0,000753
тараканище 1,698970 0,000840
путаница 1,698970 0,000840
крокодил 1,522879 0,000753
листопад 1,698970 0,000840
река 0,920819 0,000455
луг 1,698970 0,000840
зазеленеть 1,698970 0,000840
валерия 0,958607 0,000711
юный 1,000000 0,000495
творчество 0,958607 0,000948
баратынский 1,698970 0,000840
водопад 1,698970 0,000840
конец 0,657577 0,000488
прекрасный 0,920819 0,000683
эпоха 0,853872 0,000422
входить 1,301030 0,000643
храм 1,096910 0,000542
соловьиный 1,698970 0,000840
сад 0,958607 0,000474
батюшко 1,698970 0,000840
гений 1,045757 0,000517
веревочка 1,698970 0,000840
рыжей 1,522879 0,000753
дворняга 1,698970 0,000840
сатана 1,698970 0,000840
привыкать 1,698970 0,000840
смятение 1,698970 0,000840
берендей 1,698970 0,000840
четыре 0,721246 0,000357
цвет 1,301030 0,000643
париж 1,045757 0,000517
забота 1,221849 0,000604
толстой 1,154902 0,000857
илья 0,795880 0,000394
муромец 1,698970 0,000840
шибанов 1,698970 0,000840
волга 1,522879 0,000753
дмитрия 0,602060 0,000298
кедрин 1,698970 0,000840
зодчий 1,698970 0,000840
заблудиться 1,698970 0,000840
трамвай 1,698970 0,000840
беглец 1,698970 0,000840
тим 1,397940 0,000691
собакин 1,698970 0,000840
бегемот 1,522879 0,000753
эризна 1,698970 0,000840
запрещать 1,397940 0,000691
мечтать 1,045757 0,000517
ветер 1,000000 0,000495
веять 1,522879 0,000753
юг 1,221849 0,000604
лебедь 1,301030 0,000643
артюра 1,698970 0,000840
рембо 1,698970 0,000840
пьяный 1,045757 0,000517
приморский 1,522879 0,000753
божий 1,301030 0,000643
долматовский 1,698970 0,000840
лан 1,397940 0,000691
карпинский 1,698970 0,000840
наталья 0,795880 0,000394
дроздов 1,698970 0,000840
спасибо 1,000000 0,000742
мешать 1,221849 0,000604
жук 1,397940 0,000691
чумазый 1,698970 0,000840
поостеречься 1,698970 0,000840
катиться 1,522879 0,000753
бутылка 1,698970 0,000840
автострада 1,698970 0,000840
блюз 1,522879 0,000753
люболить 1,698970 0,000840
степанов 1,698970 0,000840
азбука 1,301030 0,000643
год 0,236572 0,000117
бойков 1,698970 0,000840
нужный 0,552842 0,000273
решенье 1,397940 0,000691
бутко 1,698970 0,000840
зинчук 1,698970 0,000840
игорь 0,769551 0,000381
мазунин 1,698970 0,000840
уродливый 1,522879 0,000753
кот 0,958607 0,000474
шурка 1,698970 0,000840
кривов 1,698970 0,000840
дед 1,221849 0,000604
победа 0,677781 0,000335
сыпь 1,698970 0,000840
гармоника 1,698970 0,000840
спить 1,522879 0,000753
ковыль 1,522879 0,000753
собака 1,096910 0,000542
качалов 1,698970 0,000840
джима 1,301030 0,000643
лапа 1,698970 0,000840
аукать 1,698970 0,000840
дама 1,301030 0,000643
цикл 0,958607 0,000474
вечеря 1,698970 0,000840
задуматься 1,522879 0,000753
предчувствовать 1,698970 0,000840
флейта 1,698970 0,000840
позвоночник 1,698970 0,000840
байрон 1,698970 0,000840
другой 0,356547 0,000265
создать 0,619789 0,000460
камень 1,096910 0,000542
глина 1,698970 0,000840
встречаться 1,154902 0,000571
закат 1,221849 0,000604
пылко 1,698970 0,000840
север 1,154902 0,000571
дикий 1,096910 0,000542
стоять 0,585027 0,000289
одиноко 1,698970 0,000840
минута 1,045757 0,000517
трудный 1,522879 0,000753
хотеть 0,387216 0,000192
безумно 1,522879 0,000753
край 1,000000 0,000495
подвиг 0,958607 0,000474
глянуть 1,698970 0,000840
ка 1,522879 0,000753
окошко 1,698970 0,000840
прощать 1,301030 0,000643
немытый 1,698970 0,000840
никакой 0,920819 0,000455
вина 1,301030 0,000643
сколько 0,769551 0,000381
упасть 0,920819 0,000455
бездна 1,221849 0,000604
двадцать 1,221849 0,000604
первый 0,346787 0,000172
понедельник 1,045757 0,000517
думать 0,886057 0,000438
тоже 0,958607 0,000474
расхитить 1,698970 0,000840
предать 1,522879 0,000753
продать 1,045757 0,000517
бросить 0,886057 0,000438
белла 1,221849 0,000604
ахмадулин 1,522879 0,000753
топ 0,677781 0,000335
дружба 1,000000 0,000495
лето 0,853872 0,000422
смешной 1,154902 0,000571
матерный 1,522879 0,000753
спокойный 1,154902 0,000571
семью 1,154902 0,000571
папа 1,045757 0,000517
армия 0,657577 0,000325
музыка 0,602060 0,000298
малыш 1,045757 0,000517
доброта 1,698970 0,000840
конкурс 0,568636 0,000281
огромный 0,721246 0,000357
баз 1,045757 0,000517
сборник 1,096910 0,000814
известный 0,677781 0,000335
карта 0,657577 0,000325
краткий 1,096910 0,000542
содержание 1,221849 0,000604
публикация 0,769551 0,000381
литературный 0,795880 0,000394
биография 0,886057 0,000438
обзор 0,795880 0,000394
страница 0,619789 0,000307
защитить 0,552842 0,000273
авторский 0,744727 0,000368
пря 0,387216 0,000192
копирование 1,045757 0,000517
авторские 1,045757 0,000517
материал 0,292430 0,000217
ссылка 0,698970 0,000346
источник 1,045757 0,000517
обязательный 0,886057 0,000438
копировать 1,698970 0,000840
аналогичный 1,221849 0,000604
интернет 0,455932 0,000225
библиотека 0,853872 0,000422
запретить 0,619789 0,000307
опубликовать 0,494850 0,000245
являться 0,721246 0,000357
общественный 0,744727 0,000368
достояние 1,698970 0,000840
согласно 1,154902 0,000571
гк 1,698970 0,000840
рф 0,568636 0,000281
статья 0,619789 0,000307
