рекомендательный 1,698970 0,000276
книжный 1,045757 0,000510
сервис 0,537602 0,000262
книгогида 1,698970 0,003866
уведомление 1,096910 0,000535
отметить 0,958607 0,000467
весь 0,107905 0,000701
прочитать 1,154902 0,000938
настройка 0,920819 0,000299
еще 0,327902 0,000959
не 0,136677 0,000866
быть 0,161151 0,000655
таинственный 1,221849 0,001390
сад 0,958607 0,001558
фрэнсис 1,301030 0,000846
элиза 1,522879 0,000990
бернетта 1,522879 0,000990
оценка 0,823909 0,001741
империя 1,045757 0,000850
волков 1,301030 0,001057
жан 1,522879 0,001485
кристоф 1,698970 0,001381
гранже 1,698970 0,001381
академия 1,045757 0,001020
вампир 1,045757 0,000850
книга 0,552842 0,006379
поцелуй 1,522879 0,000990
тьма 1,096910 0,000713
райчесть 1,698970 0,001104
мид 0,853872 0,000555
черный 0,853872 0,000833
лебедь 1,301030 0,001057
нассим 1,698970 0,001381
талеб 1,698970 0,001381
наследие 1,045757 0,000850
хоторн 1,698970 0,001381
дженнифер 1,301030 0,000846
линна 1,301030 0,000846
барнса 1,698970 0,001104
легендо 1,698970 0,001381
стефани 1,698970 0,001104
гарбер 1,698970 0,001104
результат 0,698970 0,000341
регистрация 0,408935 0,000266
вход 0,602060 0,000294
жанр 0,853872 0,002498
художественный 0,886057 0,000864
литература 0,744727 0,003510
приключение 0,795880 0,000776
фантастика 0,853872 0,000833
фэнтезь 0,920819 0,001048
детектив 0,886057 0,001440
ужас 0,920819 0,000449
романа 0,585027 0,001331
классический 0,886057 0,000864
исторический 0,602060 0,000294
проза 0,958607 0,002181
современный 0,537602 0,001311
сценарий 0,886057 0,000288
старинный 1,221849 0,000596
юмор 1,096910 0,000357
поэзия 1,096910 0,000535
эротика 1,221849 0,000397
драматургия 1,522879 0,000495
сказание 1,698970 0,000552
миф 1,000000 0,000325
легенда 0,795880 0,000259
фольклор 1,397940 0,000454
литературный 0,795880 0,000259
критик 0,920819 0,000299
крупный 0,744727 0,000242
форма 0,795880 0,000388
малый 1,000000 0,000488
фанфика 1,301030 0,000423
игра 0,585027 0,000666
комикс 1,154902 0,000563
недописанный 1,698970 0,000552
афоризм 1,522879 0,000495
цитата 1,045757 0,000510
детский 0,619789 0,000604
сказка 0,823909 0,000268
научно 1,154902 0,000563
популярный 0,455932 0,000593
для 0,107905 0,000333
ребенок 0,259637 0,000844
культура 0,468521 0,000305
искусство 0,744727 0,001089
изобразительный 1,397940 0,000682
музыка 0,602060 0,000196
театр 0,657577 0,000214
кино 0,455932 0,000148
балет 1,096910 0,000357
хореография 1,698970 0,000552
архитектура 1,221849 0,000397
скульптура 1,397940 0,000454
мода 0,958607 0,000312
прикладной 1,221849 0,000596
фотография 0,795880 0,000388
искусствоведение 1,522879 0,000495
культурология 1,698970 0,000552
история 0,283997 0,000923
научный 0,795880 0,000517
точный 1,301030 0,000634
наука 0,431798 0,000421
естественный 1,301030 0,000423
гуманитарный 1,045757 0,000340
технический 0,853872 0,000416
социально 1,397940 0,000454
экономический 0,920819 0,000299
философия 1,301030 0,001269
филология 1,698970 0,000552
религия 1,154902 0,000375
военный 0,522879 0,000170
дело 0,481486 0,000391
отечественный 0,744727 0,000726
зарубежный 0,769551 0,000250
краеведение 1,698970 0,000552
археология 1,522879 0,000495
документ 0,744727 0,000242
бизнес 0,468521 0,000381
популярно 1,397940 0,000454
управление 0,920819 0,000299
маркетинг 1,154902 0,000375
pr 1,154902 0,000375
реклама 0,259637 0,000084
подбор 1,397940 0,000454
персонал 1,698970 0,000552
корпоративный 1,397940 0,000454
логистика 1,698970 0,000552
техник 1,096910 0,000357
технология 0,408935 0,000133
промышленность 1,397940 0,000454
металлургия 1,698970 0,000552
электроника 1,698970 0,000552
транспорт 0,958607 0,000312
экономика 0,522879 0,000255
сельский 1,301030 0,000423
хозяйство 1,221849 0,000794
компьютер 1,221849 0,000397
связь 0,309804 0,000151
строительство 1,221849 0,000397
ремонт 1,045757 0,000340
профессия 0,958607 0,000935
справочный 1,301030 0,000423
документальный 1,000000 0,000488
мемуары 1,397940 0,000682
биография 0,886057 0,000576
публицистика 1,301030 0,000423
архив 0,920819 0,000299
письмо 0,795880 0,000517
образование 0,657577 0,000214
саморазвитие 1,397940 0,000454
учебный 1,154902 0,000375
учебник 1,522879 0,000495
иностранный 0,721246 0,000352
язык 0,568636 0,001571
секрет 0,721246 0,001055
мастерство 1,522879 0,000495
этикет 1,522879 0,000495
дом 0,356547 0,001217
семья 0,552842 0,001707
семейный 0,744727 0,000363
отношение 0,481486 0,000704
домашний 0,853872 0,000555
сделать 0,657577 0,000321
сам 0,721246 0,000586
кулинария 1,522879 0,000495
огород 1,522879 0,000495
животное 0,886057 0,000288
увлечение 1,522879 0,000495
автолюбитель 1,698970 0,000552
физический 1,221849 0,000397
боевой 0,958607 0,000312
физкультура 1,698970 0,000552
спорт 0,397940 0,000129
здоровье 0,602060 0,000294
медицина 0,886057 0,000720
красота 0,721246 0,000234
молодость 1,000000 0,000325
психология 0,958607 0,000623
английский 1,000000 0,000325
испанский 1,096910 0,000357
немецкий 0,886057 0,000432
французский 0,795880 0,000388
славянский 1,522879 0,000743
итальянский 1,221849 0,000397
восточный 1,045757 0,000340
другой 0,356547 0,000695
рецензия 0,920819 0,000299
сообщество 1,154902 0,000563
блог 0,795880 0,000259
тест 0,602060 0,000196
подборка 0,721246 0,001875
премия 0,677781 0,000330
конкурс 0,568636 0,000277
shazam 1,698970 0,000552
мировой 0,721246 0,000821
рейтинг 0,657577 0,000321
автор 0,522879 0,001445
персонаж 1,045757 0,000510
получить 0,420216 0,000615
персональный 0,619789 0,000201
рассказать 0,366532 0,000179
какой 0,337242 0,000329
вы 0,301030 0,001027
нравиться 1,045757 0,000340
бестселлер 1,154902 0,000938
читать 0,537602 0,009174
поздний 0,886057 0,007344
как 0,187087 0,001003
обещать 1,096910 0,000357
этот 0,173925 0,001159
полный 0,522879 0,000255
таинственность 1,698970 0,000552
неожиданный 1,154902 0,000751
поворот 1,397940 0,000682
сюжет 0,744727 0,000484
десятилетний 1,698970 0,000552
мери 1,522879 0,000743
леннокс 1,698970 0,000552
никогда 0,958607 0,000467
чувствовать 1,221849 0,000993
себя 0,397940 0,000582
любить 0,537602 0,000524
после 0,356547 0,000464
смерть 0,568636 0,000832
родитель 0,744727 0,000605
она 0,356547 0,001565
отправлять 1,154902 0,000375
жить 0,585027 0,000570
дядя 1,154902 0,000375
глухой 1,522879 0,000495
средневековый 1,397940 0,000454
поместье 1,522879 0,000743
многочисленный 1,301030 0,000423
комната 1,154902 0,000563
огромный 0,721246 0,000469
закрыть 0,698970 0,000227
а 0,221849 0,000793
ночь 0,721246 0,000234
девочка 0,823909 0,000268
слышать 1,397940 0,000682
чей 1,221849 0,000794
тот 0,376751 0,001347
плач 1,698970 0,000552
случайно 1,301030 0,000423
узнавать 1,096910 0,000891
что 0,161151 0,000838
есть 0,508638 0,000248
один 0,356547 0,000985
куда 0,795880 0,000259
десять 1,221849 0,000596
лет 0,337242 0,000384
никто 0,823909 0,000670
заходить 1,221849 0,000397
полностью 0,795880 0,006597
признать 0,958607 0,000467
король 0,920819 0,000299
триллер 0,920819 0,000599
нашуметь 1,698970 0,000552
пурпурный 1,698970 0,000552
река 0,920819 0,000299
издать 1,221849 0,000596
франция 0,795880 0,000259
двухмиллионный 1,698970 0,000552
тираж 1,522879 0,000743
перевести 1,397940 0,001136
включать 1,096910 0,000535
японский 1,096910 0,000713
год 0,236572 0,000884
широкий 1,154902 0,000375
экран 0,958607 0,000312
выйти 0,568636 0,000370
снять 0,769551 0,000250
роман 1,000000 0,000975
одноименный 1,397940 0,000454
фильм 0,431798 0,000421
рено 1,698970 0,000552
арли 1,698970 0,000552
ховер 1,698970 0,000552
главное 0,327902 0,000213
роль 1,522879 0,000743
анна 0,537602 0,000699
геймза 1,698970 0,000552
счастливый 1,045757 0,001360
женщина 0,619789 0,001209
молодой 1,000000 0,000488
очень 0,568636 0,000462
хороший 0,408935 0,000798
странный 1,045757 0,000680
страшный 1,000000 0,000650
вещь 1,045757 0,000340
твориться 1,698970 0,000828
некоторый 1,096910 0,000357
пора 0,886057 0,000432
слишком 1,154902 0,000375
часто 1,221849 0,000596
отключаться 1,698970 0,000552
магический 1,221849 0,001390
защита 0,823909 0,000402
нападать 1,698970 0,000552
безжалостный 1,397940 0,000454
стригой 1,698970 0,000552
извечный 1,698970 0,000552
враг 1,096910 0,000535
вампирский 1,397940 0,000454
род 1,221849 0,000596
почему 0,366532 0,000536
жертва 0,958607 0,000623
они 0,309804 0,000655
набег 1,522879 0,000495
становиться 1,000000 0,000813
исключительно 1,301030 0,000634
представитель 0,920819 0,000449
королевский 1,096910 0,000357
роковой 1,397940 0,000682
случайность 1,522879 0,000495
или 0,292430 0,000523
дьявольский 1,698970 0,000552
план 0,769551 0,000250
рассчитать 1,522879 0,000495
захват 1,522879 0,000495
власть 0,638272 0,000207
тайный 0,823909 0,000536
только 0,283997 0,000323
последний 0,318759 0,000207
десятилетие 1,221849 0,000397
человечество 1,221849 0,000397
пережить 1,000000 0,000488
ряд 0,823909 0,000268
тяжелейший 1,522879 0,000495
катастрофа 1,221849 0,000596
потрясение 1,698970 0,000552
катаклизм 1,698970 0,000552
укладываться 1,522879 0,000495
рамка 1,045757 0,000340
самый 0,251812 0,000614
фантастический 0,958607 0,000312
предсказанье 1,698970 0,000552
пятидесятидвухлетний 1,698970 0,000552
ливанец 1,698970 0,000552
выпускник 1,301030 0,000423
сорбонна 1,698970 0,000552
нью 1,221849 0,000596
йоркский 1,522879 0,000495
финансовый 0,638272 0,000207
гуру 1,698970 0,000552
называть 1,000000 0,000813
такой 0,397940 0,000582
непрогнозируемый 1,698970 0,000552
событие 0,455932 0,000296
он 0,455932 0,001482
убедить 1,221849 0,000397
именно 0,823909 0,000670
давать 0,920819 0,000748
толчок 1,397940 0,000454
целое 1,154902 0,000375
так 0,481486 0,000548
существование 1,221849 0,000993
продолжение 0,853872 0,000555
наследник 1,154902 0,000375
необычный 1,154902 0,000375
квеста 1,522879 0,000495
наполнить 1,698970 0,000552
сюжетный 1,397940 0,000454
головоломка 1,301030 0,000634
интрига 1,397940 0,000454
романтик 1,698970 0,000552
увлекательный 1,698970 0,000828
любовный 1,000000 0,000650
треугольник 1,397940 0,000454
напрячь 1,698970 0,000552
борьба 0,721246 0,000234
наследство 1,522879 0,000495
продолжаться 1,096910 0,000357
недавно 1,154902 0,000375
эйверь 1,698970 0,000552
грэмбс 1,698970 0,000552
сирота 1,522879 0,000495
который 0,236572 0,001115
сводить 1,698970 0,000552
конец 0,657577 0,000321
мечтать 1,045757 0,000510
стипендия 1,698970 0,000552
начать 0,508638 0,000248
новый 0,244125 0,000476
жй 1,397940 0,000454
сердце 0,769551 0,000375
вот 0,677781 0,000551
разбиться 1,522879 0,000743
долг 1,301030 0,000634
нужно 0,698970 0,000454
вернуть 0,823909 0,000536
нельзя 0,795880 0,000647
проиграть 1,301030 0,000634
попасть 0,823909 0,000402
волшебный 1,045757 0,000510
мир 0,387216 0,000629
каравалить 1,698970 0,000552
донателла 1,698970 0,000552
наконец 1,301030 0,000846
смочь 0,537602 0,000262
оставить 0,823909 0,000402
жестокий 1,154902 0,000375
отец 0,721246 0,000352
избавить 1,698970 0,000552
свой 0,301030 0,000636
сестра 0,795880 0,000647
скарлетта 1,522879 0,000495
нежеланный 1,698970 0,000552
жених 1,301030 0,000423
казаться 0,958607 0,000312
бы 0,585027 0,000190
встать 1,397940 0,000682
место 0,481486 0,000391
телл 1,698970 0,000552
прежний 1,221849 0,000596
ловушка 1,522879 0,000495
девушка 0,744727 0,000363
связать 1,045757 0,000340
соглашение 0,443697 0,000216
незнакомец 1,522879 0,000495
требовать 0,886057 0,000288
добыть 1,522879 0,000495
оно 0,397940 0,000711
н 0,769551 0,000375
массить 1,698970 0,001104
пильючча 1,698970 0,000828
стоик 1,698970 0,001933
античный 1,522879 0,001238
жизнь 0,318759 0,001761
миро 0,337242 0,000438
сложный 0,886057 0,000576
чем 0,387216 0,000503
древний 0,886057 0,000432
греция 1,000000 0,000488
надо 0,795880 0,000517
иметь 0,853872 0,000694
душевный 1,397940 0,000682
покой 1,397940 0,000682
чтобы 0,408935 0,000465
принимать 0,886057 0,000720
невозможно 1,154902 0,000375
изменить 0,744727 0,000484
мужество 1,397940 0,000454
возможный 0,769551 0,000250
мудрость 1,698970 0,000552
всегда 0,657577 0,000321
отличать 1,397940 0,000454
известный 0,677781 0,000661
американский 0,585027 0,000285
философ 1,397940 0,000682
биолог 1,522879 0,000495
ючча 1,698970 0,000552
предлагать 0,958607 0,000467
читатель 0,823909 0,000536
путешествие 0,677781 0,000220
глубина 1,301030 0,000846
философи 1,698970 0,000552
дэвид 1,397940 0,000909
фостер 1,397940 0,000682
уоллес 1,698970 0,000828
метла 1,698970 0,001104
система 0,721246 0,000469
когда 0,397940 0,000453
иза 0,167491 0,000599
призрение 1,698970 0,000828
шейкер 1,698970 0,000828
хайтс 1,698970 0,000828
пря 0,387216 0,000378
загадочный 1,154902 0,000938
обстоятельство 1,301030 0,000846
исчезать 1,698970 0,000828
двадцать 1,221849 0,000596
шесть 0,920819 0,000599
пожилой 1,698970 0,000828
пациент 1,154902 0,000751
линора 1,522879 0,000495
бидсман 1,698970 0,000552
знать 0,494850 0,000724
первый 0,346787 0,000451
целый 1,000000 0,000488
череда 1,698970 0,000552
невероятный 1,096910 0,000357
происшествие 0,769551 0,000250
вскоре 1,221849 0,000397
потрясти 1,397940 0,000454
пропасть 1,154902 0,000375
прабабушка 1,698970 0,000552
некогда 1,397940 0,000454
людвиг 1,397940 0,000454
витгенштейн 1,698970 0,000552
пытаться 0,744727 0,000363
донести 1,698970 0,000552
правнучка 1,698970 0,000552
непростой 1,397940 0,000454
истина 1,096910 0,000357
бена 1,301030 0,000634
элтон 1,698970 0,000828
время 0,327902 0,000533
снова 0,744727 0,000726
июнь 0,823909 0,000402
хью 1,301030 0,000634
стэнтон 1,698970 0,001104
отставной 1,698970 0,000828
спецназовец 1,397940 0,000682
знаменитый 0,886057 0,001152
авантюрист 1,522879 0,000743
одинокий 1,045757 0,000510
человек 0,259637 0,001182
света 0,886057 0,000576
кто 0,346787 0,000395
родиться 1,096910 0,001070
возможно 0,853872 0,000278
теперь 0,602060 0,000391
вообще 1,221849 0,000397
грясти 1,154902 0,000375
больший 0,853872 0,000278
война 0,522879 0,000425
коллективный 1,397940 0,000454
самоубийственный 1,698970 0,000552
безумие 1,154902 0,000375
разрушить 1,301030 0,000423
европейский 0,744727 0,000242
цивилизация 1,221849 0,000397
ввергнуть 1,698970 0,000552
страдание 1,522879 0,000495
миллион 0,537602 0,000524
двадцатый 1,522879 0,000495
век 0,619789 0,000403
стать 0,301030 0,000391
большой 0,657577 0,000214
люсинд 1,522879 0,001238
райль 1,397940 0,001136
лавандовый 1,698970 0,001104
семь 0,886057 0,000432
преемственность 1,698970 0,000828
поколенье 1,397940 0,000682
любовь 0,468521 0,000609
предательство 1,221849 0,000596
тайна 0,920819 0,000449
должен 0,677781 0,000330
раскрыть 0,886057 0,000432
многий 1,096910 0,000535
эмили 1,301030 0,000423
наследовать 1,698970 0,000552
линия 1,221849 0,000397
родовой 1,698970 0,000552
замок 1,154902 0,000375
прекрасный 0,920819 0,000599
виноградник 1,522879 0,000495
вместе 0,744727 0,000242
уйма 1,698970 0,000552
долгов 1,522879 0,000495
вопрос 0,420216 0,000410
ответ 0,677781 0,000220
прошлое 1,045757 0,000340
вести 0,657577 0,000214
простой 0,795880 0,000776
жизна 1,698970 0,000552
новинка 0,677781 0,000330
розный 1,698970 0,000828
эл 0,494850 0,000241
си 1,397940 0,000682
лагерь 1,154902 0,000751
шестнадцатилетний 1,698970 0,000552
рэнди 1,698970 0,000828
капплехоффа 1,698970 0,000552
каждый 0,552842 0,000539
лето 0,853872 0,000278
проводить 0,886057 0,000288
открыть 0,552842 0,000629
страна 0,387216 0,000252
здесь 0,698970 0,000682
встретить 1,154902 0,000375
свое 0,455932 0,000593
друг 0,494850 0,000724
впервые 0,744727 0,000484
принять 0,638272 0,000207
участие 0,677781 0,000330
мюзикл 1,301030 0,000423
влюбиться 1,221849 0,000596
даже 0,602060 0,000294
подозревать 1,000000 0,000325
его 0,346787 0,000958
привлечь 1,154902 0,000375
внимание 0,769551 0,000375
сменить 1,221849 0,000397
имидж 1,522879 0,000495
крутой 1,096910 0,000357
парень 1,096910 0,000357
ради 1,045757 0,000680
образ 0,853872 0,000416
пожертвовать 1,397940 0,000454
хобби 1,221849 0,000397
избавиться 1,301030 0,000634
простыня 1,698970 0,000552
единорог 1,698970 0,000552
вадима 1,045757 0,000510
панов 1,698970 0,000828
трио 1,698970 0,000828
неизвестность 1,397940 0,000682
хитрость 1,221849 0,000397
против 0,387216 0,000189
подлость 1,698970 0,000552
доблесть 1,397940 0,000454
ярость 1,698970 0,000552
противник 1,096910 0,000357
сослаться 1,301030 0,000423
прямой 0,619789 0,000302
бой 0,853872 0,000278
исход 1,698970 0,000552
непредсказуемый 1,522879 0,000495
мартин 1,522879 0,000495
позади 1,522879 0,000495
гибель 1,221849 0,000794
тринадцатый 1,698970 0,000552
астрологический 1,698970 0,000552
экспедиция 1,522879 0,000495
раскрытый 1,397940 0,000454
впереди 1,522879 0,000495
близняшка 1,698970 0,000552
неизвестный 1,000000 0,000325
урия 1,698970 0,000552
тщательно 1,522879 0,000495
охранять 1,698970 0,000552
консул 1,522879 0,000495
несомненно 1,522879 0,000743
гений 1,045757 0,000510
злодей 1,397940 0,000454
помпилио 1,698970 0,000552
чезар 1,698970 0,000552
фах 1,698970 0,000552
дер 1,698970 0,000552
даген 1,698970 0,000552
тур 1,301030 0,000423
оказаться 0,638272 0,000415
территория 0,795880 0,000259
е 0,823909 0,000268
джейкобс 1,698970 0,001104
харриета 1,698970 0,001104
я 0,346787 0,000338
рабыня 1,698970 0,001933
подлинный 1,301030 0,000634
осмелиться 1,698970 0,000828
реальный 0,853872 0,000416
немногий 1,522879 0,000495
сохраниться 1,301030 0,000423
произведенье 0,853872 0,000416
рабство 1,301030 0,000634
написать 0,619789 0,000604
опубликовать 0,494850 0,000161
под 0,376751 0,000245
псевдоним 1,397940 0,000454
линда 1,397940 0,000454
брент 1,698970 0,000552
автобиография 1,698970 0,000552
смириться 1,698970 0,000552
участь 1,698970 0,000552
бежать 1,154902 0,000375
сага 1,221849 0,000397
чернокожий 1,698970 0,000552
раб 1,522879 0,000495
сентиментальный 1,522879 0,000495
женский 0,958607 0,000312
обложка 1,154902 0,000375
целеустремленность 1,698970 0,000552
храброста 1,698970 0,000552
амор 1,698970 0,001104
сорелла 1,698970 0,001104
продвинуть 1,522879 0,000743
селфить 1,698970 0,001104
идеальный 0,769551 0,000625
кадр 0,823909 0,000402
победительница 1,522879 0,000495
работа 0,431798 0,000842
планета 1,397940 0,000454
организовать 1,221849 0,000596
компания 0,443697 0,000144
thirdhome 1,698970 0,000552
обойти 1,698970 0,000552
тысяча 0,568636 0,000185
участник 0,823909 0,000268
много 0,301030 0,000440
уникальный 0,744727 0,000363
возможность 0,537602 0,000262
путешествовать 1,522879 0,000495
свет 1,096910 0,000357
месяц 0,537602 0,000349
останавливаться 1,397940 0,000454
роскошный 1,221849 0,000596
вилл 1,522879 0,000495
вип 1,698970 0,000552
отель 1,096910 0,000713
артистичный 1,698970 0,000552
искренний 1,522879 0,000495
снимать 0,958607 0,000312
отчет 0,958607 0,000312
принести 1,096910 0,000535
всеобщий 1,397940 0,000454
признание 1,522879 0,000743
канна 1,522879 0,000743
каталина 1,698970 0,000828
горничная 1,522879 0,001238
фейри 1,698970 0,001657
рай 1,301030 0,000423
думать 0,886057 0,001152
горничный 1,698970 0,000552
курортный 1,522879 0,000495
помочь 0,537602 0,000437
излишний 1,301030 0,000423
опека 1,522879 0,000495
снежный 1,221849 0,000397
бурить 1,698970 0,000552
пустой 1,397940 0,000454
понимать 0,886057 0,000288
собственный 0,795880 0,000517
чувство 1,154902 0,000563
намного 1,522879 0,000495
опасный 0,744727 0,000363
алма 1,522879 0,000743
катса 1,698970 0,000828
говорить 0,537602 0,000524
лайнер 1,698970 0,000552
любой 0,420216 0,000205
существующий 1,698970 0,000552
корабль 0,886057 0,000432
непотопляемый 1,698970 0,000552
титаник 1,698970 0,000828
затонуть 1,698970 0,000552
же 0,721246 0,000821
плавание 1,698970 0,000552
прежде 1,045757 0,000680
столкнуться 1,000000 0,000488
айсберг 1,698970 0,000828
борт 1,397940 0,000454
нечто 1,397940 0,000454
зловещий 1,522879 0,000495
потусторонний 1,698970 0,000552
энни 1,698970 0,000552
хеббли 1,698970 0,000552
оправиться 1,698970 0,000552
произойти 0,886057 0,000432
хотеть 0,387216 0,000252
забыть 0,657577 0,000214
творить 1,397940 0,000454
катерина 1,221849 0,000596
ша 1,096910 0,000535
сбежать 1,522879 0,000495
пожаловать 1,096910 0,000357
мой 0,619789 0,000201
сей 1,096910 0,000357
страх 1,096910 0,000357
вздрагивать 1,698970 0,000552
найти 0,356547 0,000406
предать 1,522879 0,000495
жена 0,677781 0,000330
считать 0,744727 0,000363
намеренно 1,698970 0,000552
ударить 1,000000 0,000325
спина 1,522879 0,000495
содействовать 1,698970 0,000552
конкурент 1,301030 0,000423
ныне 1,698970 0,000828
два 0,346787 0,000282
преданый 1,698970 0,000552
преданный 1,522879 0,000495
встретиться 1,154902 0,000375
судьба 0,657577 0,000427
лишь 1,045757 0,000340
рука 0,677781 0,000220
карен 1,522879 0,000743
линч 1,698970 0,000828
пешка 1,698970 0,000828
назад 0,638272 0,000311
эльф 1,301030 0,000423
тролль 1,301030 0,000423
спрайт 1,698970 0,000552
множество 1,301030 0,000423
существо 1,301030 0,000423
бок 1,522879 0,000743
отказываться 1,154902 0,000375
подчиняться 1,698970 0,000552
земной 1,301030 0,000423
закон 0,657577 0,000214
поэтому 0,853872 0,000416
создать 0,619789 0,000302
специальный 0,744727 0,000242
отряд 1,154902 0,000375
охотников 1,522879 0,000495
джесси 1,698970 0,000552
обычный 1,000000 0,000813
жительница 1,397940 0,000454
йорк 1,221849 0,000397
хотя 1,221849 0,000397
город 0,397940 0,000129
уже 0,568636 0,000462
давно 0,769551 0,000375
несмотря 1,000000 0,000325
родной 0,920819 0,000299
хорошо 0,823909 0,000402
охотеть 1,698970 0,000552
стивен 1,045757 0,000510
кинг 1,154902 0,000563
билль 1,301030 0,001057
саммерс 1,522879 0,000990
профессиональный 0,958607 0,000467
киллер 1,522879 0,000495
жесткий 1,301030 0,000423
моральный 1,301030 0,000423
кодекс 1,397940 0,000454
заказ 1,000000 0,000488
действительно 1,154902 0,000375
плохой 0,853872 0,000278
парной 1,522879 0,000495
бывший 1,045757 0,000340
морпеха 1,698970 0,000552
занятие 1,096910 0,000535
душа 1,522879 0,000495
однажды 0,920819 0,000299
решать 1,045757 0,000340
отойти 1,698970 0,000552
перед 0,769551 0,000250
предстоять 1,221849 0,000397
выполнить 1,221849 0,000397
обеспечить 1,301030 0,000423
безбедный 1,698970 0,000552
чутье 1,698970 0,000552
опыт 1,045757 0,000340
подсказывать 1,397940 0,000454
джон 0,920819 0,000449
маррс 1,522879 0,000743
code 1,154902 0,000563
носитель 1,698970 0,001104
one 0,958607 0,000312
единственный 1,045757 0,000340
сохранить 0,886057 0,000288
скрывать 1,000000 0,000488
джордж 1,154902 0,000375
оруэлла 1,301030 0,000423
xxi 1,154902 0,000375
веко 1,522879 0,000743
информация 0,327902 0,000107
бог 0,958607 0,000312
защитить 0,552842 0,000180
хранилище 1,397940 0,000454
можно 0,420216 0,000546
взломать 1,698970 0,000552
несколько 0,744727 0,000363
выбрать 0,568636 0,000277
правительство 0,853872 0,000278
программа 0,420216 0,000137
данный 0,455932 0,000296
биоинженерный 1,698970 0,000552
операция 0,657577 0,000321
ходячий 1,522879 0,000495
тайник 1,698970 0,000552
выбор 0,619789 0,000201
редакция 0,366532 0,000119
дух 0,920819 0,000599
рождество 1,522879 0,001238
рецепт 0,958607 0,000312
праздничный 1,154902 0,000375
настроение 1,000000 0,000650
мы 0,229148 0,000335
надеяться 1,221849 0,000397
дать 0,721246 0,000234
ощущение 1,397940 0,000454
приближаться 1,698970 0,000552
букмейта 1,698970 0,000552
дарита 1,301030 0,000423
подписка 0,677781 0,000330
доступ 0,920819 0,000449
библиотека 0,853872 0,000555
где 0,455932 0,000370
собрать 0,958607 0,000312
электронный 0,619789 0,000201
аудиокнига 1,221849 0,000397
разный 0,677781 0,000551
подкаста 0,657577 0,000214
ввести 0,721246 0,000469
промокод 1,096910 0,000357
knigogid 1,698970 0,001104
ссылка 0,698970 0,000227
bookmate 1,698970 0,000552
премиум 1,221849 0,000397
бесплатно 0,958607 0,000312
новогодний 1,000000 0,000325
праздник 0,677781 0,000551
повод 1,000000 0,000325
окунуться 1,522879 0,000495
сказочный 1,397940 0,000454
мотив 1,096910 0,000357
мифология 1,698970 0,000552
магия 1,045757 0,000340
захватывать 1,154902 0,000751
наш 0,309804 0,000504
найтись 1,301030 0,000423
чтиво 1,698970 0,000552
искушенный 1,698970 0,000552
книголюб 1,698970 0,000552
наступать 1,397940 0,000454
день 0,236572 0,000346
спасатель 1,698970 0,001657
декабрь 0,795880 0,000259
основание 1,301030 0,000423
постановление 1,698970 0,000552
совет 0,568636 0,000185
министр 1,154902 0,000375
рсфср 1,698970 0,000552
образовать 1,698970 0,000552
российский 0,229148 0,000074
корпус 1,096910 0,000357
отмечаться 1,698970 0,000552
сотрудник 0,958607 0,000312
мчс 1,301030 0,000423
причастный 1,522879 0,000495
сохранение 1,154902 0,000375
чрезвычайный 1,522879 0,000495
ситуация 0,657577 0,000321
некоторые 1,045757 0,000340
трудность 1,000000 0,000325
волонтер 1,096910 0,000357
просто 0,602060 0,000294
самоотверженный 1,698970 0,000552
рисковать 1,522879 0,000495
осенить 1,522879 0,000990
осень 1,301030 0,000423
закончиться 0,744727 0,000484
температура 1,698970 0,000552
окно 1,000000 0,000325
упасть 0,920819 0,000299
ниже 0,886057 0,000288
нуль 1,397940 0,000454
лечь 1,397940 0,000682
снег 1,045757 0,000340
подвести 1,397940 0,000454
итог 0,769551 0,000250
красный 0,920819 0,000299
желтый 1,397940 0,000454
срочно 1,397940 0,000454
исправляться 1,698970 0,000552
представлять 1,045757 0,000340
мнение 0,602060 0,000196
настоящий 0,795880 0,000517
дружба 1,000000 0,000650
дружить 1,397940 0,000454
умение 1,221849 0,000596
сокровище 1,096910 0,000357
беречь 1,698970 0,000552
решить 0,677781 0,000330
подобрать 1,522879 0,000495
показывать 1,000000 0,000325
сторона 0,886057 0,000576
русский 0,318759 0,000414
писатель 0,721246 0,000586
рубеж 0,958607 0,000623
довольно 1,221849 0,000397
благодаря 0,823909 0,000402
классик 0,886057 0,000288
пушкин 0,795880 0,000259
достоевский 1,096910 0,000357
толстый 1,397940 0,000682
булгаков 1,221849 0,000993
остаться 0,721246 0,000352
тут 0,853872 0,000278
изгнание 1,221849 0,000596
яркий 0,853872 0,000278
фигура 1,397940 0,000454
набоков 1,397940 0,001136
бальмонт 1,522879 0,000495
замятин 1,522879 0,000495
солженицын 1,698970 0,000552
далее 1,096910 0,000357
данна 1,522879 0,000495
рассматривать 1,522879 0,000495
современник 1,221849 0,000397
граница 0,769551 0,000500
активно 1,522879 0,000743
издаваться 1,522879 0,000495
европа 0,585027 0,000190
азия 1,301030 0,000423
америка 1,096910 0,000535
пример 1,000000 0,000325
судить 1,522879 0,000495
нынче 1,698970 0,000552
шопоголикий 1,698970 0,001104
накануне 1,221849 0,000397
пятница 0,886057 0,000288
скидка 1,045757 0,000340
распродажа 1,522879 0,000495
стоять 0,585027 0,000190
напомнить 1,000000 0,000488
отказ 0,886057 0,000288
покупка 0,853872 0,000694
призвать 1,045757 0,000340
осознать 1,301030 0,000423
потребление 1,301030 0,000423
честь 1,045757 0,000340
дата 0,769551 0,000250
почитать 1,096910 0,000357
серия 0,744727 0,000363
журналистка 1,522879 0,000495
бекка 1,698970 0,000552
блумвуд 1,698970 0,000552
обожать 1,301030 0,000634
ходить 1,221849 0,000596
магазин 0,619789 0,000302
делать 0,744727 0,000242
потому 0,920819 0,000299
состояние 0,958607 0,000312
разумно 1,698970 0,000552
распоряжаться 1,522879 0,000495
финансы 1,045757 0,000340
развиваться 1,221849 0,000596
вокруг 1,045757 0,000340
одержимость 1,698970 0,000552
героиня 1,045757 0,000340
зачастую 1,698970 0,000552
нелепый 1,522879 0,000495
поступок 1,096910 0,000357
порыть 1,397940 0,000682
серьезно 1,154902 0,000375
осложнять 1,698970 0,000552
андрей 0,508638 0,000579
курпат 1,698970 0,000828
универсальный 1,522879 0,000743
править 0,638272 0,000519
подробно 1,301030 0,000423
рассказывать 0,698970 0,000227
тома 0,522879 0,000255
формироваться 1,397940 0,000454
мозг 1,096910 0,000357
эмоциональный 1,522879 0,000495
сфера 0,537602 0,000175
социальный 0,522879 0,000170
осмыслить 1,522879 0,000495
решение 0,619789 0,000201
четкий 1,698970 0,000552
рекомендация 1,045757 0,000510
справляться 1,522879 0,000495
конкретный 1,221849 0,000397
проблема 0,698970 0,000341
сбалансировать 1,698970 0,000552
воспитательный 1,698970 0,000552
задача 1,000000 0,000325
долгожданный 1,522879 0,000495
счастье 0,769551 0,000250
родительство 1,698970 0,000552
общий 0,823909 0,000402
добиться 1,154902 0,000375
т 1,045757 0,000340
кэрол 1,698970 0,001104
дуэк 1,698970 0,001104
гибкий 1,522879 0,000743
сознание 1,221849 0,000596
взгляд 0,853872 0,000555
развитие 0,568636 0,000277
взрослый 0,920819 0,000449
основа 0,886057 0,000576
лежать 1,522879 0,000495
революционный 1,698970 0,000552
концепция 1,522879 0,000495
психолог 1,000000 0,000650
исследование 0,958607 0,000467
нея 1,045757 0,000510
интеллект 1,154902 0,000375
талант 0,920819 0,000449
гарантировать 1,397940 0,000454
успех 0,958607 0,000623
напротив 1,698970 0,000552
мочь 0,236572 0,000192
путь 0,721246 0,000352
поощрение 1,698970 0,000552
ум 1,000000 0,000488
ставить 1,000000 0,000488
достижение 1,301030 0,000634
угроза 0,958607 0,000312
улучшить 1,301030 0,000423
успеваемость 1,698970 0,000552
продуктивность 1,698970 0,000552
менеджер 1,301030 0,000423
кардаков 1,698970 0,001104
мария 0,657577 0,000427
сначала 1,000000 0,000650
суп 1,522879 0,000743
пот 0,886057 0,000432
десерт 1,301030 0,000634
нутрициолог 1,698970 0,000552
мама 0,795880 0,000259
двое 1,096910 0,000357
полезный 0,769551 0,000375
актуальный 0,823909 0,000268
правильный 1,000000 0,000325
рацион 1,698970 0,000552
рождение 0,602060 0,000294
подростковый 1,397940 0,000454
период 0,920819 0,000299
фактор 1,522879 0,000495
влиять 1,522879 0,000495
пищевой 1,522879 0,000743
предпочтение 1,522879 0,000495
ваш 0,431798 0,000421
научиться 1,301030 0,000423
определять 1,301030 0,000423
получать 0,677781 0,000330
ли 0,387216 0,000441
достаточно 1,522879 0,000495
витамин 1,397940 0,000454
вещество 1,301030 0,000423
переедать 1,698970 0,000552
вредность 1,698970 0,000552
понять 0,769551 0,000250
сформировать 1,698970 0,000552
лор 1,397940 0,000682
шмидт 1,698970 0,001104
планировать 0,769551 0,000500
меню 0,886057 0,000576
перестать 1,301030 0,000634
кухня 1,154902 0,000563
постоянный 1,045757 0,000340
стресс 1,221849 0,000596
оттого 1,698970 0,000552
накормить 1,698970 0,000552
близкие 1,397940 0,000682
утомление 1,698970 0,000552
ежедневный 1,154902 0,000563
поход 1,522879 0,000495
заканчиваться 1,154902 0,000375
мусор 1,221849 0,000397
мука 1,522879 0,000495
совестить 1,522879 0,000495
непонимание 1,522879 0,000495
полноценный 1,221849 0,000397
разнообразно 1,698970 0,000552
питаться 1,522879 0,000495
задаваться 1,522879 0,000495
похожий 1,154902 0,000375
тогда 1,045757 0,000340
третий 0,886057 0,000288
лора 1,698970 0,000552
организатор 1,301030 0,000423
применить 1,397940 0,000454
эстера 1,522879 0,000990
перель 1,698970 0,001104
право 0,292430 0,000190
левый 1,397940 0,000682
изменять 1,522879 0,000990
избежать 1,221849 0,000596
измена 1,301030 0,000634
заставлять 1,221849 0,000397
заводить 1,397940 0,000454
второй 0,602060 0,000196
банковский 1,221849 0,000397
счет 0,853872 0,000278
разрабатывать 1,397940 0,000454
схема 1,045757 0,000340
ведение 1,397940 0,000454
двойной 1,096910 0,000357
практиковать 1,522879 0,000495
психотерапевт 1,301030 0,000423
течение 1,096910 0,000357
работать 0,431798 0,000211
сотня 0,958607 0,000312
пар 1,301030 0,000423
неверность 1,698970 0,000552
всесторонний 1,698970 0,000552
желание 1,045757 0,000340
возникать 1,301030 0,000423
переплетать 1,698970 0,000552
острый 1,045757 0,000340
марин 0,958607 0,000623
мелия 1,698970 0,001104
отстать 1,698970 0,000828
мудрый 1,522879 0,000743
вырастить 1,397940 0,000454
успешный 1,045757 0,000340
самостоятельный 1,397940 0,000454
контролировать 1,522879 0,000495
поведение 1,154902 0,000563
постоянно 1,522879 0,000495
одергивать 1,698970 0,000552
корректировать 1,522879 0,000495
усилие 1,522879 0,000495
повлиять 1,000000 0,000325
прямо 0,958607 0,000312
воздействовать 1,698970 0,000552
почтить 0,823909 0,000536
бесполезный 1,698970 0,000552
сорокалетний 1,522879 0,000743
стаж 1,522879 0,000495
эффективный 1,301030 0,000423
фокус 1,397940 0,000454
стив 1,522879 0,001238
харвать 1,698970 0,001104
поступать 1,221849 0,000596
мужчина 0,677781 0,000991
жениться 1,301030 0,000634
сильный 0,823909 0,000402
пол 1,045757 0,000510
повторять 1,522879 0,000495
ошибка 0,677781 0,001432
периодически 1,397940 0,000454
советоваться 1,698970 0,000552
подруга 1,096910 0,000357
аналогичный 1,221849 0,000397
расшифровать 1,397940 0,000682
подсказать 1,221849 0,000397
правильно 1,154902 0,000375
действовать 1,221849 0,000397
различный 1,301030 0,000423
довериться 1,698970 0,000552
радиоведущий 1,698970 0,000552
суперпопулярный 1,698970 0,000552
сша 0,508638 0,000165
утренний 1,522879 0,000495
шоу 0,508638 0,000165
хара 1,301030 0,000423
мари 1,221849 0,001390
кондо 1,698970 0,001933
искра 1,522879 0,000743
радость 1,000000 0,000488
окружение 1,397940 0,000682
любимый 0,744727 0,000363
вещий 1,154902 0,000563
уборка 1,397940 0,001136
представить 0,744727 0,000242
ждать 0,619789 0,000201
летний 0,721246 0,000469
японка 1,698970 0,000552
страсть 1,221849 0,000596
пропагандировать 1,522879 0,000495
избавление 1,698970 0,000552
хлам 1,698970 0,000828
вдохновить 1,698970 0,000552
соотечественница 1,698970 0,000552
затем 1,154902 0,000375
видео 0,327902 0,000107
выложить 1,522879 0,000495
интернет 0,455932 0,000148
скоро 0,769551 0,000250
занять 0,920819 0,000449
наведение 1,698970 0,001104
порядок 0,795880 0,000388
заниматься 0,886057 0,000288
старший 0,721246 0,000234
класс 0,853872 0,000278
подружка 1,301030 0,000423
искать 0,698970 0,000227
способ 0,721246 0,000234
складывать 1,698970 0,000552
хранить 1,397940 0,000682
носок 1,397940 0,000454
получиться 1,045757 0,000340
неплохой 1,698970 0,000552
домохозяйка 1,522879 0,000495
заработать 1,045757 0,000340
помогать 0,823909 0,000268
избавляться 1,522879 0,000495
востребовать 1,221849 0,000397
консультант 1,698970 0,000552
порядк 1,698970 0,000552
пашков 1,698970 0,000828
токсичный 1,522879 0,000990
построить 0,958607 0,000467
здоровый 1,154902 0,000563
вляпаться 1,698970 0,000828
красиво 1,397940 0,000454
медик 1,221849 0,000397
внутри 1,045757 0,000340
подавлять 1,522879 0,000495
личность 1,154902 0,000375
партнер 0,619789 0,000201
склонный 1,698970 0,000552
насилие 1,221849 0,000397
происходить 0,769551 0,000250
настоящее 1,096910 0,000357
трагедия 1,045757 0,000510
почва 1,522879 0,000495
серьезный 1,000000 0,000325
заболевание 1,397940 0,000682
сойти 1,522879 0,000495
вина 1,301030 0,000423
малыш 1,045757 0,000340
вырваться 1,698970 0,000552
отношень 1,698970 0,000552
использовать 0,568636 0,000370
поиск 0,387216 0,000189
издательство 0,958607 0,000467
оценивать 1,301030 0,000423
исследовать 1,698970 0,000552
курс 0,602060 0,000196
создавать 1,000000 0,000975
подписываться 1,301030 0,000634
интересный 0,619789 0,000302
пользователь 0,657577 0,000321
врач 0,853872 0,000971
ричард 1,154902 0,000563
шеперд 1,698970 0,001104
неестественный 1,698970 0,000828
причина 0,853872 0,000833
записка 1,221849 0,000596
судмедэксперт 1,522879 0,000990
громкий 1,397940 0,000909
убийство 0,853872 0,000555
ужасающий 1,397940 0,000682
теракт 1,397940 0,000909
запутанный 1,698970 0,000828
деть 0,920819 0,000748
тело 0,698970 0,000341
след 1,000000 0,000325
случиться 1,301030 0,000423
правда 0,657577 0,000321
нечего 1,221849 0,000397
обязательно 1,221849 0,000397
выяснить 1,301030 0,000423
подсказка 1,522879 0,000495
доктор 0,721246 0,000821
многолетний 1,397940 0,000454
практика 1,096910 0,000357
количество 1,045757 0,000510
подобный 1,045757 0,000510
накопиться 1,698970 0,000552
вовлечь 1,698970 0,000828
летие 1,045757 0,000340
принцесса 1,397940 0,000454
диана 1,096910 0,000357
ссср 0,795880 0,000388
борис 0,698970 0,000454
пастернак 1,397940 0,001136
живаго 1,522879 0,001238
вершина 1,397940 0,000454
прозаический 1,522879 0,000495
творчество 0,958607 0,000467
великий 0,619789 0,000302
поэт 0,886057 0,000288
формулировка 1,698970 0,000552
нобелевский 1,221849 0,000397
комитет 1,301030 0,000423
удостоить 1,522879 0,000495
упомянуть 1,698970 0,000552
оба 1,000000 0,000325
творческий 1,000000 0,000325
ипостась 1,698970 0,000552
значительный 1,154902 0,000375
лирический 1,522879 0,000495
традиция 1,154902 0,000375
эпический 1,397940 0,000454
вениамина 1,698970 0,000828
каверин 1,698970 0,001104
вместить 1,698970 0,000552
человеческий 1,000000 0,000650
пространство 1,096910 0,000357
мечта 1,096910 0,000357
волнение 1,522879 0,000495
понятный 1,397940 0,000454
вероятно 1,698970 0,000552
объясняться 1,522879 0,000495
романов 1,045757 0,000340
вениамин 1,698970 0,000552
котор 1,045757 0,000340
ученый 0,853872 0,000278
татьяна 0,853872 0,000278
власенков 1,698970 0,000552
составить 0,958607 0,000312
знакомый 1,096910 0,000357
картина 0,721246 0,000469
окрасить 1,698970 0,000552
мрачный 1,397940 0,000454
тон 1,397940 0,000454
тягота 1,522879 0,000495
тадеуша 1,698970 0,000828
доленга 1,698970 0,000828
моста 1,698970 0,000828
знахарь 1,522879 0,000743
начало 0,638272 0,000207
хха 1,397940 0,000454
польша 0,920819 0,000299
гениальный 1,698970 0,000828
хирург 1,301030 0,001903
рафал 1,698970 0,000552
вильчура 1,698970 0,000828
дочка 1,221849 0,000397
известность 1,698970 0,000828
сломать 1,397940 0,000454
блестящий 1,096910 0,000357
улица 0,823909 0,000402
потерять 0,823909 0,000536
память 0,823909 0,000268
помнить 0,920819 0,000449
лечить 1,397940 0,000682
поставить 0,823909 0,000402
нога 1,000000 0,000325
безнадежный 1,698970 0,000552
калека 1,698970 0,000552
пошлый 1,221849 0,000397
слава 1,096910 0,000357
велик 1,522879 0,000495
зн 1,698970 0,000552
санджай 1,698970 0,000828
гупт 1,698970 0,000828
тяжелый 0,744727 0,000363
понедельник 1,045757 0,000510
скорый 0,920819 0,000449
помощь 0,481486 0,000391
настать 1,397940 0,000454
эпоха 0,853872 0,000416
новое 0,214670 0,000070
пять 1,000000 0,000488
больница 1,045757 0,000680
ас 1,522879 0,000495
схватка 1,522879 0,000743
класть 1,698970 0,000552
скальпель 1,698970 0,000828
стягивать 1,698970 0,000552
перчатка 1,397940 0,000454
слабость 1,522879 0,000743
зависть 1,397940 0,000454
недруг 1,698970 0,000552
перевод 1,000000 0,000325
александра 0,443697 0,000144
анваера 1,698970 0,000552
абрахам 1,522879 0,000743
вергеза 1,698970 0,000828
рассечение 1,698970 0,001104
стоун 1,522879 0,000990
длина 1,397940 0,000454
искупление 1,522879 0,000495
сила 0,698970 0,000227
долгий 1,154902 0,000375
возвращение 0,853872 0,000278
корень 1,397940 0,000454
миссионерский 1,698970 0,000552
адиса 1,698970 0,000552
абеба 1,698970 0,000552
трагический 1,301030 0,000423
истинно 1,698970 0,000552
шекспировский 1,698970 0,000552
рождаться 1,522879 0,000495
мальчик 0,698970 0,000341
близнец 1,397940 0,000454
срастись 1,698970 0,000552
затылок 1,698970 0,000552
мэрион 1,698970 0,000552
шивый 1,698970 0,000552
родить 1,301030 0,000423
индийский 1,698970 0,000552
монахиня 1,397940 0,000454
англичанин 1,397940 0,000454
осир 1,698970 0,000552
людмила 0,920819 0,000449
улицкий 1,698970 0,000828
казус 1,698970 0,001104
кукоцкий 1,698970 0,001104
герой 0,552842 0,000180
называться 1,397940 0,000454
милость 1,698970 0,000552
божий 1,301030 0,000423
открывать 1,045757 0,000340
романный 1,698970 0,000552
ведь 1,045757 0,000510
смотреть 0,443697 0,000144
бездна 1,221849 0,000397
нездоровье 1,698970 0,000552
свобода 0,853872 0,000278
несвобода 1,698970 0,000552
действие 0,823909 0,000268
сороковой 1,522879 0,000495
шестидесятый 1,698970 0,000552
излет 1,698970 0,000552
сталинский 1,698970 0,000552
разгром 1,522879 0,000495
генетика 1,698970 0,000552
тиран 1,522879 0,000495
артур 1,301030 0,000634
хейль 1,522879 0,000743
клиника 1,301030 0,000846
анатомия 1,397940 0,000909
сильнодействующий 1,698970 0,001104
лекарство 0,886057 0,000576
спасать 1,301030 0,000634
секунда 1,221849 0,000397
готовый 0,744727 0,000242
кипеть 1,522879 0,000495
нешуточный 1,698970 0,000552
медсестра 1,698970 0,000552
поддерживать 1,096910 0,000357
враждовать 1,698970 0,000552
вступать 1,397940 0,000454
мелкий 1,221849 0,000397
междоусобный 1,698970 0,000552
объединяться 1,522879 0,000495
карта 0,657577 0,000214
потрясать 1,522879 0,000495
тесс 1,698970 0,000828
герритсный 1,698970 0,000828
бостон 1,698970 0,000552
орудовать 1,698970 0,000552
серийный 1,154902 0,000375
убийца 0,823909 0,000670
кличка 1,522879 0,000495
мастерски 1,698970 0,000552
владеть 1,301030 0,000423
убить 1,096910 0,000357
кромсать 1,698970 0,000552
почерк 1,397940 0,000454
изуродовать 1,698970 0,000552
живой 0,769551 0,000250
кардиолог 1,522879 0,000495
кэтрин 1,397940 0,000454
корделла 1,698970 0,000552
сейчас 0,481486 0,000235
преступник 1,096910 0,000357
подбираться 1,698970 0,000552
джейн 1,221849 0,000397
риццолить 1,698970 0,000552
расследовать 1,301030 0,000423
шлях 1,698970 0,001104
байка 1,301030 0,000634
роддом 1,522879 0,000743
рожааююю 1,698970 0,000552
данилов 1,698970 0,000552
удивить 1,045757 0,000340
напугать 1,522879 0,000495
пока 0,920819 0,000299
устроиться 1,698970 0,000552
московский 0,657577 0,000214
родильный 1,698970 0,000552
чего 0,769551 0,000375
начаться 0,853872 0,000278
жуткий 1,522879 0,000743
смешной 1,154902 0,000375
рассказ 0,920819 0,000299
либо 1,000000 0,000325
верхний 1,301030 0,000634
часть 0,638272 0,000207
с 1,698970 0,000552
рекомендовать 0,823909 0,000268
волша 1,698970 0,000552
покий 1,698970 0,000552
челов 1,522879 0,000495
забвение 1,698970 0,000552
пахнуть 1,522879 0,000495
корица 1,698970 0,000552
тридцатишестилетний 1,698970 0,000552
хоуп 1,698970 0,000552
юрист 1,154902 0,000375
вынудить 1,045757 0,000340
разорение 1,698970 0,000552
дост 1,698970 0,000552
фраза 1,221849 0,000596
лев 0,886057 0,000432
толстой 1,154902 0,000751
каренин 1,397940 0,001136
xix 1,096910 0,000357
замысел 1,154902 0,000375
возникнуть 1,301030 0,000634
л 0,795880 0,000259
вчера 0,920819 0,000299
вечер 0,823909 0,000268
сказать 0,795880 0,000259
софья 1,397940 0,000454
дневник 1,154902 0,000375
февраль 0,769551 0,000250
представиться 1,522879 0,000495
тип 1,301030 0,000423
замужний 1,522879 0,000495
высокий 0,721246 0,000234
общество 0,468521 0,000152
первое 0,721246 0,000234
глава 0,522879 0,000170
увидеть 1,154902 0,000563
жур 1,698970 0,000552
михаил 0,568636 0,000370
мастер 0,795880 0,000517
маргарит 1,397940 0,000909
многообразный 1,698970 0,000552
удивительный 1,397940 0,000454
всемирный 1,045757 0,000340
перечитывать 1,698970 0,000552
уголок 1,221849 0,000397
планет 1,000000 0,000325
приобщаться 1,698970 0,000552
причудливый 1,698970 0,000552
фантазия 1,698970 0,000552
протяжение 1,522879 0,000495
одиннадцать 1,698970 0,000552
переделывать 1,698970 0,000552
дополнять 1,698970 0,000552
текст 0,585027 0,000190
однако 0,886057 0,000288
должно 1,221849 0,000397
пройти 0,677781 0,000330
тридцать 1,301030 0,000634
прежда 1,698970 0,000552
дэниел 1,397940 0,000682
киз 1,522879 0,000743
цвета 1,045757 0,000510
элджернон 1,522879 0,000743
чарли 1,522879 0,000495
гордон 1,698970 0,000552
идиот 1,397940 0,000454
смысл 0,958607 0,000312
слово 0,552842 0,000270
детство 0,920819 0,000299
больной 1,221849 0,000397
фенилкетонурия 1,698970 0,000552
умственный 1,698970 0,000828
отсталость 1,698970 0,000552
практически 1,096910 0,000357
неизбежный 1,522879 0,000495
около 0,886057 0,000288
уборщик 1,698970 0,000552
пекарня 1,698970 0,000552
отсталый 1,698970 0,000552
подвергнуться 1,221849 0,000397
экспериментальный 1,397940 0,000454
устранение 1,698970 0,000552
грубо 1,698970 0,000552
удалить 1,045757 0,000340
патрик 1,301030 0,000846
зюскинд 1,522879 0,000990
парфюмер 1,522879 0,000990
блистательный 1,698970 0,000552
напечатать 1,698970 0,000552
швейцария 1,221849 0,000397
сегодня 0,443697 0,000144
западный 0,823909 0,000268
фронт 1,698970 0,000552
перемена 1,000000 0,000325
ремарка 1,698970 0,000552
экземпляр 1,522879 0,000495
латынь 1,698970 0,000552
экранизировать 1,522879 0,000495
прокат 1,000000 0,000325
ог 1,698970 0,000552
чак 1,522879 0,000990
паланик 1,698970 0,001381
бойцовский 1,698970 0,001104
клуб 0,657577 0,000427
режиссер 0,823909 0,000268
финчер 1,698970 0,000552
брэд 1,397940 0,000454
питт 1,522879 0,000495
главный 0,346787 0,000113
роля 0,744727 0,000242
вызов 1,096910 0,000357
назло 1,397940 0,000454
описываться 1,698970 0,000552
поколение 0,958607 0,000312
озлобиться 1,522879 0,000495
представление 1,397940 0,000454
добро 1,154902 0,000375
зло 1,397940 0,000454
окружать 1,397940 0,000454
владимир 0,301030 0,000196
лолита 1,522879 0,000990
литератор 1,397940 0,000454
рантье 1,698970 0,000552
перебраться 1,698970 0,000552
париж 1,045757 0,000340
влюбляться 1,154902 0,000375
двенадцатилетний 1,698970 0,000552
провинциальный 1,522879 0,000495
школьница 1,397940 0,000454
стремление 1,522879 0,000495
обладать 1,154902 0,000375
губительный 1,698970 0,000552
мания 1,698970 0,000552
технически 1,698970 0,000552
наиболее 1,045757 0,000340
совершить 1,000000 0,000325
дерзкий 1,522879 0,000495
глубокий 1,096910 0,000357
остроумный 1,522879 0,000495
пронзительный 1,522879 0,000495
живать 1,301030 0,000423
неизменно 1,698970 0,000552
делить 1,397940 0,000454
повесть 1,154902 0,000375
франц 1,301030 0,000634
кафка 1,397940 0,000682
превращение 1,301030 0,000634
проснуться 1,698970 0,000552
утро 0,886057 0,000288
грегор 1,698970 0,000552
обнаружить 0,958607 0,000312
превратиться 1,301030 0,000423
жук 1,397940 0,000454
оставаться 0,886057 0,000288
показаться 1,301030 0,000423
глаз 0,886057 0,000432
родные 1,397940 0,000454
управляющий 1,397940 0,000454
ожидать 0,958607 0,000312
дверь 1,154902 0,000375
уинстон 1,698970 0,001104
грум 1,698970 0,001104
форреста 1,698970 0,000828
гамп 1,698970 0,001104
форрест 1,698970 0,000552
гласить 1,698970 0,000552
слоган 1,698970 0,000552
роберт 1,154902 0,000375
земекис 1,698970 0,000552
том 0,920819 0,000299
хэнкс 1,698970 0,000552
робин 1,221849 0,000397
райт 1,301030 0,000423
номинированный 1,698970 0,000552
тринадцать 1,698970 0,000552
оскар 0,886057 0,000288
кассовый 1,397940 0,000454
кинематограф 1,397940 0,000454
мера 0,823909 0,000268
применимый 1,522879 0,000495
макса 1,045757 0,000850
фрай 1,522879 0,000743
дебют 1,221849 0,000596
ехо 1,698970 0,000828
неудачник 1,397940 0,000454
внезапно 1,154902 0,000375
приглашение 1,397940 0,000454
переселиться 1,698970 0,000552
параллельный 1,221849 0,000397
там 0,769551 0,000250
важный 0,602060 0,000196
пост 0,920819 0,000299
местный 0,958607 0,000312
служба 0,431798 0,000140
разведка 1,221849 0,000397
разуметься 1,522879 0,000495
официально 1,221849 0,000397
назначить 1,301030 0,000423
оказываться 1,154902 0,000375
расследование 0,958607 0,000312
сосед 1,397940 0,000454
будущий 0,795880 0,000388
начальник 1,221849 0,000397
джуффина 1,698970 0,000552
халли 1,698970 0,000552
нил 1,301030 0,000634
гейман 1,522879 0,000743
благой 1,397940 0,000682
знамение 1,698970 0,000828
суббота 1,045757 0,000510
следовать 0,920819 0,000299
незадолго 1,522879 0,000495
ужин 1,522879 0,000495
несчастье 1,397940 0,000454
мэри 1,154902 0,000375
таратора 1,698970 0,000552
неумолчный 1,698970 0,000552
орден 1,397940 0,000454
антихрист 1,522879 0,000495
пристроить 1,698970 0,000552
нужный 0,552842 0,000180
четыре 0,721246 0,000234
всадник 1,522879 0,000495
апокалипсис 1,301030 0,000423
оседлать 1,698970 0,000552
мотоцикл 1,522879 0,000495
нижний 0,744727 0,000242
счесть 1,301030 0,000423
симпатичный 1,397940 0,000454
полюбить 1,221849 0,000397
делиться 1,301030 0,000423
зарегистрироваться 1,000000 0,000325
реализм 1,397940 0,000454
постапокалиптика 1,698970 0,000552
шпионаж 1,397940 0,000454
young 1,522879 0,000495
adult 1,522879 0,000495
литр 1,397940 0,000454
слезть 1,221849 0,000397
ироничный 1,522879 0,000495
репродукция 1,522879 0,000495
днем 1,045757 0,000340
мастрида 1,698970 0,000552
особый 1,096910 0,000357
a 0,638272 0,000311
q 1,522879 0,000495
проект 0,259637 0,000084
пользовательский 0,552842 0,000180
контакт 0,387216 0,000189
жалоба 1,522879 0,000743
правообладатель 0,744727 0,000242
обратный 0,508638 0,000165
сайт 0,173925 0,000141
имя 0,443697 0,000288
контактный 1,000000 0,000325
обращение 1,221849 0,000397
сообщение 0,677781 0,000330
неполный 1,522879 0,000495
предложение 0,853872 0,000278
сотрудничество 1,000000 0,000325
администрация 1,000000 0,000325
просьба 1,397940 0,000454
заполнить 1,397940 0,000454
поль 1,397940 0,000454
проверка 0,853872 0,000278
отправить 0,619789 0,000504
куратор 1,221849 0,000794
выставить 1,397940 0,000454
уточнение 1,698970 0,000552
фио 1,397940 0,000454
оригинальный 1,154902 0,000563
альтернативный 1,096910 0,000535
название 1,000000 0,000650
страница 0,619789 0,000302
написание 1,221849 0,000397
переводчик 1,096910 0,000357
описание 1,301030 0,000634
тег 1,221849 0,000397
минимум 1,154902 0,000375
символ 1,301030 0,000423
сообщить 0,585027 0,000190
случай 0,568636 0,000185
нарушение 0,920819 0,000299
авторский 0,744727 0,000242
писать 0,744727 0,000242
почта 0,602060 0,000391
abuse 1,698970 0,000552
ru 0,180456 0,000059
оставлять 1,154902 0,000375
нейросеть 1,522879 0,000495
ориентироваться 1,522879 0,000495
авторизация 1,522879 0,000495
восстановление 1,096910 0,000535
пароль 0,853872 0,000416
продолжить 0,958607 0,000467
c 0,721246 0,000352
vkontakte 1,221849 0,000596
успешно 1,301030 0,000423
проверять 1,522879 0,000495
пришлый 1,096910 0,000357
личный 0,657577 0,000214
кабинет 0,920819 0,000299
адрес 0,537602 0,000175
привязать 1,698970 0,000552
аккаунт 1,045757 0,000340
регистрироваться 1,301030 0,000423
соглашаться 1,000000 0,000488
условие 0,468521 0,000152
политика 0,638272 0,000207
конфиденциальность 0,698970 0,000227
cookie 0,958607 0,000467
файл 0,920819 0,000449
комфортный 1,154902 0,000375
продолжать 0,795880 0,000259
пользоваться 1,000000 0,000325
применение 1,301030 0,000423
ок 1,397940 0,000454
