life 1,698970 0,001234
ru 0,180456 0,000262
информационный 1,397940 0,002030
портал 0,769551 0,001118
функционирует 1,221849 0,001775
при 0,387216 0,000844
финансовой 1,154902 0,001677
поддержке 1,096910 0,001593
министерства 1,096910 0,001593
цифрового 1,397940 0,002030
развития 0,698970 0,001015
связи 0,455932 0,000662
массовых 0,568636 0,000826
коммуникаций 0,585027 0,000850
российской 0,585027 0,000850
федерации 0,744727 0,001082
новости 0,173925 0,000379
статьи 0,677781 0,000984
мнения 0,886057 0,001287
спецпроекты 0,657577 0,000955
видео 0,327902 0,001191
регион 1,301030 0,001890
уведомления 1,096910 0,001593
отключены 1,698970 0,002468
страница 1,096910 0,001593
не 0,136677 0,000596
загружается 1,698970 0,002468
возможно 0,853872 0,001240
низкая 1,698970 0,002468
скорость 1,397940 0,002030
интернета 1,045757 0,001519
проверьте 1,698970 0,002468
интернет 0,522879 0,000759
соединение 1,698970 0,002468
устарела 1,698970 0,002468
версия 0,744727 0,001082
браузера 1,301030 0,001890
попробуйте 1,397940 0,002030
обновить 1,154902 0,001677
его 0,346787 0,000756
коронавирус 0,958607 0,001392
владимир 0,431798 0,000627
путин 0,721246 0,001571
операция 0,853872 0,001240
донбассе 0,958607 0,001392
происшествия 0,823909 0,001197
россия 0,455932 0,000662
нато 0,769551 0,001677
армия 0,823909 0,001197
история 0,443697 0,000644
личные 1,522879 0,002212
финансы 1,096910 0,001593
политика 0,387216 0,000562
мире 0,468521 0,000680
наука 0,585027 0,000850
технологии 0,721246 0,001048
криминал 1,221849 0,002662
шоубиз 1,698970 0,002468
спорт 0,468521 0,000680
тем 0,920819 0,001337
временем 1,397940 0,002030
лепс 1,522879 0,002212
пророчества 1,522879 0,002212
жириновского 0,657577 0,000955
можно 0,420216 0,000916
сравнить 1,698970 0,002468
предсказаниями 1,698970 0,002468
ванги 1,698970 0,002468
россияне 1,000000 0,001452
владимире 1,397940 0,002030
жириновском 1,698970 0,002468
уходит 1,221849 0,001775
целая 1,397940 0,002030
эпоха 1,301030 0,002834
становления 1,698970 0,002468
новой 0,638272 0,000927
россии 0,251812 0,001280
разместившая 1,698970 0,002468
расчленение 1,698970 0,002468
москаля 1,698970 0,003701
москвичка 1,698970 0,002468
побила 1,698970 0,002468
полицейских 1,698970 0,002468
задержании 1,397940 0,002030
житель 1,397940 0,003046
херсонской 1,154902 0,001677
области 0,721246 0,001571
кинул 1,698970 0,002468
оппонента 1,698970 0,002468
гранату 1,698970 0,002468
ходе 1,000000 0,001452
пьяной 1,698970 0,002468
драки 1,698970 0,002468
хотят 0,886057 0,001287
установить 1,301030 0,001890
камеры 1,397940 0,002030
распознаванием 1,698970 0,002468
лиц 1,045757 0,001519
всех 0,552842 0,000803
объектах 1,522879 0,002212
транспорта 1,301030 0,001890
брат 1,301030 0,001890
совершившем 1,698970 0,002468
подвиг 1,698970 0,002468
рядовом 1,698970 0,002468
юртаеве 1,698970 0,002468
очень 0,568636 0,000826
переживали 1,698970 0,002468
него 0,795880 0,001156
молились 1,522879 0,002212
ждали 1,522879 0,002212
российский 0,619789 0,000900
эмигрант 1,522879 0,002212
агитировал 1,698970 0,002468
бывших 1,698970 0,003701
однокурсников 1,698970 0,002468
украину 1,301030 0,001890
чате 1,522879 0,002212
whatsapp 1,397940 0,002030
лайф 1,698970 0,002468
снял 1,221849 0,001775
коптера 1,698970 0,002468
территорию 1,221849 0,001775
завода 1,522879 0,002212
азовсталь 1,522879 0,002212
где 0,455932 0,000993
идут 1,301030 0,001890
основные 1,221849 0,001775
бои 1,301030 0,001890
мариуполь 1,096910 0,001593
пленный 1,698970 0,002468
разведчик 1,522879 0,002212
всу 0,744727 0,001622
рассказал 0,602060 0,001312
антироссийской 1,698970 0,002468
пропаганде 1,698970 0,002468
украинских 0,744727 0,001082
военных 0,795880 0,001156
серпухове 1,698970 0,002468
задержанного 1,522879 0,002212
призывы 1,698970 0,002468
насилию 1,522879 0,002212
силовиками 1,522879 0,002212
нашли 0,920819 0,002675
склад 1,522879 0,002212
оружия 1,397940 0,002030
мэр 1,221849 0,002662
кировска 1,698970 0,002468
рассказала 0,958607 0,001392
обстреле 1,522879 0,002212
жилых 1,698970 0,002468
районов 1,397940 0,002030
города 0,657577 0,000955
украинскими 1,096910 0,001593
ураганами 1,698970 0,002468
опубликованы 1,221849 0,002662
кадры 0,958607 0,001392
обстрела 1,698970 0,002468
из 0,167491 0,000851
градов 1,522879 0,002212
позиций 1,397940 0,002030
марьинке 1,698970 0,002468
москве 0,455932 0,000662
задержали 1,154902 0,001677
летнюю 1,522879 0,002212
мать 0,795880 0,001156
съемок 1,301030 0,001890
расчленяющей 1,698970 0,002468
дочкой 1,698970 0,002468
прокуратура 1,397940 0,002030
лнр 1,221849 0,001775
показала 1,221849 0,001775
рейд 1,522879 0,002212
против 0,387216 0,000562
формирования 1,221849 0,001775
подполья 1,698970 0,002468
членов 1,522879 0,002212
нацбатов 1,698970 0,002468
фото 0,568636 0,000826
безработных 1,698970 0,002468
урала 1,522879 0,002212
вымогавших 1,698970 0,002468
выкуп 1,698970 0,002468
жены 1,045757 0,001519
российского 0,698970 0,001523
военнопленного 1,698970 0,002468
некуда 1,522879 0,002212
бежать 1,698970 0,002468
какие 0,494850 0,000719
подразделения 1,698970 0,002468
могли 1,045757 0,001519
быть 0,420216 0,000610
окружены 1,698970 0,002468
мариуполе 1,045757 0,002278
вчера 0,920819 0,012037
длинный 1,698970 0,002468
язык 0,823909 0,001197
как 0,187087 0,001087
днепропетровска 1,698970 0,002468
стал 0,585027 0,000850
миллионером 1,698970 0,002468
сделал 1,154902 0,001677
карьеру 1,301030 0,001890
угрозах 1,698970 0,002468
убивать 1,522879 0,002212
русских 0,795880 0,001156
появились 1,221849 0,001775
дополнительные 1,096910 0,001593
льготы 1,397940 0,002030
чем 0,387216 0,001687
отличаются 1,698970 0,002468
апрельские 1,397940 0,002030
меры 1,000000 0,001452
соцподдержки 1,698970 0,002468
кому 1,000000 0,002179
повысят 1,698970 0,002468
выплаты 1,301030 0,001890
почему 0,366532 0,001597
макаревичу 1,698970 0,002468
надо 0,795880 0,001156
объяснять 1,522879 0,002212
россиянам 1,154902 0,002516
кто 0,408935 0,001782
тут 0,853872 0,001240
русский 0,769551 0,001118
народ 1,301030 0,001890
центробанк 1,221849 0,001775
внезапно 1,154902 0,001677
понизил 1,698970 0,002468
ключевую 0,677781 0,001477
ставку 0,657577 0,001433
это 0,251812 0,000549
решение 0,853872 0,001240
скажется 1,698970 0,002468
курсе 1,096910 0,001593
рубля 1,045757 0,001519
вкладах 1,698970 0,002468
кредитах 1,698970 0,002468
сегодня 0,443697 0,001933
американский 1,045757 0,001519
ленд 1,397940 0,002030
лиз 1,522879 0,002212
для 0,107905 0,000313
украины 0,721246 0,001571
какое 0,958607 0,001392
чудо 1,000000 0,001452
оружие 1,096910 0,001593
вашингтон 1,221849 0,001775
поставит 1,698970 0,002468
киеву 1,397940 0,002030
победы 0,920819 0,001337
русскими 1,301030 0,001890
дефолта 1,397940 0,002030
осталось 1,221849 0,001775
дней 0,744727 0,001082
что 0,161151 0,000702
может 0,387216 0,000844
грозить 1,522879 0,002212
расследования 1,221849 0,001775
неонацист 1,698970 0,002468
убийца 1,096910 0,001593
долларовый 1,698970 0,002468
миллионер 1,698970 0,002468
такой 0,795880 0,001156
сергей 0,468521 0,001021
боцман 1,522879 0,002212
коротких 1,397940 0,003046
руководивший 1,698970 0,002468
зачисткой 1,698970 0,002468
буче 0,958607 0,002088
одним 1,221849 0,001775
участников 1,000000 0,001452
карательной 1,698970 0,002468
операции 0,920819 0,001337
украинской 1,096910 0,001593
был 0,468521 0,000680
бывший 1,154902 0,001677
россиянин 1,522879 0,002212
ищут 1,301030 0,001890
убийства 1,221849 0,002662
национализм 1,522879 0,002212
он 0,455932 0,000993
живет 1,045757 0,001519
киеве 1,397940 0,002030
зарабатывает 1,698970 0,003701
жизнь 0,455932 0,000662
апреля 0,283997 0,002269
нетребко 1,096910 0,002390
отменила 1,698970 0,003701
россию 0,568636 0,001239
ради 1,045757 0,001519
запада 1,000000 0,002179
проиграла 1,698970 0,002468
везде 1,221849 0,001775
звери 1,698970 0,002468
кракена 1,698970 0,002468
спецназ 1,522879 0,002212
ищет 1,096910 0,001593
тех 0,920819 0,001337
украине 0,537602 0,001171
пытал 1,698970 0,002468
убивал 1,522879 0,002212
пленных 1,397940 0,002030
российских 0,468521 0,001361
солдат 1,000000 0,001452
тайный 1,397940 0,002030
казначей 1,698970 0,002468
экс 1,096910 0,001593
главы 1,045757 0,001519
мвд 1,154902 0,001677
аваков 1,698970 0,002468
скрывает 1,301030 0,001890
свою 0,619789 0,000900
жену 1,221849 0,002662
марта 0,721246 0,004190
золотые 1,397940 0,002030
а 0,221849 0,000322
производстве 1,522879 0,002212
офисной 1,301030 0,001890
бумаги 1,096910 0,001593
заказы 1,397940 0,002030
редакция 0,744727 0,001622
важных 1,301030 0,001890
историй 1,096910 0,001593
получает 1,045757 0,001519
чеки 1,698970 0,002468
сша 0,508638 0,000739
отморозки 1,698970 0,002468
арсена 1,698970 0,002468
авакова 1,698970 0,002468
формировался 1,698970 0,002468
известен 1,698970 0,002468
нацистский 1,698970 0,002468
полк 1,698970 0,002468
азов 1,154902 0,001677
сытая 1,698970 0,002468
гавань 1,698970 0,002468
роснано 1,698970 0,002468
анатолия 1,522879 0,002212
чубайса 1,522879 0,002212
искать 1,221849 0,001775
роскошных 1,301030 0,001890
виллах 1,522879 0,002212
итальянской 1,522879 0,002212
тосканы 1,698970 0,002468
читаемое 1,096910 0,001593
сами 1,301030 0,001890
себя 0,552842 0,001204
загонят 1,698970 0,002468
сложную 1,698970 0,002468
ситуацию 1,096910 0,001593
isu 1,698970 0,002468
выстрелить 1,522879 0,002212
себе 0,619789 0,000900
ногу 1,397940 0,002030
избавившись 1,698970 0,002468
фигуристов 1,698970 0,002468
станция 1,522879 0,002212
венера 1,698970 0,002468
д 0,721246 0,001048
полетит 1,522879 0,002212
участия 1,045757 0,001519
nasa 1,698970 0,002468
банки 1,301030 0,001890
застройщики 1,698970 0,002468
сменили 1,698970 0,002468
тактику 1,698970 0,002468
продадут 1,698970 0,002468
квартиру 1,301030 0,001890
дешевле 1,301030 0,001890
особенность 1,698970 0,002468
новых 0,494850 0,000719
программ 1,698970 0,002468
приостановка 1,522879 0,002212
работы 0,619789 0,000900
спч 0,920819 0,001337
ведет 1,096910 0,001593
распаду 1,698970 0,002468
оон 0,823909 0,001197
новые 0,337242 0,000490
правила 0,638272 0,000927
оплаты 1,301030 0,001890
жку 1,522879 0,002212
теперь 0,602060 0,000874
будет 0,387216 0,000562
платить 1,096910 0,001593
меньше 1,154902 0,001677
сигналов 1,698970 0,002468
зеленского 0,958607 0,001392
которые 0,431798 0,001254
могут 0,508638 0,000739
говорить 1,045757 0,001519
распоряжается 1,698970 0,002468
своей 0,853872 0,001240
судьбой 1,522879 0,002212
wow 1,698970 0,002468
андрей 0,552842 0,000803
данилко 1,397940 0,002030
пережил 1,301030 0,001890
нервный 1,301030 0,001890
срыв 1,397940 0,002030
оказавшись 1,522879 0,002212
бортом 1,698970 0,002468
шоубиза 1,698970 0,002468
отменившая 1,698970 0,002468
объяснилась 1,698970 0,002468
подписчики 1,522879 0,002212
так 0,481486 0,000699
поняли 1,522879 0,002212
певица 1,096910 0,001593
хотела 1,221849 0,001775
сказать 1,154902 0,001677
пять 1,045757 0,001519
знаков 1,698970 0,002468
зодиака 1,397940 0,002030
таким 1,045757 0,001519
тяжелым 1,397940 0,002030
характером 1,522879 0,002212
ними 1,154902 0,001677
хуже 1,397940 0,002030
аду 1,698970 0,002468
простых 1,301030 0,001890
привычек 1,522879 0,002212
помогут 1,096910 0,001593
диет 1,698970 0,002468
похудеть 1,522879 0,002212
лету 1,522879 0,002212
аморалов 1,397940 0,002030
назвал 0,795880 0,001156
виновных 1,698970 0,002468
смерти 0,744727 0,001082
тома 1,301030 0,001890
хаоса 1,301030 0,001890
корит 1,698970 0,002468
ли 0,387216 0,000562
гибель 1,522879 0,002212
отпетого 1,698970 0,002468
мошенника 1,698970 0,002468
продуктов 1,301030 0,001890
кажутся 1,698970 0,002468
нам 0,619789 0,000900
полезными 1,397940 0,002030
деле 0,886057 0,001287
лишь 1,045757 0,001519
работа 0,795880 0,001156
маркетологов 1,522879 0,002212
бузова 1,301030 0,001890
потребовала 1,698970 0,002468
chanel 1,154902 0,002516
вернуть 1,000000 0,001452
деньги 0,886057 0,001287
сумки 1,522879 0,002212
окрестив 1,698970 0,002468
бренд 1,522879 0,002212
нацистским 1,698970 0,002468
клиентов 1,397940 0,002030
ее 0,508638 0,000739
магазины 1,522879 0,002212
обклеили 1,698970 0,002468
стикерами 1,698970 0,002468
гитлером 1,698970 0,002468
будь 1,221849 0,001775
здоров 1,698970 0,002468
способов 1,221849 0,001775
укрепить 1,698970 0,002468
иммунитет 1,397940 0,002030
домашних 1,397940 0,002030
условиях 0,886057 0,001287
химии 1,698970 0,002468
дичь 1,698970 0,002468
опубликовано 1,301030 0,001890
краматорска 1,045757 0,001519
украинская 1,154902 0,001677
точка 0,795880 0,001156
убила 1,698970 0,002468
менее 1,154902 0,001677
гражданских 1,698970 0,002468
кубани 1,522879 0,002212
яме 1,522879 0,002212
водой 1,301030 0,001890
тело 0,958607 0,002088
пропавшего 1,397940 0,002030
восьмилетнего 1,698970 0,002468
мальчика 1,096910 0,001593
пятигорске 1,698970 0,002468
летний 0,958607 0,001392
тренер 1,522879 0,002212
спортшколы 1,698970 0,002468
принимал 1,698970 0,002468
душ 1,397940 0,002030
голышом 1,698970 0,002468
малолетними 1,698970 0,002468
ученицами 1,698970 0,002468
забальзамированное 1,698970 0,002468
рэпера 1,698970 0,002468
goonew 1,698970 0,002468
выставили 1,698970 0,002468
напоказ 1,698970 0,002468
время 0,356547 0,000518
вечеринки 1,698970 0,002468
фанаты 1,522879 0,002212
онемели 1,698970 0,002468
шока 1,698970 0,002468
психанул 1,698970 0,002468
перенервничал 1,698970 0,002468
башкирии 1,698970 0,002468
ударил 1,301030 0,001890
ножом 1,522879 0,002212
магазине 1,522879 0,002212
раза 1,301030 0,001890
первоапрельские 1,698970 0,002468
розыгрыши 1,698970 0,002468
обернувшиеся 1,698970 0,002468
ужасными 1,698970 0,002468
смертями 1,698970 0,002468
казни 1,522879 0,002212
тульской 1,698970 0,002468
женщина 0,886057 0,001287
напала 1,698970 0,002468
пенсионерку 1,397940 0,002030
подъезде 1,522879 0,002212
отобрала 1,698970 0,002468
пакет 0,853872 0,001240
сахаром 1,698970 0,002468
пензе 1,698970 0,002468
сорвавшаяся 1,698970 0,002468
поводка 1,698970 0,002468
собака 1,698970 0,002468
покусала 1,698970 0,002468
семь 1,000000 0,001452
человек 0,420216 0,000610
включая 1,221849 0,001775
детей 0,420216 0,000610
радость 1,154902 0,001677
слезами 1,698970 0,002468
глазах 1,522879 0,002212
волонтеры 1,301030 0,001890
помогли 1,301030 0,001890
летнему 1,522879 0,002212
мальчику 1,522879 0,002212
воссоединиться 1,698970 0,002468
семьей 1,154902 0,001677
главное 0,585027 0,000850
последние 0,568636 0,000826
минобороны 0,698970 0,001015
назвали 0,920819 0,001337
провокацией 1,154902 0,001677
заявления 1,000000 0,001452
киева 1,045757 0,001519
вине 1,522879 0,002212
рф 0,568636 0,001239
ракетном 1,397940 0,002030
ударе 0,853872 0,001240
краматорску 0,744727 0,001622
цб 0,795880 0,001156
снизил 0,698970 0,001015
украинские 0,823909 0,001197
войска 1,221849 0,001775
нанесли 1,096910 0,001593
удар 0,823909 0,001197
точкой 0,920819 0,001337
простился 1,045757 0,001519
владимиром 0,677781 0,000984
жириновским 0,585027 0,000850
военные 0,853872 0,001240
уничтожили 1,301030 0,001890
центр 0,537602 0,000781
сбора 1,154902 0,001677
подготовки 1,000000 0,001452
иностранных 0,886057 0,001287
наемников 0,958607 0,001392
под 0,376751 0,000821
одессой 1,096910 0,001593
два 0,619789 0,000900
человека 0,537602 0,000781
оказались 1,154902 0,001677
завалом 1,698970 0,002468
шахте 1,045757 0,001519
кузбассе 1,221849 0,001775
глава 0,638272 0,000927
мид 0,886057 0,001287
китая 1,045757 0,001519
ван 1,045757 0,001519
указал 1,522879 0,002212
первопричину 1,522879 0,002212
украинского 1,096910 0,001593
кризиса 1,154902 0,001677
гинцбург 1,522879 0,002212
сообщил 0,823909 0,001197
выходе 1,522879 0,002212
назальной 1,522879 0,002212
вакцины 1,522879 0,002212
ковида 1,397940 0,002030
гражданский 1,397940 0,002030
оборот 1,301030 0,001890
посмотреть 0,920819 0,001337
все 0,124939 0,000272
news 0,920819 0,001337
media 1,154902 0,001677
права 0,431798 0,000627
защищены 0,602060 0,000874
обратная 0,585027 0,000850
связь 0,552842 0,000803
ошибку 1,154902 0,001677
напишите 1,154902 0,001677
техподдержку 1,698970 0,002468
партнерам 1,397940 0,002030
контакты 0,431798 0,000627
правовая 0,920819 0,001337
информация 0,552842 0,000803
вакансии 0,657577 0,000955
rss 0,823909 0,001197
оставьте 1,522879 0,002212
ваш 0,721246 0,001048
e 0,677781 0,000984
mail 0,721246 0,001048
чтобы 0,408935 0,000594
получать 0,853872 0,001240
подборки 0,769551 0,001118
наших 0,823909 0,001197
новостей 0,602060 0,000874
принимаю 1,301030 0,001890
пользовательское 0,657577 0,000955
соглашение 0,619789 0,000900
layer 1,698970 0,002468
