лит 1,221849 0,004202
рес 1,301030 0,005593
библиотека 0,920819 0,001584
электронных 1,096910 0,001886
аудиокниг 1,397940 0,002404
скачать 1,221849 0,002101
fb 1,522879 0,002619
mp 1,522879 0,002619
читать 0,698970 0,001803
слушать 1,045757 0,001798
онлайн 0,387216 0,000666
litres 1,522879 0,002619
войти 0,494850 0,000851
уведомления 1,096910 0,001886
мои 1,221849 0,002101
книги 0,602060 0,006212
жанры 1,045757 0,001798
новинки 0,677781 0,001166
популярное 0,823909 0,001417
аудиокниги 1,301030 0,002237
что 0,161151 0,000554
почитать 1,154902 0,002979
самиздат 1,397940 0,003606
промокод 1,301030 0,002237
еще 0,327902 0,000846
компания 0,853872 0,001468
легкое 1,698970 0,002922
чтение 1,301030 0,003356
боевики 1,397940 0,002404
остросюжетная 1,522879 0,002619
литература 0,958607 0,008243
детективы 1,522879 0,003928
фантастика 0,920819 0,003167
фэнтези 0,920819 0,002375
любовные 1,397940 0,002404
романы 1,221849 0,002101
все 0,124939 0,001504
серьезное 1,698970 0,002922
современная 1,045757 0,001798
проза 1,096910 0,002830
истории 0,552842 0,002377
серьезно 1,154902 0,001986
биографии 1,096910 0,003773
мемуары 1,397940 0,004808
классическая 1,301030 0,002237
поэзия 1,154902 0,001986
история 0,443697 0,000763
историческая 1,096910 0,001886
исторические 1,096910 0,002830
приключения 0,853872 0,003671
популярно 1,397940 0,003606
бизнес 0,552842 0,001426
зарубежная 1,397940 0,002404
деловая 1,397940 0,002404
бизнесе 1,522879 0,002619
личная 1,397940 0,002404
эффективность 1,522879 0,002619
маркетинг 1,397940 0,002404
pr 1,154902 0,001986
реклама 0,346787 0,000596
интернет 0,522879 0,000899
знания 1,397940 0,002404
навыки 1,301030 0,002237
саморазвитие 1,522879 0,003928
личностный 1,698970 0,004383
рост 1,096910 0,002830
учебная 1,522879 0,002619
научная 1,221849 0,002101
научно 1,154902 0,001986
популярная 1,301030 0,002237
из 0,167491 0,000576
жизни 0,431798 0,001485
эзотерика 1,522879 0,003928
психология 0,958607 0,002473
мотивация 1,522879 0,002619
психологии 1,301030 0,002237
спорт 0,468521 0,001611
здоровье 0,744727 0,002561
красота 0,853872 0,002203
медицина 0,920819 0,001584
секс 1,221849 0,003152
руководства 1,698970 0,002922
хобби 1,221849 0,004202
досуг 1,698970 0,002922
прикладная 1,522879 0,002619
кулинария 1,522879 0,003928
увлечения 1,698970 0,004383
путеводители 1,397940 0,002404
фитнес 1,397940 0,002404
дом 0,522879 0,000899
дача 1,522879 0,002619
домашнее 1,522879 0,002619
хозяйство 1,301030 0,002237
рукоделие 1,698970 0,002922
ремесла 1,522879 0,002619
сделай 1,397940 0,002404
сам 1,000000 0,001720
детские 1,221849 0,004202
детская 1,096910 0,004716
зарубежные 1,154902 0,001986
познавательная 1,698970 0,002922
развивающая 1,698970 0,002922
родителям 1,397940 0,002404
воспитание 1,522879 0,002619
детей 0,420216 0,001084
публицистика 1,301030 0,002237
периодические 1,698970 0,004383
издания 0,795880 0,002053
публицистическая 1,698970 0,002922
подкасты 0,698970 0,001202
черновики 1,698970 0,002922
жанра 1,522879 0,002619
жанров 1,397940 0,002404
макс 1,154902 0,005958
глебов 1,522879 0,007857
эксцесс 1,522879 0,003928
исполнителя 1,522879 0,003928
купить 0,886057 0,033522
звезд 1,045757 0,001798
не 0,136677 0,000470
хватит 1,698970 0,002922
всех 0,552842 0,000951
солнечный 1,522879 0,002619
ш 1,221849 0,002101
блюстители 1,698970 0,002922
хаоса 1,301030 0,002237
черный 1,045757 0,001798
старатель 1,698970 0,002922
инопланетяне 1,698970 0,004383
михаил 0,568636 0,000978
атаманов 1,698970 0,002922
искажающие 1,698970 0,002922
реальность 1,000000 0,001720
книга 0,886057 0,002286
аудиокнига 1,698970 0,004383
анна 0,568636 0,001467
орехова 1,698970 0,004383
первый 0,585027 0,001006
межпланетный 1,698970 0,002922
детектив 0,920819 0,001584
боевые 1,522879 0,002619
роботы 1,301030 0,002237
валерий 1,000000 0,004299
увалов 1,698970 0,007304
стальные 1,698970 0,008765
волки 1,522879 0,006547
рождение 1,397940 0,003606
земной 1,698970 0,004383
феде 1,698970 0,004383
право 0,886057 0,002286
существование 1,301030 0,003356
героическая 1,522879 0,002619
сергей 0,468521 0,004834
лукьяненко 1,301030 0,013424
лето 0,853872 0,002203
волонтера 1,522879 0,003928
месяц 0,744727 0,001921
рубиконом 1,698970 0,004383
семь 1,000000 0,003439
дней 0,744727 0,002561
мегиддо 1,698970 0,005843
мир 0,431798 0,000743
великим 1,522879 0,002619
туманом 1,698970 0,002922
марина 0,958607 0,006594
суржевская 1,698970 0,011687
имя 0,769551 0,001323
шторма 1,522879 0,002619
чудовище 1,397940 0,003606
карнохельма 1,698970 0,004383
драконов 1,522879 0,002619
наталья 0,853872 0,001468
мамлеева 1,698970 0,002922
факультет 1,522879 0,002619
драконьих 1,698970 0,002922
наездниц 1,698970 0,002922
ная 1,698970 0,004383
геярова 1,698970 0,004383
академия 1,154902 0,001986
порталов 1,522879 0,002619
дракон 1,045757 0,002698
моей 1,000000 0,001720
дв 1,397940 0,002404
хозяйка 1,522879 0,002619
драконьей 1,698970 0,002922
таверны 1,698970 0,002922
часть 0,744727 0,001921
орден 1,698970 0,002922
лино 1,698970 0,002922
эра 1,698970 0,002922
исполнения 1,698970 0,002922
желаний 1,522879 0,002619
магические 1,522879 0,002619
способности 1,397940 0,002404
ирина 0,886057 0,001524
котова 1,698970 0,002922
королевская 1,301030 0,002237
кровь 1,154902 0,001986
небеса 1,522879 0,002619
двериндариум 1,698970 0,002922
мертвое 1,522879 0,002619
измененные 1,698970 0,004383
три 0,619789 0,001599
дня 0,443697 0,001145
индиго 1,522879 0,003928
старт 1,397940 0,002404
новой 0,638272 0,001098
трилогии 1,522879 0,002619
совершенно 0,886057 0,001524
новом 0,853872 0,001468
мире 0,468521 0,000806
ктулху 1,698970 0,004383
этом 0,585027 0,001006
романе 1,154902 0,001986
нет 0,537602 0,002311
а 0,221849 0,000382
остальное 1,698970 0,002922
пожалуй 1,397940 0,002404
тут 0,853872 0,001468
есть 0,522879 0,001349
да 0,698970 0,002404
нем 0,958607 0,001649
интернета 1,045757 0,001798
его 0,346787 0,000596
запретили 1,522879 0,002619
инсеки 1,698970 0,002922
луны 1,301030 0,002237
они 0,585027 0,001006
раздробили 1,698970 0,002922
ее 0,508638 0,000875
куски 1,698970 0,002922
землей 1,522879 0,002619
теперь 0,602060 0,001553
лунное 1,698970 0,002922
кольцо 1,221849 0,002101
двумя 1,096910 0,001886
самыми 1,301030 0,002237
большими 1,522879 0,002619
осколками 1,698970 0,002922
селеной 1,698970 0,002922
дианой 1,698970 0,002922
уже 0,568636 0,000978
привыкли 1,698970 0,002922
тому 1,096910 0,001886
же 0,721246 0,001860
кристаллики 1,698970 0,002922
которые 0,431798 0,000743
продавцы 1,698970 0,002922
могут 0,508638 0,000875
продать 1,301030 0,002237
угодно 1,221849 0,002101
хотя 1,221849 0,002101
бы 0,585027 0,001006
джоконду 1,698970 0,002922
или 0,292430 0,000503
две 0,657577 0,001131
джоконды 1,698970 0,002922
обе 1,301030 0,002237
настоящие 1,397940 0,002404
такие 0,958607 0,001649
как 0,187087 0,000483
лувре 1,698970 0,002922
довольно 1,221849 0,002101
доброе 1,522879 0,002619
начало 0,853872 0,001468
апокалипсиса 1,397940 0,002404
правда 0,769551 0,001323
больше 0,552842 0,001901
интересных 1,096910 0,001886
фактов 1,397940 0,002404
этой 0,744727 0,001281
книге 1,301030 0,002237
читайте 0,958607 0,001649
журнале 1,397940 0,002404
копирайт 1,698970 0,002922
ооо 0,853872 0,002203
издательство 1,096910 0,001886
аст 1,397940 0,002404
предел 1,522879 0,002619
ксенофантастика 1,698970 0,002922
ерофей 1,698970 0,002922
трофимов 1,397940 0,002404
нулевая 1,698970 0,004383
планета 1,397940 0,003606
пе 1,698970 0,002922
андрей 0,552842 0,000951
земляной 1,522879 0,002619
отработанный 1,698970 0,002922
материал 1,045757 0,001798
запов 1,698970 0,002922
клиффорд 1,397940 0,002404
саймак 1,522879 0,002619
прелесть 1,522879 0,002619
ольга 0,769551 0,001323
громыко 1,522879 0,002619
встретимся 1,698970 0,002922
кассандре 1,698970 0,002922
спасение 1,221849 0,002101
мира 0,537602 0,000925
айн 1,698970 0,002922
рэнд 1,698970 0,002922
атлант 1,698970 0,002922
расправил 1,698970 0,002922
плечи 1,698970 0,002922
энди 1,522879 0,007857
вейер 1,698970 0,008765
проект 0,568636 0,000978
аве 1,698970 0,002922
мария 0,698970 0,001202
mustread 1,698970 0,004383
прочесть 1,698970 0,004383
всем 0,853872 0,002203
карен 1,522879 0,002619
м 0,698970 0,001202
макманус 1,698970 0,002922
один 0,602060 0,001035
нас 0,468521 0,000806
лжет 1,522879 0,002619
марсианин 1,522879 0,002619
авантюрные 1,698970 0,004383
иван 0,744727 0,002561
оченков 1,698970 0,005843
стрелок 1,522879 0,005238
несостоявшийся 1,698970 0,005843
граф 1,301030 0,004475
татьяна 1,000000 0,001720
зинина 1,698970 0,002922
воровка 1,397940 0,002404
заколдованный 1,698970 0,002922
кот 1,045757 0,001798
юрий 0,795880 0,001369
москаленко 1,698970 0,002922
дворянин 1,522879 0,002619
неподъем 1,698970 0,002922
близкое 1,698970 0,002922
будущее 0,769551 0,001323
евгений 0,698970 0,001202
черешнев 1,698970 0,002922
форма 1,154902 0,001986
остаться 1,698970 0,002922
челове 1,522879 0,002619
осторожно 1,522879 0,002619
врата 1,698970 0,002922
закрываются 1,698970 0,002922
артемида 1,698970 0,002922
след 1,397940 0,002404
компании 0,619789 0,001066
контакты 0,431798 0,000743
вакансии 0,657577 0,001131
служба 1,096910 0,001886
поддержки 0,823909 0,001417
возврат 1,522879 0,002619
участие 0,920819 0,001584
исследованиях 1,698970 0,002922
активировать 1,698970 0,002922
купон 1,698970 0,002922
публичная 1,522879 0,002619
оферта 1,397940 0,002404
политика 0,387216 0,000666
обработки 0,958607 0,001649
персональных 0,769551 0,001323
данных 0,657577 0,001131
согласие 1,096910 0,001886
получение 1,397940 0,002404
рассылки 1,301030 0,002237
техническая 1,154902 0,001986
документация 1,522879 0,002619
сотрудничество 1,154902 0,001986
издательствам 1,698970 0,002922
авторам 1,154902 0,001986
библиотекам 1,522879 0,002619
партнерам 1,397940 0,002404
вебмастерам 1,522879 0,002619
бестселлеры 1,154902 0,001986
скоро 0,769551 0,001323
продаже 1,221849 0,002101
популярные 0,744727 0,001281
авторы 0,823909 0,001417
интервью 0,522879 0,000899
авторами 1,397940 0,002404
соц 1,397940 0,002404
сетях 0,769551 0,001323
партнеры 0,958607 0,001649
мы 0,327902 0,000564
используем 1,154902 0,001986
куки 1,698970 0,002922
файлы 1,301030 0,002237
чтобы 0,408935 0,001055
вы 0,376751 0,001944
могли 1,045757 0,001798
быстрее 1,221849 0,002101
удобнее 1,397940 0,002404
пользоваться 1,221849 0,002101
сайтом 1,301030 0,002237
для 0,107905 0,000186
взрослых 1,000000 0,001720
согласны 1,301030 0,002237
видеть 1,221849 0,003152
элементами 1,522879 0,002619
эротики 1,698970 0,002922
напомнить 1,397940 0,002404
позже 1,045757 0,001798
уверены 1,301030 0,002237
применив 1,522879 0,002619
фильтр 1,522879 0,002619
будете 1,397940 0,002404
главной 1,045757 0,001798
странице 1,045757 0,002698
популярном 1,698970 0,002922
новинках 1,522879 0,002619
подобные 1,397940 0,002404
скрыть 1,301030 0,002237
эротику 1,698970 0,002922
отменить 1,154902 0,001986
настройки 1,045757 0,001798
сохранены 1,698970 0,002922
можете 0,769551 0,001323
изменить 1,154902 0,001986
их 0,455932 0,000784
профиле 1,522879 0,002619
любой 0,769551 0,001323
момент 0,920819 0,001584
ок 1,397940 0,002404
купите 1,698970 0,002922
одновременно 1,221849 0,002101
выберите 0,920819 0,002375
четвертую 1,698970 0,002922
подарок 1,096910 0,001886
условия 0,795880 0,001369
акции 1,000000 0,001720
воспользоваться 1,301030 0,002237
акцией 1,698970 0,002922
добавьте 1,522879 0,002619
нужные 1,397940 0,002404
корзину 1,522879 0,003928
сделать 0,886057 0,001524
это 0,251812 0,000650
можно 0,420216 0,000723
каждой 1,221849 0,002101
либо 1,000000 0,001720
общем 1,698970 0,002922
списке 1,397940 0,002404
нажмите 0,958607 0,001649
многоточие 1,698970 0,002922
рядом 1,000000 0,001720
книгой 1,397940 0,002404
пункт 1,397940 0,002404
добавить 1,096910 0,001886
показывать 1,301030 0,002237
сообщение 0,886057 0,001524
