официальный 0,537602 0,000181
сайт 0,173925 0,000176
телеканал 0,585027 0,000592
тнт 1,397940 0,004243
эфир 0,537602 0,000544
сериал 0,494850 0,000834
семья 0,552842 0,001492
проект 0,259637 0,000438
анна 0,537602 0,001088
николай 0,568636 0,000959
исправление 1,397940 0,001414
наказание 0,958607 0,000970
год 0,236572 0,000239
культура 0,468521 0,000632
война 0,522879 0,000529
универ 1,522879 0,005650
сашатанить 1,698970 0,008595
ольга 0,721246 0,002189
шоу 0,508638 0,001544
музыкальный 1,045757 0,003880
интуиция 1,522879 0,005650
двойной 1,096910 0,001480
холостяк 1,698970 0,002292
звезда 0,552842 0,004661
африка 1,301030 0,009654
comedy 1,698970 0,022920
club 1,301030 0,011847
баттло 1,698970 0,008022
stand 1,522879 0,011813
up 1,000000 0,007757
импровизация 1,522879 0,013868
команда 0,795880 0,004026
бузов 1,301030 0,004827
кухня 1,154902 0,003895
телепрограмма 0,853872 0,001152
видео 0,327902 0,000442
еще 0,327902 0,000332
кастинг 1,096910 0,001110
музыка 0,602060 0,001218
приложение 0,657577 0,000665
войти 0,468521 0,000632
live 1,000000 0,000675
премьера 1,000000 0,000675
присоединяться 1,221849 0,000824
политик 0,366532 0,000247
конфиденциальность 0,698970 0,000471
помощь 0,481486 0,000325
получить 0,420216 0,000425
доступ 0,920819 0,000932
сотня 0,958607 0,000647
бесплатный 0,853872 0,000576
трансляция 0,721246 0,000730
целый 1,000000 0,000675
вселить 0,886057 0,000598
развлекательный 1,301030 0,000878
сервис 0,537602 0,000363
чуть 1,000000 0,001349
вы 0,301030 0,000711
онлайн 0,387216 0,000261
принимать 0,886057 0,000598
условие 0,468521 0,000316
пользовательский 0,552842 0,000373
соглашение 0,443697 0,000299
дая 1,221849 0,000824
согласие 0,795880 0,000537
получение 1,045757 0,000705
маркетинговый 1,397940 0,000943
рекламный 1,301030 0,000878
информация 0,327902 0,000221
завершить 0,958607 0,000647
регистрация 0,408935 0,000276
подробный 0,657577 0,001109
гид 1,096910 0,000740
премьер 0,638272 0,000861
понедельник 1,045757 0,000705
новый 0,244125 0,000494
выпуск 0,698970 0,000707
завтра 0,920819 0,000932
воскресенье 1,301030 0,000878
пн 1,397940 0,000943
чт 1,301030 0,000878
смотреть 0,443697 0,000299
сейчас 0,481486 0,000325
весь 0,107905 0,000291
битва 1,045757 0,009523
экстрасенс 1,522879 0,010786
шаманка 1,698970 0,001146
лен 1,522879 0,001027
ни 0,698970 0,000471
пря 0,387216 0,000261
чем 0,387216 0,000261
воспитание 1,221849 0,001648
ребенок 0,259637 0,000525
стать 0,301030 0,000305
ли 0,387216 0,000261
саша 1,045757 0,002822
страхов 1,522879 0,001027
агент 1,397940 0,000943
двое 1,096910 0,001850
миллион 0,537602 0,001088
maruv 1,698970 0,001146
один 0,356547 0,000601
волна 1,045757 0,000705
батрутдинов 1,698970 0,001719
женский 0,958607 0,003556
стендап 1,698970 0,005157
мария 0,657577 0,000444
марков 1,397940 0,000943
аттракцион 1,522879 0,001027
харластяка 1,698970 0,001146
экзамен 1,397940 0,000943
понт 1,698970 0,001146
женщина 0,619789 0,001881
мужчина 0,677781 0,001829
белый 0,853872 0,000576
против 0,387216 0,000653
проститутка 1,522879 0,001027
я 0,346787 0,002222
плевать 1,698970 0,002865
кто 0,346787 0,001520
мама 0,795880 0,001342
заказать 1,301030 0,000878
стриптизерша 1,698970 0,001146
сын 0,698970 0,000943
запеть 1,698970 0,001146
слезть 1,221849 0,000824
студия 0,886057 0,002988
союз 0,677781 0,002286
солдат 0,769551 0,000519
любовь 0,468521 0,000632
игра 0,585027 0,001381
астан 1,522879 0,001027
иванько 1,698970 0,001146
иза 0,167491 0,000678
чего 0,769551 0,000519
ссориться 1,698970 0,001146
секрет 0,721246 0,001946
идеальный 0,769551 0,001038
talk 1,221849 0,003709
прическа 1,397940 0,000943
нурлан 1,698970 0,001146
открытый 0,853872 0,004320
микрофон 1,698970 0,008595
тормознутость 1,698970 0,001146
патриотизм 1,301030 0,001316
дизайнер 1,221849 0,002885
джамиль 1,698970 0,001146
снова 0,744727 0,000502
удивлять 1,522879 0,001027
попеть 1,698970 0,001146
чуять 1,698970 0,001146
сцена 0,958607 0,000647
шляпа 1,522879 0,001027
полицейский 1,221849 0,003297
рублевка 1,698970 0,005157
украсть 1,096910 0,000740
тело 0,698970 0,000471
отец 0,721246 0,000973
танец 1,045757 0,009170
исповедь 1,301030 0,000878
нико 1,522879 0,001027
кристина 1,096910 0,000740
поймать 1,301030 0,000878
кузя 1,698970 0,001146
жук 1,397940 0,003300
обыск 1,522879 0,001541
патриот 1,301030 0,003949
девчонка 1,397940 0,000943
v 0,795880 0,002684
мент 1,698970 0,001146
новое 0,214670 0,001738
sannah 1,698970 0,001719
sasha 1,698970 0,001719
стас 1,301030 0,002194
неблагополучный 1,522879 0,001027
семейство 1,154902 0,000779
подарок 0,886057 0,001195
для 0,107905 0,000291
начальник 1,221849 0,001236
харламов 1,698970 0,001719
перепутать 1,522879 0,002054
гимнастка 1,397940 0,000943
синхронистка 1,698970 0,001146
однажды 0,920819 0,006522
россия 0,214670 0,001593
интервью 0,522879 0,000353
face 1,698970 0,001146
яжотец 1,698970 0,002292
полезный 0,769551 0,000519
завтрак 1,522879 0,001027
ты 0,602060 0,002640
не 0,136677 0,000922
верить 0,958607 0,002910
губерний 1,698970 0,001719
вести 0,657577 0,000665
баня 1,522879 0,001541
наш 0,309804 0,000418
russia 1,397940 0,001886
долбить 1,698970 0,001146
после 0,356547 0,000241
налог 1,221849 0,000824
питание 1,154902 0,000779
измайлов 1,698970 0,001146
щербаков 1,698970 0,002292
общаться 1,154902 0,000779
залом 1,522879 0,001027
покрытие 1,698970 0,001146
крыша 1,397940 0,000943
загородный 1,522879 0,001027
дом 0,356547 0,000241
мы 0,229148 0,000155
съесть 1,698970 0,001146
пельмень 1,698970 0,001146
бульонез 1,698970 0,001146
работа 0,431798 0,000583
проводник 1,522879 0,001027
поезд 0,795880 0,000537
нормальный 1,301030 0,000878
девушка 0,744727 0,003014
нормально 1,522879 0,001027
мыть 0,698970 0,000707
пол 1,045757 0,000705
репертуар 1,522879 0,001027
евровидение 1,698970 0,001146
дорохов 1,698970 0,001146
медведь 1,397940 0,001414
как 0,187087 0,000694
скосить 1,698970 0,001146
родительский 1,698970 0,001146
комитет 1,301030 0,000878
ограбить 1,698970 0,001146
магазин 0,619789 0,000627
виноград 1,522879 0,001027
подарочный 1,522879 0,001027
сертификат 1,397940 0,000943
узи 1,698970 0,001146
школа 0,552842 0,000559
орел 1,301030 0,000878
решка 1,698970 0,001146
контакт 0,387216 0,000261
общение 0,920819 0,000621
фейковый 1,522879 0,001027
аккаунт 1,045757 0,000705
праздничный 1,154902 0,000779
шокер 1,698970 0,001146
азамат 1,698970 0,002292
мусагалиев 1,698970 0,001719
прием 1,045757 0,001058
психотерапевт 1,301030 0,000878
лк 1,397940 0,000943
игорь 0,769551 0,000519
они 0,309804 0,000209
голос 0,958607 0,001293
свет 1,096910 0,003330
тот 0,376751 0,000762
возвращать 1,397940 0,000943
удовольствие 1,301030 0,000878
парень 1,096910 0,001110
знакомство 0,958607 0,001293
разрыв 1,397940 0,000943
tik 1,698970 0,001146
tok 1,698970 0,001146
андрей 0,508638 0,000343
атлас 1,698970 0,001146
безработный 1,522879 0,001027
жена 0,677781 0,001600
драка 1,154902 0,001169
остановка 1,522879 0,001027
зашкварный 1,698970 0,001146
история 0,283997 0,000192
где 0,455932 0,002614
логик 1,301030 0,006582
что 0,161151 0,000380
делать 0,744727 0,000502
мужской 1,221849 0,000824
загон 1,698970 0,001146
таня 1,397940 0,001886
бразильский 1,698970 0,001146
сливка 1,698970 0,001146
отпуск 1,045757 0,001411
свадьба 0,920819 0,000621
быть 0,161151 0,000272
батя 1,522879 0,001541
отцовский 1,698970 0,001146
метод 1,045757 0,000705
дуэль 1,301030 0,000878
кайфовый 1,698970 0,001719
комфортный 1,154902 0,000779
патриотичный 1,698970 0,001146
разговор 1,000000 0,001349
жрец 1,522879 0,001027
древний 0,886057 0,000598
культ 1,397940 0,000943
свобода 0,853872 0,000864
евгений 0,795880 0,000537
лех 1,698970 0,001146
подставить 1,522879 0,001027
логика 1,522879 0,001027
привет 1,221849 0,000824
карлуш 1,698970 0,001146
гурам 1,698970 0,001146
амарян 1,698970 0,001146
этикет 1,522879 0,001027
шахматист 1,522879 0,001027
маска 0,823909 0,000834
романа 0,585027 0,000395
косицын 1,698970 0,001146
молодой 1,000000 0,001012
африканский 1,522879 0,002054
десерт 1,301030 0,001316
будущий 0,795880 0,000805
раскривушка 1,698970 0,001146
майфун 1,698970 0,001146
недобрый 1,522879 0,001027
утро 0,886057 0,001494
бабушка 0,853872 0,000576
жалко 1,522879 0,001027
максим 0,958607 0,001293
лозицкий 1,698970 0,001146
вероника 1,522879 0,001027
полюшкин 1,698970 0,001146
такой 0,397940 0,002013
кино 0,455932 0,001845
татуировка 1,698970 0,001719
дед 1,221849 0,000824
вызвать 0,920819 0,000621
девять 1,522879 0,001027
нервный 1,154902 0,000779
радио 0,795880 0,000537
свой 0,301030 0,000305
надо 0,795880 0,000537
радоваться 1,522879 0,001027
сотка 1,522879 0,001027
начинать 1,096910 0,000740
интимный 1,698970 0,001146
стрижка 1,522879 0,001027
lab 1,522879 0,002054
лаборатория 1,221849 0,001648
антон 0,823909 0,001112
беляев 1,698970 0,002292
кавер 1,522879 0,001027
исполнение 1,221849 0,001236
little 1,154902 0,000779
big 1,221849 0,000824
настоящий 0,795880 0,000805
подсчет 1,522879 0,001027
крыса 1,301030 0,001316
art 1,045757 0,000705
of 0,853872 0,000576
motion 1,522879 0,001027
новость 0,161151 0,000109
лютый 1,698970 0,001146
прикольчик 1,698970 0,001146
жизнь 0,318759 0,000538
а 0,221849 0,000150
комбо 1,522879 0,001027
проблема 0,698970 0,000943
agny 1,698970 0,001719
актерство 1,698970 0,001146
скандал 0,958607 0,000647
общественный 0,744727 0,000502
перелезать 1,698970 0,001146
забор 1,522879 0,001027
этот 0,173925 0,000176
просто 0,602060 0,000406
прикол 1,522879 0,001027
макаров 1,397940 0,003772
малый 1,000000 0,000675
попутать 1,698970 0,001719
четверо 1,397940 0,000943
перезагрузка 1,522879 0,006677
себя 0,397940 0,000537
муж 0,958607 0,001617
найти 0,356547 0,000241
общий 0,823909 0,000834
ком 1,522879 0,001027
поем 1,698970 0,001146
днем 1,045757 0,000705
двор 1,301030 0,000878
мир 0,387216 0,000522
дружба 1,000000 0,001349
жвачка 1,698970 0,001719
зарождение 1,698970 0,001146
сетевой 0,585027 0,000395
маркетинг 1,154902 0,000779
реальный 0,853872 0,001152
пацан 1,698970 0,002292
хороший 0,408935 0,000414
средство 0,920819 0,000621
прыщ 1,698970 0,001146
караоке 1,698970 0,001719
niletto 1,698970 0,001146
харассмент 1,698970 0,001146
рабочий 1,045757 0,000705
место 0,481486 0,000325
трогать 1,698970 0,001146
мяч 1,397940 0,000943
зомбак 1,698970 0,001146
толика 1,698970 0,001719
шерстяной 1,698970 0,001146
суп 1,522879 0,001027
веселый 1,221849 0,000824
ребята 1,397940 0,000943
метро 1,045757 0,000705
виталия 1,154902 0,000779
савченко 1,698970 0,001146
майкл 1,522879 0,001027
детектор 1,522879 0,001027
ложь 1,397940 0,000943
месть 1,221849 0,000824
опоздун 1,698970 0,001146
телефонный 1,397940 0,001414
зависимость 1,397940 0,000943
полоса 1,096910 0,001110
препятствие 1,522879 0,001027
деревенский 1,301030 0,000878
маньячелло 1,698970 0,001719
спалиться 1,698970 0,001719
урок 0,958607 0,000647
дрессировка 1,698970 0,001146
безумный 1,154902 0,000779
человек 0,259637 0,000350
борьба 0,721246 0,000487
экология 1,096910 0,000740
оля 1,221849 0,000824
секретничать 1,698970 0,001146
проверка 0,853872 0,000576
свое 0,455932 0,000308
супер 1,221849 0,001648
способность 1,221849 0,000824
яковлев 1,000000 0,001349
знак 1,045757 0,000705
трамп 1,522879 0,001027
шокировать 1,397940 0,000943
тайный 0,823909 0,000556
развести 1,698970 0,001146
попов 1,301030 0,000878
мобила 1,698970 0,001146
гарик 1,698970 0,001146
смешить 1,698970 0,001146
истерик 1,698970 0,001719
бони 1,698970 0,001146
полярный 1,522879 0,004109
гипноз 1,698970 0,001146
песня 0,657577 0,000444
slame 1,698970 0,001146
polaroid 1,698970 0,001146
зритель 0,920819 0,000621
взбунтоваться 1,522879 0,001027
комедия 0,886057 0,000598
мунхоев 1,698970 0,001146
обстановка 1,154902 0,000779
вечеринка 1,154902 0,000779
яйцеклетка 1,698970 0,001146
кричать 1,698970 0,001146
хорошо 0,823909 0,000834
любовница 1,397940 0,002357
мисс 1,045757 0,000705
даугавпилс 1,698970 0,001146
интерна 1,698970 0,002865
пациентка 1,522879 0,001027
призрак 1,096910 0,000740
баба 1,397940 0,000943
катить 1,301030 0,001316
alien 1,698970 0,001146
crew 1,698970 0,001146
настя 1,154902 0,001169
собраться 1,301030 0,001316
хотеть 0,387216 0,000392
испытание 1,045757 0,001058
самый 0,251812 0,000255
опасный 0,744727 0,000502
паук 1,096910 0,001110
медицинский 1,096910 0,000740
ресторан 1,096910 0,001850
снупикрить 1,698970 0,001146
пар 1,301030 0,000878
гадание 1,522879 0,001027
яблоко 1,397940 0,000943
аля 1,301030 0,000878
покорять 1,522879 0,001027
москва 0,292430 0,000296
аферист 1,397940 0,000943
казино 1,522879 0,001027
спокойный 1,154902 0,000779
пациент 1,154902 0,000779
страшный 1,000000 0,001012
пирамидальность 1,698970 0,001146
денежный 1,522879 0,001027
потоков 1,698970 0,001146
съемный 1,698970 0,001146
квартира 0,853872 0,000864
влади 1,698970 0,001146
расул 1,522879 0,001027
чабдар 1,698970 0,001146
отгадывать 1,698970 0,001146
клип 1,154902 0,000779
нашествие 1,698970 0,001146
медуза 1,522879 0,001027
чебурек 1,698970 0,001146
губа 1,397940 0,000943
домашний 0,853872 0,001152
арест 1,096910 0,001110
чиновник 1,154902 0,000779
чей 1,221849 0,000824
поп 1,397940 0,000943
дельфина 1,154902 0,000779
b 0,958607 0,000647
boy 1,522879 0,001027
malish 1,698970 0,001146
милиционер 1,698970 0,001146
рэмбо 1,698970 0,001146
вне 1,096910 0,000740
важный 0,602060 0,000406
переговоры 0,958607 0,000647
силиконовый 1,698970 0,001146
обман 1,397940 0,000943
боль 1,000000 0,000675
нога 1,000000 0,000675
излишний 1,301030 0,000878
волосатость 1,698970 0,001146
бедный 0,958607 0,000647
лиля 1,698970 0,001146
тимати 1,698970 0,001146
джиган 1,698970 0,001146
орать 1,698970 0,001146
великолепно 1,698970 0,001146
так 0,481486 0,000325
тик 1,522879 0,001027
ток 1,154902 0,000779
заговор 1,397940 0,000943
прилипнуть 1,522879 0,001027
мужик 1,397940 0,000943
львенок 1,522879 0,001027
кусать 1,698970 0,001146
гаврилин 1,698970 0,001146
сильный 0,823909 0,000556
независимый 1,154902 0,000779
показаться 1,301030 0,000878
восточный 1,045757 0,000705
сказка 0,823909 0,000556
вафля 1,698970 0,001146
тест 0,602060 0,000812
обмен 1,154902 0,000779
спираль 1,698970 0,001146
ракушка 1,698970 0,001146
улитка 1,698970 0,001146
вокзал 0,698970 0,000471
покупка 0,853872 0,000576
смартфон 1,045757 0,000705
родитель 0,744727 0,000754
галустяный 1,698970 0,001719
менять 1,096910 0,000740
править 0,638272 0,000431
голый 1,397940 0,001886
петросян 1,522879 0,001027
отрыжка 1,698970 0,001146
сеанс 1,698970 0,001146
семейный 0,744727 0,001005
психолог 1,000000 0,000675
новогодний 1,000000 0,000675
беспредел 1,397940 0,000943
очко 1,154902 0,000779
фортуна 1,698970 0,001146
мультфильм 0,920819 0,000621
взрослый 0,920819 0,000621
пять 1,000000 0,000675
месяц 0,537602 0,000363
одиннадцатилетний 1,698970 0,001146
уникум 1,698970 0,001146
бес 1,397940 0,001414
сюрприз 1,221849 0,000824
испортить 1,698970 0,001146
день 0,236572 0,000160
рождение 0,602060 0,000406
подруга 1,096910 0,001110
толерантный 1,698970 0,001146
авиалиния 1,698970 0,001146
нурлана 1,698970 0,001719
сабуров 1,698970 0,001719
улыбка 1,397940 0,000943
бабка 1,522879 0,001027
спить 1,522879 0,001027
лобанов 1,522879 0,001027
встречать 1,096910 0,000740
психиатр 1,698970 0,001146
понятие 1,301030 0,001316
узнать 0,698970 0,000471
мошенник 1,045757 0,000705
друг 0,494850 0,000501
диета 1,154902 0,000779
сожительница 1,698970 0,001146
порадовать 1,522879 0,001027
дедушка 1,154902 0,000779
прожарка 1,698970 0,001719
прожаривать 1,698970 0,001146
водитель 0,920819 0,000621
мартиросян 1,698970 0,001146
народный 0,744727 0,000502
поверье 1,698970 0,001146
оставить 0,823909 0,000556
мигель 1,522879 0,002054
кодовый 1,698970 0,001146
слово 0,552842 0,000373
катарсис 1,698970 0,001146
лопахин 1,698970 0,001146
krosh 1,522879 0,001027
boogie 1,698970 0,001146
когда 0,397940 0,000537
билет 0,853872 0,000576
стоить 1,154902 0,000779
тысяча 0,568636 0,000384
забыть 0,657577 0,000444
миша 1,301030 0,000878
простить 1,301030 0,000878
гранита 1,698970 0,001146
наука 0,431798 0,000291
этель 1,522879 0,001027
самопальный 1,698970 0,001146
пропажа 1,698970 0,001719
фотография 0,795880 0,000537
розовый 1,221849 0,000824
мальчик 0,698970 0,000707
мертвый 0,920819 0,000621
запах 1,301030 0,000878
рыночный 1,397940 0,000943
отношение 0,481486 0,000487
лермонтов 1,154902 0,000779
или 0,292430 0,000296
пушкин 0,795880 0,000537
валентина 1,096910 0,001110
сидоров 1,698970 0,001719
имя 0,443697 0,000299
вопрос 0,420216 0,000425
леопардесса 1,698970 0,001146
гость 1,000000 0,001012
рубль 0,455932 0,000308
спасибо 1,000000 0,000675
родить 1,301030 0,000878
мень 0,657577 0,000887
монстр 1,045757 0,000705
гео 1,698970 0,001146
решить 0,677781 0,000457
отключение 1,301030 0,000878
горячий 1,221849 0,000824
вод 0,886057 0,000598
прикинуться 1,698970 0,001146
другой 0,356547 0,000241
красный 0,920819 0,000621
шапочка 1,522879 0,001027
уже 0,568636 0,000384
виталька 1,698970 0,001146
алкашний 1,698970 0,001146
специальный 0,744727 0,000502
царица 1,522879 0,001027
следственный 1,522879 0,001027
отдел 1,000000 0,000675
измена 1,301030 0,001755
нотация 1,698970 0,001146
любовник 1,397940 0,000943
стыдный 1,698970 0,001146
настолок 1,698970 0,001146
который 0,236572 0,000160
есть 0,508638 0,000343
масло 1,096910 0,000740
южный 1,000000 0,000675
фантастический 0,958607 0,000647
улица 0,823909 0,000834
бросить 0,886057 0,000598
висхолдер 1,698970 0,001146
отель 1,096910 0,000740
камедюшник 1,698970 0,001146
красноярск 1,096910 0,000740
вампирский 1,397940 0,001414
сага 1,221849 0,000824
вампир 1,045757 0,000705
средний 1,154902 0,000779
блог 0,795880 0,000537
заклинание 1,522879 0,001027
электрошокер 1,698970 0,001146
подкат 1,698970 0,001146
е 0,823909 0,000556
русский 0,318759 0,000323
богатырь 1,522879 0,001027
сосед 1,397940 0,000943
выбирать 1,000000 0,000675
вика 1,522879 0,001027
складчиков 1,698970 0,001146
сидеть 1,397940 0,000943
комик 1,221849 0,000824
карат 1,698970 0,001146
выгнать 1,397940 0,000943
конкурентка 1,698970 0,001146
программа 0,420216 0,000283
слабый 1,221849 0,000824
групповой 1,698970 0,001146
фото 0,568636 0,000384
отдохнуть 1,397940 0,000943
пародия 1,397940 0,000943
японский 1,096910 0,000740
удаление 1,522879 0,001027
выбор 0,619789 0,000418
жених 1,301030 0,000878
тигр 1,522879 0,001027
старовойтов 1,698970 0,001719
удаленок 1,698970 0,001146
секретарша 1,698970 0,001146
появиться 0,721246 0,000487
невестка 1,698970 0,001146
цыганка 1,522879 0,001027
cadillac 1,397940 0,000943
лолита 1,522879 0,001027
элджей 1,698970 0,001146
пострадать 1,096910 0,000740
коля 1,698970 0,001146
парк 1,045757 0,000705
виноватый 1,522879 0,001027
сложный 0,886057 0,000598
гарнир 1,698970 0,001146
помочь 0,537602 0,000544
сбросить 1,522879 0,001027
напряжение 1,522879 0,001027
tiktok 1,221849 0,000824
продать 1,045757 0,000705
рабство 1,301030 0,001316
камызяк 1,698970 0,001719
душить 0,823909 0,000556
эвелина 1,301030 0,000878
бледанс 1,522879 0,001027
аниматор 1,698970 0,001146
пират 1,397940 0,000943
тесть 1,698970 0,001146
роля 0,744727 0,000502
грабитель 1,397940 0,000943
стыковка 1,698970 0,001146
лох 1,522879 0,001027
страх 1,096910 0,000740
высота 1,301030 0,000878
дождаться 1,301030 0,000878
добросовестный 1,698970 0,001146
соседка 1,301030 0,000878
перед 0,769551 0,000519
драйв 1,045757 0,000705
дверь 1,154902 0,000779
пьяный 1,045757 0,000705
небезопасный 1,698970 0,001146
аквапарк 1,698970 0,001146
детство 0,920819 0,000621
малюсенький 1,698970 0,001146
напарник 1,522879 0,001027
айза 1,397940 0,000943
баста 1,522879 0,001027
изгнание 1,221849 0,000824
woman 1,397940 0,000943
неправильно 1,698970 0,001146
загадать 1,698970 0,001146
желание 1,045757 0,000705
ульян 1,522879 0,001027
пылаев 1,698970 0,001146
екатерина 0,886057 0,000598
решетников 1,698970 0,001146
ягодица 1,698970 0,001146
сосачка 1,698970 0,001146
свидание 1,096910 0,000740
машка 1,698970 0,001146
шанс 1,045757 0,000705
спасение 1,045757 0,000705
петь 1,154902 0,001169
правило 0,769551 0,000779
скороговорка 1,698970 0,001146
кравец 1,698970 0,001146
билан 1,698970 0,001146
соболев 1,301030 0,000878
нарисовать 1,301030 0,000878
здесь 0,698970 0,000471
личинка 1,698970 0,001146
обмануть 1,154902 0,000779
деликатес 1,522879 0,001027
поссориться 1,698970 0,001146
фотка 1,698970 0,001146
сжечь 1,301030 0,000878
машина 0,853872 0,000576
деньга 0,853872 0,000576
французский 0,795880 0,000537
горошек 1,522879 0,001027
идти 0,657577 0,000444
хвостик 1,698970 0,001146
потрогать 1,698970 0,001146
ночной 1,154902 0,000779
клуб 0,657577 0,000665
дорогой 0,744727 0,000502
его 0,346787 0,000234
звать 1,096910 0,000740
олег 0,721246 0,000487
значить 1,000000 0,000675
лет 0,337242 0,000227
ипотека 1,154902 0,000779
рэп 1,522879 0,001027
интерьер 1,301030 0,000878
финалист 1,522879 0,001027
последний 0,318759 0,000323
сезон 0,568636 0,000384
ева 1,000000 0,000675
уваров 1,698970 0,001146
аня 1,221849 0,001236
седоковый 1,698970 0,001146
выдавать 1,221849 0,000824
смешной 1,154902 0,000779
версия 0,522879 0,000353
дурацкий 1,698970 0,001146
автомат 1,522879 0,001027
игрушка 1,301030 0,000878
кровать 1,522879 0,001027
кузнец 1,698970 0,001146
лебедь 1,301030 0,000878
рак 1,045757 0,000705
щука 1,522879 0,001027
whiphead 1,698970 0,001146
fam 1,698970 0,001146
имитация 1,522879 0,001027
трек 1,698970 0,001146
жорик 1,698970 0,001146
мишка 1,397940 0,000943
виновный 1,221849 0,000824
эвакуация 1,301030 0,000878
корабль 0,886057 0,000598
личность 1,154902 0,000779
внутри 1,045757 0,000705
черданец 1,698970 0,001146
заходить 1,221849 0,000824
бар 1,522879 0,001027
лишний 1,221849 0,001236
вес 1,221849 0,000824
голосовой 1,522879 0,001027
сообщение 0,677781 0,000457
моральный 1,301030 0,000878
профессия 0,958607 0,000647
бизнес 0,468521 0,000316
предложение 0,853872 0,000576
хилькевич 1,698970 0,001146
добывать 1,698970 0,001146
еда 1,045757 0,000705
презерватив 1,698970 0,001146
газовый 1,221849 0,000824
баллончик 1,698970 0,001146
убрать 1,154902 0,000779
конкурент 1,301030 0,000878
гусар 1,698970 0,002292
приворотный 1,698970 0,001146
марьяна 1,698970 0,001719
зотов 1,522879 0,001027
общак 1,698970 0,001146
матютя 1,698970 0,001146
кровожадный 1,698970 0,001146
хемингуэй 1,698970 0,001146
ахмедов 1,698970 0,001146
господь 1,522879 0,001027
непрофессиональный 1,698970 0,001146
инспектор 1,522879 0,001027
талант 0,920819 0,000621
вонючий 1,698970 0,001146
случай 0,568636 0,000384
зураб 1,698970 0,001146
матуа 1,698970 0,001146
предпоследний 1,522879 0,001027
инстанция 1,522879 0,001027
проявить 1,522879 0,001027
жалость 1,698970 0,001146
прятать 1,522879 0,001027
потерять 0,823909 0,000556
три 0,522879 0,000353
струна 1,522879 0,001027
оба 1,000000 0,000675
дачный 1,397940 0,000943
мечта 1,096910 0,000740
лицо 0,537602 0,000363
blast 1,698970 0,001719
почетный 1,301030 0,000878
житель 0,602060 0,000406
девочка 0,823909 0,000556
красть 1,522879 0,001027
бумага 0,886057 0,000598
офис 1,154902 0,000779
отдых 1,000000 0,000675
сочить 0,920819 0,000621
вадима 1,045757 0,000705
постильный 1,698970 0,001146
собеседование 1,397940 0,000943
паранойя 1,698970 0,001146
гимнаст 1,698970 0,001146
камедь 1,698970 0,001146
клаб 1,698970 0,001146
обжечься 1,698970 0,001146
считать 0,744727 0,000502
собака 1,096910 0,000740
преданный 1,522879 0,001027
сафронов 1,522879 0,001027
домовый 1,522879 0,001027
чатик 1,698970 0,001146
спонтанность 1,698970 0,001146
осенний 1,397940 0,000943
хандра 1,698970 0,001146
мать 0,721246 0,000730
героиня 1,045757 0,000705
блиц 1,698970 0,001146
вот 0,677781 0,000457
приворот 1,522879 0,001027
враг 1,096910 0,001110
соседство 1,522879 0,001027
химик 1,397940 0,000943
небоскреб 1,522879 0,001027
отдыхать 1,221849 0,000824
мэр 1,045757 0,001058
бояться 1,000000 0,000675
будить 1,397940 0,000943
спать 1,301030 0,000878
линда 1,397940 0,000943
лето 0,853872 0,000576
российский 0,229148 0,000155
футболист 1,397940 0,000943
назад 0,638272 0,000431
будущее 0,602060 0,000406
дрить 1,698970 0,001146
тим 1,397940 0,000943
хаус 1,221849 0,000824
тужилина 1,698970 0,001146
священник 1,397940 0,000943
увидеть 1,154902 0,000779
живить 1,397940 0,000943
тридцать 1,301030 0,000878
крепостной 1,698970 0,001146
недовольный 1,522879 0,001027
клиент 1,000000 0,000675
кучин 1,698970 0,001146
мочь 0,236572 0,000160
лягушка 1,522879 0,001027
рассинхронный 1,698970 0,001146
перевод 1,000000 0,000675
фэшн 1,301030 0,000878
термин 1,301030 0,000878
семен 1,301030 0,000878
топ 0,677781 0,000457
модель 0,769551 0,000519
невероятный 1,096910 0,000740
прорыв 1,522879 0,001027
хопкинс 1,698970 0,001146
старение 1,698970 0,001146
vr 1,301030 0,000878
презентация 1,301030 0,000878
андроид 1,698970 0,001146
божественный 1,522879 0,001027
пение 1,698970 0,001146
наталья 0,795880 0,000537
виктор 0,698970 0,000471
выпивать 1,698970 0,001146
попа 1,522879 0,001027
поцелуй 1,522879 0,001027
катька 1,698970 0,001146
сойти 1,522879 0,001027
ум 1,000000 0,000675
превращаться 1,301030 0,000878
природа 1,045757 0,000705
труп 1,397940 0,000943
уйти 0,795880 0,000537
лес 0,958607 0,000647
щенок 1,397940 0,000943
лабрадор 1,698970 0,001146
индивидуальный 1,698970 0,001146
занятие 1,096910 0,000740
малыш 1,045757 0,000705
