вести 0,853872 0,012937
фм 1,698970 0,051484
слушать 1,045757 0,047534
эфир 0,677781 0,020539
видеотрансляция 1,698970 0,051484
соловьев 1,154902 0,034997
новости 0,173925 0,005270
программы 0,721246 0,021856
коллектив 1,698970 0,051484
эксперты 0,853872 0,025875
реклама 0,346787 0,010509
города 0,657577 0,019927
вещания 1,397940 0,042362
смотреть 0,552842 0,016753
путин 0,721246 0,021856
попрощался 1,301030 0,039425
лидером 1,154902 0,034997
лдпр 0,744727 0,022567
владимиром 0,677781 0,020539
жириновским 0,585027 0,017728
вконтакте 0,638272 0,029012
одноклассники 0,823909 0,037450
российская 0,886057 0,026850
авиация 1,397940 0,042362
поразила 1,698970 0,051484
более 0,494850 0,014995
военных 0,795880 0,024118
объектов 1,301030 0,039425
украине 0,537602 0,016291
полная 1,221849 0,037026
версия 0,744727 0,022567
сайта 0,508638 0,015413
