интерфакс 1,522879 0,011043
новость 0,161151 0,001381
мобильный 0,769551 0,001015
версия 0,522879 0,000689
interfax 1,698970 0,004480
com 0,744727 0,000982
россия 0,214670 0,001557
финмаркет 1,698970 0,002240
еще 0,327902 0,001081
туризм 1,045757 0,001379
недвижимость 0,823909 0,001629
событие 0,455932 0,000902
образование 0,657577 0,000867
религия 1,154902 0,001523
usd 1,397940 0,001843
eur 1,397940 0,001843
вход 0,602060 0,000794
для 0,107905 0,000854
подписчик 1,096910 0,001446
главное 0,327902 0,000648
миро 0,337242 0,000889
экономика 0,522879 0,001379
спорт 0,397940 0,000787
культура 0,468521 0,000618
москва 0,292430 0,000964
digital 1,221849 0,001611
весь 0,107905 0,000569
сюжет 0,744727 0,000982
фото 0,568636 0,002624
поиск 0,387216 0,000766
хроник 1,154902 0,001523
военный 0,522879 0,002413
операция 0,657577 0,002601
украина 0,455932 0,001803
обновить 0,769551 0,001015
цб 0,795880 0,002099
рф 0,568636 0,007122
снизить 0,677781 0,001787
ключевой 0,619789 0,002043
ставка 0,657577 0,001300
годовыхважно 1,698970 0,002240
ес 0,920819 0,003642
опубликовать 0,494850 0,000979
пятый 0,795880 0,002099
пакет 0,823909 0,002172
санкция 0,537602 0,004961
против 0,387216 0,001787
яндекс 0,585027 0,001157
начало 0,638272 0,001262
маркировать 1,221849 0,002416
ресурс 0,853872 0,001689
google 0,744727 0,001473
как 0,187087 0,000493
нарушитель 1,096910 0,002169
законодательство 0,638272 0,001262
опровергнуть 0,958607 0,001896
причастность 1,221849 0,003222
удар 0,494850 0,001631
вокзал 0,698970 0,001843
краматорск 0,602060 0,001984
подозреваемый 1,301030 0,001715
нападение 0,958607 0,002528
главред 1,096910 0,001446
новый 0,244125 0,000644
газета 0,853872 0,001126
задержать 0,886057 0,001168
прощание 0,744727 0,001473
владимир 0,301030 0,000595
жириновский 0,431798 0,000854
последний 0,318759 0,000420
swedbank 1,698970 0,002240
прекратить 1,397940 0,002765
финансовый 0,638272 0,000841
белоруссия 1,000000 0,001318
дипломатический 1,522879 0,003012
противостояние 1,301030 0,002573
премьер 0,638272 0,000841
болгария 1,301030 0,001715
объяснить 0,677781 0,000894
почему 0,366532 0,000483
российский 0,229148 0,001057
посол 1,221849 0,002416
не 0,136677 0,000721
высылать 1,397940 0,001843
иза 0,167491 0,000994
софия 1,154902 0,001523
британский 1,000000 0,001318
институт 0,886057 0,001168
международный 0,508638 0,001341
отношенье 1,045757 0,001379
признать 0,958607 0,001264
нежелательный 1,522879 0,002008
черногория 1,698970 0,002240
присоединиться 1,301030 0,001715
днр 0,823909 0,001629
решить 0,677781 0,001340
работа 0,431798 0,000854
миссия 1,221849 0,001611
обсе 1,397940 0,001843
сбербанк 1,397940 0,001843
прогнозировать 1,522879 0,002008
снижение 1,000000 0,001978
ставок 1,096910 0,002892
конец 0,657577 0,000867
год 0,236572 0,001404
песок 0,698970 0,001843
рассказать 0,366532 0,001691
отношение 0,481486 0,000635
страна 0,387216 0,001021
голосовать 1,221849 0,001611
приостановка 1,221849 0,001611
членство 1,000000 0,001318
спчий 0,920819 0,001214
ожидаться 1,154902 0,001523
сильный 0,823909 0,001086
ветер 1,000000 0,001318
дождь 1,154902 0,001523
после 0,356547 0,000470
эмбарго 1,301030 0,002573
планировать 0,769551 0,001522
экспорт 1,301030 0,002573
уголь 0,886057 0,001752
альтернативный 1,096910 0,001446
европа 0,585027 0,000771
рынок 0,769551 0,002029
мираторга 1,045757 0,001379
увидеть 1,154902 0,001523
веский 1,698970 0,002240
причина 0,853872 0,001126
проверка 0,853872 0,001126
фас 1,045757 0,001379
суд 0,795880 0,001049
федерация 0,698970 0,001382
снять 0,769551 0,001015
саночник 1,154902 0,001523
пояснить 1,522879 0,002008
свое 0,455932 0,000902
заявление 0,853872 0,001126
срок 0,886057 0,001168
спецоперация 0,657577 0,000867
экспортный 1,522879 0,002008
пошлина 1,522879 0,002008
пшеница 1,522879 0,002008
апрель 0,275724 0,000727
впервые 0,744727 0,001473
превысить 1,301030 0,001715
заявить 0,677781 0,000894
непричастность 1,698970 0,002240
гендиректор 1,154902 0,001523
оак 1,221849 0,001611
анонсировать 1,154902 0,001523
выпуск 0,698970 0,000922
минимум 1,154902 0,001523
superjet 1,522879 0,002008
шахматистка 1,096910 0,001446
музычук 1,221849 0,001611
отстранить 1,301030 0,001715
отказ 0,886057 0,001752
выступить 0,920819 0,001214
россиянин 0,602060 0,000794
volvo 1,301030 0,001715
group 1,397940 0,002765
оценить 0,920819 0,001214
миллион 0,537602 0,000709
убыток 1,522879 0,002008
геополитика 1,698970 0,002240
ек 1,698970 0,002240
рассчитывать 1,301030 0,001715
что 0,161151 0,000425
глубокий 1,096910 0,001446
поразить 1,397940 0,001843
росстройконтроль 1,698970 0,002240
ждать 0,619789 0,000817
ухудшение 1,522879 0,002008
качество 0,795880 0,001049
дом 0,356547 0,000470
импортный 1,522879 0,002008
материал 0,292430 0,000386
арестованный 1,522879 0,002008
бизнесмен 1,096910 0,001446
шпигель 1,221849 0,001611
госпитализировать 1,154902 0,002284
подозрение 1,522879 0,003012
четвертый 1,045757 0,001379
инфаркт 1,698970 0,002240
нефтяник 1,522879 0,002008
даль 1,221849 0,001611
полгода 1,522879 0,002008
замена 1,154902 0,001523
импорт 0,958607 0,001264
арктический 1,698970 0,002240
топливо 1,154902 0,001523
два 0,346787 0,000457
заблокировать 1,096910 0,001446
шахта 1,000000 0,001318
суэк 1,698970 0,002240
рабочий 1,045757 0,001379
вывести 1,221849 0,001611
поверхность 1,301030 0,001715
втб 1,301030 0,002573
готовиться 0,920819 0,001821
ипотека 1,154902 0,001523
вслед 1,397940 0,001843
решение 0,619789 0,001634
торговый 0,958607 0,001264
центр 0,455932 0,001803
махачкала 1,221849 0,001611
упасть 0,920819 0,001214
лифт 1,301030 0,001715
пассажир 1,045757 0,001379
rutube 1,096910 0,001446
возрасти 1,698970 0,002240
объем 1,522879 0,003012
кибератак 1,522879 0,003012
сервис 0,537602 0,000709
польша 0,920819 0,001821
вызвать 0,920819 0,001821
мид 0,853872 0,001126
ракетный 1,000000 0,001978
австралия 1,154902 0,001523
пошлый 1,221849 0,001611
далекий 0,769551 0,001015
путь 0,721246 0,000951
персональный 0,619789 0,001226
включить 0,958607 0,001264
список 0,619789 0,000817
набиуллин 1,522879 0,002008
кипр 1,698970 0,002240
смягчить 1,698970 0,002240
править 0,638272 0,000841
въезд 1,397940 0,001843
вступить 1,397940 0,001843
сила 0,698970 0,000922
август 0,958607 0,001264
покупка 0,853872 0,001126
продажа 0,657577 0,000867
фнб 1,698970 0,002240
быть 0,161151 0,000637
определять 1,301030 0,001715
минфин 1,096910 0,001446
власть 0,638272 0,001262
япония 0,698970 0,001382
объявить 0,769551 0,001015
расширение 1,522879 0,002008
мировой 0,721246 0,000951
цена 0,619789 0,000817
продовольствие 1,045757 0,001379
достигнуть 0,958607 0,001264
рекордный 1,522879 0,002008
уровень 0,886057 0,001752
история 0,283997 0,000374
источник 1,045757 0,001379
сообщить 0,585027 0,001543
задержание 1,397940 0,001843
подозревать 1,000000 0,001318
муратов 1,154902 0,002284
франция 0,795880 0,001574
отключение 1,301030 0,001715
газа 1,221849 0,002416
предприятие 0,886057 0,002336
пря 0,387216 0,000511
прекращение 1,397940 0,002765
снабжение 1,698970 0,002240
рспп 1,698970 0,002240
назвать 0,568636 0,000750
риск 1,154902 0,001523
закон 0,657577 0,000867
наказание 0,958607 0,001264
исполнение 1,221849 0,002416
рубль 0,455932 0,000902
опуститься 1,221849 0,001611
доллар 0,698970 0,000922
евро 0,769551 0,001015
внеплановый 1,397940 0,001843
получить 0,420216 0,000831
ожог 1,698970 0,002240
глаз 0,886057 0,001168
результат 0,698970 0,001382
поезд 0,795880 0,001049
банк 0,795880 0,002623
годовой 0,886057 0,001168
эксперт 0,568636 0,001499
счесть 1,301030 0,001715
вариант 0,920819 0,001214
коронавирус 0,677781 0,001787
xe 1,221849 0,001611
волна 1,045757 0,001379
заболеваемость 1,301030 0,001715
крым 0,920819 0,001214
завести 1,397940 0,001843
дело 0,481486 0,000952
ялтинец 1,698970 0,002240
задание 1,397940 0,001843
портрет 1,221849 0,001611
любовница 1,397940 0,001843
пикассо 1,397940 0,001843
выставить 1,397940 0,001843
аукцион 1,522879 0,002008
сибур 1,698970 0,002240
sinopec 1,698970 0,002240
принять 0,638272 0,000841
пересмотр 1,698970 0,002240
стратегия 1,221849 0,001611
проект 0,259637 0,000342
амурский 1,301030 0,001715
гхк 1,698970 0,002240
пашинян 1,698970 0,002240
отменить 0,958607 0,001264
приговор 1,522879 0,002008
тилетный 1,698970 0,002240
давность 1,698970 0,002240
массовый 0,508638 0,000671
беспорядок 1,397940 0,001843
пандемия 1,154902 0,001523
сутки 0,795880 0,001049
много 0,301030 0,000397
тысяча 0,568636 0,000750
человек 0,259637 0,000513
выслать 1,397940 0,001843
восемь 1,045757 0,001379
дипломат 0,886057 0,001168
загрузить 0,958607 0,001264
дата 0,769551 0,001522
выбрать 0,568636 0,000750
подписаться 0,677781 0,001787
самый 0,251812 0,000332
читаемый 1,096910 0,001446
кремль 0,769551 0,001015
отвергнуть 1,397940 0,001843
обвинение 1,000000 0,001318
убийство 0,853872 0,001126
украинский 0,522879 0,000689
буча 0,920819 0,001214
cnn 1,698970 0,002240
тайный 0,823909 0,001086
испытание 1,045757 0,001379
гиперзвуковой 1,698970 0,002240
ракета 0,823909 0,001086
сша 0,508638 0,000671
марта 0,886057 0,001168
новое 0,214670 0,000283
запрет 0,795880 0,001049
три 0,522879 0,000689
дума 1,096910 0,001446
внести 1,096910 0,001446
законопроект 1,154902 0,001523
колония 1,221849 0,001611
антироссийский 0,886057 0,001168
фотогалерея 1,301030 0,001715
фотохроника 1,522879 0,002008
победитель 0,853872 0,001126
world 1,096910 0,002169
press 1,154902 0,001523
photo 1,522879 0,002008
протест 1,154902 0,001523
перу 1,397940 0,001843
выбор 0,619789 0,000817
редакция 0,366532 0,000725
произойти 0,886057 0,001168
наука 0,431798 0,000569
вечерний 1,045757 0,001379
дайджест 1,221849 0,001611
повесть 1,154902 0,001523
дружба 1,000000 0,001318
недружба 1,698970 0,002240
судебный 1,221849 0,001611
обзор 0,795880 0,001049
путин 0,602060 0,000794
распорядиться 1,522879 0,002008
перевести 1,397940 0,001843
оплата 1,045757 0,001379
обобщение 1,698970 0,002240
интервью 0,522879 0,000689
вица 1,522879 0,002008
спикер 1,698970 0,002240
госдума 0,823909 0,001086
сейчас 0,481486 0,000635
нужный 0,552842 0,000729
оперативный 1,522879 0,002008
порыть 1,397940 0,001843
жесткий 1,301030 0,001715
стабильность 1,522879 0,002008
продрынок 1,698970 0,002240
алексей 0,552842 0,000729
гордеев 1,698970 0,002240
санкционный 0,886057 0,001168
давление 1,000000 0,001978
сельский 1,301030 0,001715
хозяйство 1,221849 0,001611
импортозамещение 1,000000 0,001978
глава 0,522879 0,000689
ооо 0,853872 0,001126
цифра 1,096910 0,001446
иллюзия 1,154902 0,001523
должно 1,221849 0,002416
иностранный 0,721246 0,000951
вендор 1,698970 0,002240
работать 0,431798 0,000569
компания 0,443697 0,001462
под 0,376751 0,000497
игорь 0,769551 0,001015
богачев 1,698970 0,002240
влияние 1,397940 0,002765
it 0,823909 0,001086
иран 1,522879 0,002008
одинаковый 1,522879 0,002008
условие 0,468521 0,000927
разный 0,677781 0,000894
адлан 1,698970 0,002240
маргоев 1,698970 0,002240
ближневосточный 1,698970 0,002240
исследование 0,958607 0,001264
они 0,309804 0,000613
мгимо 1,397940 0,001843
прокомментировать 0,958607 0,001264
оказывать 1,698970 0,002240
тегеран 1,698970 0,002240
замглавы 1,301030 0,001715
мвд 1,154902 0,001523
следствие 1,045757 0,002068
доступ 0,920819 0,001214
баз 1,045757 0,001379
данный 0,455932 0,000902
оператор 1,397940 0,001843
связь 0,309804 0,000613
сергей 0,408935 0,000809
лебедев 1,397940 0,001843
орган 1,045757 0,001379
предварительный 1,301030 0,001715
пресс 0,552842 0,001822
январь 0,886057 0,001168
евразийский 1,698970 0,002240
ассоциация 1,301030 0,001715
конный 1,698970 0,002240
намерить 1,096910 0,001446
провести 0,721246 0,000951
соревнование 1,397940 0,001843
запланировать 1,397940 0,001843
стать 0,301030 0,000397
партнер 0,619789 0,000817
профильный 1,698970 0,002240
таиланд 1,522879 0,002008
китай 0,721246 0,000951
участие 0,677781 0,000894
кубок 1,397940 0,001843
нация 1,301030 0,001715
этот 0,173925 0,000229
пригласить 1,301030 0,001715
декабрь 0,795880 0,001574
росводоканал 1,698970 0,003360
внедрять 1,698970 0,003360
регион 0,619789 0,001226
технология 0,408935 0,000809
утилизация 1,522879 0,003012
осадок 1,522879 0,003012
сточный 1,698970 0,003360
вод 0,886057 0,001752
группа 0,823909 0,001629
позволять 0,886057 0,001168
сократить 1,397940 0,001843
загрязнение 1,522879 0,002008
почва 1,522879 0,002008
минимизировать 1,522879 0,002008
негативный 1,522879 0,002008
последствие 0,920819 0,001214
окружающий 1,522879 0,002008
среда 1,000000 0,001318
ликвидировать 1,221849 0,001611
неприятный 1,522879 0,002008
запах 1,301030 0,001715
иловый 1,698970 0,002240
поля 1,154902 0,001523
который 0,236572 0,000312
жаловаться 1,397940 0,001843
житель 0,602060 0,000794
применять 1,301030 0,001715
метод 1,045757 0,001379
эффективность 1,397940 0,001843
представитель 0,920819 0,001821
конференция 0,853872 0,001126
пятница 0,886057 0,001168
обсудить 0,958607 0,001896
существование 1,221849 0,001611
ссср 0,795880 0,001049
его 0,346787 0,000457
мир 0,387216 0,000511
летие 1,045757 0,001379
подписание 1,698970 0,002240
беловежский 1,698970 0,002240
соглашение 0,443697 0,000585
мнение 0,602060 0,000794
высказать 1,221849 0,001611
александра 0,443697 0,000877
шохин 1,698970 0,002240
томас 1,301030 0,001715
грэм 1,397940 0,001843
дынкин 1,698970 0,002240
шахрай 1,522879 0,002008
андрей 0,508638 0,000671
кортун 1,698970 0,002240
глеб 1,397940 0,001843
кузнецов 1,154902 0,001523
релиз 0,958607 0,001264
business 1,301030 0,004288
wire 1,698970 0,002240
адриана 1,698970 0,002240
грение 1,698970 0,002240
назначить 1,301030 0,001715
главный 0,346787 0,000457
интерес 0,886057 0,001168
земля 0,744727 0,000982
view 1,096910 0,001446
псба 1,397940 0,002765
профессиональный 0,958607 0,001896
сообщество 1,154902 0,001523
инициатива 1,221849 0,001611
развитие 0,568636 0,000750
диверсификация 1,397940 0,001843
wirea 1,698970 0,002240
w 1,522879 0,002008
pharma 1,698970 0,002240
ltd 1,698970 0,002240
сообщать 1,301030 0,001715
запуск 1,096910 0,001446
фармацевтический 1,698970 0,002240
мальта 1,698970 0,002240
предложить 0,744727 0,000982
дополнительный 0,853872 0,001126
мера 0,823909 0,001086
поддержка 0,537602 0,000709
участник 0,823909 0,001086
госзакупка 1,397940 0,001843
wirecostar 1,698970 0,002240
приобретать 1,522879 0,002008
immo 1,698970 0,002240
вести 0,657577 0,000867
информационный 0,481486 0,000952
служба 0,431798 0,000569
коммерческий 1,221849 0,001611
контакт 0,387216 0,000511
вакансия 0,657577 0,000867
реклама 0,259637 0,000342
сайт 0,173925 0,000459
copyright 1,096910 0,001446
право 0,292430 0,000386
защитить 0,552842 0,000729
информация 0,327902 0,001081
разместить 0,721246 0,000951
веб 1,397940 0,001843
предназначить 1,045757 0,001379
только 0,283997 0,000374
пользование 1,522879 0,002008
подлежать 1,301030 0,001715
дальнейший 1,045757 0,001379
воспроизведение 1,221849 0,001611
или 0,292430 0,000386
распространение 1,221849 0,001611
какой 0,337242 0,000445
либо 1,000000 0,001318
форма 0,795880 0,001049
иначе 1,154902 0,001523
письменный 0,958607 0,001264
разрешение 0,769551 0,001015
продукт 0,769551 0,001015
товар 1,221849 0,001611
спарк 1,522879 0,002008
x 0,853872 0,001126
compliance 1,522879 0,002008
скаут 1,698970 0,002240
маркер 1,698970 0,002240
астра 1,698970 0,002240
dun 1,698970 0,002240
bradstreet 1,698970 0,002240
скан 1,698970 0,002240
ru 0,180456 0,000357
datum 1,045757 0,001379
раскрытие 1,522879 0,002008
корпоративный 1,397940 0,001843
обнаружить 0,958607 0,001264
ошибка 0,677781 0,001340
выделить 0,853872 0,001126
фрагмент 1,154902 0,001523
текст 0,585027 0,000771
нажать 0,920819 0,001214
ctrl 0,958607 0,001264
enter 0,958607 0,001264
использование 0,408935 0,000809
дизайн 0,920819 0,001214
motka 1,698970 0,002240
подписка 0,677781 0,000894
хотеть 0,387216 0,000511
получать 0,677781 0,000894
день 0,236572 0,000312
ночь 0,721246 0,000951
важный 0,602060 0,000794
срочный 1,301030 0,001715
ввести 0,721246 0,000951
код 0,823909 0,001086
картинка 1,000000 0,001318
бизнес 0,468521 0,000618
создавать 1,000000 0,001318
сми 0,468521 0,000618
попробовать 0,958607 0,001264
