img 0,795880 0,000525
src 0,795880 0,001051
https 0,721246 0,000952
c 0,721246 0,000952
paypal 1,522879 0,002010
com 0,744727 0,000983
v 0,795880 0,001051
r 1,000000 0,001980
d 0,920819 0,001216
b 0,958607 0,001265
n 1,301030 0,001718
a 0,638272 0,000843
litre 1,522879 0,002010
bhknhjm 1,698970 0,002243
nv 1,698970 0,002243
ba 1,698970 0,002243
amp 1,397940 0,003691
s 0,721246 0,000952
j 1,000000 0,001320
style 0,823909 0,001088
display 1,397940 0,001845
none 1,522879 0,002010
электронный 0,619789 0,002864
библиотека 0,853872 0,007891
mybook 1,698970 0,014579
читать 0,537602 0,003903
книга 0,552842 0,017881
онлайн 0,387216 0,001278
новинка 0,677781 0,004026
бестселлер 1,154902 0,003812
литература 0,744727 0,002458
что 0,161151 0,001064
выбрать 0,568636 0,002252
подписка 0,677781 0,005369
войти 0,468521 0,000928
аудиокнига 1,221849 0,008872
бесплатный 0,853872 0,003382
топ 0,677781 0,003132
загрузить 0,958607 0,002531
свой 0,301030 0,000993
подкаста 0,657577 0,001736
слушать 0,886057 0,002924
один 0,356547 0,000706
день 0,236572 0,000937
бесплатно 0,958607 0,001898
каждый 0,552842 0,001825
месяц 0,537602 0,001774
подборка 0,721246 0,001904
рекомендация 1,045757 0,002071
оффлайн 1,698970 0,002243
или 0,292430 0,001158
еще 0,327902 0,001299
хороший 0,408935 0,002429
бизнес 0,468521 0,001546
деловой 1,154902 0,003049
научно 1,154902 0,001525
популярный 0,455932 0,000602
издательство 0,958607 0,001265
манна 1,698970 0,002243
иванов 0,823909 0,001088
фербер 1,698970 0,002243
альпина 1,522879 0,002010
паблишер 1,698970 0,002243
олимп 1,522879 0,002010
другой 0,356547 0,001177
переговоры 0,958607 0,001265
минута 1,045757 0,002071
экспресс 1,522879 0,002010
курс 0,602060 0,001192
общение 0,920819 0,001216
эдуарда 1,221849 0,001613
трымбовецкий 1,698970 0,002243
воронка 1,698970 0,002243
продажа 0,657577 0,001302
метода 1,698970 0,002243
storybrand 1,698970 0,002243
пошаговый 1,301030 0,001718
руководство 0,920819 0,001216
donald 1,698970 0,003364
miller 1,698970 0,003364
экономика 0,522879 0,000690
для 0,107905 0,000783
тот 0,376751 0,001492
кто 0,346787 0,000916
нея 1,045757 0,001381
не 0,136677 0,000902
мочь 0,236572 0,000625
слышать 1,397940 0,001845
сергей 0,408935 0,000810
нечаев 1,522879 0,002010
я 0,346787 0,000687
редактор 0,508638 0,000671
настольный 1,698970 0,002243
весь 0,107905 0,000926
работать 0,431798 0,000570
медиа 0,769551 0,001016
николай 0,568636 0,001877
кононов 1,698970 0,002243
палец 1,522879 0,002010
развитие 0,568636 0,000751
навык 1,154902 0,001525
управление 0,920819 0,001216
маркетинг 1,154902 0,001525
работа 0,431798 0,000855
любовь 0,468521 0,000928
как 0,187087 0,000617
построить 0,958607 0,001265
успешный 1,045757 0,001381
карьера 0,958607 0,001265
превратить 1,301030 0,001718
она 0,356547 0,000941
источник 1,045757 0,001381
вдохновение 1,301030 0,001718
счастье 0,769551 0,001016
ольга 0,721246 0,000952
лермонтов 1,154902 0,001525
путь 0,721246 0,001428
ускорить 1,522879 0,002010
продвижение 1,154902 0,001525
финансовый 0,638272 0,000843
свобода 0,853872 0,001127
тонуть 1,522879 0,002010
роббинс 1,698970 0,002243
pioner 1,698970 0,002243
talk 1,221849 0,001613
разговор 1,000000 0,001320
сегодня 0,443697 0,000586
тома 0,522879 0,001035
ждать 0,619789 0,000818
мы 0,229148 0,000908
завтра 0,920819 0,001216
сдобнова 1,698970 0,002243
текст 0,585027 0,000772
полочка 1,397940 0,001845
краткий 1,096910 0,001448
пособие 1,096910 0,001448
переписка 1,698970 0,002243
максим 0,958607 0,001265
ильях 1,698970 0,002243
железный 1,000000 0,001320
принцип 1,096910 0,001448
успех 0,958607 0,001265
боб 1,301030 0,001718
проктор 1,698970 0,002243
новое 0,214670 0,000283
добавить 0,823909 0,001088
мой 0,619789 0,000818
чтобы 0,408935 0,001350
ничего 0,958607 0,001898
упустить 1,698970 0,003364
сказка 0,823909 0,002175
народ 0,853872 0,001127
миро 0,337242 0,000445
борис 0,698970 0,000923
акунин 1,698970 0,002243
воронье 1,522879 0,002010
озеро 1,221849 0,001613
мэри 1,154902 0,001525
лоусон 1,522879 0,002010
чумной 1,522879 0,002010
ночь 0,721246 0,000952
орхан 1,698970 0,002243
памука 1,698970 0,002243
гиена 1,698970 0,002243
повестить 1,221849 0,001613
виктор 0,698970 0,000923
шендер 1,698970 0,002243
имя 0,443697 0,001171
такой 0,397940 0,001051
линора 1,522879 0,003016
горалик 1,698970 0,003364
рагнаречь 1,698970 0,002243
антоний 1,397940 0,001845
сьюзен 1,698970 0,002243
байетта 1,698970 0,002243
дело 0,481486 0,000636
зиля 1,698970 0,002243
султан 1,698970 0,002243
анонимус 1,698970 0,002243
девушка 0,744727 0,000983
встречать 1,096910 0,001448
парень 1,096910 0,001448
али 1,698970 0,002243
смит 1,000000 0,001320
барсук 1,698970 0,002243
фредерика 1,698970 0,002243
винтер 1,698970 0,002243
собор 1,301030 0,001718
море 1,301030 0,001718
ильдефонсо 1,698970 0,002243
фальконести 1,698970 0,002243
десяток 1,154902 0,001525
тысяча 0,568636 0,000751
родной 0,920819 0,001216
классик 0,886057 0,001755
проверить 0,721246 0,000952
время 0,327902 0,000866
граф 1,301030 0,001718
монт 1,698970 0,002243
кристо 1,698970 0,002243
александра 0,443697 0,000586
дюма 1,698970 0,002243
отец 0,721246 0,000952
ребенок 0,259637 0,001028
иван 0,619789 0,000818
тургенев 1,301030 0,001718
старинный 1,221849 0,001613
туман 1,221849 0,001613
марин 0,958607 0,001265
цветаев 1,397940 0,001845
мертвый 0,920819 0,001216
душить 0,823909 0,001088
гоголь 1,154902 0,001525
морфий 1,522879 0,002010
сборник 1,096910 0,004344
михаил 0,568636 0,000751
булгаков 1,221849 0,001613
полный 0,522879 0,001381
собрание 1,301030 0,001718
сочинение 1,397940 0,001845
война 0,522879 0,000690
мир 0,387216 0,000511
лев 0,886057 0,001755
толстой 1,154902 0,001525
алиса 1,221849 0,002420
страна 0,387216 0,000511
чудо 0,823909 0,001088
зазеркалье 1,698970 0,002243
льюис 1,301030 0,001718
кэрролл 1,698970 0,002243
двадцать 1,221849 0,001613
четыре 0,721246 0,000952
час 0,769551 0,001016
иза 0,167491 0,000332
жизнь 0,318759 0,000631
женщина 0,619789 0,000818
стефана 1,522879 0,002010
цвейг 1,698970 0,002243
русский 0,318759 0,000631
идея 0,853872 0,001691
миросозерцание 1,698970 0,002243
достоевский 1,096910 0,001448
бердяев 1,698970 0,002243
бедный 0,958607 0,001265
лиза 1,000000 0,001320
карамзин 1,522879 0,002010
теперь 0,602060 0,000795
много 0,301030 0,000993
взрослый 0,920819 0,001216
десять 1,221849 0,001613
правило 0,769551 0,001016
писательство 1,522879 0,002010
джоанн 1,698970 0,002243
харрис 1,397940 0,001845
ты 0,602060 0,000795
мень 0,657577 0,001302
любить 0,537602 0,000710
кэролайн 1,698970 0,002243
кепнести 1,698970 0,002243
медленный 1,522879 0,002010
шлюпка 1,698970 0,002243
китай 0,721246 0,000952
харуки 1,397940 0,001845
мурак 1,301030 0,001718
ночной 1,154902 0,001525
смена 0,958607 0,001265
алексей 0,552842 0,000730
полярин 1,698970 0,002243
бездна 1,221849 0,001613
донато 1,522879 0,002010
карризь 1,522879 0,002010
яблоко 1,397940 0,001845
падать 1,522879 0,002010
никогда 0,958607 0,001265
лиана 1,698970 0,002243
мориарти 1,698970 0,002243
сон 1,000000 0,001320
поезд 0,795880 0,001051
denis 1,698970 0,002243
johnson 1,698970 0,002243
семь 0,886057 0,001170
сестра 0,795880 0,001051
люсинд 1,522879 0,002010
райль 1,397940 0,001845
добрый 1,045757 0,001381
друг 0,494850 0,000653
декстер 1,522879 0,002010
джеффри 1,698970 0,002243
линдсей 1,698970 0,002243
родитель 0,744727 0,000983
семья 0,552842 0,000730
райя 1,698970 0,002243
последний 0,318759 0,000421
дракон 0,920819 0,001216
тенний 1,698970 0,002243
нельсон 1,698970 0,002243
холодное 1,221849 0,001613
сердце 0,769551 0,001016
натан 1,301030 0,001718
сара 1,397940 0,001845
желтый 1,397940 0,001845
эндрю 1,397940 0,001845
лэнг 1,698970 0,002243
король 0,920819 0,001216
элизабета 1,698970 0,002243
рудник 1,698970 0,002243
три 0,522879 0,001035
твой 1,045757 0,001381
дина 1,301030 0,001718
сабитов 1,698970 0,002243
глава 0,522879 0,000690
джулиан 1,698970 0,002243
р 1,221849 0,001613
паласио 1,698970 0,002243
звать 1,096910 0,001448
джина 1,698970 0,002243
миллер 1,154902 0,001525
дарья 1,154902 0,001525
полукаров 1,698970 0,002243
григория 1,221849 0,001613
отчество 1,698970 0,002243
бабочкин 1,698970 0,002243
анна 0,537602 0,000710
зеньков 1,698970 0,002243
платье 1,154902 0,001525
цвет 1,301030 0,001718
полночь 1,397940 0,001845
терри 1,698970 0,002243
пратчетта 1,522879 0,002010
психология 0,958607 0,001898
кот 0,958607 0,001265
кисель 1,698970 0,002243
лариса 1,154902 0,001525
сурков 1,698970 0,002243
доступный 0,958607 0,001898
одновременно 1,221849 0,001613
пользоваться 1,000000 0,001320
безлимитный 1,698970 0,003364
абонемент 1,522879 0,002010
каталог 1,000000 0,001980
персональный 0,619789 0,001227
подбирать 1,522879 0,003016
ваш 0,431798 0,001425
вкус 1,096910 0,001448
основа 0,886057 0,001170
вы 0,301030 0,001987
прочитать 1,154902 0,002287
статистик 1,045757 0,002761
чтение 1,045757 0,004142
показывать 1,000000 0,001320
скорость 1,154902 0,001525
прогресс 1,522879 0,002010
приложение 0,657577 0,004774
всегда 0,657577 0,001302
подсказать 1,221849 0,001613
почитать 1,096910 0,002172
тема 0,585027 0,001158
рейтинг 0,657577 0,000868
держать 1,154902 0,001525
книжный 1,045757 0,002761
новость 0,161151 0,000319
несба 1,522879 0,002010
скандинавский 1,301030 0,001718
детектив 0,886057 0,001755
живить 1,397940 0,001845
долго 0,958607 0,001265
счастливо 1,522879 0,002010
долголетие 1,522879 0,002010
гарри 1,045757 0,001381
поттер 1,522879 0,002010
стать 0,301030 0,000397
недоступный 1,522879 0,002010
лита 1,221849 0,002420
рес 1,301030 0,002576
апрель 0,275724 0,001092
неделя 0,522879 0,001381
уметь 1,154902 0,001525
радоваться 1,522879 0,002010
непобедимый 1,522879 0,002010
коллекция 0,769551 0,002032
макса 1,045757 0,001381
фрый 1,698970 0,002243
аудионовинка 1,698970 0,003364
история 0,283997 0,000562
disney 1,522879 0,002010
релакса 1,698970 0,002243
март 0,698970 0,001384
любимый 0,744727 0,000983
дом 0,356547 0,000941
дорога 0,657577 0,001302
даже 0,602060 0,001192
интернет 0,455932 0,000903
скачать 1,096910 0,002172
мобильный 0,769551 0,002540
удобно 1,221849 0,001613
где 0,455932 0,000602
угодно 1,221849 0,002420
самый 0,251812 0,000332
больший 0,853872 0,001127
язык 0,568636 0,000751
произведенье 0,853872 0,001691
жанр 0,853872 0,001127
сайт 0,173925 0,000689
фантастика 0,853872 0,001127
фэнтезь 0,920819 0,001216
любовный 1,000000 0,001320
романа 0,585027 0,000772
современный 0,537602 0,001065
классический 0,886057 0,001755
поступать 1,221849 0,001613
магазин 0,619789 0,000818
только 0,283997 0,000562
удобный 0,920819 0,001823
некоторые 1,045757 0,001381
они 0,309804 0,000409
можно 0,420216 0,001387
этот 0,173925 0,000689
произведение 0,721246 0,001428
школьный 1,096910 0,001448
программа 0,420216 0,000555
начинающий 1,154902 0,001525
автор 0,522879 0,000690
любой 0,420216 0,000832
входить 1,301030 0,001718
стандартный 1,698970 0,002243
премиум 1,221849 0,002420
оформить 1,154902 0,001525
получить 0,420216 0,000555
доступ 0,920819 0,002431
стандарт 1,397940 0,001845
классика 1,045757 0,001381
подходящий 1,397940 0,002768
срок 0,886057 0,001170
год 0,236572 0,000468
нужно 0,698970 0,000923
покупать 0,823909 0,001088
понравиться 1,000000 0,001320
бросить 0,886057 0,001170
сожаление 1,698970 0,002243
потратить 1,301030 0,001718
деньги 1,045757 0,001381
позволять 0,886057 0,001170
тут 0,853872 0,001127
же 0,721246 0,000952
новый 0,244125 0,000322
рад 1,301030 0,001718
видеть 0,698970 0,000923
здесь 0,698970 0,000923
смартфон 1,045757 0,002761
под 0,376751 0,000497
рука 0,677781 0,000895
а 0,221849 0,000586
значить 1,000000 0,001320
нужный 0,552842 0,001095
io 1,000000 0,001320
android 0,958607 0,001265
планшет 1,397940 0,002768
ситуация 0,657577 0,000868
сеть 0,443697 0,000879
открыть 0,552842 0,000730
режим 0,958607 0,001265
включить 0,958607 0,001265
так 0,481486 0,000636
сохраниться 1,301030 0,001718
память 0,823909 0,001088
устройство 1,000000 0,001980
дальнейший 1,045757 0,001381
понадобиться 1,698970 0,002243
сохранять 1,397940 0,001845
сколько 0,769551 0,001016
потеряться 1,698970 0,002243
ru 0,180456 0,000357
единый 1,154902 0,001525
целое 1,154902 0,001525
данный 0,455932 0,000602
синхронизироваться 1,698970 0,002243
поэтому 0,853872 0,001127
начать 0,508638 0,000671
продолжить 0,958607 0,001265
сидя 1,698970 0,002243
диван 1,522879 0,002010
пря 0,387216 0,000511
заметка 1,221849 0,003226
цитата 1,045757 0,001381
закладка 1,698970 0,002243
полезный 0,769551 0,001016
дополнение 1,698970 0,002243
вдумчивый 1,698970 0,002243
читатель 0,823909 0,001088
переноситься 1,698970 0,002243
важный 0,602060 0,000795
емкий 1,698970 0,002243
фраза 1,221849 0,001613
инструкция 1,154902 0,001525
который 0,236572 0,000312
выделить 0,853872 0,001127
храниться 1,698970 0,002243
раздел 1,000000 0,001980
выгрузка 1,698970 0,002243
текстовый 1,522879 0,002010
документ 0,744727 0,000983
мотивировать 1,698970 0,002243
течение 1,096910 0,001448
фиксировать 1,698970 0,002243
количество 1,045757 0,001381
страница 0,619789 0,000818
рисовать 1,154902 0,001525
график 1,000000 0,001320
профиль 1,221849 0,001613
отправлять 1,154902 0,001525
ежемесячный 1,397940 0,001845
статистика 1,397940 0,001845
почта 0,602060 0,000795
давно 0,769551 0,001016
возвращаться 1,221849 0,001613
книжка 1,522879 0,002010
пора 0,886057 0,001170
наверстать 1,698970 0,002243
рекомендовать 0,823909 0,001088
помощник 1,096910 0,001448
выбор 0,619789 0,001227
настроение 1,000000 0,001320
сезон 0,568636 0,000751
популярность 1,301030 0,001718
экспертный 1,698970 0,002243
оценка 0,823909 0,001088
отбирать 1,397940 0,001845
наш 0,309804 0,000409
приходиться 1,154902 0,001525
тратить 1,522879 0,002010
поиск 0,387216 0,000511
рассказывать 0,698970 0,000923
лауреат 0,958607 0,001265
премия 0,677781 0,000895
победитель 0,853872 0,001127
конкурс 0,568636 0,000751
подсказывать 1,397940 0,001845
модно 1,698970 0,002243
малоизвестный 1,522879 0,002010
отпуск 1,045757 0,001381
зимой 1,522879 0,002010
лет 0,337242 0,000445
большой 0,657577 0,000868
проект 0,259637 0,000514
правовой 0,823909 0,001088
информация 0,327902 0,000433
правообладатель 0,744727 0,000983
документация 1,522879 0,002010
помощь 0,481486 0,000636
купить 0,744727 0,000983
подарить 1,096910 0,001448
оплатить 1,397940 0,001845
ввести 0,721246 0,000952
подарочный 1,522879 0,002010
код 0,823909 0,001088
компания 0,443697 0,000586
настройка 0,920819 0,001216
издать 1,221849 0,001613
следить 1,154902 0,001525
служба 0,431798 0,000570
поддержка 0,537602 0,000710
support 1,045757 0,001381
принимать 0,886057 0,001170
оплата 1,045757 0,001381
