яндекс 0,619789 0,000983
новости 0,173925 0,001049
главные 0,585027 0,000371
сегодня 0,443697 0,000704
самые 0,619789 0,000393
свежие 1,000000 0,000635
последние 0,568636 0,000541
россии 0,251812 0,001518
онлайн 0,387216 0,000246
найти 0,508638 0,000323
будьте 1,397940 0,000887
плюсе 1,698970 0,001078
войти 0,494850 0,000314
поиск 0,494850 0,000314
картинки 1,096910 0,000696
видео 0,327902 0,000208
карты 1,397940 0,000887
маркет 1,397940 0,000887
переводчик 1,397940 0,000887
кью 1,698970 0,001078
диск 1,522879 0,000967
почта 1,000000 0,000635
все 0,124939 0,000198
новостные 1,698970 0,001078
рубрики 1,045757 0,000664
главное 0,585027 0,000371
еще 0,327902 0,001665
казань 0,823909 0,001307
интересное 1,301030 0,001239
коронавирус 0,958607 0,000608
политика 0,387216 0,000369
общество 0,494850 0,000471
экономика 0,568636 0,000541
мире 0,468521 0,000446
спорт 0,468521 0,000446
происшествия 0,823909 0,000784
культура 0,619789 0,000590
технологии 0,721246 0,000687
наука 0,585027 0,000557
авто 0,769551 0,000733
банк 0,920819 0,000877
внепланово 1,698970 0,001078
снизил 0,698970 0,000444
ключевую 0,677781 0,000645
ставку 0,657577 0,000626
годовых 0,886057 0,000844
заседании 1,522879 0,000967
марта 0,721246 0,000687
принял 1,000000 0,001269
решение 0,853872 0,001355
сохранить 0,920819 0,000877
уровне 1,397940 0,000887
интерфакс 1,522879 0,002417
песков 0,744727 0,001891
заявил 0,744727 0,004727
что 0,161151 0,001074
кремле 1,045757 0,000664
ориентируются 1,698970 0,001078
данные 0,677781 0,000430
минобороны 0,698970 0,000444
потерях 1,096910 0,000696
украине 0,537602 0,001706
пресс 0,638272 0,000810
секретарь 1,154902 0,001100
президента 0,920819 0,001753
рф 0,568636 0,001985
дмитрий 0,602060 0,001146
когда 0,397940 0,000253
обсуждается 1,698970 0,001078
вопрос 0,657577 0,000417
связанный 1,698970 0,001078
потерями 1,522879 0,000967
берутся 1,522879 0,000967
расчет 1,522879 0,000967
официальные 1,301030 0,000826
сведения 1,154902 0,000733
министерства 1,096910 0,001044
обороны 1,522879 0,001933
газета 1,045757 0,001328
ru 0,180456 0,001374
евросоюз 1,000000 0,000952
пятый 0,920819 0,000877
пакет 0,853872 0,000813
санкций 0,677781 0,000645
против 0,387216 0,000492
из 0,167491 0,001169
спецоперации 0,744727 0,000709
европейский 1,221849 0,001163
союз 0,958607 0,000913
этом 0,585027 0,001114
сообщается 1,522879 0,000967
сайте 0,420216 0,000400
евросовета 1,698970 0,001078
lenta 1,397940 0,006211
басурин 1,045757 0,001659
при 0,387216 0,000737
ударе 0,853872 0,001355
всу 0,744727 0,000473
краматорску 0,744727 0,001182
пострадали 1,301030 0,001239
около 0,886057 0,001125
ста 1,522879 0,000967
человек 0,420216 0,000800
киевскими 1,698970 0,001078
силовиками 1,522879 0,000967
ракетой 1,154902 0,000733
точка 0,795880 0,000505
погибших 1,301030 0,000826
представитель 1,301030 0,002477
народной 1,301030 0,001239
милиции 1,397940 0,001331
днр 0,823909 0,001046
эдуард 1,221849 0,001163
риа 1,301030 0,005781
президент 0,920819 0,000877
путин 0,721246 0,000687
простился 1,045757 0,000996
лидером 1,154902 0,002199
лдпр 0,744727 0,001418
жириновским 0,585027 0,001114
владимир 0,431798 0,000411
владимиром 0,677781 0,000645
передает 1,221849 0,001551
корреспондент 1,301030 0,001239
уроженец 1,698970 0,001618
казани 1,045757 0,001659
валерий 1,000000 0,000952
леонов 1,698970 0,001618
стал 0,585027 0,000557
замглавы 1,301030 0,001239
минстроя 1,522879 0,001450
соответствующий 1,397940 0,000887
документ 1,397940 0,000887
опубликовали 1,698970 0,001078
портале 1,221849 0,000776
правовой 1,522879 0,000967
информации 0,698970 0,000665
аи 1,522879 0,002417
ф 1,045757 0,000996
оак 1,221849 0,001163
запланировала 1,698970 0,001078
произвести 1,397940 0,000887
самолетов 1,045757 0,000996
ту 1,000000 0,000952
года 0,356547 0,000792
объединенная 1,698970 0,001078
авиастроительная 1,522879 0,000967
корпорация 1,698970 0,001078
планирует 1,154902 0,000733
построить 1,221849 0,000776
сообщили 0,958607 0,000913
ростехе 1,397940 0,000887
владеет 1,698970 0,001078
тасс 1,397940 0,002218
рбк 1,397940 0,000887
татарстане 1,522879 0,001450
коронавирусом 1,154902 0,000733
заболели 1,698970 0,001078
сутки 0,795880 0,000505
зарегистрировали 1,698970 0,001078
новых 0,494850 0,000471
ковид 1,301030 0,000826
случаев 1,045757 0,000664
были 0,769551 0,000733
госпитализированы 1,301030 0,000826
татар 1,221849 0,000776
информ 1,522879 0,000967
челнинцы 1,698970 0,001078
пожаловались 1,698970 0,001078
обязательное 1,522879 0,000967
посещение 1,397940 0,000887
платных 1,522879 0,000967
занятий 1,698970 0,001078
адымнар 1,698970 0,001618
соцсетях 1,045757 0,000664
жители 1,000000 0,000635
набережных 1,522879 0,000967
челнов 1,698970 0,001078
возмущены 1,698970 0,001078
тем 0,920819 0,000584
для 0,107905 0,000411
обучения 1,301030 0,000826
полилингвальной 1,698970 0,001078
гимназии 1,522879 0,000967
необходимо 0,920819 0,000584
посещать 1,698970 0,001078
платные 1,522879 0,000967
занятия 1,221849 0,000776
татарского 1,397940 0,000887
английского 1,522879 0,000967
языков 1,397940 0,000887
якобы 1,301030 0,000826
которых 0,677781 0,000430
учреждение 1,698970 0,001078
не 0,136677 0,000347
зачисляют 1,698970 0,001078
челнинские 1,698970 0,001078
известия 1,698970 0,001078
неделю 0,920819 0,000877
подешевели 1,522879 0,001450
бензин 1,301030 0,001239
дизельное 1,698970 0,001618
топливо 1,397940 0,001331
сообщает 1,301030 0,002477
татарстанстат 1,698970 0,001078
министерство 1,301030 0,000826
отвергло 1,698970 0,001078
информацию 0,698970 0,001109
ракетном 1,397940 0,001331
россией 0,795880 0,000505
министерстве 1,698970 0,001078
отвергли 1,397940 0,000887
распространяемую 1,698970 0,001078
украиной 1,045757 0,000664
стороны 1,301030 0,001652
объяснил 0,769551 0,000488
отсутствие 1,096910 0,001741
почетного 1,522879 0,001450
караула 1,397940 0,001331
прощании 1,397940 0,000887
путина 0,886057 0,000844
кладбище 1,221849 0,000776
время 0,356547 0,000226
прощания 1,045757 0,001328
гроба 1,522879 0,000967
жириновского 0,657577 0,000417
было 0,585027 0,000557
солдат 1,000000 0,000635
московский 0,958607 0,000608
комсомолец 1,522879 0,000967
напавшим 1,698970 0,001078
главреда 1,096910 0,000696
новой 0,638272 0,001013
газеты 0,958607 0,001521
муратова 1,154902 0,001833
оказался 0,920819 0,000584
летний 0,958607 0,000608
бизнесмен 1,154902 0,000733
установлена 1,698970 0,001078
личность 1,397940 0,000887
мужчины 0,920819 0,000584
который 0,508638 0,000484
облил 1,698970 0,001078
краской 1,397940 0,001775
главного 1,000000 0,001269
редактора 1,096910 0,001392
дмитрия 1,301030 0,001239
вагоне 1,522879 0,000967
поезда 1,301030 0,000826
фан 1,301030 0,000826
премьер 0,853872 0,001084
украины 0,721246 0,000916
национализации 1,522879 0,000967
всего 0,721246 0,000458
российского 0,698970 0,001553
имущества 1,522879 0,000967
стране 0,823909 0,000784
министр 1,221849 0,001939
денис 0,853872 0,000542
шмыгаль 1,698970 0,001078
российское 1,397940 0,000887
имущество 1,301030 0,000826
будет 0,387216 0,000492
национализировано 1,698970 0,001078
компенсации 1,522879 0,000967
потерь 1,522879 0,000967
боевых 1,301030 0,001239
действий 1,301030 0,000826
свердловские 1,698970 0,001078
врачи 1,154902 0,001100
имплантировали 1,698970 0,001078
девочке 1,698970 0,001618
подростку 1,698970 0,001078
подавляющее 1,698970 0,001078
боль 1,154902 0,000733
устройство 1,698970 0,001078
нейрохирургического 1,698970 0,001078
отделения 1,698970 0,001078
областной 1,698970 0,001618
детской 1,397940 0,000887
клинической 1,522879 0,000967
больницы 1,221849 0,000776
екатеринбурге 1,522879 0,000967
провели 1,397940 0,000887
уникальную 1,301030 0,001239
операцию 1,522879 0,000967
летней 1,301030 0,000826
которой 0,886057 0,001125
был 0,468521 0,000446
хронический 1,698970 0,001078
болевой 1,698970 0,001078
синдром 1,397940 0,000887
тагил 1,397940 0,000887
сити 1,221849 0,000776
ру 0,744727 0,000709
подрубрики 1,698970 0,004313
армия 0,823909 0,000523
оружие 1,096910 0,000696
военная 1,045757 0,000664
операция 0,853872 0,000542
умер 0,958607 0,000608
жириновский 0,677781 0,000430
отчет 1,096910 0,000696
правительства 1,096910 0,000696
результатах 1,522879 0,000967
деятельности 1,000000 0,000635
год 0,508638 0,000323
украинский 1,096910 0,000696
кризис 1,045757 0,000664
генассамблея 1,698970 0,001078
оон 0,823909 0,001307
компании 0,619789 0,000983
ес 0,920819 0,000877
получили 1,045757 0,000996
необходимые 1,221849 0,001163
разъяснения 1,698970 0,001618
оплате 1,522879 0,001933
газа 1,221849 0,002327
покупатели 1,698970 0,001078
европе 0,886057 0,000844
которая 0,823909 0,000784
должна 0,920819 0,000877
конвертироваться 1,698970 0,001078
рубли 1,221849 0,000776
пятницу 1,096910 0,000696
журналистам 1,522879 0,000967
назвал 0,795880 0,000758
поддержку 1,000000 0,000635
друзьями 1,301030 0,000826
исключения 1,397940 0,000887
ее 0,508638 0,000323
спч 0,920819 0,000877
результатом 1,522879 0,000967
принуждения 1,522879 0,000967
как 0,187087 0,000297
позднее 1,522879 0,000967
заместитель 1,221849 0,000776
постоянного 1,698970 0,001078
представителя 1,698970 0,001078
геннадий 1,221849 0,000776
кузьмин 1,522879 0,000967
россия 0,455932 0,000579
приняла 1,397940 0,000887
досрочном 1,698970 0,001078
прекращении 1,397940 0,000887
членства 1,221849 0,000776
глава 0,638272 0,001823
чечни 1,698970 0,001618
кадыров 0,958607 0,000913
освобождении 1,301030 0,000826
мариуполя 0,853872 0,000542
националистов 0,958607 0,000608
процентов 1,154902 0,001100
мариуполь 1,096910 0,000696
освобожден 1,154902 0,000733
телеграм 1,154902 0,000733
канале 1,045757 0,000664
рамзан 1,698970 0,001078
убеждена 1,522879 0,001450
агрессивном 1,301030 0,001239
а 0,221849 0,000211
оборонительном 1,698970 0,001618
характере 1,301030 0,001239
нато 0,769551 0,000733
прежнему 1,301030 0,000826
канцлер 1,698970 0,001618
германии 1,000000 0,001587
шольц 1,301030 0,001239
отложил 1,522879 0,001450
поставках 1,522879 0,002417
танков 1,221849 0,001163
несмотря 1,000000 0,001269
давление 1,096910 0,001044
олаф 1,698970 0,001078
современных 1,221849 0,000776
ряда 1,522879 0,000967
высокопоставленных 1,698970 0,001078
немецких 1,522879 0,000967
чиновников 1,522879 0,000967
реклама 0,346787 0,000440
жкх 1,301030 0,000826
религия 1,301030 0,000826
экология 1,154902 0,000733
здоровье 0,744727 0,000473
путешествия 0,958607 0,000608
транспорт 1,221849 0,000776
шоу 0,508638 0,000646
бизнес 0,552842 0,000351
вакцинация 1,522879 0,000967
коронавируса 0,886057 0,000562
эвакуация 1,522879 0,000967
жителей 0,853872 0,000813
донбасса 0,886057 0,000562
россию 0,568636 0,000722
снос 1,698970 0,001078
московских 1,221849 0,000776
пятиэтажек 1,698970 0,001078
колонном 1,154902 0,001100
зале 1,096910 0,001044
дома 0,619789 0,000787
союзов 1,045757 0,000996
началась 1,154902 0,000733
церемония 1,000000 0,000952
проходит 0,886057 0,000562
москве 0,455932 0,000289
объявил 1,221849 0,001551
полной 1,301030 0,000826
заморозке 1,522879 0,000967
активов 1,397940 0,000887
четырех 1,301030 0,001239
ключевых 1,522879 0,001450
российских 0,468521 0,000446
банков 1,301030 0,001239
полностью 0,795880 0,000505
заморозил 1,522879 0,000967
активы 1,522879 0,000967
совет 1,000000 0,001269
фас 1,045757 0,001328
начала 0,769551 0,000733
антикартельную 1,522879 0,000967
проверку 1,221849 0,001163
отношении 0,853872 0,000813
мираторга 1,522879 0,000967
цен 0,958607 0,001825
мясо 1,397940 0,000887
федеральная 1,522879 0,000967
антимонопольная 1,698970 0,001078
служба 1,096910 0,001044
торговой 1,522879 0,000967
мираторг 1,096910 0,000696
изучит 1,522879 0,000967
цепочку 1,522879 0,000967
поставки 1,301030 0,000826
мяса 1,698970 0,001078
проведет 1,698970 0,001618
оценку 1,397940 0,000887
ценообразования 1,698970 0,001078
эту 1,000000 0,000635
продукцию 1,522879 0,000967
говорится 1,522879 0,000967
сообщении 1,698970 0,001078
ведомства 1,698970 0,001078
экономист 1,221849 0,001163
петровская 1,698970 0,001618
допустила 1,698970 0,001078
продление 1,522879 0,001450
майских 1,301030 0,001239
выходных 1,522879 0,001450
сохранения 1,698970 0,001078
рабочих 1,221849 0,000776
мест 1,045757 0,000664
дней 0,744727 0,000473
поможет 0,886057 0,000562
рабочие 1,522879 0,000967
места 1,000000 0,000635
считает 1,000000 0,000635
заведующая 1,698970 0,001078
кафедрой 1,522879 0,000967
бухучета 1,698970 0,001078
аудита 1,698970 0,001078
статистики 1,698970 0,001078
экономического 1,221849 0,000776
факультета 1,397940 0,000887
рудн 1,698970 0,001078
мария 0,698970 0,000444
российская 0,886057 0,000562
начал 1,000000 0,000952
маркировать 1,301030 0,001239
ресурсы 1,154902 0,001100
google 0,744727 0,001891
нарушителей 1,301030 0,001239
законодательства 1,000000 0,000952
поисковик 1,698970 0,001078
яндекса 1,397940 0,000887
требованию 1,698970 0,001078
роскомнадзора 1,522879 0,000967
ркн 1,698970 0,001078
интерфаксу 1,698970 0,001078
службе 0,920819 0,000584
энергетика 1,522879 0,000967
котировки 1,221849 0,000776
недвижимость 0,886057 0,000562
финансы 1,096910 0,000696
цены 0,744727 0,000945
газ 1,045757 0,000996
локтюхов 1,522879 0,001450
доллар 1,154902 0,000733
может 0,387216 0,000614
снизиться 1,698970 0,001078
рублей 0,585027 0,000743
мер 1,522879 0,001450
цб 0,795880 0,000758
добавил 1,522879 0,000967
курс 0,744727 0,000473
доллара 1,045757 0,000664
вполне 1,522879 0,000967
опуститься 1,698970 0,001078
центробанка 1,698970 0,001078
сообщила 1,397940 0,001331
booking 1,301030 0,000826
com 0,744727 0,000473
назначенного 1,698970 0,001078
штрафа 1,522879 0,001450
млрд 1,221849 0,000776
ноябре 1,698970 0,001078
суд 1,000000 0,000635
подтвердил 1,397940 0,000887
размер 1,522879 0,000967
апреля 0,283997 0,000270
компания 0,853872 0,000813
отчиталась 1,522879 0,000967
его 0,346787 0,000330
уплате 1,522879 0,000967
бюджет 1,397940 0,000887
агентства 1,397940 0,001331
рыболовству 1,698970 0,001618
савельев 1,698970 0,001618
рост 1,096910 0,000696
рыбу 1,698970 0,001618
связан 1,698970 0,001078
сокращением 1,698970 0,001078
экспорта 1,397940 0,000887
информационного 1,522879 0,000967
александр 0,468521 0,000446
беседе 1,522879 0,000967
радио 0,795880 0,000505
sputnik 1,301030 0,001239
предупредил 1,397940 0,001331
россиян 0,744727 0,000945
росте 1,522879 0,000967
минэкономики 1,698970 0,001078
фрг 1,522879 0,002417
заявило 1,301030 0,000826
готовности 1,397940 0,000887
платить 1,096910 0,000696
только 0,283997 0,000180
евро 0,769551 0,000733
долларах 1,522879 0,001450
берлин 1,698970 0,001078
ожидает 1,522879 0,000967
дальнейших 1,698970 0,001078
деталей 1,698970 0,001078
вопросу 1,522879 0,000967
оплаты 1,301030 0,000826
позиция 1,698970 0,001078
остается 1,154902 0,000733
неизменной 1,698970 0,001078
оплата 1,698970 0,001078
проводиться 1,698970 0,001078
заявила 1,301030 0,000826
экономики 1,045757 0,001328
анника 1,698970 0,001078
айнхорн 1,698970 0,001078
tokyo 1,698970 0,001078
gas 1,698970 0,001078
предупредили 1,096910 0,001044
сбоях 1,698970 0,001078
случае 0,920819 0,000584
выхода 1,000000 0,000635
японии 0,958607 0,000913
сахалина 1,698970 0,001078
выход 0,958607 0,000608
нефтегазового 1,698970 0,001078
проекта 0,886057 0,000562
сахалин 1,301030 0,000826
привести 1,301030 0,000826
перебоям 1,698970 0,001078
токио 1,301030 0,000826
заполненности 1,698970 0,001078
газохранилищ 1,698970 0,001078
страны 0,638272 0,000608
газохранилища 1,698970 0,001078
заполнены 1,698970 0,001078
они 0,585027 0,000371
заполняются 1,698970 0,001078
день 0,522879 0,000332
роберт 1,221849 0,000776
хабек 1,698970 0,001078
rt 1,522879 0,000967
русском 1,096910 0,000696
зеленский 1,154902 0,000733
неонацистские 1,698970 0,001078
боевики 1,397940 0,000887
выступили 1,397940 0,000887
парламенте 1,221849 0,001163
греции 1,045757 0,000996
выступление 1,301030 0,000826
владимира 0,721246 0,000458
зеленского 0,958607 0,000608
боевиков 1,522879 0,000967
батальона 1,522879 0,000967
азов 1,154902 0,000733
организация 1,301030 0,000826
деятельность 1,221849 0,000776
запрещена 1,397940 0,000887
вызвало 1,522879 0,000967
скандал 1,301030 0,000826
греческих 1,522879 0,000967
политиков 1,301030 0,000826
пишет 1,522879 0,001450
греческое 1,698970 0,001078
интернет 0,522879 0,000498
издание 0,638272 0,000608
in 0,958607 0,000608
иа 1,522879 0,001450
красная 1,301030 0,000826
весна 1,096910 0,000696
бывший 1,154902 0,000733
врач 0,958607 0,000608
белого 1,522879 0,000967
джексон 1,301030 0,000826
состояние 1,301030 0,001239
байдена 1,397940 0,001331
опасным 1,301030 0,000826
нацбезопасности 1,698970 0,001078
сша 0,508638 0,000807
когнитивное 1,698970 0,001078
американского 1,301030 0,000826
джо 1,301030 0,000826
настолько 1,301030 0,000826
ухудшилось 1,522879 0,000967
поведение 1,221849 0,000776
стало 0,886057 0,000844
представлять 1,698970 0,001078
опасность 1,397940 0,000887
национальной 1,221849 0,000776
безопасности 0,920819 0,000584
national 1,698970 0,001618
review 1,397940 0,001331
дауэрти 1,698970 0,001618
многие 0,920819 0,000877
католики 1,698970 0,001618
хотят 0,886057 0,000844
воевать 1,522879 0,001450
solenka 1,698970 0,001618
info 0,886057 0,000844
focus 1,301030 0,001239
немцы 1,301030 0,000826
чаще 1,154902 0,001100
сталкиваются 1,397940 0,001331
финансовыми 1,397940 0,001331
трудностями 1,698970 0,001618
роста 1,154902 0,001100
энергию 1,698970 0,001618
немецкие 1,698970 0,001078
граждане 1,397940 0,000887
online 1,154902 0,000733
автоспорт 1,698970 0,001078
баскетбол 1,397940 0,000887
футбол 1,096910 0,001044
хоккей 1,154902 0,000733
фигурное 1,397940 0,000887
катание 1,397940 0,000887
киберспорт 1,397940 0,000887
волейбол 1,397940 0,000887
биатлон 1,301030 0,000826
теннис 1,397940 0,000887
единоборства 1,698970 0,001078
регулярный 1,698970 0,001078
чемпионат 1,397940 0,001331
нхл 1,221849 0,001163
кхл 1,301030 0,000826
лига 1,154902 0,000733
европы 0,920819 0,000584
уефа 1,522879 0,000967
англии 1,698970 0,001078
футболу 1,397940 0,000887
олимп 1,522879 0,000967
фнл 1,522879 0,000967
украинские 0,823909 0,000784
шахматистки 1,154902 0,000733
музычук 1,221849 0,001163
отказались 1,221849 0,000776
подписать 1,698970 0,001618
петицию 1,698970 0,001078
отстранению 1,397940 0,000887
fide 1,221849 0,001163
украинских 0,744727 0,000473
шахматисток 1,522879 0,000967
анну 1,522879 0,000967
марию 1,698970 0,001078
исключат 1,698970 0,001078
львовской 1,698970 0,001078
федерации 0,744727 0,000945
шахмат 1,301030 0,000826
отказ 1,096910 0,000696
призыв 1,221849 0,000776
отстранить 1,698970 0,001078
белорусов 1,698970 0,001078
турниров 1,397940 0,000887
под 0,376751 0,000359
эгидой 1,221849 0,000776
всемирной 1,522879 0,000967
шахматной 1,522879 0,000967
нападающий 1,397940 0,001331
динамо 1,522879 0,001450
н 0,769551 0,000733
жи 1,397940 0,001331
очень 0,568636 0,000361
любят 1,096910 0,000696
африке 1,397940 0,000887
европейских 1,221849 0,000776
странах 1,045757 0,000664
где 0,455932 0,000289
я 0,356547 0,000226
играл 1,221849 0,000776
московского 1,221849 0,000776
сборной 1,301030 0,000826
камеруна 1,698970 0,001078
клинтон 1,698970 0,001078
рассказал 0,602060 0,000955
африканцев 1,698970 0,001078
президенту 1,522879 0,000967
владимиру 1,397940 0,000887
путину 1,522879 0,000967
финская 1,698970 0,001078
лыжная 1,698970 0,001078
ассоциация 1,522879 0,000967
выступила 1,698970 0,001078
переизбрания 1,397940 0,000887
вяльбе 1,301030 0,001239
fis 1,301030 0,001239
финской 1,522879 0,000967
лыжной 1,698970 0,001078
ассоциации 1,397940 0,000887
маркку 1,698970 0,001078
хаапасалми 1,698970 0,001078
елена 0,769551 0,000488
быть 0,420216 0,000267
переизбрана 1,698970 0,001078
международной 1,096910 0,001044
лыжного 1,698970 0,001078
спорта 0,958607 0,000608
sport 1,522879 0,000967
овечкин 1,522879 0,000967
после 0,356547 0,000453
проведенной 1,698970 0,001078
смены 1,698970 0,001078
льду 1,301030 0,000826
попросил 1,301030 0,000826
тренера 1,397940 0,000887
водку 1,522879 0,000967
новом 0,853872 0,000542
материале 1,522879 0,000967
sportbox 1,698970 0,001078
рассказали 0,744727 0,000709
самых 0,585027 0,000371
интересных 1,096910 0,000696
забавных 1,698970 0,001078
моментах 1,698970 0,001078
долгой 1,698970 0,001078
карьере 1,221849 0,000776
одного 0,769551 0,000733
лучших 1,096910 0,000696
снайперов 1,698970 0,001078
капитана 1,698970 0,001078
вашингтон 1,221849 0,000776
кэпиталз 1,698970 0,001078
александра 0,638272 0,000405
овечкина 1,698970 0,001078
ct 1,698970 0,001078
news 0,920819 0,000877
шимон 1,698970 0,001618
грубец 1,522879 0,001450
чехии 1,397940 0,000887
него 0,795880 0,000758
требовали 1,522879 0,000967
покинуть 1,698970 0,001618
авангард 1,397940 0,000887
чешский 1,397940 0,000887
вратарь 1,522879 0,000967
омского 1,698970 0,001078
авангарда 1,397940 0,000887
давили 1,698970 0,001078
требуя 1,698970 0,001078
inc 1,154902 0,000733
киев 0,920819 0,000584
эвакуацию 1,698970 0,001078
краматорска 1,045757 0,000664
потом 0,886057 0,000562
ударил 1,301030 0,000826
точкой 0,920819 0,000584
военные 0,853872 0,000542
организовали 1,698970 0,001078
провокацию 1,397940 0,000887
железнодорожной 1,522879 0,000967
станции 1,221849 0,000776
краматорске 0,823909 0,000523
там 0,769551 0,000733
погибли 1,045757 0,000664
полиция 1,154902 0,000733
задержала 1,522879 0,000967
подозреваемого 1,397940 0,000887
нападении 1,096910 0,000696
сотрудники 1,397940 0,000887
мвд 1,154902 0,000733
нашли 0,920819 0,000584
задержали 1,154902 0,000733
мужчин 1,096910 0,000696
напавших 1,522879 0,000967
рен 1,522879 0,000967
тв 0,657577 0,000417
волоконовского 1,698970 0,001618
района 1,522879 0,001450
белгородской 1,397940 0,000887
области 0,721246 0,001144
сергей 0,468521 0,000446
бикетов 1,698970 0,001618
сообщил 0,823909 0,001569
взрывах 1,522879 0,000967
инциденте 1,698970 0,001078
личной 1,397940 0,000887
странице 1,045757 0,000664
вконтакте 0,638272 0,000405
литовском 1,522879 0,001450
мариямполе 1,522879 0,001450
облили 1,698970 0,001078
памятник 1,096910 0,001044
советским 1,301030 0,001239
воинам 1,301030 0,001239
городе 0,958607 0,000608
облит 1,698970 0,001078
литва 1,397940 0,000887
ссылкой 1,301030 0,000826
департамент 1,301030 0,000826
полиции 1,221849 0,000776
литвы 1,522879 0,000967
обвиняемого 1,698970 0,001078
взятках 1,522879 0,001450
бизнесмена 1,698970 0,001618
бориса 1,154902 0,001100
шпигеля 1,698970 0,001618
вновь 0,795880 0,000758
доставили 1,397940 0,000887
больницу 1,522879 0,000967
сизо 1,397940 0,001331
арестованного 1,698970 0,001078
делу 1,000000 0,000635
бывшему 1,522879 0,000967
губернатору 1,698970 0,001078
пензенской 1,698970 0,001078
ивану 1,698970 0,001078
белозерцеву 1,698970 0,001078
госпитализировали 1,698970 0,001078
театры 1,154902 0,000733
музыка 0,677781 0,000430
кино 0,455932 0,000289
анна 0,568636 0,000541
нетребко 1,096910 0,001044
участвует 1,522879 0,000967
фестивале 1,154902 0,001100
звезды 0,769551 0,000733
белых 1,522879 0,001450
ночей 1,522879 0,001450
мариинского 1,522879 0,000967
театра 1,154902 0,000733
оперная 1,522879 0,000967
дива 1,522879 0,000967
участвовать 1,221849 0,000776
мариинский 1,522879 0,000967
театр 0,795880 0,000505
мая 0,795880 0,000505
июль 1,301030 0,000826
ревизор 1,698970 0,001078
британская 1,301030 0,001239
рок 1,154902 0,001100
группа 1,000000 0,000952
pink 1,397940 0,001331
floyd 1,397940 0,001331
впервые 0,744727 0,001182
лет 0,366532 0,000582
выпустила 1,698970 0,001618
песню 1,397940 0,001331
новую 0,769551 0,000488
андрей 0,552842 0,000351
данилко 1,397940 0,000887
пережил 1,301030 0,000826
нервный 1,301030 0,000826
срыв 1,397940 0,000887
запрета 1,301030 0,000826
выступления 1,522879 0,000967
музыкальный 1,397940 0,000887
журналист 1,096910 0,000696
алексей 0,602060 0,000382
остудин 1,698970 0,001078
интервью 0,522879 0,000332
московскому 1,698970 0,001078
комсомольцу 1,698970 0,001078
чем 0,387216 0,000246
занимается 1,397940 0,000887
артист 1,154902 0,000733
ненавидящий 1,698970 0,001078
глас 1,522879 0,000967
певцов 1,698970 0,001618
хочет 1,000000 0,000635
снять 1,301030 0,000826
эфира 1,522879 0,000967
андрея 1,221849 0,001163
малахова 1,698970 0,001618
хотел 1,221849 0,000776
бы 0,585027 0,000557
убрать 1,301030 0,000826
телеэфира 1,397940 0,000887
программу 1,301030 0,000826
прямой 0,769551 0,000488
эфир 0,677781 0,000430
подобные 1,397940 0,000887
ей 0,958607 0,000608
культуромания 1,698970 0,001078
певец 1,522879 0,001450
турецкий 1,522879 0,001450
прокомментировал 1,154902 0,000733
ситуацию 1,096910 0,000696
эфире 0,823909 0,000523
вечернего 1,698970 0,001078
аллой 1,698970 0,001078
довлатовой 1,698970 0,001078
продюсер 1,698970 0,001078
михаил 0,568636 0,000541
обозначил 1,522879 0,000967
свою 0,619789 0,000393
позицию 1,522879 0,000967
ситуации 1,000000 0,000635
разворачивается 1,522879 0,000967
арене 1,397940 0,000887
ireactor 1,698970 0,001078
игры 0,744727 0,000473
гаджеты 1,154902 0,000733
мишустин 0,920819 0,000877
разработке 1,522879 0,000967
аналога 1,698970 0,001618
app 1,000000 0,000952
store 1,096910 0,001044
play 1,000000 0,001269
лету 1,522879 0,000967
лично 1,301030 0,000826
следит 1,698970 0,001078
разработкой 1,522879 0,000967
коммерсантъ 1,522879 0,000967
смартфон 1,397940 0,000887
xiaomi 1,397940 0,001775
x 0,853872 0,000813
процессором 1,698970 0,001078
snapdragon 1,698970 0,001078
выходит 0,920819 0,000584
начале 1,096910 0,001044
продаж 1,096910 0,000696
своего 0,920819 0,000584
нового 0,769551 0,000488
смартфона 1,397940 0,000887
флагманской 1,698970 0,001078
линейки 1,522879 0,000967
superplanshet 1,698970 0,001078
способе 1,698970 0,001078
кражи 1,522879 0,000967
данных 0,657577 0,001043
знакомых 1,397940 0,000887
whatsapp 1,397940 0,001331
пользователи 1,698970 0,001078
случайным 1,522879 0,000967
образом 1,045757 0,000664
могут 0,508638 0,000323
заразить 1,698970 0,001078
вирусом 1,698970 0,001078
чужие 1,301030 0,000826
смартфоны 1,698970 0,001078
пересылая 1,698970 0,001078
вирусный 1,698970 0,001078
контент 1,522879 0,000967
различные 1,698970 0,001078
чаты 1,522879 0,000967
эксперт 0,958607 0,000608
кибербезопасности 1,698970 0,001078
лаборатории 1,522879 0,000967
касперского 1,698970 0,001078
галов 1,698970 0,001078
общественная 1,522879 0,000967
новостей 0,602060 0,000382
научный 1,221849 0,001163
институт 1,154902 0,001100
росатома 1,397940 0,001331
подготовит 1,698970 0,001618
инфраструктуру 1,397940 0,001331
прототипа 1,522879 0,001450
термоядерного 1,522879 0,001450
реактора 1,522879 0,001450
будущего 0,795880 0,000505
удалил 1,522879 0,000967
приложения 0,853872 0,000813
кодом 1,397940 0,000887
сбора 1,154902 0,000733
млн 0,886057 0,000562
пользователей 0,823909 0,000784
android 0,958607 0,000608
скотт 1,397940 0,000887
уэстовер 1,698970 0,001078
уточнил 1,397940 0,000887
содержащие 1,698970 0,001078
программное 1,522879 0,000967
обеспечение 1,221849 0,000776
measurement 1,698970 0,001078
systems 1,397940 0,000887
удалены 1,698970 0,001078
магазина 1,397940 0,000887
сбор 1,522879 0,000967
вне 1,096910 0,000696
установленных 1,698970 0,001078
правил 0,958607 0,000608
forbes 1,397940 0,000887
космос 1,301030 0,000826
древнее 1,698970 0,001078
чилийское 1,698970 0,001078
цунами 1,698970 0,001618
напугало 1,698970 0,001078
местных 1,397940 0,000887
местные 1,522879 0,000967
охотники 1,221849 0,000776
собиратели 1,698970 0,001078
стали 0,795880 0,000758
меньше 1,154902 0,000733
времени 0,698970 0,000444
проводить 1,397940 0,000887
побережья 1,522879 0,000967
переместились 1,698970 0,001078
дальше 0,853872 0,000542
вглубь 1,522879 0,000967
оставаясь 1,522879 0,000967
течение 1,096910 0,000696
или 0,292430 0,000186
более 0,494850 0,000314
письменности 1,698970 0,001078
помощью 0,769551 0,000488
можно 0,420216 0,000267
передать 1,397940 0,000887
катастрофе 1,698970 0,001078
fbm 1,698970 0,001618
guardian 1,522879 0,000967
электрические 1,698970 0,001078
импульсы 1,698970 0,001078
грибов 1,698970 0,001078
напоминают 1,698970 0,001078
структуру 1,522879 0,000967
языка 1,096910 0,000696
человека 0,537602 0,000341
ученые 0,958607 0,000608
грибы 1,522879 0,000967
действительно 1,154902 0,000733
передают 1,522879 0,000967
друг 0,769551 0,000488
другу 1,045757 0,000664
виде 1,397940 0,000887
электрических 1,698970 0,001078
импульсов 1,698970 0,001078
гифы 1,698970 0,001078
нитевидных 1,698970 0,001078
структур 1,522879 0,000967
находящихся 1,698970 0,001078
землей 1,522879 0,000967
медиа 0,769551 0,000488
поток 1,698970 0,001078
институте 1,397940 0,001331
ядерной 1,397940 0,001331
физики 1,301030 0,001239
изучили 1,698970 0,001078
бронзовые 1,698970 0,001078
предметы 1,397940 0,000887
амурской 1,522879 0,000967
имени 0,721246 0,000458
г 0,552842 0,000351
будкера 1,698970 0,001078
ран 1,301030 0,000826
определили 1,698970 0,001078
состав 1,301030 0,000826
сплавов 1,698970 0,001078
бронзовых 1,698970 0,001078
предметов 1,522879 0,000967
западного 1,522879 0,000967
приамурья 1,698970 0,001078
раннего 1,522879 0,001450
железного 1,397940 0,000887
века 0,721246 0,000687
средневековья 1,522879 0,000967
конец 1,154902 0,000733
xi 1,698970 0,001078
веков 1,154902 0,000733
нашей 0,853872 0,000542
эры 1,698970 0,001078
xiii 1,698970 0,001078
xvii 1,301030 0,000826
порт 1,397940 0,000887
амур 1,698970 0,001078
принстоне 1,698970 0,001078
добавили 1,698970 0,001078
кремний 1,698970 0,001078
квантовый 1,698970 0,001078
компьютер 1,698970 0,001078
приблизив 1,698970 0,001078
точность 1,698970 0,001078
вычислений 1,698970 0,001078
научно 1,154902 0,000733
технической 1,522879 0,000967
phys 1,698970 0,001078
org 1,522879 0,000967
размещен 1,698970 0,001078
материал 1,045757 0,000664
описывающий 1,698970 0,001078
достижение 1,698970 0,001078
физиков 1,698970 0,001078
принстонского 1,698970 0,001078
университета 1,154902 0,000733
которые 0,431798 0,000274
добились 1,522879 0,000967
почти 0,823909 0,000523
точности 1,698970 0,001078
использовании 1,221849 0,000776
двухкубитного 1,698970 0,001078
квантового 1,698970 0,001078
устройства 1,301030 0,000826
основе 0,958607 0,000608
кремния 1,698970 0,001078
бристольском 1,698970 0,001078
университете 1,522879 0,000967
создали 1,397940 0,000887
роборуку 1,698970 0,001618
тактильным 1,698970 0,001078
пальцем 1,698970 0,001078
роботов 1,397940 0,000887
профессор 1,301030 0,000826
натан 1,301030 0,000826
лепор 1,698970 0,001078
отметил 1,397940 0,000887
смогли 1,397940 0,000887
разработать 1,698970 0,001078
используя 1,045757 0,000664
многолетние 1,698970 0,001078
исследования 1,221849 0,000776
изучения 1,397940 0,000887
человеческих 1,522879 0,000967
конечностей 1,698970 0,001078
yakutsk 1,698970 0,001078
автозавод 1,698970 0,001078
уаз 1,522879 0,000967
начать 0,920819 0,000584
серийное 1,698970 0,001078
производство 1,154902 0,000733
кроссовера 1,221849 0,000776
chery 1,221849 0,001163
tiggo 1,698970 0,001078
напомним 1,522879 0,000967
переговорах 1,397940 0,000887
соллерс 1,698970 0,001078
касающихся 1,698970 0,001078
совместного 1,397940 0,000887
производства 1,154902 0,000733
автомобилей 1,000000 0,000635
развития 0,698970 0,000444
технологий 0,568636 0,000361
электротранспорта 1,698970 0,001078
известно 1,000000 0,000635
февраля 0,823909 0,000523
автоновости 1,221849 0,001939
дня 0,443697 0,000704
дешеветь 1,397940 0,001331
автомобили 1,045757 0,001659
пробегом 1,397940 0,000887
апреле 0,853872 0,000542
фоне 1,154902 0,000733
укрепления 1,221849 0,000776
рубля 1,045757 0,000664
падения 1,221849 0,000776
ажиотажного 1,698970 0,001078
спроса 1,397940 0,000887
начали 0,958607 0,000608
илон 1,301030 0,001239
маск 1,301030 0,001239
представил 1,221849 0,001163
обновленную 1,698970 0,001618
версию 1,301030 0,001239
пикапа 1,698970 0,001618
tesla 1,221849 0,001551
cybertruck 1,522879 0,001450
заводе 1,301030 0,000826
техасе 1,698970 0,001078
основатель 1,522879 0,000967
гендиректор 1,301030 0,000826
электрического 1,522879 0,000967
автоваз 1,522879 0,001450
расширил 1,522879 0,001450
моторную 1,698970 0,001618
гамму 1,698970 0,001618
lada 1,221849 0,001163
largus 1,397940 0,001331
cross 1,301030 0,001239
универсала 1,698970 0,001078
повышенной 1,397940 0,000887
проходимости 1,698970 0,001078
двух 0,853872 0,000542
позиций 1,397940 0,000887
автостат 1,698970 0,001078
минпромторга 1,698970 0,001078
мантуров 1,397940 0,000887
aurus 1,221849 0,001163
придется 1,045757 0,000664
повысить 1,397940 0,000887
люксового 1,698970 0,001078
бренда 1,522879 0,000967
вырастут 1,698970 0,001078
работают 1,154902 0,000733
информация 0,552842 0,000351
сми 0,468521 0,000595
база 1,301030 0,000826
пользовательское 0,657577 0,000417
соглашение 0,619789 0,000393
обратная 0,585027 0,000371
связь 0,552842 0,000351
сейчас 0,481486 0,000306
статистика 1,045757 0,000664
справка 1,096910 0,000696
