московский 0,657577 0,006946
биржа 1,221849 0,022587
div 1,000000 0,001761
img 0,795880 0,001401
src 0,795880 0,001401
https 0,721246 0,001270
mc 1,000000 0,001761
yandex 0,958607 0,001688
ru 0,180456 0,000318
watch 0,958607 0,001688
style 0,823909 0,001451
position 0,853872 0,001503
absolute 0,958607 0,001688
left 0,958607 0,001688
px 0,920819 0,001621
alt 0,886057 0,001560
en 1,397940 0,002461
акционер 1,698970 0,005982
пресс 0,552842 0,001947
центр 0,455932 0,001204
мероприятие 0,823909 0,005802
карьер 0,958607 0,002532
личный 0,657577 0,001737
кабинет 0,920819 0,002432
инструмент 0,958607 0,003375
новость 0,161151 0,001844
материал 0,292430 0,000772
документ 0,744727 0,002622
рынок 0,769551 0,026419
фондовый 1,698970 0,008973
срочный 1,301030 0,008017
валютный 1,397940 0,009845
денежный 1,522879 0,009384
товарный 1,522879 0,012065
стандартизированный 1,698970 0,008973
пфи 1,698970 0,008973
инновация 1,221849 0,003227
инвестиция 1,045757 0,002762
сектор 1,301030 0,011453
устойчивый 1,522879 0,004022
развитие 0,568636 0,001502
рост 0,795880 0,002102
компания 0,443697 0,001562
повышенный 1,522879 0,004022
инвестиционный 1,096910 0,007725
риск 1,154902 0,022366
otc 1,698970 0,005982
moex 1,698970 0,005982
board 1,522879 0,005362
торговый 0,958607 0,005907
календарь 0,920819 0,005674
индекс 1,221849 0,026889
значение 1,301030 0,009162
мос 1,698970 0,004487
ртс 1,698970 0,004487
акция 0,823909 0,006527
облигация 1,698970 0,008973
расчетный 1,698970 0,005982
цена 0,619789 0,001637
пай 1,698970 0,004487
inav 1,698970 0,004487
составной 1,698970 0,004487
индикатор 1,698970 0,007478
фиксинг 1,698970 0,004487
своп 1,522879 0,004022
недвижимость 0,823909 0,002176
дом 0,356547 0,000942
клик 1,698970 0,004487
волатильность 1,698970 0,004487
заказной 1,522879 0,004022
факт 0,769551 0,002032
цифра 1,096910 0,002897
продукт 0,769551 0,007452
услуга 1,045757 0,005523
методика 1,397940 0,003692
расчет 1,397940 0,004922
управление 0,920819 0,006485
контроль 1,000000 0,003521
биржевой 1,522879 0,006703
информация 0,327902 0,003175
получение 1,045757 0,002762
данный 0,455932 0,001204
порядок 0,795880 0,002102
использование 0,408935 0,001800
информационный 0,481486 0,001272
аналитический 1,301030 0,005726
тариф 1,221849 0,007529
договор 1,154902 0,003050
маркировка 1,301030 0,003436
финансовый 0,638272 0,001686
котировка 1,154902 0,004067
итог 0,769551 0,002032
торг 1,301030 0,010307
сервис 0,537602 0,001893
внебиржевой 1,698970 0,004487
сделка 1,397940 0,003692
для 0,107905 0,000475
мобильный 0,769551 0,002710
устройство 1,000000 0,002641
листинг 1,698970 0,008973
эмитент 1,698970 0,011965
список 0,619789 0,004910
ценный 1,221849 0,019360
бумага 0,886057 0,014040
количественный 1,698970 0,004487
показатель 1,397940 0,003692
дефолт 1,221849 0,003227
отчетность 1,522879 0,004022
инфраструктура 1,221849 0,003227
требование 1,000000 0,002641
участник 0,823909 0,003626
клиринг 1,698970 0,004487
обеспечение 1,154902 0,003050
под 0,376751 0,000995
стресс 1,221849 0,003227
менеджмент 1,698970 0,016451
драгоценный 1,698970 0,005982
металл 1,522879 0,005362
законодательный 1,698970 0,004487
регуляторный 1,698970 0,004487
баз 1,045757 0,002762
технологический 1,522879 0,009384
решение 0,619789 0,002182
библиотека 0,853872 0,002255
подключение 1,698970 0,004487
программа 0,420216 0,001110
ответственный 1,397940 0,003692
раскрытие 1,522879 0,006703
найти 0,356547 0,000942
уязвимость 1,522879 0,004022
релиз 0,958607 0,003375
изменение 0,958607 0,004219
частный 1,301030 0,004581
инвестор 1,221849 0,007529
управляющий 1,397940 0,003692
актив 1,221849 0,003227
международный 0,508638 0,001343
гарантийный 1,522879 0,002681
фонд 0,886057 0,003900
english 1,096910 0,001931
паевой 1,698970 0,005982
доступный 0,958607 0,003375
апрель 0,275724 0,000971
платформа 0,853872 0,001503
финуслуга 1,698970 0,004487
начать 0,508638 0,000895
собственный 0,795880 0,001401
ставок 1,096910 0,001931
вклад 1,045757 0,001841
марта 0,886057 0,001560
открыть 0,552842 0,000973
брокерский 1,522879 0,002681
счет 0,853872 0,001503
свыше 1,301030 0,002291
тысяча 0,568636 0,001001
частное 1,522879 0,002681
весь 0,107905 0,000665
объявление 1,301030 0,003436
иностранный 0,721246 0,001270
мск 1,301030 0,010307
изменить 0,744727 0,003933
верхний 1,301030 0,006872
граница 0,769551 0,004065
ценовый 1,397940 0,007383
коридор 1,397940 0,007383
диапазон 1,698970 0,008973
оценка 0,823909 0,004352
рыночный 1,397940 0,007383
su 1,698970 0,008973
rmf 1,698970 0,008973
офза 1,698970 0,010469
внесение 1,522879 0,004022
допустить 1,045757 0,003682
регистрация 0,408935 0,000720
проспект 1,522879 0,002681
ооо 0,853872 0,001503
интерлизинг 1,698970 0,002991
исключение 0,958607 0,002532
иза 0,167491 0,000442
рия 1,698970 0,004487
сегмент 1,301030 0,002291
прайм 1,698970 0,002991
прекращение 1,397940 0,002461
планировать 0,769551 0,003387
корпоративный 1,397940 0,007383
событие 0,455932 0,002408
at 1,154902 0,002033
 1,000000 0,002641
inc 1,154902 0,006100
rm 1,698970 0,010469
discovery 1,698970 0,002991
disca 1,698970 0,002991
выкуп 1,522879 0,002681
anaplan 1,698970 0,002991
plan 1,221849 0,002151
amazon 1,221849 0,002151
com 0,744727 0,001311
amzn 1,698970 0,002991
hollyfrontier 1,698970 0,002991
corporation 1,698970 0,002991
hfc 1,698970 0,002991
south 1,698970 0,002991
jersey 1,698970 0,002991
industry 1,522879 0,002681
sji 1,698970 0,002991
сегодня 0,443697 0,000781
предстоять 1,221849 0,002151
вебинара 1,397940 0,002461
социальный 0,522879 0,000921
аспект 1,301030 0,002291
esg 1,698970 0,002991
стратегия 1,221849 0,003227
курс 0,602060 0,002120
торговля 1,301030 0,002291
фьючерс 1,698970 0,004487
pro 1,154902 0,002033
продолжительность 1,522879 0,002681
сессия 1,698970 0,004487
дата 0,769551 0,001355
истечение 1,698970 0,002991
опцион 1,522879 0,002681
вечерний 1,045757 0,001841
дополнительный 0,853872 0,001503
начинаться 1,154902 0,002033
дериватив 1,698970 0,002991
валюта 0,795880 0,001401
репо 1,698970 0,002991
депозит 1,698970 0,002991
маркета 1,397940 0,003692
мейкинг 1,698970 0,002991
центральный 0,920819 0,002432
депозитарий 1,698970 0,002991
банк 0,795880 0,001401
репозитарий 1,698970 0,002991
контрагент 1,397940 0,002461
клиринговый 1,698970 0,002991
организация 0,769551 0,001355
ао 0,795880 0,001401
нтб 1,698970 0,002991
школа 0,552842 0,000973
плейс 1,698970 0,002991
витрина 1,698970 0,002991
доверительный 1,397940 0,002461
бизнес 0,468521 0,000825
форум 0,886057 0,001560
конкурс 0,568636 0,002002
хороший 0,408935 0,000720
годовой 0,886057 0,002340
отчет 0,958607 0,001688
invest 1,522879 0,002681
trial 1,397940 0,002461
ipo 1,698970 0,002991
руководство 0,920819 0,001621
корзина 1,397940 0,002461
исторический 0,602060 0,001060
экспозиция 1,154902 0,002033
инсайдерский 1,522879 0,002681
обязательный 0,886057 0,001560
лента 0,677781 0,001193
предупреждение 1,221849 0,002151
возможный 0,769551 0,001355
мошеннический 1,698970 0,002991
действие 0,823909 0,001451
общий 0,823909 0,001451
собрание 1,301030 0,002291
пао 1,698970 0,002991
перейти 0,744727 0,001967
полный 0,522879 0,000921
версия 0,522879 0,001381
сайт 0,173925 0,000919
copyright 1,096910 0,001931
право 0,292430 0,000515
разместить 0,721246 0,001905
настоящее 1,096910 0,001931
защитить 0,552842 0,000973
соответствие 0,795880 0,001401
российский 0,229148 0,000403
законодательство 0,638272 0,001124
прежде 1,045757 0,001841
чем 0,387216 0,000682
приступить 1,301030 0,002291
предлагать 0,958607 0,001688
ознакомиться 1,397940 0,002461
пользовательский 0,552842 0,000973
соглашение 0,443697 0,000781
воспроизведение 1,221849 0,002151
распространение 1,221849 0,002151
иной 0,958607 0,001688
или 0,292430 0,000515
она 0,356547 0,000628
частить 0,920819 0,001621
допускаться 1,045757 0,001841
только 0,283997 0,000500
предварительный 1,301030 0,002291
письменный 0,958607 0,001688
согласие 0,795880 0,001401
