кг 1,522879 0,003522
портал 0,657577 0,001303
весь 0,107905 0,000891
кино 0,455932 0,006025
видеоигра 1,221849 0,001211
сериал 0,494850 0,005722
анима 1,096910 0,015582
div 1,000000 0,000991
img 0,795880 0,000789
src 0,795880 0,001052
https 0,721246 0,000715
mc 1,000000 0,000661
yandex 0,958607 0,000633
ru 0,180456 0,000298
watch 0,958607 0,000633
style 0,823909 0,001089
position 0,853872 0,000846
absolute 0,958607 0,000950
left 0,958607 0,000950
px 0,920819 0,000913
alt 0,886057 0,000878
top 1,000000 0,000661
fwz 1,522879 0,001006
mail 0,721246 0,000715
counter 1,397940 0,000924
id 1,154902 0,000763
j 1,000000 0,000661
na 1,522879 0,001006
border 1,397940 0,000924
height 1,221849 0,001211
width 1,221849 0,001211
рейтинг 0,657577 0,000434
меню 0,886057 0,001171
главный 0,346787 0,000687
новость 0,161151 0,002449
фильм 0,431798 0,004707
популярный 0,455932 0,000602
ожидать 0,958607 0,001267
хороший 0,408935 0,002297
жанр 0,853872 0,000846
рецензия 0,920819 0,003650
трейлер 1,096910 0,009059
подкаста 0,657577 0,004128
календарь 0,920819 0,001521
премьер 0,638272 0,000633
новое 0,214670 0,001277
неделя 0,522879 0,001209
сбор 0,920819 0,002738
сша 0,508638 0,000504
россия 0,214670 0,000284
международный 0,508638 0,000504
упрощенный 1,522879 0,001509
сценарий 0,886057 0,000878
эпизодник 1,698970 0,003368
игра 0,585027 0,004059
месяц 0,537602 0,000533
сезон 0,568636 0,002630
продажа 0,657577 0,000869
блог 0,795880 0,001315
вопрос 0,420216 0,000694
для 0,107905 0,000356
подкастовый 1,698970 0,002245
текстовой 1,096910 0,001087
версия 0,522879 0,000518
мы 0,229148 0,000530
патреон 1,698970 0,002245
лазер 1,698970 0,004490
шоу 0,508638 0,001344
три 0,522879 0,001900
дебил 1,698970 0,004490
телеовощ 1,698970 0,003368
ноль 1,397940 0,002309
кадры 1,522879 0,004025
секунда 1,221849 0,002018
еженедельный 1,397940 0,001385
вопль 1,698970 0,001684
колесо 1,000000 0,000991
минуть 0,769551 0,001525
назад 0,638272 0,005061
диванный 1,698970 0,001684
анимешник 1,698970 0,001684
материал 0,292430 0,000386
правда 0,657577 0,000652
слово 0,552842 0,000548
знаток 1,522879 0,001509
русский 0,318759 0,000316
превить 1,698970 0,002245
топ 0,677781 0,000896
книга 0,552842 0,000548
хорошо 0,823909 0,001089
ненависть 1,221849 0,001211
косплей 1,698970 0,001684
форум 0,886057 0,001464
поиск 0,387216 0,000256
обратный 0,508638 0,000336
связь 0,309804 0,000205
всеяредакция 1,698970 0,001123
ошибка 0,677781 0,000896
пря 0,387216 0,000384
отправка 1,522879 0,001006
сообщение 0,677781 0,000896
попробовать 0,958607 0,000950
отправить 0,619789 0,000614
его 0,346787 0,001031
повторно 1,698970 0,001123
этот 0,173925 0,000689
успех 0,958607 0,000633
общий 0,823909 0,000544
сообщить 0,585027 0,000387
прислать 1,397940 0,001385
фанарта 1,698970 0,001123
плагиат 1,522879 0,001006
адрес 0,537602 0,000355
страница 0,619789 0,001229
текст 0,585027 0,000387
ссылка 0,698970 0,005311
какой 0,337242 0,000446
раздеть 1,698970 0,001684
как 0,187087 0,000371
мочь 0,236572 0,000234
вы 0,301030 0,000994
связаться 1,221849 0,000807
написать 0,619789 0,000410
еще 0,327902 0,000650
один 0,356547 0,000471
вход 0,602060 0,000597
сайт 0,173925 0,000287
похоже 1,301030 0,000860
не 0,136677 0,000903
сослаться 1,301030 0,000860
характер 0,823909 0,000544
ваш 0,431798 0,000285
аккаунт 1,045757 0,000691
заблокировать 1,096910 0,000725
попытка 0,886057 0,000878
нет 0,537602 0,001243
неправильный 1,522879 0,001006
логин 1,397940 0,001385
или 0,292430 0,000386
пароль 0,853872 0,000846
что 0,161151 0,000373
тот 0,376751 0,000373
пошло 1,397940 0,000924
так 0,481486 0,000477
повторить 1,096910 0,000725
запрос 1,221849 0,000807
такой 0,397940 0,000394
пользователь 0,657577 0,000652
войти 0,468521 0,000464
соцсеть 0,721246 0,000715
проблема 0,698970 0,000462
отключить 1,154902 0,001526
adblock 1,698970 0,001123
наш 0,309804 0,000614
регистрация 0,408935 0,000270
вспомнить 1,045757 0,000691
метагалактический 1,698970 0,001123
мегакинопортал 1,698970 0,001123
можно 0,420216 0,000833
после 0,356547 0,000471
хью 1,301030 0,000860
джекман 1,522879 0,001006
выбрать 0,568636 0,000564
мень 0,657577 0,000434
дэниэла 1,698970 0,001123
рэдклифф 1,522879 0,001006
комментировать 1,154902 0,000763
слух 1,096910 0,001087
роля 0,744727 0,001230
росомаха 1,698970 0,001123
джеймс 0,958607 0,000633
ганна 1,698970 0,001123
рассказать 0,366532 0,000363
сексуальный 1,397940 0,001385
ориентация 1,698970 0,001684
миротворец 1,698970 0,002806
он 0,455932 0,000452
всеядный 1,698970 0,001123
весна 0,823909 0,000544
год 0,236572 0,000313
организатор 1,301030 0,000860
золотой 0,795880 0,000789
малин 1,522879 0,001006
отозвать 1,397940 0,000924
награда 1,096910 0,000725
брюс 1,397940 0,003233
уиллис 1,301030 0,003009
netflix 1,221849 0,002826
найти 0,356547 0,000589
злой 1,096910 0,001450
мачеха 1,397940 0,001847
сказка 0,823909 0,001089
очень 0,568636 0,000751
странный 1,045757 0,001727
принцесса 1,397940 0,001847
голодный 1,522879 0,002012
дракон 0,920819 0,002129
настроить 1,301030 0,000860
создание 0,721246 0,000477
показ 1,096910 0,001087
раздел 1,000000 0,001652
иза 0,167491 0,000775
который 0,236572 0,000234
хотеть 0,387216 0,000512
видеть 0,698970 0,000462
относиться 1,154902 0,000763
сразу 0,795880 0,000526
несколько 0,744727 0,000738
быть 0,161151 0,000586
показать 0,522879 0,000691
включить 0,958607 0,000633
хотя 1,221849 0,000807
бы 0,585027 0,000580
отключение 1,301030 0,000860
запись 1,045757 0,000691
тема 0,585027 0,000387
подписать 1,221849 0,000807
важный 0,602060 0,000597
объявление 1,301030 0,000860
показываться 1,698970 0,001123
вне 1,096910 0,000725
зависимость 1,397940 0,000924
настройка 0,920819 0,000608
продолжать 0,795880 0,000526
читать 0,537602 0,000533
напрямую 1,698970 0,001123
открыть 0,552842 0,000365
главное 0,327902 0,000217
обновить 0,769551 0,000763
галерея 0,853872 0,000846
минута 1,045757 0,003455
прямая 1,301030 0,010315
юрий 0,677781 0,001791
лущинский 1,698970 0,004490
обычно 1,522879 0,001006
история 0,283997 0,000188
развиваться 1,221849 0,000807
иначе 1,154902 0,000763
первоисточник 1,522879 0,006540
deadline 1,698970 0,001684
com 0,744727 0,002460
демон 1,096910 0,002174
ад 1,522879 0,001509
воодушевлять 1,698970 0,001684
женщина 0,619789 0,000819
персонаж 1,045757 0,001036
экранизация 1,221849 0,001211
комикс 1,154902 0,001145
сложно 1,301030 0,000860
миро 0,337242 0,000223
час 0,769551 0,001780
отправляться 1,045757 0,001382
индий 1,301030 0,001719
джон 0,920819 0,001521
син 1,522879 0,002012
сыграть 0,958607 0,003167
комедийный 1,301030 0,002149
экшен 1,698970 0,002806
востребованность 1,698970 0,001123
бывший 1,045757 0,000691
рестлер 1,698970 0,001123
расти 1,154902 0,000763
молоток 1,698970 0,001684
судаков 1,698970 0,001123
гогидзе 1,698970 0,001123
выпуск 0,698970 0,001385
пузырь 1,397940 0,003695
джадда 1,522879 0,002515
апатоу 1,522879 0,002515
уход 0,853872 0,001410
patreon 1,698970 0,001684
донат 1,698970 0,001123
поддержать 0,920819 0,001217
аудио 0,920819 0,002129
видео 0,327902 0,000758
оценить 0,920819 0,000608
поделиться 1,096910 0,001087
содержание 1,221849 0,001211
оценка 0,823909 0,000544
голос 0,958607 0,000633
собрать 0,958607 0,000633
близкий 0,744727 0,000492
цель 1,045757 0,000691
начать 0,508638 0,000336
записывать 1,301030 0,000860
видеокамера 1,698970 0,001123
собраться 1,301030 0,000860
место 0,481486 0,000318
целить 1,301030 0,000860
вступление 1,301030 0,000860
уходить 0,823909 0,001089
новый 0,244125 0,001290
ган 1,397940 0,000924
мэверик 1,397940 0,000924
последствие 0,920819 0,000608
удар 0,494850 0,000327
уилла 1,096910 0,002174
смит 1,000000 0,002973
майкл 1,522879 0,001509
бие 1,698970 0,001123
советовать 1,000000 0,000661
завязать 1,522879 0,001006
трансформер 1,698970 0,001123
билл 1,522879 0,001509
скарсгард 1,522879 0,003522
ворон 1,522879 0,001509
джима 1,301030 0,002149
керри 1,522879 0,002515
резко 1,096910 0,000725
высказаться 0,958607 0,000633
оскар 0,886057 0,001171
хреновый 1,698970 0,001123
морбиус 1,301030 0,000860
тварь 1,397940 0,001385
шэрон 1,698970 0,001123
стоун 1,522879 0,001006
злодейка 1,698970 0,001123
dc 1,698970 0,001123
перезапустить 1,698970 0,001123
ребенок 0,259637 0,000172
шпион 1,154902 0,000763
ум 1,000000 0,000661
турман 1,698970 0,001123
сэмюэл 1,698970 0,001123
л 0,795880 0,000526
джексон 1,301030 0,000860
снова 0,744727 0,000492
вместе 0,744727 0,000492
георгия 1,522879 0,001006
чудак 1,698970 0,001684
навсегда 1,000000 0,000991
обсуждение 1,000000 0,000991
наемник 0,920819 0,000608
благодарить 1,522879 0,001006
спонсор 1,301030 0,000860
скачивание 1,522879 0,001006
смотреть 0,443697 0,000733
youtube 0,721246 0,000715
p 1,096910 0,001812
высокий 0,721246 0,000477
разрешение 0,769551 0,000763
мб 1,698970 0,002245
среднее 1,301030 0,000860
ролик 1,154902 0,001526
код 0,823909 0,000544
вставка 1,698970 0,001123
iframe 1,698970 0,001684
kg 1,698970 0,001123
portal 1,522879 0,001006
 1,000000 0,000661
frameborder 1,698970 0,001123
allowfullscreen 1,698970 0,001123
youtu 1,698970 0,002245
be 1,045757 0,001382
иван 0,619789 0,000819
иванов 0,823909 0,001089
франчайза 1,698970 0,002245
городской 0,886057 0,001171
охотник 1,045757 0,001382
пополнить 1,698970 0,002245
уже 0,568636 0,000939
представить 0,744727 0,000492
первый 0,346787 0,001031
тизер 1,301030 0,002149
полнометражка 1,698970 0,001123
часы 0,886057 0,001756
www 0,698970 0,001155
radiotime 1,698970 0,001123
лариса 1,154902 0,001908
мосенко 1,698970 0,002806
создатель 1,096910 0,001450
шерлок 1,522879 0,002012
гот 1,096910 0,001450
взяться 1,154902 0,001526
пятый 0,795880 0,001052
завтра 0,920819 0,001217
вот 0,677781 0,001120
актер 0,744727 0,000984
согласиться 1,397940 0,000924
cbr 1,698970 0,001123
тор 1,397940 0,002309
установить 0,958607 0,001267
свой 0,301030 0,000696
рекорд 1,000000 0,001321
а 0,221849 0,000293
ведь 1,045757 0,000691
даже 0,602060 0,000398
выйти 0,568636 0,001315
наташка 1,698970 0,001684
поломать 1,698970 0,001684
время 0,327902 0,000542
второй 0,602060 0,000994
комедия 0,886057 0,001171
жизнь 0,318759 0,000421
матрешка 1,301030 0,001719
возвращаться 1,221849 0,002018
экран 0,958607 0,000633
пара 1,096910 0,000725
мистер 1,301030 0,001719
миссис 1,522879 0,002012
замена 1,154902 0,002289
фиби 1,698970 0,002245
уоллер 1,698970 0,002245
бридж 1,698970 0,002245
жена 0,677781 0,000896
дональд 1,397940 0,001847
гловер 1,522879 0,002012
майя 1,301030 0,001719
эрскин 1,698970 0,002245
рекаста 1,698970 0,002245
состояться 0,920819 0,000608
screenrant 1,698970 0,002245
катерина 1,221849 0,001615
воскресенский 1,698970 0,003929
обида 1,397940 0,002309
стивен 1,045757 0,001382
моффат 1,698970 0,002245
вернуться 0,638272 0,000843
доктор 0,721246 0,001191
кто 0,346787 0,000573
да 0,494850 0,000327
вчера 0,920819 0,003650
vanityfair 1,698970 0,001123
шутить 1,522879 0,002012
завершать 1,698970 0,002245
актерский 1,154902 0,001526
карьера 0,958607 0,001267
стадия 1,698970 0,001123
отрицание 1,522879 0,001006
пройти 0,677781 0,000448
слишком 1,154902 0,001526
горячий 1,221849 0,001615
александра 0,443697 0,000879
объяснить 0,677781 0,000896
почему 0,366532 0,000727
начало 0,638272 0,001054
карьер 0,958607 0,001267
воспринимать 1,301030 0,001719
всерьез 1,397940 0,001847
интересно 1,301030 0,001289
польский 1,045757 0,001382
эротика 1,221849 0,001211
априори 1,698970 0,001684
скандальный 1,301030 0,001289
день 0,236572 0,000391
потоковый 1,698970 0,001123
клубничка 1,698970 0,001123
hardrock 1,698970 0,001123
hedgehog 1,698970 0,001123
комментарий 0,823909 0,001089
сначала 1,000000 0,000661
я 0,346787 0,000229
сказать 0,795880 0,000526
тупой 1,522879 0,001006
глый 1,522879 0,001006
ямурный 1,698970 0,001123
хуйня 1,698970 0,001123
пот 0,886057 0,000585
понять 0,769551 0,000508
любой 0,420216 0,000278
случай 0,568636 0,000376
много 0,301030 0,000497
здравомыслие 1,522879 0,001006
интеллект 1,154902 0,000763
чем 0,387216 0,000256
внешний 1,045757 0,000691
политика 0,638272 0,000422
польша 0,920819 0,000608
данила 1,698970 0,001123
трансляция 0,721246 0,000715
сегодня 0,443697 0,000293
ультрамен 1,698970 0,001684
герой 0,552842 0,001096
опенинг 1,698970 0,001684
апрель 0,275724 0,000364
дина 1,301030 0,000860
касимов 1,698970 0,001123
есть 0,508638 0,000672
фанат 1,221849 0,001211
требовать 0,886057 0,000878
эзр 1,698970 0,002806
миллер 1,154902 0,002289
флэш 1,698970 0,002806
грант 1,301030 0,001719
гастина 1,698970 0,001123
чат 1,096910 0,000725
leoneo 1,698970 0,001123
отличный 1,154902 0,001145
прямой 0,619789 0,000410
реально 1,397940 0,000924
флеш 1,698970 0,001123
доказывать 1,522879 0,001006
раз 0,638272 0,000633
точно 1,096910 0,000725
хза 1,698970 0,001123
откуда 1,000000 0,000661
вылезти 1,698970 0,001123
б 1,301030 0,000860
говно 1,698970 0,001123
последний 0,318759 0,000527
отыгрывать 1,698970 0,001123
всегда 0,657577 0,000869
отрыть 1,698970 0,001123
свое 0,455932 0,000301
каста 1,698970 0,001123
большой 0,657577 0,000434
респект 1,522879 0,001006
beyoutu 1,698970 0,002806
оригинальный 1,154902 0,001145
обзавестись 1,698970 0,001684
проект 0,259637 0,000343
режиссер 0,823909 0,001089
атака 0,920819 0,000608
титан 1,221849 0,000807
сценарист 1,397940 0,000924
волшебница 1,698970 0,001123
мадок 1,698970 0,001123
магик 1,698970 0,001123
студия 0,886057 0,001171
wit 1,698970 0,001123
gamesradar 1,698970 0,001123
сэм 1,522879 0,001509
рэнять 1,698970 0,001684
считать 0,744727 0,000738
легко 1,045757 0,001036
снять 0,769551 0,000763
человек 0,259637 0,000515
паук 1,096910 0,001812
тоби 1,698970 0,001684
кирстный 1,698970 0,001684
только 0,283997 0,000375
нужно 0,698970 0,000462
ли 0,387216 0,000256
именно 0,823909 0,000544
сейчас 0,481486 0,000318
романтический 1,154902 0,001526
триллер 0,920819 0,000913
два 0,346787 0,000458
ассасин 1,698970 0,001684
энтони 1,698970 0,001684
мак 1,301030 0,001289
приянка 1,698970 0,001684
джонас 1,698970 0,001684
посылка 1,522879 0,001509
amazon 1,221849 0,001211
добро 1,154902 0,000763
пожаловать 1,096910 0,000725
стриминг 1,397940 0,000924
владислава 1,221849 0,000807
никиткин 1,698970 0,001123
красавица 0,958607 0,001267
первое 0,721246 0,001430
автор 0,522879 0,000691
дитя 1,698970 0,002245
чудовище 1,221849 0,001615
дублировать 1,397940 0,000924
песня 0,657577 0,000434
ранее 0,958607 0,000633
возвращение 0,853872 0,000846
владыка 1,698970 0,001684
уровень 0,886057 0,000585
однушка 1,698970 0,001123
анонс 1,096910 0,000725
пробудиться 1,698970 0,001123
забыть 0,657577 0,000652
щикиморить 1,698970 0,001684
сан 1,154902 0,001145
милая 1,522879 0,001509
фирменный 1,522879 0,001509
стиль 0,721246 0,000477
doga 1,698970 0,001123
kobo 1,698970 0,001123
прима 1,698970 0,001123
кукла 1,397940 0,001385
подробность 1,000000 0,000661
военный 0,522879 0,000345
механический 1,522879 0,001006
девушка 0,744727 0,000492
ищущий 1,698970 0,001123
себя 0,397940 0,000263
мирный 1,045757 0,000691
лестат 1,698970 0,001684
луи 1,698970 0,001684
интервью 0,522879 0,000691
вампир 1,045757 0,001382
шедевр 1,000000 0,000661
отзыв 0,958607 0,000633
варяг 1,301030 0,002579
роберт 1,154902 0,001145
эггерс 1,522879 0,001509
лок 1,397940 0,001385
ключ 1,301030 0,001289
кадр 0,823909 0,000817
третий 0,886057 0,000585
статус 1,096910 0,000725
дилогия 1,698970 0,001123
max 1,698970 0,001123
payne 1,698970 0,001123
получить 0,420216 0,000278
полноценный 1,221849 0,000807
ремейк 1,522879 0,001006
колин 1,698970 0,001123
ферт 1,522879 0,001006
собираться 0,958607 0,000633
цинично 1,698970 0,001123
обмануть 1,154902 0,000763
гитлер 1,301030 0,000860
операция 0,657577 0,000434
мясной 1,397940 0,000924
фарш 1,397940 0,000924
стрелять 1,301030 0,000860
промах 1,698970 0,001123
кажется 1,045757 0,000691
прикончить 1,698970 0,001123
сольник 1,698970 0,001123
дэдшот 1,698970 0,001123
злобный 1,522879 0,001006
грин 1,397940 0,000924
де 1,522879 0,001006
вальд 1,698970 0,001123
свежий 0,795880 0,000789
фантастический 0,958607 0,000633
глава 0,522879 0,000345
манг 1,698970 0,001123
камовать 1,698970 0,001123
опубликовать 0,494850 0,000327
warner 1,522879 0,001509
bro 1,522879 0,001509
ставить 1,000000 0,000991
пауза 1,522879 0,001509
эзрыть 1,698970 0,001684
арест 1,096910 0,001087
далекий 0,769551 0,000763
наотрез 1,698970 0,001123
отказываться 1,154902 0,000763
снимать 0,958607 0,000633
железный 1,000000 0,000661
бэтмена 1,522879 0,001006
стан 1,698970 0,001123
ubisoft 1,698970 0,001123
королевский 1,096910 0,000725
битва 1,045757 0,000691
ntf 1,698970 0,001123
игросервис 1,698970 0,001123
играть 0,920819 0,000608
banner 1,397940 0,000924
sagum 1,522879 0,001509
часть 0,638272 0,000422
движок 1,698970 0,001123
unreal 1,698970 0,001123
engine 1,698970 0,001123
выпустить 1,045757 0,000691
официально 1,221849 0,000807
возрождение 1,096910 0,000725
классика 1,045757 0,000691
анонсировать 1,154902 0,000763
квеста 1,522879 0,001006
return 1,397940 0,000924
to 0,886057 0,000585
monkey 1,698970 0,001123
island 1,698970 0,001123
таки 1,698970 0,001123
леголизовать 1,698970 0,001123
lego 1,698970 0,001123
star 1,221849 0,000807
war 1,698970 0,001123
skywalker 1,698970 0,001123
детективный 1,301030 0,000860
механика 1,698970 0,001123
ai 1,522879 0,001006
somnium 1,698970 0,001123
file 1,522879 0,001006
nirvana 1,698970 0,001123
initiative 1,522879 0,001006
следовать 0,920819 0,000608
тоже 0,958607 0,000633
бэтвумный 1,698970 0,001123
промо 1,301030 0,001289
настоящий 0,795880 0,000526
лесбийский 1,698970 0,001123
любовь 0,468521 0,000774
лига 0,958607 0,000633
справедливость 1,221849 0,000807
зак 1,522879 0,001006
снайдер 1,698970 0,001123
marvel 1,301030 0,000860
реакция 1,221849 0,000807
вечный 1,045757 0,000691
гей 1,698970 0,001123
икона 1,522879 0,001006
раскрытый 1,397940 0,000924
губка 1,522879 0,001006
боб 1,301030 0,000860
прикраса 1,522879 0,001509
очередной 1,045757 0,000691
академик 1,221849 0,000807
проголосовать 1,698970 0,001123
драма 0,823909 0,000544
аутлый 1,698970 0,001123
гейский 1,698970 0,001123
трансгендерный 1,698970 0,001123
киан 1,522879 0,001006
ривз 1,522879 0,001006
забанить 1,698970 0,001123
китай 0,721246 0,000477
оно 0,397940 0,000394
удалять 1,698970 0,001123
онлайн 0,387216 0,000256
кинотеатр 0,920819 0,000608
вконтакт 0,638272 0,000633
твиттер 1,301030 0,001289
телегр 1,154902 0,001145
icq 1,397940 0,001385
стрить 1,698970 0,001123
ева 1,000000 0,000661
женский 0,958607 0,000633
квикенинг 1,698970 0,001123
камон 1,698970 0,001684
смерть 0,568636 0,000564
нил 1,301030 0,001289
илюхин 1,698970 0,002245
анчартед 1,301030 0,000860
карта 0,657577 0,000434
значиться 1,221849 0,000807
падение 1,096910 0,000725
луна 1,096910 0,000725
параллельный 1,221849 0,000807
мать 0,721246 0,000477
king 1,698970 0,001123
s 0,721246 0,000477
man 1,397940 0,000924
аллея 1,301030 0,000860
кошмар 1,221849 0,000807
наверх 1,301030 0,001289
рикардо 1,698970 0,001123
матрица 1,522879 0,001509
воскрешение 1,301030 0,001289
путь 0,721246 0,000953
домыть 0,958607 0,000950
дом 0,356547 0,000236
guccus 1,698970 0,001123
самый 0,251812 0,000416
обсуждать 0,886057 0,000585
викинг 1,698970 0,001123
славянка 1,698970 0,001123
аня 1,221849 0,001615
тейлора 1,397940 0,001847
джа 1,522879 0,002012
остальной 1,397940 0,000924
трагедия 1,045757 0,000691
постер 1,397940 0,000924
терминатрикс 1,698970 0,001123
здание 1,301030 0,000860
эксить 1,698970 0,002245
ботан 1,397940 0,001385
супербаб 1,397940 0,001385
илья 0,795880 0,000526
куликов 1,522879 0,001006
амнезия 1,522879 0,001006
берсеркнуть 1,698970 0,001123
скарсагарда 1,698970 0,001123
атаковать 1,221849 0,000807
отрывок 1,154902 0,000763
голый 1,397940 0,000924
колдунья 1,698970 0,001123
другой 0,356547 0,000353
прелесть 1,397940 0,000924
никакой 0,920819 0,000913
проплывать 1,698970 0,001123
мимо 1,522879 0,001006
российский 0,229148 0,000151
прокат 1,000000 0,000661
в 1,397940 0,000924
пригреть 1,698970 0,001123
голливудский 1,221849 0,000807
alfred 1,698970 0,001123
lionel 1,698970 0,001123
astronafft 1,698970 0,001123
романа 0,585027 0,000387
махный 1,698970 0,001123
mr 1,698970 0,001123
whopper 1,698970 0,001123
bobikthehuman 1,698970 0,001123
lima 1,698970 0,001123
zulu 1,698970 0,001123
барри 1,301030 0,000860
аллен 1,698970 0,001123
scorpionbsg 1,698970 0,001123
rbtv 1,698970 0,001123
kinogovno 1,698970 0,001684
твить 1,698970 0,001123
инстагра 1,522879 0,001006
фейсбук 1,698970 0,001123
вк 1,698970 0,001123
невыносимый 1,522879 0,001006
тяжесть 1,522879 0,001006
огромный 0,721246 0,000477
талант 0,920819 0,000608
стрэндж 1,301030 0,000860
мультивселить 1,221849 0,000807
безумие 1,154902 0,000763
звездный 1,154902 0,000763
мир 0,387216 0,000256
мисс 1,045757 0,000691
марветь 1,397940 0,000924
обновление 1,000000 0,000661
отчаянный 1,221849 0,000807
дольщик 1,397940 0,000924
призрак 1,096910 0,000725
квартира 0,853872 0,000564
тайный 0,823909 0,000544
амулет 1,522879 0,001006
гром 1,301030 0,000860
след 1,000000 0,000661
хакер 1,301030 0,000860
rogue 1,698970 0,001123
legacy 1,522879 0,001006
крыло 1,154902 0,000763
берлин 1,301030 0,000860
лунный 1,154902 0,000763
рыцарь 1,221849 0,000807
друг 0,494850 0,000327
контакт 0,387216 0,000256
размещение 0,853872 0,000564
реклама 0,259637 0,000172
пользовательский 0,552842 0,000365
соглашение 0,443697 0,000293
политик 0,366532 0,000242
конфиденциальность 0,698970 0,000462
источник 1,045757 0,000691
фотография 0,795880 0,000526
depositphoto 1,698970 0,001123
уж 1,221849 0,000807
досюда 1,698970 0,001123
докрутить 1,698970 0,001123
rss 0,823909 0,000544
знать 0,494850 0,000327
курс 0,602060 0,000398
происходить 0,769551 0,000508
тогда 1,045757 0,000691
дорогой 0,744727 0,000492
страна 0,387216 0,000256
скромно 1,698970 0,001123
светский 1,221849 0,000807
хроника 1,301030 0,000860
некролог 1,698970 0,001123
поздравление 1,522879 0,001006
днем 1,045757 0,000691
рождение 0,602060 0,000398
строго 1,397940 0,000924
дело 0,481486 0,000318
почтить 0,823909 0,000544
непредвзято 1,698970 0,001123
реж 1,522879 0,001006
юмор 1,096910 0,000725
никак 1,397940 0,000924
здесь 0,698970 0,000693
прочий 1,301030 0,000860
обзор 0,795880 0,000526
новинка 0,677781 0,000672
невероятно 1,522879 0,001006
содержательный 1,698970 0,001123
релиз 0,958607 0,000633
данный 0,455932 0,000301
бокс 1,096910 0,000725
офис 1,154902 0,000763
непринужденный 1,522879 0,001006
общение 0,920819 0,000608
многое 1,096910 0,000725
скучно 1,397940 0,000924
искать 0,698970 0,000462
приятный 1,096910 0,000725
вечер 0,823909 0,000544
горячее 1,154902 0,000763
пк 1,698970 0,001123
смочь 0,537602 0,000355
помочь 0,537602 0,000355
