выбор 0,698970 0,002683
авто 0,769551 0,008862
удобный 1,301030 0,004994
сервис 0,886057 0,003401
выбора 1,522879 0,005846
все 0,124939 0,000959
бренды 1,221849 0,004690
расширенный 1,397940 0,005366
каталог 1,045757 0,006022
машин 1,096910 0,004211
чтобы 0,408935 0,001570
облегчить 1,397940 0,005366
автомобиля 1,000000 0,003839
продаже 1,221849 0,007036
дилеры 1,397940 0,008050
отзывы 1,096910 0,006316
коммерческие 1,698970 0,009783
штрафы 1,397940 0,005366
редакция 0,744727 0,004288
мото 1,522879 0,008769
журнал 1,000000 0,005758
пдд 1,301030 0,007492
онлайн 0,387216 0,001486
видео 0,327902 0,001259
новое 0,823909 0,004744
журнале 1,397940 0,005366
эксперты 0,853872 0,003278
тяжелые 1,397940 0,005366
электрокары 1,698970 0,006522
могут 0,508638 0,002929
привести 1,301030 0,004994
росту 1,397940 0,005366
смертности 1,698970 0,006522
дорогах 1,397940 0,005366
появились 1,221849 0,004690
изображения 1,154902 0,004433
пятого 1,522879 0,005846
поколения 1,397940 0,005366
mitsubishi 1,522879 0,008769
pajero 1,698970 0,006522
эксклюзив 0,920819 0,003535
quto 1,698970 0,013044
самый 0,769551 0,002954
крупный 1,397940 0,005366
кроссовер 1,221849 0,004690
smart 1,301030 0,004994
стал 0,585027 0,002246
серийным 1,698970 0,006522
хуснуллин 1,698970 0,006522
трасса 1,698970 0,006522
м 0,698970 0,002683
будет 0,387216 0,002230
построена 1,522879 0,005846
срок 1,096910 0,004211
гибдд 1,221849 0,004690
напомнила 1,397940 0,005366
грубом 1,522879 0,005846
нарушении 1,301030 0,004994
что 0,161151 0,000619
водителей 1,000000 0,003839
лишат 1,698970 0,006522
прав 0,853872 0,003278
отправят 1,397940 0,005366
под 0,376751 0,001446
арест 1,301030 0,004994
мантуров 1,397940 0,005366
объяснил 0,769551 0,002954
кто 0,408935 0,001570
поставлять 1,397940 0,005366
детали 1,397940 0,005366
вазу 1,698970 0,006522
минпромторг 1,397940 0,005366
предупредил 1,397940 0,005366
подорожании 1,698970 0,006522
роскошных 1,301030 0,004994
aurus 1,221849 0,004690
урал 1,397940 0,005366
откажется 1,397940 0,005366
китайских 1,522879 0,005846
мостов 1,698970 0,006522
пользу 1,301030 0,004994
российских 0,468521 0,001799
легенда 1,221849 0,004690
девяностых 1,522879 0,005846
фактов 1,397940 0,008050
пятерке 1,522879 0,005846
bmw 1,397940 0,008050
e 0,677781 0,002602
китайский 1,301030 0,004994
gac 1,698970 0,006522
представил 1,221849 0,004690
убийцу 1,301030 0,004994
creta 1,698970 0,006522
такая 1,096910 0,004211
машина 1,301030 0,004994
появится 1,221849 0,004690
россии 0,251812 0,000967
автомобилей 1,000000 0,003839
audi 1,397940 0,010733
chery 1,221849 0,004690
citroen 1,522879 0,005846
geely 1,397940 0,005366
genesis 1,698970 0,006522
haval 1,522879 0,005846
honda 1,522879 0,005846
hyundai 1,301030 0,007492
infiniti 1,397940 0,005366
jaguar 1,698970 0,006522
kia 1,522879 0,005846
lada 1,221849 0,004690
land 1,698970 0,009783
rover 1,522879 0,011692
lexus 1,397940 0,010733
mazda 1,522879 0,005846
mercedes 1,301030 0,004994
benz 1,522879 0,005846
nissan 1,397940 0,008050
peugeot 1,698970 0,006522
renault 1,397940 0,005366
skoda 1,698970 0,006522
toyota 1,397940 0,005366
volkswagen 1,397940 0,005366
volvo 1,301030 0,004994
марки 1,045757 0,004014
новинки 0,677781 0,002602
автопрома 1,698970 0,006522
staria 1,397940 0,005366
объявлены 1,301030 0,009989
цены 0,744727 0,005718
rs 1,397940 0,005366
хэтчбек 1,698970 0,006522
дв 1,397940 0,005366
доступен 1,522879 0,008769
заказу 1,522879 0,008769
lx 1,522879 0,008769
pathfinder 1,698970 0,006522
открыт 1,221849 0,004690
прием 1,221849 0,004690
заказов 1,522879 0,005846
exeed 1,522879 0,005846
стартовали 1,397940 0,005366
продажи 1,096910 0,004211
nx 1,522879 0,005846
subaru 1,522879 0,005846
forester 1,698970 0,006522
range 1,301030 0,004994
поколение 1,154902 0,006650
роскошного 1,522879 0,005846
внедорожника 1,698970 0,009783
jeep 1,698970 0,006522
grand 1,698970 0,006522
cherokee 1,698970 0,006522
пятое 1,698970 0,006522
легендарного 1,522879 0,005846
самое 0,886057 0,003401
читаемое 1,096910 0,004211
скорость 1,397940 0,005366
мкад 1,698970 0,006522
ограничили 1,698970 0,006522
км 1,397940 0,005366
ч 1,397940 0,005366
водителям 1,522879 0,008769
уже 0,568636 0,002183
мчат 1,698970 0,006522
письма 1,096910 0,004211
счастья 1,045757 0,004014
реакция 1,698970 0,006522
соцсетей 1,397940 0,005366
апреля 0,283997 0,002180
бочка 1,698970 0,006522
меда 1,522879 0,005846
страховщики 1,698970 0,006522
пригрозили 1,698970 0,006522
законопослушным 1,698970 0,006522
отказе 1,522879 0,005846
выплат 1,698970 0,006522
вот 0,677781 0,002602
почему 0,366532 0,001407
туле 1,522879 0,005846
стартовало 1,698970 0,006522
производство 1,154902 0,004433
совершенно 0,886057 0,003401
нового 0,769551 0,002954
кроссовера 1,221849 0,004690
отключить 1,698970 0,006522
рекламу 1,096910 0,004211
мотокаталог 1,698970 0,006522
более 0,494850 0,001900
моделей 1,221849 0,004690
каталоге 1,698970 0,006522
погнали 1,522879 0,005846
новости 0,173925 0,000668
партнеров 1,154902 0,004433
подписаться 0,769551 0,002954
рассылку 1,000000 0,003839
размещение 0,958607 0,003680
рекламы 0,823909 0,003163
пользовательское 0,657577 0,002524
соглашение 0,619789 0,002379
ru 0,180456 0,000693
г 0,552842 0,002122
нашли 0,920819 0,003535
опечатку 1,301030 0,004994
выделите 1,000000 0,003839
текст 0,920819 0,003535
нажмите 0,958607 0,003680
ctrl 0,958607 0,003680
enter 0,958607 0,003680
телефон 0,677781 0,002602
редакции 0,443697 0,001703
права 0,431798 0,001658
защищены 0,602060 0,002311
полное 1,154902 0,004433
или 0,292430 0,001123
частичное 1,397940 0,005366
копирование 1,154902 0,004433
материалов 0,585027 0,002246
сайта 0,508638 0,002929
коммерческих 1,698970 0,006522
целях 1,522879 0,005846
разрешено 1,698970 0,006522
только 0,283997 0,001090
письменного 1,000000 0,003839
разрешения 0,853872 0,003278
владельца 1,522879 0,005846
случае 0,920819 0,003535
обнаружения 1,698970 0,006522
нарушений 1,522879 0,005846
виновные 1,698970 0,006522
лица 1,096910 0,004211
быть 0,420216 0,001613
привлечены 1,698970 0,006522
ответственности 1,154902 0,004433
соответствии 0,795880 0,003055
действующим 1,522879 0,005846
законодательством 0,823909 0,003163
российской 0,585027 0,002246
федерации 0,744727 0,002859
