iterate 1,698970 0,001242
faster 1,698970 0,011177
innovate 1,698970 0,002484
together 1,522879 0,003340
gitlab 1,522879 0,041189
talk 1,397940 0,005109
to 0,886057 0,006477
expert 1,522879 0,005566
get 1,154902 0,007598
free 1,397940 0,006131
trial 1,397940 0,005109
product 1,221849 0,005359
devops 1,301030 0,019021
platform 1,397940 0,012263
explore 1,397940 0,005109
install 1,397940 0,005109
how 1,221849 0,005359
compares 1,698970 0,003726
solutions 1,397940 0,004088
by 1,000000 0,008041
organization 1,522879 0,003340
type 1,301030 0,002853
enterprise 1,397940 0,003066
small 1,301030 0,002853
business 1,301030 0,003804
public 1,221849 0,002679
sector 1,698970 0,003726
use 1,096910 0,004009
case 1,397940 0,010219
continuous 1,698970 0,006210
integration 1,522879 0,004453
ci 1,301030 0,005706
cd 1,301030 0,002853
source 1,221849 0,006252
code 1,154902 0,005065
management 1,301030 0,009510
out 1,154902 0,004221
of 0,853872 0,004993
box 1,522879 0,003340
pipelines 1,698970 0,003726
security 1,301030 0,008559
devsecops 1,698970 0,004968
agile 1,522879 0,003340
development 1,096910 0,003207
value 1,397940 0,004088
stream 1,522879 0,004453
gitops 1,698970 0,003726
resources 1,397940 0,014306
getting 1,301030 0,002853
started 1,221849 0,003573
industry 1,698970 0,003726
topics 1,397940 0,004088
trends 1,698970 0,003726
docs 1,397940 0,004088
learn 1,221849 0,010718
blog 1,301030 0,003804
services 1,397940 0,005109
additional 1,522879 0,003340
people 1,522879 0,003340
working 1,522879 0,003340
remotely 1,698970 0,003726
community 1,221849 0,005359
programs 1,522879 0,004453
upcoming 1,522879 0,003340
events 1,301030 0,003804
developer 1,154902 0,002533
survey 1,698970 0,003726
results 1,397940 0,003066
partners 1,397940 0,017372
meet 1,522879 0,003340
our 1,221849 0,011611
customer 1,522879 0,005566
studies 1,698970 0,004968
technology 1,397940 0,009197
find 1,301030 0,007608
a 0,698970 0,010730
partner 1,301030 0,009510
become 1,301030 0,004755
channel 1,698970 0,011177
pricing 1,522879 0,004453
support 1,045757 0,009938
contact 1,221849 0,005359
login 1,698970 0,002484
discover 1,698970 0,006210
all 1,096910 0,004009
in 0,958607 0,007007
one 0,958607 0,002803
software 1,154902 0,006754
delivery 1,522879 0,004453
see 1,397940 0,006131
repositories 1,522879 0,002226
action 1,397940 0,002044
with 1,096910 0,009622
projects 1,397940 0,003066
package 1,397940 0,004088
run 1,221849 0,001786
complete 1,221849 0,002679
solution 1,301030 0,002853
why 1,397940 0,004088
we 1,221849 0,007145
re 1,301030 0,002853
best 1,301030 0,001902
adopt 1,698970 0,004968
for 1,045757 0,006116
endless 1,698970 0,002484
possibilities 1,698970 0,002484
that 1,096910 0,001604
grows 1,698970 0,002484
you 0,958607 0,002803
trusted 1,698970 0,004968
government 1,397940 0,002044
loved 1,698970 0,003726
developers 1,301030 0,002853
automate 1,522879 0,003340
everything 1,221849 0,001786
accelerate 1,397940 0,002044
deployment 1,698970 0,002484
build 1,301030 0,003804
future 1,397940 0,002044
shared 1,397940 0,002044
history 1,698970 0,002484
single 1,522879 0,006679
commit 1,698970 0,002484
integrate 1,522879 0,002226
deliver 1,698970 0,004968
continuously 1,522879 0,002226
keep 1,301030 0,001902
your 1,154902 0,003377
methodology 1,698970 0,002484
gain 1,522879 0,002226
functionality 1,698970 0,002484
visualize 1,698970 0,002484
what 1,221849 0,004466
works 1,522879 0,002226
optimize 1,698970 0,002484
rest 1,698970 0,002484
simplify 1,698970 0,002484
it 0,823909 0,001807
style 0,823909 0,001205
automation 1,397940 0,002044
develop 1,397940 0,002044
secure 1,522879 0,003340
quick 1,397940 0,002044
start 1,301030 0,001902
checklist 1,698970 0,002484
cross 1,301030 0,001902
functional 1,698970 0,002484
insights 1,698970 0,002484
access 1,522879 0,003340
step 1,522879 0,003340
tutorials 1,522879 0,002226
guides 1,397940 0,002044
watch 0,958607 0,002102
videos 1,698970 0,002484
self 1,397940 0,002044
driven 1,397940 0,002044
demos 1,698970 0,002484
read 1,522879 0,006679
up 1,000000 0,001462
on 1,045757 0,003822
releases 1,522879 0,004453
contributions 1,522879 0,002226
more 1,045757 0,012231
download 1,522879 0,002226
knowledge 1,522879 0,002226
expand 1,522879 0,002226
production 1,397940 0,002044
work 1,221849 0,003573
better 1,397940 0,004088
wherever 1,698970 0,002484
contributor 1,698970 0,002484
startup 1,698970 0,002484
grants 1,522879 0,002226
meetups 1,698970 0,002484
webinars 1,698970 0,002484
conferences 1,522879 0,002226
through 1,221849 0,001786
eyes 1,522879 0,002226
practitioners 1,698970 0,002484
check 1,397940 0,002044
top 1,000000 0,001462
companies 1,221849 0,002679
trust 1,698970 0,002484
cloud 1,221849 0,002679
other 1,301030 0,001902
integrators 1,698970 0,002484
join 1,221849 0,001786
ecosystem 1,522879 0,002226
resellers 1,698970 0,002484
providers 1,698970 0,002484
grow 1,698970 0,002484
alongside 1,698970 0,002484
experts 1,698970 0,002484
where 1,397940 0,002044
when 1,397940 0,002044
offer 1,397940 0,002044
documents 1,522879 0,002226
instructions 1,698970 0,002484
has 1,522879 0,002226
arrived 1,698970 0,002484
collaboration 1,522879 0,003340
demo 1,522879 0,002226
benefits 1,522879 0,002226
aws 1,698970 0,002484
webcast 1,698970 0,002484
without 1,397940 0,003066
boundaries 1,698970 0,002484
study 1,698970 0,006210
advances 1,698970 0,002484
open 1,154902 0,003377
science 1,397940 0,002044
education 1,397940 0,003066
at 1,154902 0,003377
te 1,698970 0,002484
herenga 1,698970 0,002484
waka 1,698970 0,002484
victoria 1,698970 0,002484
university 1,522879 0,002226
wellington 1,698970 0,002484
efficiently 1,698970 0,002484
identify 1,522879 0,002226
blockers 1,698970 0,002484
address 1,397940 0,002044
them 1,221849 0,001786
immediately 1,698970 0,002484
tool 1,522879 0,002226
focus 1,301030 0,001902
delivering 1,698970 0,002484
not 1,096910 0,001604
maintaining 1,698970 0,002484
integrations 1,522879 0,002226
reduce 1,698970 0,002484
risk 1,522879 0,002226
cost 1,698970 0,002484
compliance 1,522879 0,007793
compromising 1,698970 0,002484
speed 1,698970 0,004968
or 1,154902 0,001688
spend 1,698970 0,002484
worldwide 1,698970 0,002484
goldman 1,698970 0,002484
sachs 1,698970 0,002484
increases 1,698970 0,002484
demolishing 1,698970 0,002484
toolchain 1,698970 0,002484
complexity 1,698970 0,002484
adopters 1,698970 0,002484
first 1,154902 0,001688
week 1,698970 0,002484
feature 1,698970 0,003726
builds 1,522879 0,003340
per 1,522879 0,002226
day 1,397940 0,002044
fanatics 1,698970 0,002484
successful 1,522879 0,002226
transition 1,698970 0,002484
empowers 1,698970 0,002484
innovation 1,522879 0,002226
cycles 1,698970 0,002484
migrated 1,698970 0,002484
months 1,698970 0,002484
need 1,301030 0,001902
patches 1,698970 0,002484
ticketmaster 1,698970 0,002484
spends 1,698970 0,002484
less 1,397940 0,002044
time 1,096910 0,002406
improving 1,698970 0,002484
their 1,397940 0,002044
products 1,698970 0,002484
x 0,853872 0,001248
weekly 1,698970 0,002484
mobile 1,301030 0,001902
is 1,096910 0,005613
users 1,698970 0,002484
have 1,221849 0,001786
spoken 1,698970 0,002484
ranks 1,522879 0,002226
as 1,221849 0,003573
g 1,154902 0,001688
leader 1,698970 0,002484
across 1,522879 0,002226
categories 1,698970 0,002484
take 1,221849 0,002679
seriously 1,698970 0,003726
soc 1,698970 0,003726
certification 1,522879 0,003340
iso 1,522879 0,002226
iec 1,698970 0,002484
csa 1,698970 0,003726
provider 1,698970 0,002484
star 1,397940 0,002044
level 1,221849 0,001786
gdpr 1,522879 0,002226
vpat 1,698970 0,002484
know 1,522879 0,002226
much 1,522879 0,002226
accessibility 1,522879 0,002226
matter 1,698970 0,002484
customers 1,522879 0,003340
stakeholders 1,698970 0,002484
about 1,154902 0,003377
new 0,920819 0,002019
features 1,301030 0,001902
every 1,221849 0,001786
month 1,522879 0,002226
released 1,522879 0,002226
epic 1,397940 0,003066
linking 1,698970 0,002484
integrated 1,522879 0,002226
training 1,397940 0,003066
s 0,721246 0,001582
streamlined 1,698970 0,002484
way 1,397940 0,002044
delivered 1,698970 0,002484
application 1,698970 0,002484
manage 1,522879 0,002226
subgroupsaudit 1,698970 0,002484
eventsaudit 1,698970 0,002484
reportscompliance 1,698970 0,002484
managementdevops 1,698970 0,002484
reportsvalue 1,698970 0,002484
plan 1,301030 0,001902
team 1,301030 0,002853
planningportfolio 1,698970 0,002484
managementservice 1,698970 0,002484
deskrequirements 1,698970 0,002484
managementquality 1,698970 0,002484
managementdesign 1,698970 0,002484
create 1,397940 0,002044
managementcode 1,698970 0,002484
reviewwikiweb 1,698970 0,002484
idesnippets 1,698970 0,002484
verify 1,698970 0,002484
testing 1,522879 0,002226
coverageperformance 1,698970 0,002484
testingmerge 1,698970 0,002484
trainsreview 1,698970 0,002484
appssecrets 1,698970 0,002484
registrycontainer 1,698970 0,002484
registryhelm 1,698970 0,002484
chart 1,522879 0,002226
registrydependency 1,698970 0,002484
proxygit 1,698970 0,002484
lfs 1,698970 0,002484
sastsecret 1,698970 0,002484
detectioncode 1,698970 0,002484
qualitydastapi 1,698970 0,002484
securityfuzz 1,698970 0,002484
testingdependency 1,698970 0,002484
scanninglicense 1,698970 0,002484
compliancevulnerability 1,698970 0,002484
release 1,397940 0,002044
deliverypagesadvanced 1,698970 0,002484
deploymentsfeature 1,698970 0,002484
flagsrelease 1,698970 0,002484
evidencerelease 1,698970 0,002484
orchestrationenvironment 1,698970 0,002484
configure 1,698970 0,002484
auto 1,698970 0,002484
devopskubernetes 1,698970 0,002484
managementdeployment 1,698970 0,002484
managementchatopsinfrastructure 1,698970 0,002484
monitor 1,698970 0,002484
metricsincident 1,698970 0,002484
managementon 1,698970 0,002484
call 1,301030 0,001902
schedule 1,522879 0,002226
managementtracingerror 1,698970 0,002484
trackingproduct 1,698970 0,002484
analytics 1,397940 0,002044
protect 1,522879 0,002226
container 1,522879 0,002226
scanningsecurity 1,698970 0,002484
orchestration 1,698970 0,002484
compare 1,301030 0,001902
tools 1,301030 0,002853
maturity 1,698970 0,002484
stopping 1,698970 0,002484
from 1,221849 0,001786
transforming 1,698970 0,002484
process 1,522879 0,002226
here 1,301030 0,001902
help 1,221849 0,002679
today 1,221849 0,001786
try 1,397940 0,002044
ask 1,397940 0,002044
us 1,221849 0,001786
anything 1,397940 0,002044
lifecycle 1,698970 0,002484
any 1,221849 0,001786
good 1,522879 0,002226
remote 1,522879 0,002226
newsletter 1,522879 0,002226
webcasts 1,698970 0,002484
contribute 1,397940 0,003066
direction 1,698970 0,002484
startups 1,698970 0,002484
shop 1,397940 0,002044
forum 1,397940 0,002044
sales 1,154902 0,001688
options 1,522879 0,002226
status 1,397940 0,002044
portal 1,522879 0,002226
company 1,522879 0,002226
jobs 1,397940 0,002044
culture 1,698970 0,002484
leadership 1,522879 0,002226
press 1,154902 0,001688
investor 1,698970 0,002484
relations 1,698970 0,002484
analysts 1,698970 0,002484
handbook 1,698970 0,002484
terms 1,221849 0,001786
cookies 1,221849 0,001786
settings 1,301030 0,001902
privacy 1,096910 0,001604
git 1,397940 0,002044
trademark 1,698970 0,002484
freedom 1,522879 0,002226
conservancy 1,698970 0,002484
under 1,397940 0,002044
license 1,397940 0,002044
view 1,154902 0,001688
page 1,698970 0,002484
edit 1,522879 0,002226
web 1,096910 0,001604
ide 1,522879 0,002226
please 1,397940 0,002044
b 0,958607 0,001401
v 0,920819 0,001346
