колеса 1,221849 0,004108
ру 0,744727 0,002504
автоновости 1,221849 0,001174
тест 0,795880 0,009174
драйвы 1,397940 0,009400
каталог 1,045757 0,001005
авто 0,769551 0,008871
отзывы 1,096910 0,001054
дилеры 1,397940 0,001343
общение 1,221849 0,001174
подобрать 1,522879 0,002926
новости 0,173925 0,001086
статьи 0,677781 0,004558
пробегом 1,397940 0,008057
история 0,443697 0,001066
еще 0,327902 0,000945
календарь 1,000000 0,001921
автоновинок 1,698970 0,003264
практика 1,301030 0,004374
тюнинг 1,522879 0,002926
гаджеты 1,154902 0,002219
простые 1,397940 0,002686
вопросы 0,638272 0,001533
редкие 1,397940 0,002686
шины 1,221849 0,002347
диски 1,522879 0,003657
эксперт 0,958607 0,001842
выбирает 1,221849 0,002347
недели 0,744727 0,001788
грузовики 1,698970 0,003264
автобусы 1,522879 0,002926
рендеры 1,698970 0,004080
интервью 0,522879 0,001005
гид 1,154902 0,002219
покупке 1,154902 0,002774
азбука 1,301030 0,002500
автохимии 1,698970 0,003264
ремонт 1,221849 0,002347
обслуживание 1,397940 0,003357
вход 0,619789 0,001191
мой 0,769551 0,000739
профайл 1,698970 0,001632
выйти 1,154902 0,001109
выход 0,958607 0,000921
показать 0,795880 0,000765
почему 0,366532 0,000528
он 0,455932 0,000657
проиграл 1,522879 0,001463
camry 1,698970 0,001632
стоит 0,619789 0,001488
ли 0,387216 0,000744
покупать 0,886057 0,002128
toyota 1,397940 0,001343
avensis 1,698970 0,001632
iii 1,154902 0,001109
t 1,000000 0,000961
миллион 1,154902 0,001109
рублей 0,585027 0,000562
новостной 1,522879 0,001463
дайджест 1,301030 0,001250
первый 0,585027 0,001124
кроссовер 1,221849 0,002347
lotus 1,698970 0,001632
европа 0,853872 0,000820
ford 1,522879 0,001463
mondeo 1,522879 0,001463
а 0,221849 0,001066
россия 0,455932 0,000438
японских 1,698970 0,001632
люксовых 1,698970 0,001632
машин 1,096910 0,003161
популярные 0,744727 0,000715
ограничение 1,698970 0,001632
минимальной 1,698970 0,001632
скорости 1,522879 0,001463
как 0,187087 0,000629
обозначается 1,698970 0,001632
где 0,455932 0,000438
встречается 1,698970 0,001632
что 0,161151 0,000929
грозит 1,154902 0,001109
нарушение 1,522879 0,001463
думаете 1,698970 0,001632
новой 0,638272 0,000613
машины 1,000000 0,001921
можете 0,769551 0,000739
выбирать 1,522879 0,001463
прямо 0,958607 0,000921
попробовать 1,221849 0,001174
смотреть 0,552842 0,001062
все 0,124939 0,000480
последние 0,568636 0,000546
новинки 0,677781 0,002279
возвращение 0,958607 0,000921
мышонка 1,698970 0,001632
fiat 1,698970 0,002448
возродит 1,698970 0,001632
модель 1,000000 0,001921
topolino 1,698970 0,002448
виде 1,397940 0,001343
дешевого 1,397940 0,001343
электромобиля 1,698970 0,001632
компания 0,853872 0,001640
хочет 1,000000 0,000961
вернуть 1,000000 0,000961
оборот 1,301030 0,001250
забытое 1,397940 0,001343
имя 0,769551 0,000739
наречь 1,698970 0,001632
им 0,602060 0,000578
младшую 1,522879 0,001463
электрическую 1,698970 0,001632
базе 1,221849 0,001174
citroen 1,522879 0,001463
ami 1,522879 0,001463
рестайлинговый 1,698970 0,001632
hyundai 1,301030 0,002500
palisade 1,522879 0,002926
новые 0,337242 0,000648
изображения 1,154902 0,001109
днях 1,397940 0,001343
корейская 1,698970 0,001632
опубликовала 1,698970 0,001632
официальные 1,301030 0,001250
тизеры 1,698970 0,001632
обновленного 1,698970 0,002448
благодаря 0,823909 0,001187
чему 0,886057 0,000851
нас 0,468521 0,000450
есть 0,522879 0,001005
возможность 0,721246 0,000693
представить 1,154902 0,001109
будет 0,387216 0,000930
выглядеть 1,221849 0,001174
новинка 1,522879 0,001463
новый 0,408935 0,000982
седан 1,698970 0,001632
chery 1,221849 0,001174
статус 1,221849 0,001174
флагмана 1,698970 0,001632
два 0,619789 0,000595
варианта 1,522879 0,001463
дизайна 1,522879 0,001463
полноценную 1,698970 0,002448
премьеру 1,221849 0,001761
четырехдверка 1,698970 0,001632
должна 0,920819 0,000885
справить 1,698970 0,001632
ближайшие 1,301030 0,001250
месяцы 1,522879 0,001463
ожидается 1,221849 0,001174
доступна 1,522879 0,001463
двумя 1,096910 0,001054
турбомоторами 1,698970 0,001632
выбор 0,698970 0,000671
smart 1,301030 0,001875
тяжелый 1,522879 0,001463
довольно 1,221849 0,001761
крупный 1,397940 0,001343
конкурент 1,698970 0,001632
mini 1,522879 0,001463
countryman 1,698970 0,001632
из 0,167491 0,000724
китая 1,045757 0,001005
automobile 1,698970 0,001632
совместное 1,698970 0,001632
предприятие 1,096910 0,001054
mercedes 1,301030 0,003124
benz 1,522879 0,002194
geely 1,397940 0,001343
полностью 0,795880 0,000765
рассекретила 1,698970 0,001632
электрический 1,698970 0,001632
бесхитростным 1,698970 0,001632
индексом 1,698970 0,001632
который 0,508638 0,000489
знаменует 1,698970 0,001632
перезагрузку 1,698970 0,001632
марки 1,045757 0,001005
smar 1,698970 0,001632
mazda 1,522879 0,002194
cx 1,698970 0,002448
японский 1,397940 0,001343
дебют 1,397940 0,001343
подробности 1,000000 0,000961
новом 0,853872 0,000820
рядном 1,698970 0,001632
цилиндровом 1,698970 0,001632
дизеле 1,698970 0,001632
европейская 1,397940 0,001343
премьера 1,000000 0,000961
нового 0,769551 0,000739
среднеразмерного 1,698970 0,001632
кроссовера 1,221849 0,001174
состоялась 1,698970 0,001632
месяц 0,744727 0,000715
назад 0,638272 0,001226
сегодня 0,443697 0,000426
представлена 1,397940 0,001343
версия 0,744727 0,001073
для 0,107905 0,000415
домашнего 1,522879 0,001463
японского 1,397940 0,001343
рынка 1,096910 0,001054
раскрыты 1,397940 0,001343
технические 1,522879 0,001463
характеристик 1,698970 0,001632
сделанный 1,698970 0,001632
первого 1,000000 0,000961
дастера 1,698970 0,001632
пикап 1,698970 0,001632
renault 1,397940 0,002014
oroch 1,698970 0,001632
сменил 1,522879 0,001463
мотор 1,301030 0,001250
обрел 1,397940 0,001343
салон 1,522879 0,001463
французская 1,522879 0,001463
марка 1,397940 0,001343
продолжает 1,045757 0,001005
подогревать 1,698970 0,001632
интерес 1,301030 0,001250
посвежевшему 1,698970 0,001632
грузовичку 1,698970 0,001632
презентацию 1,698970 0,001632
проведут 1,698970 0,001632
следующей 1,522879 0,001463
неделе 1,096910 0,001054
авторынок 1,522879 0,001463
почти 0,823909 0,001583
tesla 1,221849 0,001174
dodge 1,698970 0,002448
эксклюзивный 1,698970 0,001632
gmc 1,698970 0,001632
серый 1,698970 0,001632
импорт 1,096910 0,001054
первом 1,045757 0,001005
квартале 1,522879 0,001463
года 0,356547 0,000856
вчера 0,920819 0,000885
мы 0,327902 0,000787
знакомили 1,698970 0,001632
наших 0,823909 0,000791
читателей 0,958607 0,000921
официальной 1,522879 0,001463
статистикой 1,698970 0,001632
продаж 1,096910 0,001054
новых 0,494850 0,000475
автомобилей 1,000000 0,000961
россии 0,251812 0,000363
март 1,221849 0,001174
квартал 1,397940 0,001343
эти 0,853872 0,001230
цифры 1,221849 0,001174
собирает 1,698970 0,001632
представительств 1,698970 0,001632
автомобильных 1,698970 0,001632
комп 1,698970 0,001632
kia 1,522879 0,001463
telluride 1,698970 0,002448
обновлен 1,698970 0,001632
одновременно 1,221849 0,001174
табло 1,522879 0,001463
внедорожная 1,698970 0,001632
оба 1,397940 0,001343
кросса 1,698970 0,001632
изменились 1,221849 0,001174
внешне 1,698970 0,002448
уже 0,568636 0,001639
точно 1,096910 0,001581
известно 1,000000 0,000961
вдобавок 1,698970 0,001632
обновки 1,698970 0,001632
внутри 1,045757 0,001005
модернизированные 1,698970 0,001632
справят 1,698970 0,001632
несколько 0,795880 0,001147
дней 0,744727 0,000715
драйв 1,154902 0,006102
премиум 1,301030 0,001250
посошок 1,698970 0,001632
cadillac 1,397940 0,001343
xt 1,522879 0,001463
против 0,387216 0,000372
infiniti 1,397940 0,001343
qx 1,522879 0,001463
этой 0,744727 0,000715
парочки 1,698970 0,001632
высокие 1,397940 0,001343
шансы 1,698970 0,001632
не 0,136677 0,000788
вернуться 0,886057 0,000851
российский 0,619789 0,000595
рынок 1,000000 0,000961
коллекционная 1,698970 0,001632
ценность 1,698970 0,001632
громко 1,522879 0,001463
сказано 1,698970 0,001632
нестандартности 1,698970 0,001632
привлекательности 1,522879 0,001463
машинам 1,698970 0,001632
откажешь 1,698970 0,001632
несущий 1,698970 0,001632
кузов 1,522879 0,001463
сотни 1,221849 0,001174
л 0,958607 0,000921
км 1,397940 0,001343
опыт 1,154902 0,003328
владения 1,698970 0,004896
coronet 1,698970 0,001632
super 1,698970 0,001632
bee 1,698970 0,001632
американские 1,045757 0,001005
масл 1,698970 0,001632
кары 1,698970 0,001632
нашей 0,853872 0,001230
стране 0,823909 0,001187
знают 1,301030 0,001875
основном 1,698970 0,001632
паре 1,522879 0,001463
тройке 1,698970 0,001632
массовых 0,568636 0,001092
раскрученных 1,698970 0,001632
кино 0,455932 0,000438
моделей 1,221849 0,001761
однако 0,886057 0,000851
это 0,251812 0,000726
лишь 1,045757 0,001005
небольшая 1,698970 0,001632
часть 0,744727 0,000715
огромного 1,301030 0,001250
сегмента 1,397940 0,001343
х 0,721246 0,000693
большинство 1,397940 0,001343
когда 0,397940 0,000382
яичница 1,698970 0,001632
божий 1,698970 0,001632
дар 1,301030 0,001250
porsche 1,522879 0,002926
boxster 1,698970 0,001632
один 0,602060 0,000868
наиболее 1,045757 0,001005
финансово 1,522879 0,001463
доступных 1,397940 0,001343
семейства 1,397940 0,001343
жидкостным 1,698970 0,001632
охлаждением 1,698970 0,001632
вообще 1,221849 0,001174
сейчас 0,481486 0,000463
можно 0,420216 0,000605
говорить 1,045757 0,001005
доступности 1,698970 0,001632
применительно 1,698970 0,001632
автомобилям 1,698970 0,001632
бокстер 1,698970 0,001632
первог 1,698970 0,001632
механика 1,698970 0,001632
сил 1,096910 0,001054
никакого 1,522879 0,001463
тюнинга 1,698970 0,001632
nissan 1,397940 0,001343
z 1,221849 0,001174
жизнь 0,455932 0,000438
большинства 1,698970 0,001632
владельцев 1,522879 0,001463
бюджетных 1,522879 0,001463
спортивных 1,522879 0,001463
бесконечные 1,522879 0,001463
тюнинги 1,698970 0,001632
ребилды 1,698970 0,001632
свопы 1,698970 0,001632
прочие 1,522879 0,001463
гаражные 1,698970 0,001632
страдания 1,522879 0,001463
растягивающиеся 1,698970 0,001632
годы 0,823909 0,000791
ограниченности 1,698970 0,001632
средств 1,301030 0,001250
вот 0,677781 0,000977
хоз 1,698970 0,001632
macan 1,522879 0,002194
прощай 1,301030 0,001250
turbo 1,698970 0,001632
больше 0,552842 0,000531
мощности 1,522879 0,001463
последний 0,744727 0,000715
шанс 1,154902 0,001109
двс 1,698970 0,002448
чисто 1,698970 0,001632
электрическим 1,522879 0,001463
да 0,698970 0,001007
появится 1,221849 0,001174
году 0,602060 0,001157
бензиновую 1,698970 0,001632
машину 1,000000 0,001441
будут 0,638272 0,000613
какое 0,958607 0,000921
то 0,522879 0,001005
время 0,356547 0,000514
продавать 1,397940 0,001343
параллельно 1,522879 0,001463
сколько 0,769551 0,000739
времени 0,698970 0,000671
отведено 1,698970 0,001632
знает 1,000000 0,000961
никто 1,000000 0,000961
м 0,698970 0,001343
v 0,920819 0,001327
рессоры 1,698970 0,001632
постоянный 1,522879 0,002194
полный 1,000000 0,001441
привод 1,522879 0,002194
chevrolet 1,522879 0,001463
blazer 1,698970 0,001632
k 1,154902 0,001109
глядя 1,698970 0,001632
серьезные 1,301030 0,001250
внедорожники 1,522879 0,001463
солидных 1,698970 0,001632
размеров 1,698970 0,001632
многие 0,920819 0,000885
искренне 1,698970 0,001632
сокрушаются 1,698970 0,001632
бы 0,585027 0,000843
такой 0,795880 0,000765
была 0,744727 0,000715
наша 0,958607 0,000921
нива 1,397940 0,001343
самом 0,886057 0,000851
деле 0,886057 0,000851
реально 1,397940 0,001343
масштабированную 1,698970 0,001632
ниву 1,698970 0,001632
мало 1,154902 0,001109
кто 0,408935 0,000589
похож 1,522879 0,001463
разве 1,698970 0,001632
трехдве 1,698970 0,001632
ходовой 1,698970 0,001632
огонь 1,221849 0,001174
старые 1,397940 0,001343
моторы 1,698970 0,001632
мелкая 1,698970 0,001632
тряска 1,698970 0,001632
staria 1,397940 0,001343
сказал 1,301030 0,001250
любят 1,096910 0,001054
минивэны 1,698970 0,001632
приезжайте 1,698970 0,001632
высокий 1,522879 0,001463
сезон 0,721246 0,000693
сочи 0,920819 0,000885
парковке 1,522879 0,001463
аэропорта 1,698970 0,001632
дело 0,721246 0,000693
мелькают 1,698970 0,001632
volkswagen 1,397940 0,001343
caravelle 1,698970 0,001632
класса 1,301030 0,001875
h 1,301030 0,001250
разных 0,920819 0,000885
летах 1,698970 0,001632
редкость 1,698970 0,001632
кубе 1,522879 0,001463
chrysler 1,698970 0,002448
touring 1,698970 0,001632
сих 1,096910 0,001054
пор 1,045757 0,001005
самых 0,585027 0,000562
распространенных 1,522879 0,001463
американцев 1,397940 0,001343
любимый 1,397940 0,001343
самыми 1,301030 0,001250
разными 1,698970 0,001632
слоями 1,698970 0,001632
населения 1,045757 0,001005
интеллигентов 1,698970 0,001632
маргиналов 1,698970 0,001632
рациональных 1,698970 0,001632
технарей 1,698970 0,001632
ю 1,221849 0,001174
интересно 1,301030 0,001250
подушек 1,698970 0,001632
безопасности 0,920819 0,000885
abs 1,698970 0,001632
евро 0,769551 0,000739
работает 0,657577 0,000632
отечественный 1,301030 0,001250
автопром 1,397940 0,001343
под 0,376751 0,000362
санкциями 1,096910 0,001054
рассказывали 1,698970 0,001632
том 0,522879 0,001005
насколько 1,096910 0,001581
конца 0,886057 0,000851
февраля 0,823909 0,000791
выросли 1,301030 0,001250
цены 0,744727 0,000715
автомобили 1,045757 0,001005
дороже 1,397940 0,001343
стало 0,886057 0,000851
обходиться 1,698970 0,001632
тон 1,698970 0,001632
материалы 0,481486 0,000463
задают 1,698970 0,001632
грустноватый 1,698970 0,001632
так 0,481486 0,000463
чт 1,301030 0,001250
слишком 1,154902 0,001109
холодно 1,301030 0,001250
или 0,292430 0,000702
недостаточно 1,397940 0,001343
жарко 1,698970 0,001632
какие 0,494850 0,000475
датчики 1,698970 0,001632
дают 1,522879 0,001463
включить 1,154902 0,001664
кондиционер 1,522879 0,002194
наверное 1,698970 0,001632
некоторые 1,045757 0,001005
условия 0,795880 0,000765
при 0,387216 0,000558
которых 0,677781 0,000651
получится 1,301030 0,001250
например 1,397940 0,001343
бесполезно 1,698970 0,001632
нажимать 1,698970 0,001632
кнопку 1,522879 0,002194
a 0,698970 0,001007
c 0,721246 0,001039
окном 1,221849 0,001174
трескучий 1,698970 0,001632
любой 0,769551 0,000739
другой 0,920819 0,000885
audi 1,397940 0,001343
алюминий 1,522879 0,002194
может 0,387216 0,000558
гнить 1,698970 0,001632
кнопки 1,698970 0,001632
придется 1,045757 0,001005
подкрашивать 1,698970 0,001632
этот 0,698970 0,001007
автомобиль 1,154902 0,002219
смог 1,301030 0,001250
совершить 1,397940 0,001343
невозможное 1,698970 0,001632
занять 1,397940 0,001343
первое 0,886057 0,000851
место 0,744727 0,000715
продажах 1,698970 0,001632
бизнес 0,552842 0,000531
классе 1,522879 0,001463
потеснив 1,698970 0,001632
лидирующих 1,698970 0,001632
месте 0,886057 0,000851
e 0,677781 0,001302
bmw 1,397940 0,001343
й 1,000000 0,000961
серии 0,920819 0,000885
было 0,585027 0,000562
удачей 1,698970 0,001632
причин 1,154902 0,001109
sandero 1,698970 0,001632
stepway 1,698970 0,001632
i 0,823909 0,000791
b 0,958607 0,000921
подкласс 1,698970 0,001632
кросс 1,221849 0,001174
хэтчей 1,698970 0,001632
появился 1,301030 0,001875
южноамериканском 1,698970 0,001632
континенте 1,698970 0,001632
рецепт 1,522879 0,001463
их 0,455932 0,000876
создания 1,221849 0,001174
предельно 1,397940 0,001343
прост 1,698970 0,001632
берем 1,698970 0,001632
обычный 1,397940 0,001343
городской 1,301030 0,001250
увеличиваем 1,698970 0,001632
его 0,346787 0,000333
дорожный 1,698970 0,001632
прос 1,698970 0,001632
рама 1,698970 0,001632
невероятный 1,301030 0,001250
дизайн 0,958607 0,000921
чип 1,698970 0,001632
фуз 1,698970 0,001632
кому 1,000000 0,000961
plymouth 1,698970 0,001632
prowler 1,698970 0,001632
казалось 1,154902 0,001109
нет 0,537602 0,000516
ничего 0,958607 0,000921
более 0,494850 0,000475
разного 1,301030 0,001250
несовместимого 1,698970 0,001632
чем 0,387216 0,000372
классический 1,522879 0,001463
американский 1,045757 0,001005
хот 1,698970 0,001632
род 1,522879 0,001463
современный 1,221849 0,001174
физически 1,698970 0,001632
ведь 1,045757 0,001005
явление 1,522879 0,001463
суб 1,522879 0,001463
даже 0,602060 0,000578
контрк 1,698970 0,001632
дополнительное 1,698970 0,001632
лишним 1,522879 0,001463
защитить 1,096910 0,001054
угона 1,397940 0,001343
последнее 0,853872 0,000820
чаще 1,154902 0,001109
звучат 1,522879 0,001463
предупреждения 1,698970 0,001632
фоне 1,154902 0,001109
роста 1,154902 0,001664
стоимости 1,301030 0,001250
запчастей 1,698970 0,001632
возможного 1,698970 0,001632
дефицита 1,397940 0,001343
ждать 1,096910 0,001054
количества 1,522879 0,001463
автоугонов 1,698970 0,001632
само 1,698970 0,001632
собой 0,823909 0,000791
возникает 1,698970 0,001632
вопрос 0,657577 0,000632
маломощный 1,698970 0,001632
стартер 1,698970 0,001632
пусковой 1,698970 0,001632
ток 1,221849 0,001174
стартера 1,698970 0,002448
нельзя 0,795880 0,000765
опираться 1,698970 0,001632
выборе 1,301030 0,001250
аккумулятора 1,698970 0,001632
некоторых 1,221849 0,001174
паспортная 1,698970 0,001632
мощность 1,522879 0,001463
автомобиля 1,000000 0,000961
стать 0,721246 0,000693
неожиданным 1,698970 0,001632
откровением 1,698970 0,001632
рассчитанное 1,698970 0,001632
нее 1,045757 0,001005
количество 1,154902 0,001109
ампер 1,698970 0,001632
требующееся 1,698970 0,001632
пуска 1,522879 0,001463
мотора 1,698970 0,001632
приятно 1,698970 0,001632
удивить 1,522879 0,001463
volvo 1,301030 0,001875
s 0,721246 0,001039
ii 1,221849 0,001174
коробки 1,698970 0,001632
горячим 1,522879 0,001463
нравом 1,698970 0,001632
саморазрушающийся 1,698970 0,001632
ecoboost 1,698970 0,001632
первой 0,958607 0,000921
части 0,920819 0,000885
обзора 1,698970 0,001632
второго 1,221849 0,001174
поколения 1,397940 0,001343
рассказали 0,744727 0,000715
блестящие 1,698970 0,001632
могут 0,508638 0,000489
иметь 1,221849 0,001174
порогов 1,698970 0,001632
бывают 1,522879 0,001463
этих 0,958607 0,000921
дорогие 1,397940 0,001343
решении 1,698970 0,001632
проблемы 0,920819 0,000885
права 0,431798 0,000622
защищены 0,602060 0,000868
сетевое 0,677781 0,000977
издание 0,638272 0,000920
kolesa 1,698970 0,004080
ru 0,180456 0,000433
зарегистрировано 0,744727 0,001073
федеральной 0,602060 0,000868
службой 0,744727 0,001073
надзору 0,619789 0,000893
сфере 0,552842 0,000797
связи 0,455932 0,000657
информационных 0,585027 0,000843
технологий 0,568636 0,000819
коммуникаций 0,585027 0,000843
номер 0,886057 0,001277
свидетельства 1,397940 0,002014
эл 0,494850 0,000713
фс 0,522879 0,000753
любое 0,886057 0,001277
использование 0,619789 0,000893
материалов 0,585027 0,000843
размещенных 1,397940 0,002014
сайте 0,420216 0,001009
www 0,698970 0,001007
допускается 1,045757 0,001507
только 0,283997 0,000409
письменного 1,000000 0,001441
разрешения 0,853872 0,001230
правообладателя 0,886057 0,001277
учредитель 0,657577 0,000948
ооо 0,853872 0,001230
президент 0,920819 0,001327
медиа 0,769551 0,001109
главный 0,522879 0,000753
редактор 0,585027 0,000843
кокорин 1,522879 0,002194
телефон 0,677781 0,000977
редакции 0,443697 0,000639
политика 0,387216 0,000558
конфиденциальности 0,744727 0,001431
команда 0,853872 0,001230
реклама 0,346787 0,000500
контакты 0,431798 0,000622
вакансии 0,657577 0,000948
яндекс 0,619789 0,000595
дзен 1,000000 0,000961
наш 0,795880 0,000765
телеграм 1,154902 0,001109
канал 0,769551 0,000739
change 1,522879 0,001463
privacy 1,096910 0,001054
settings 1,301030 0,001250
ты 0,698970 0,000671
тут 0,853872 0,000820
самый 0,769551 0,000739
умный 1,397940 0,001343
обзор 1,000000 0,000961
сигнатурного 1,698970 0,001632
комбо 1,522879 0,001463
устройства 1,301030 0,001250
neoline 1,698970 0,001632
x 0,853872 0,000820
cop 1,698970 0,001632
хорошие 1,221849 0,001174
дизели 1,698970 0,001632
glk 1,698970 0,001632
миллиона 1,301030 0,001250
пропусти 1,301030 0,001250
самое 0,886057 0,000851
интересное 1,301030 0,001250
читать 0,698970 0,000671
треснет 1,698970 0,001632
ведут 1,221849 0,001174
себя 0,552842 0,000531
газели 1,698970 0,001632
стенде 1,698970 0,001632
испытания 1,301030 0,001250
колес 1,522879 0,001463
войти 0,494850 0,000713
регистрация 0,657577 0,001579
неудачная 1,698970 0,001632
попытка 1,154902 0,001109
входа 1,397940 0,001343
errormessage 1,698970 0,003264
email 1,154902 0,002219
password 1,698970 0,003264
запомнить 1,397940 0,001343
меня 0,657577 0,000632
вы 0,376751 0,000543
успешно 1,301030 0,001875
вошли 1,522879 0,002194
сайт 0,455932 0,000657
забыли 1,096910 0,001581
пароль 0,920819 0,002211
обратите 1,397940 0,002014
внимание 0,795880 0,001147
ошибки 1,221849 0,001761
name 1,221849 0,001174
confirmation 1,522879 0,001463
хочу 0,886057 0,000851
получать 0,853872 0,000820
самые 0,619789 0,000595
интересные 1,000000 0,000961
почту 1,221849 0,001174
нажимая 1,301030 0,001250
я 0,356547 0,000343
подтверждаю 1,698970 0,001632
свою 0,619789 0,000595
дееспособность 1,698970 0,001632
даю 1,301030 0,001250
согласие 1,096910 0,001054
обработку 1,522879 0,001463
своих 0,657577 0,000632
персональных 0,769551 0,001109
данных 0,657577 0,000948
соответствии 0,795880 0,000765
условиями 1,154902 0,001109
политики 1,000000 0,000961
автомобильного 1,698970 0,001632
журнала 1,154902 0,001109
ссылка 1,045757 0,001005
восстановления 1,397940 0,001343
пароля 1,154902 0,001109
отправлена 1,397940 0,001343
вам 0,638272 0,000920
mail 0,721246 0,001039
удалось 1,301030 0,001250
отправить 0,853872 0,000820
пожалуйста 1,045757 0,001005
повторите 1,698970 0,001632
попытку 1,522879 0,001463
позднее 1,522879 0,001463
восстановить 1,301030 0,001875
закрыть 0,823909 0,000791
