новости 0,173925 0,000727
москвы 0,744727 0,004669
москва 0,508638 0,004783
m 1,096910 0,008023
ru 0,180456 0,001320
город 0,769551 0,005629
тв 0,657577 0,002061
радиоэфир 1,698970 0,005326
истории 0,552842 0,004044
эксклюзивы 1,397940 0,007304
ситуация 1,000000 0,004180
донбассе 0,958607 0,004007
политика 0,387216 0,002428
общество 0,494850 0,002585
экономика 0,568636 0,004159
мире 0,468521 0,002448
происшествия 0,823909 0,004305
культура 0,619789 0,002591
спорт 0,468521 0,001469
шоу 0,508638 0,001594
бизнес 0,552842 0,001733
технологии 0,721246 0,002261
наука 0,585027 0,001834
транспорт 1,221849 0,005107
безопасность 1,096910 0,005731
экология 1,154902 0,003620
события 0,638272 0,002001
туризм 1,096910 0,003439
регионы 1,000000 0,003135
мэр 1,221849 0,005107
фотогалереи 1,397940 0,005843
видео 0,327902 0,001713
инфографика 1,154902 0,003620
трансляции 1,221849 0,003830
аудио 0,920819 0,002887
библиотека 0,920819 0,002887
программы 0,721246 0,002261
спецпроекты 0,657577 0,002748
обратная 0,585027 0,003057
связь 0,552842 0,002888
курсы 1,154902 0,002414
валют 1,397940 0,004382
контакты 0,431798 0,001805
размещение 0,958607 0,004007
рекламы 0,823909 0,004305
форма 1,154902 0,004827
поиска 1,221849 0,003830
сайту 1,096910 0,003439
рубежом 1,397940 0,004382
метро 1,045757 0,003278
коронавирус 0,958607 0,002003
covid 1,096910 0,002292
прощание 0,886057 0,001852
владимиром 0,677781 0,001416
жириновским 0,585027 0,001834
прямой 0,769551 0,001608
эфир 0,677781 0,001416
утратыполитика 1,698970 0,003551
онлайн 0,387216 0,001214
евро 0,769551 0,003217
опустился 1,301030 0,004078
ниже 0,886057 0,002778
рублей 0,585027 0,001834
впервые 0,744727 0,002335
июля 0,920819 0,002887
года 0,356547 0,001118
москвичей 1,522879 0,004774
предупредили 1,096910 0,003439
порывистом 1,698970 0,005326
ветре 1,522879 0,004774
дождем 1,522879 0,004774
обществопогода 1,698970 0,003551
собянин 1,397940 0,002922
представил 1,221849 0,002553
крупные 1,221849 0,002553
проекты 0,657577 0,001374
благоустройства 1,522879 0,003183
юао 1,698970 0,003551
году 0,602060 0,001887
смотреть 0,552842 0,003466
все 0,124939 0,000914
поддержка 0,920819 0,001924
семей 1,221849 0,002553
когда 0,397940 0,001247
кто 0,408935 0,000855
сможет 1,000000 0,002090
получить 0,769551 0,001608
пособие 1,397940 0,002922
детей 0,420216 0,000878
лет 0,366532 0,000766
трехлитровая 1,698970 0,003551
банка 1,221849 0,002553
меда 1,522879 0,003183
бюст 1,698970 0,003551
есенина 1,301030 0,002719
что 0,161151 0,000505
забыли 1,096910 0,002292
поездах 1,522879 0,003183
мцд 1,522879 0,003183
церемония 1,000000 0,002090
прощания 1,045757 0,002185
завершилась 1,301030 0,002719
доме 0,958607 0,002003
союзов 1,045757 0,002185
москве 0,455932 0,001906
песков 0,744727 0,001556
рассказал 0,602060 0,001258
будет 0,387216 0,000809
c 0,721246 0,001507
российским 0,795880 0,002495
углем 1,698970 0,003551
после 0,356547 0,000745
эмбарго 1,301030 0,002719
ес 0,920819 0,003849
суд 1,000000 0,002090
снял 1,221849 0,002553
часть 0,744727 0,001556
запретов 1,698970 0,003551
блогера 1,522879 0,003183
хованского 1,698970 0,003551
заморозил 1,522879 0,003183
активы 1,522879 0,003183
российских 0,468521 0,000979
граждан 1,045757 0,002185
млрд 1,221849 0,003830
кремле 1,045757 0,002185
рассказали 0,744727 0,001556
планируют 1,096910 0,002292
завершить 1,301030 0,002719
спецоперацию 1,096910 0,002292
украине 0,537602 0,001124
ефимов 1,522879 0,003183
арендаторы 1,698970 0,003551
столичной 1,698970 0,003551
земли 0,920819 0,001924
получили 1,045757 0,002185
отсрочку 1,522879 0,003183
платежей 1,698970 0,003551
руб 1,154902 0,002414
московский 0,958607 0,002003
театр 0,795880 0,001663
иллюзий 1,221849 0,002553
представит 1,698970 0,003551
сказку 1,698970 0,003551
белом 1,522879 0,003183
тигре 1,522879 0,003183
минобороны 0,698970 0,001461
опровергли 1,301030 0,002719
нанесение 1,522879 0,003183
россией 0,795880 0,001663
удара 0,823909 0,001722
вокзалу 0,853872 0,001784
краматорска 1,045757 0,002185
вводит 1,301030 0,002719
персональные 1,397940 0,002922
санкции 0,721246 0,001507
отношении 0,853872 0,001784
физлиц 1,522879 0,003183
организаций 1,397940 0,004382
однополярный 1,698970 0,005326
мир 0,431798 0,001354
рухнул 1,698970 0,005326
какие 0,494850 0,001551
последствия 1,045757 0,003278
несет 1,301030 0,005438
приостановка 1,522879 0,004774
членства 1,221849 0,003830
рф 0,568636 0,003565
спч 0,920819 0,002887
оон 0,823909 0,002583
банк 0,920819 0,001924
россии 0,251812 0,000526
снизил 0,698970 0,001461
ключевую 0,677781 0,001416
ставку 0,657577 0,001374
годовых 0,886057 0,001852
политикаэксклюзив 1,698970 0,003551
ржд 1,522879 0,003183
зафиксируют 1,698970 0,003551
стоимость 1,154902 0,002414
билетов 1,154902 0,002414
сапсаны 1,522879 0,003183
праздничные 1,522879 0,003183
мая 0,795880 0,001663
помыли 1,698970 0,003551
памятник 1,096910 0,003439
юрию 1,522879 0,003183
гагарину 1,522879 0,003183
преддверии 1,397940 0,002922
дня 0,443697 0,000927
космонавтики 1,397940 0,002922
специалисты 1,301030 0,002719
промыли 1,698970 0,003551
водой 1,301030 0,002719
затем 1,154902 0,002414
нанесли 1,096910 0,002292
специальное 1,698970 0,003551
моющее 1,698970 0,003551
средство 1,154902 0,003620
тель 1,221849 0,002553
авиве 1,397940 0,002922
ликвидировали 1,301030 0,002719
террориста 1,397940 0,002922
открывшего 1,698970 0,003551
огонь 1,221849 0,002553
людям 1,096910 0,002292
стрельба 1,522879 0,003183
велась 1,522879 0,003183
нескольких 1,397940 0,002922
местах 1,301030 0,002719
центре 0,886057 0,001852
города 0,657577 0,001374
происшествияза 1,698970 0,003551
рубежомвидео 1,698970 0,003551
иван 0,744727 0,002335
лозовой 1,698970 0,005326
кристина 1,154902 0,003620
курума 1,698970 0,005326
туроператоры 1,698970 0,003551
предложат 1,397940 0,002922
туристам 1,522879 0,003183
стран 1,045757 0,002185
для 0,107905 0,000226
отдыха 1,397940 0,002922
майские 1,221849 0,002553
праздники 0,823909 0,001722
туризмвидео 1,698970 0,003551
открылся 1,397940 0,002922
форум 0,958607 0,002003
выставка 1,045757 0,002185
госзаказ 1,522879 0,003183
специальный 1,154902 0,002414
проект 0,568636 0,001188
травле 1,698970 0,003551
борьбе 1,096910 0,002292
ней 0,823909 0,001722
вакансии 0,657577 0,001374
facebook 0,823909 0,002583
vkontakte 1,221849 0,003830
twitter 0,769551 0,002412
одноклассники 0,823909 0,002583
youtube 0,721246 0,001507
instagram 1,154902 0,003620
telegram 0,744727 0,002335
viber 1,397940 0,004382
icq 1,397940 0,004382
настройки 1,045757 0,002185
телеэфира 1,397940 0,002922
перечень 1,221849 0,002553
запрещенных 1,522879 0,003183
права 0,431798 0,000902
материалы 0,481486 0,001509
находящиеся 1,698970 0,003551
сайте 0,420216 0,000878
охраняются 1,221849 0,002553
соответствии 0,795880 0,001663
законодательством 0,823909 0,001722
том 0,522879 0,001093
числе 1,045757 0,002185
авторском 1,301030 0,002719
праве 1,301030 0,002719
смежных 1,301030 0,002719
правах 1,045757 0,002185
при 0,387216 0,001214
любом 1,154902 0,002414
использовании 1,221849 0,002553
материалов 0,585027 0,001223
сайта 0,508638 0,001063
ссылка 1,045757 0,002185
обязательна 1,154902 0,002414
редакция 0,744727 0,002335
не 0,136677 0,000428
ответственности 1,154902 0,002414
информацию 0,698970 0,001461
мнения 0,886057 0,001852
высказанные 1,522879 0,003183
комментариях 1,522879 0,003183
читателей 0,958607 0,003005
новостных 1,698970 0,003551
материалах 1,397940 0,002922
составленных 1,522879 0,003183
основе 0,958607 0,002003
сообщений 1,698970 0,003551
сми 0,468521 0,000979
сетевое 0,677781 0,002125
издание 0,638272 0,002001
городской 1,301030 0,004078
информационный 1,397940 0,004382
канал 0,769551 0,002412
зарегистрировано 0,744727 0,001556
федеральной 0,602060 0,001258
службе 0,920819 0,001924
надзору 0,619789 0,001295
сфере 0,552842 0,001155
связи 0,455932 0,001429
информационных 0,585027 0,001223
технологий 0,568636 0,001188
массовых 0,568636 0,001188
коммуникаций 0,585027 0,001223
свидетельство 0,638272 0,001334
регистрации 0,638272 0,001334
средства 1,154902 0,002414
массовой 1,000000 0,004180
информации 0,698970 0,002922
эл 0,494850 0,001034
фс 0,522879 0,001093
апреля 0,283997 0,000594
г 0,552842 0,002311
создано 1,698970 0,003551
финансовой 1,154902 0,002414
поддержке 1,096910 0,002292
департамента 1,301030 0,002719
средств 1,301030 0,002719
ао 0,795880 0,002495
медиа 0,769551 0,002412
учредитель 0,657577 0,001374
главный 0,522879 0,001093
редактор 0,585027 0,001223
л 0,958607 0,002003
шестаков 1,698970 0,003551
адрес 0,552842 0,001155
редакции 0,443697 0,000927
ул 0,958607 0,002003
правды 1,397940 0,002922
д 0,721246 0,001507
стр 1,096910 0,002292
почта 1,000000 0,002090
mosmed 1,698970 0,003551
обработки 0,958607 0,002003
персональных 0,769551 0,001608
данных 0,657577 0,001374
регламент 1,397940 0,002922
gdpr 1,522879 0,003183
включить 1,154902 0,002414
уведомления 1,096910 0,002292
информация 0,552842 0,002311
погоде 1,698970 0,003551
предоставлена 1,698970 0,007101
центром 1,698970 0,003551
фобос 1,698970 0,003551
курсах 1,522879 0,003183
центральным 1,698970 0,003551
банком 1,698970 0,003551
российской 0,585027 0,001834
федерации 0,744727 0,002335
пробках 1,698970 0,003551
ооо 0,853872 0,001784
яндекс 0,619789 0,001295
пробки 1,397940 0,002922
сетевом 1,522879 0,003183
издании 1,397940 0,002922
могут 0,508638 0,001063
быть 0,420216 0,000878
использованы 1,698970 0,003551
интернет 0,522879 0,001093
ресурсов 1,301030 0,002719
владельцем 1,698970 0,003551
которых 0,677781 0,001416
является 0,853872 0,001784
компания 0,853872 0,001784
meta 1,301030 0,002719
platforms 1,397940 0,002922
inc 1,154902 0,002414
запрещенная 1,698970 0,003551
территории 1,096910 0,002292
партнер 1,301030 0,002719
рамблера 1,397940 0,002922
закрыть 0,823909 0,001722
обратной 1,301030 0,002719
имя 0,769551 0,001608
контакт 1,221849 0,002553
файл 1,221849 0,003830
прикрепить 1,698970 0,003551
сообщение 0,886057 0,001852
отправить 0,853872 0,001784
следите 1,522879 0,003183
новостями 1,397940 0,002922
больше 0,552842 0,001155
показывать 1,301030 0,002719
