яндекс 0,619789 0,050595
музыка 0,677781 0,041497
ваш 0,721246 0,029439
браузер 1,221849 0,099743
устарел 1,522879 0,062158
поэтому 0,853872 0,034852
нем 0,958607 0,039127
не 0,136677 0,005579
открывается 1,397940 0,057059
обновитесь 1,698970 0,069346
или 0,292430 0,011936
установите 1,397940 0,057059
установить 1,301030 0,053103
чтобы 0,408935 0,016691
слушать 1,045757 0,042684
музыку 1,397940 0,057059
когда 0,397940 0,016242
где 0,455932 0,018609
угодно 1,221849 0,049871
загрузите 1,397940 0,057059
приложение 0,886057 0,036166
музыки 1,096910 0,044772
