стихи 1,096910 0,011516
ру 0,744727 0,006841
авторы 0,823909 0,007569
произведения 0,823909 0,006487
рецензии 0,920819 0,003625
поиск 0,494850 0,001948
магазин 0,795880 0,003133
портале 1,221849 0,009621
вход 0,619789 0,002440
для 0,107905 0,000425
авторов 0,920819 0,004834
российский 0,619789 0,001627
литературный 1,154902 0,003031
портал 0,769551 0,004040
предоставляющий 1,522879 0,003997
авторам 1,154902 0,007578
возможность 0,721246 0,002840
свободной 1,301030 0,005122
публикации 0,823909 0,004325
произведений 0,853872 0,007844
подробнее 0,677781 0,006226
сегодняшний 1,522879 0,003997
день 0,522879 0,001372
апреля 0,283997 0,000745
года 0,356547 0,001872
опубликовано 1,301030 0,003415
стихов 1,301030 0,003415
колонка 1,154902 0,003031
редактора 1,096910 0,002879
выбор 0,698970 0,001835
редакции 0,443697 0,001165
портала 1,221849 0,004810
стихах 1,397940 0,003669
марина 0,958607 0,003774
юрченко 1,698970 0,004459
виноградова 1,522879 0,003997
там 0,769551 0,003030
троллейбусный 1,698970 0,004459
парк 1,096910 0,002879
трамвайный 1,698970 0,004459
владимир 0,431798 0,001133
мялин 1,698970 0,004459
подарю 1,698970 0,004459
тебе 1,096910 0,004319
рассветы 1,698970 0,004459
майские 1,221849 0,003207
саша 1,154902 0,003031
михайлович 1,698970 0,004459
уходи 1,698970 0,004459
уходя 1,698970 0,004459
борис 0,769551 0,002020
бударин 1,698970 0,004459
снег 1,154902 0,003031
игорь 0,823909 0,003244
григоров 1,698970 0,004459
рапсодия 1,698970 0,004459
илья 1,045757 0,002745
будницкий 1,698970 0,004459
крадется 1,698970 0,004459
месяц 0,744727 0,001955
не 0,136677 0,000717
спеша 1,698970 0,004459
анатолий 1,301030 0,003415
аринин 1,698970 0,004459
всю 0,795880 0,002089
ночь 0,958607 0,002516
писал 1,522879 0,003997
вадим 1,045757 0,002745
бакулин 1,698970 0,004459
пастельное 1,698970 0,004459
ревский 1,698970 0,004459
дмитрий 0,602060 0,002370
избранное 1,397940 0,003669
вы 0,376751 0,001978
пугаете 1,698970 0,004459
весну 1,301030 0,005122
диана 1,221849 0,003207
дмитриева 1,397940 0,003669
педанэ 1,698970 0,004459
бродячий 1,698970 0,004459
цирк 1,397940 0,003669
евгений 0,698970 0,002752
глушаков 1,698970 0,006689
пленэр 1,698970 0,004459
мартовская 1,698970 0,004459
зарисовка 1,698970 0,004459
виктор 0,795880 0,002089
никифоров 1,397940 0,003669
сиринкс 1,698970 0,004459
увы 1,698970 0,004459
друзья 0,886057 0,002326
выходим 1,698970 0,004459
мы 0,327902 0,000861
из 0,167491 0,000879
моды 1,397940 0,003669
богданов 1,522879 0,003997
я 0,356547 0,001404
читала 1,522879 0,003997
надежда 1,000000 0,003937
бобко 1,698970 0,006689
писать 1,000000 0,002625
юлия 0,823909 0,002162
погодина 1,698970 0,004459
инопланетная 1,698970 0,004459
иван 0,744727 0,001955
романов 1,096910 0,002879
клинский 1,698970 0,004459
весна 1,096910 0,005758
алла 1,221849 0,003207
арцис 1,698970 0,004459
танец 1,397940 0,003669
буживале 1,698970 0,004459
любовь 0,585027 0,001536
сердечная 1,698970 0,004459
было 0,585027 0,002303
ли 0,387216 0,001016
нина 1,221849 0,003207
дедлова 1,698970 0,004459
переводи 1,698970 0,004459
наталья 0,853872 0,002241
возжаева 1,698970 0,004459
искрилось 1,698970 0,004459
наташа 1,301030 0,003415
корецкая 1,698970 0,004459
рекомендуемые 1,397940 0,005504
публикуется 1,522879 0,003997
сейчас 0,481486 0,001264
них 0,769551 0,002020
сети 0,744727 0,002932
марианна 1,698970 0,004459
боровкова 1,698970 0,004459
забирова 1,698970 0,004459
ольга 0,769551 0,002020
елена 0,769551 0,002020
талленика 1,522879 0,003997
альберт 1,301030 0,003415
горошко 1,698970 0,004459
татьяна 1,000000 0,003937
игнатьева 1,698970 0,004459
продолжение 1,000000 0,003937
списка 1,301030 0,005122
приглашают 1,397940 0,003669
добавить 1,096910 0,002879
ваше 0,853872 0,002241
имя 0,769551 0,002020
весса 1,522879 0,003997
блюменбаум 1,522879 0,003997
виталий 1,154902 0,003031
часов 0,920819 0,002417
семен 1,522879 0,003997
вуль 1,698970 0,004459
василий 1,301030 0,003415
тихонов 1,522879 0,003997
омска 1,522879 0,003997
булдакова 1,698970 0,004459
кельх 1,698970 0,004459
рейтинг 0,853872 0,002241
ваши 1,154902 0,003031
позиции 1,301030 0,003415
рейтинге 1,301030 0,003415
апрельские 1,397940 0,003669
зори 1,698970 0,004459
жюр 1,698970 0,006689
чем 0,387216 0,001016
пахнет 1,522879 0,003997
ранняя 1,698970 0,004459
валентина 1,045757 0,002745
бутрос 1,698970 0,004459
трепетный 1,698970 0,004459
сон 1,301030 0,003415
корбут 1,698970 0,004459
смерть 0,823909 0,002162
жириновского 0,657577 0,001726
михаил 0,568636 0,001492
стихоплетов 1,698970 0,004459
обниму 1,698970 0,004459
разлуку 1,522879 0,003997
как 0,187087 0,000491
невесту 1,698970 0,004459
валентин 1,154902 0,003031
корнев 1,698970 0,004459
солнечный 1,522879 0,003997
зайчик 1,698970 0,004459
сергей 0,468521 0,001230
файнберг 1,698970 0,004459
букеты 1,698970 0,004459
слов 1,045757 0,002745
ставлю 1,698970 0,004459
апрельский 1,698970 0,004459
просто 0,602060 0,001580
знай 1,522879 0,003997
сонет 1,397940 0,003669
анастасия 1,096910 0,002879
малиновская 1,698970 0,004459
дню 0,958607 0,003774
космонавтики 1,397940 0,003669
гала 1,301030 0,003415
смирнова 1,522879 0,003997
полная 1,221849 0,003207
таблица 1,397940 0,003669
рейтинга 1,301030 0,003415
антология 1,221849 0,003207
русской 0,744727 0,002932
поэзии 1,221849 0,004810
издательство 1,096910 0,002879
российского 0,698970 0,002752
союза 1,154902 0,004547
писателей 1,045757 0,004117
приступило 1,522879 0,003997
формированию 1,522879 0,003997
антологии 1,301030 0,005122
год 0,508638 0,003338
премия 0,958607 0,005032
поэт 1,045757 0,004117
открыт 1,221849 0,003207
конкурс 0,823909 0,003244
национальной 1,221849 0,003207
литературной 1,397940 0,003669
премии 0,823909 0,008650
наследие 1,045757 0,002745
проводится 1,301030 0,003415
соискание 1,522879 0,005996
торжественная 1,522879 0,003997
церемония 1,000000 0,002625
вручения 1,221849 0,003207
состоится 1,045757 0,004117
июне 1,397940 0,003669
русь 1,397940 0,003669
моя 0,886057 0,002326
продолжается 1,154902 0,003031
прием 1,221849 0,004810
рукописей 1,522879 0,003997
итоги 0,823909 0,002162
будут 0,638272 0,001675
подведены 1,522879 0,003997
рождения 0,677781 0,001779
сергея 0,920819 0,002417
есенина 1,301030 0,003415
георгиевская 1,397940 0,003669
лента 0,744727 0,001955
проходит 0,886057 0,002326
награждение 1,397940 0,003669
победителей 1,154902 0,003031
мая 0,795880 0,002089
канун 1,397940 0,003669
празднования 1,522879 0,003997
дня 0,443697 0,001165
победы 0,920819 0,002417
конкурсе 1,397940 0,003669
проза 1,096910 0,002879
предоставляет 1,154902 0,003031
своих 0,657577 0,001726
литературных 1,397940 0,003669
интернет 0,522879 0,001372
основании 1,301030 0,006830
пользовательского 1,154902 0,003031
договора 1,397940 0,003669
все 0,124939 0,000492
авторские 1,096910 0,002879
права 0,431798 0,001700
принадлежат 1,096910 0,004319
охраняются 1,221849 0,003207
законом 1,522879 0,003997
перепечатка 1,301030 0,003415
возможна 1,397940 0,003669
только 0,283997 0,000745
согласия 1,000000 0,002625
его 0,346787 0,001365
автора 0,886057 0,002326
которому 1,221849 0,003207
можете 0,769551 0,003030
обратиться 1,397940 0,003669
авторской 1,301030 0,003415
странице 1,045757 0,002745
ответственность 1,301030 0,003415
тексты 1,096910 0,002879
несут 1,397940 0,003669
самостоятельно 1,154902 0,003031
правил 0,958607 0,002516
законодательства 1,000000 0,002625
российской 0,585027 0,001536
федерации 0,744727 0,001955
данные 0,677781 0,001779
пользователей 0,823909 0,002162
обрабатываются 1,522879 0,003997
политики 1,000000 0,002625
обработки 0,958607 0,002516
персональных 0,769551 0,002020
данных 0,657577 0,001726
посмотреть 0,920819 0,002417
более 0,494850 0,001948
подробную 1,397940 0,003669
информацию 0,698970 0,001835
связаться 1,301030 0,003415
администрацией 1,522879 0,003997
ежедневная 1,397940 0,003669
аудитория 1,301030 0,003415
порядка 1,301030 0,003415
тысяч 0,744727 0,001955
посетителей 1,221849 0,004810
которые 0,431798 0,001133
общей 1,522879 0,003997
сумме 1,522879 0,003997
просматривают 1,522879 0,003997
двух 0,853872 0,002241
миллионов 1,045757 0,002745
страниц 1,154902 0,003031
данным 1,221849 0,003207
счетчика 1,522879 0,003997
посещаемости 1,522879 0,003997
который 0,508638 0,001335
расположен 1,522879 0,003997
справа 1,397940 0,003669
этого 0,619789 0,001627
текста 1,045757 0,002745
каждой 1,221849 0,003207
графе 1,522879 0,003997
указано 1,522879 0,003997
две 0,657577 0,001726
цифры 1,221849 0,003207
количество 1,154902 0,004547
просмотров 1,221849 0,003207
работает 0,657577 0,001726
под 0,376751 0,000989
эгидой 1,221849 0,003207
