мариинский 1,522879 0,019427
театр 0,795880 0,007897
официальный 0,958607 0,001359
сайт 0,455932 0,000646
афиша 0,795880 0,001128
билеты 1,000000 0,001417
детям 0,958607 0,002038
визит 1,397940 0,001981
труппа 1,698970 0,002408
театре 1,045757 0,003706
новости 0,173925 0,000247
для 0,107905 0,000535
прессы 1,522879 0,002159
апреля 0,283997 0,001811
пятница 1,154902 0,001637
игрок 1,698970 0,002408
опера 1,522879 0,011872
сергея 0,920819 0,001958
прокофьева 1,698970 0,006020
главных 0,853872 0,008472
партиях 1,698970 0,016857
сергей 0,468521 0,001992
семишкур 1,698970 0,002408
татьяна 1,000000 0,002126
павловская 1,698970 0,002408
геннадий 1,221849 0,001732
беззубенков 1,698970 0,002408
купить 0,886057 0,018211
билет 1,096910 0,022545
лебединое 1,698970 0,003612
озеро 1,397940 0,002972
балет 1,301030 0,008299
мариуса 1,698970 0,004816
петипа 1,698970 0,008429
льва 1,301030 0,002766
иванова 1,397940 0,002972
музыку 1,397940 0,007926
петра 1,000000 0,002835
чайковского 1,301030 0,004610
мария 0,698970 0,001486
ильюшкина 1,698970 0,002408
никита 1,154902 0,002455
корнеев 1,698970 0,003612
онлайн 0,387216 0,000823
трансляция 0,958607 0,002038
vi 1,522879 0,007555
международный 1,221849 0,006062
фестиваль 0,958607 0,006114
арфы 1,698970 0,013245
северная 1,522879 0,010793
лира 1,698970 0,012041
выставка 1,045757 0,002965
демонстрация 1,698970 0,003612
старинных 1,698970 0,003612
коллекционных 1,698970 0,003612
арфовых 1,698970 0,003612
инструментов 1,301030 0,003688
час 1,000000 0,002126
начала 0,769551 0,001636
концерта 1,522879 0,003238
струнах 1,698970 0,002408
пространства 1,397940 0,001981
века 0,721246 0,001022
концертный 1,522879 0,011872
зал 1,301030 0,018441
суббота 1,301030 0,001844
виктория 1,154902 0,001637
терешкина 1,698970 0,002408
кимин 1,698970 0,002408
ким 1,698970 0,002408
трубадур 1,698970 0,002408
джузеппе 1,698970 0,004816
верди 1,522879 0,004317
ахмед 1,698970 0,002408
агади 1,698970 0,002408
ирина 0,886057 0,001884
чурилова 1,698970 0,003612
екатерина 0,920819 0,005221
семенчук 1,698970 0,004816
алексей 0,602060 0,001280
марков 1,698970 0,003612
дирижер 1,522879 0,008634
валерий 1,000000 0,006378
гергиев 1,522879 0,009714
страдивари 1,698970 0,002408
ансамбль 1,698970 0,002408
лоренц 1,698970 0,002408
настурика 1,698970 0,002408
гершовичи 1,698970 0,002408
лет 0,366532 0,000779
музыкальному 1,698970 0,002408
училищу 1,698970 0,002408
им 0,602060 0,000853
н 0,769551 0,001091
а 0,221849 0,000314
римского 1,522879 0,002159
корсакова 1,522879 0,002159
мастер 1,045757 0,002223
класс 1,221849 0,003464
эмилии 1,698970 0,003612
москвитиной 1,698970 0,003612
арфа 1,698970 0,003612
французская 1,522879 0,002159
испанская 1,698970 0,002408
музыка 0,677781 0,001921
концерт 1,301030 0,005532
молодых 1,154902 0,003274
оперных 1,698970 0,003612
солистов 1,698970 0,003612
айгуль 1,698970 0,002408
хисматуллина 1,698970 0,002408
гамид 1,698970 0,003612
абдулов 1,522879 0,003238
владислав 1,221849 0,001732
куприянов 1,698970 0,002408
рахманинова 1,397940 0,006935
санникова 1,698970 0,002408
александр 0,468521 0,000996
михайлов 1,397940 0,001981
дмитрий 0,602060 0,000853
григорьев 1,397940 0,001981
воскресенье 1,301030 0,001844
дягилев 1,698970 0,003612
жизель 1,698970 0,003612
коралли 1,698970 0,003612
перро 1,522879 0,003238
адольфа 1,522879 0,003238
адана 1,522879 0,003238
рената 1,522879 0,002159
шакирова 1,698970 0,002408
хорева 1,698970 0,002408
сергеев 1,698970 0,002408
дон 1,522879 0,002159
карлос 1,698970 0,002408
хибла 1,698970 0,002408
герзмава 1,698970 0,002408
скороходов 1,698970 0,002408
роман 0,638272 0,000905
бурденко 1,698970 0,002408
ильдар 1,698970 0,003612
абдразаков 1,698970 0,003612
алексашкин 1,698970 0,002408
иоланта 1,522879 0,002159
концертное 1,698970 0,002408
исполнение 1,397940 0,002972
мигран 1,698970 0,002408
агаджанян 1,698970 0,002408
станислав 1,154902 0,002455
трофимов 1,397940 0,002972
евгений 0,698970 0,001486
никитин 1,397940 0,002972
песни 0,886057 0,001256
земли 0,920819 0,001305
гала 1,301030 0,001844
закрытие 1,522879 0,002159
фестиваля 1,397940 0,003963
людмилы 1,522879 0,002159
рохлиной 1,698970 0,002408
понедельник 1,221849 0,001732
струнные 1,698970 0,002408
квартеты 1,698970 0,002408
гайдна 1,698970 0,002408
бетховена 1,698970 0,002408
исполняют 1,698970 0,002408
дина 1,301030 0,001844
зикеева 1,698970 0,002408
грибанова 1,698970 0,002408
скрипка 1,522879 0,002159
юрий 0,795880 0,001692
афонькин 1,698970 0,002408
альт 1,698970 0,002408
олег 0,795880 0,001128
сендецкий 1,698970 0,002408
виолончель 1,698970 0,002408
вторник 1,522879 0,002159
юбилею 1,397940 0,002972
елены 1,397940 0,001981
евтеевой 1,698970 0,002408
баядерка 1,698970 0,002408
людвига 1,397940 0,001981
минкуса 1,698970 0,002408
летию 1,221849 0,001732
дня 0,443697 0,000943
рождения 0,677781 0,001441
галины 1,698970 0,002408
ковалевой 1,698970 0,002408
жизнь 0,455932 0,000646
царя 1,522879 0,002159
михаила 1,154902 0,001637
глинки 1,522879 0,002159
антонина 1,698970 0,003612
весенина 1,698970 0,002408
крапивина 1,698970 0,002408
денис 0,853872 0,001210
закиров 1,698970 0,002408
русалка 1,522879 0,002159
дворжака 1,698970 0,002408
гелена 1,698970 0,002408
гаскарова 1,698970 0,002408
игорь 0,823909 0,001168
барбаков 1,698970 0,002408
михаил 0,568636 0,001612
колелишвили 1,698970 0,002408
старкова 1,698970 0,002408
надежда 1,000000 0,001417
сердюк 1,698970 0,002408
среда 1,221849 0,001732
макбет 1,522879 0,002159
ариунбаатар 1,698970 0,002408
ганбаатар 1,698970 0,002408
времена 1,154902 0,002455
года 0,356547 0,001263
ильи 1,397940 0,002972
живого 1,397940 0,002972
антонио 1,698970 0,003612
вивальди 1,698970 0,003612
макса 1,522879 0,003238
рихтера 1,522879 0,003238
пер 1,522879 0,002159
гюнт 1,698970 0,002408
театрализованный 1,698970 0,002408
чтец 1,698970 0,002408
николай 0,744727 0,001056
мартон 1,698970 0,002408
камерная 1,522879 0,003238
вольфганга 1,698970 0,003612
амадея 1,698970 0,003612
моцарта 1,698970 0,003612
четверг 1,154902 0,001637
перенос 1,698970 0,002408
спектакля 1,221849 0,001732
мая 0,795880 0,001692
парсифаль 1,698970 0,002408
рихарда 1,522879 0,002159
вагнера 1,522879 0,002159
векуа 1,698970 0,002408
анна 0,568636 0,000806
маркарова 1,698970 0,002408
воробьев 1,397940 0,001981
петренко 1,397940 0,001981
свадьба 1,045757 0,001482
фигаро 1,698970 0,002408
постановке 1,698970 0,002408
александра 0,638272 0,000905
петрова 1,221849 0,001732
людмила 0,920819 0,001305
разумкова 1,698970 0,002408
соловьева 1,397940 0,001981
иван 0,744727 0,001056
новоселов 1,698970 0,002408
романов 1,096910 0,001555
духового 1,698970 0,002408
квинтета 1,698970 0,002408
программе 1,045757 0,001482
таффанель 1,698970 0,002408
моцарт 1,698970 0,002408
пуленк 1,698970 0,002408
мариинском 1,698970 0,013245
открытый 1,397940 0,001981
меньше 1,154902 0,001637
назад 0,638272 0,000905
подарил 1,698970 0,002408
новые 0,337242 0,000478
возможности 0,958607 0,001359
музыкантов 1,397940 0,001981
оркестра 1,522879 0,004317
хора 1,522879 0,002159
вокалистов 1,698970 0,002408
камерной 1,698970 0,002408
музыки 1,096910 0,001555
совершенно 0,886057 0,001256
особенная 1,698970 0,002408
область 1,045757 0,001482
музицирования 1,698970 0,002408
которая 0,823909 0,001752
нуждается 1,698970 0,002408
подходящих 1,522879 0,002159
этого 0,619789 0,000879
акустических 1,698970 0,002408
условиях 0,886057 0,001256
домашней 1,698970 0,002408
обстановке 1,522879 0,002159
сейчас 0,481486 0,000682
новая 0,677781 0,000961
площадка 1,698970 0,002408
мариинского 1,522879 0,006476
процессе 1,301030 0,001844
формирования 1,221849 0,001732
своего 0,920819 0,001305
репертуара 1,698970 0,002408
завоевания 1,522879 0,002159
публики 1,698970 0,002408
апреле 0,853872 0,001210
здесь 0,698970 0,000991
пройдет 1,221849 0,002598
цикл 1,096910 0,001555
концертов 1,221849 0,001732
которые 0,431798 0,000612
намечают 1,522879 0,002159
некоторые 1,045757 0,001482
репертуарные 1,698970 0,002408
сюжеты 1,154902 0,001637
демонстрируют 1,698970 0,002408
потенциал 1,397940 0,001981
зала 1,522879 0,002159
уникальных 1,698970 0,002408
фестивале 1,154902 0,001637
этом 0,585027 0,000829
году 0,602060 0,001280
концертная 1,698970 0,002408
программа 0,744727 0,001583
международного 1,522879 0,002159
приуроченного 1,698970 0,002408
национальных 1,522879 0,002159
культур 1,522879 0,002159
знакомит 1,397940 0,001981
зрителей 1,221849 0,001732
многочисленными 1,698970 0,002408
предшественниками 1,698970 0,002408
близкими 1,522879 0,002159
дальними 1,698970 0,002408
родственниками 1,698970 0,002408
современной 0,958607 0,001359
год 0,508638 0,001081
дягилева 1,522879 0,003238
сегодня 0,443697 0,000943
исполняется 1,522879 0,002159
репертуаре 1,698970 0,002408
театра 1,154902 0,004092
насчитывается 1,698970 0,002408
два 0,619789 0,000879
десятка 1,698970 0,002408
произведений 0,853872 0,001210
обязанных 1,698970 0,002408
легендарному 1,698970 0,002408
импресарио 1,698970 0,002408
своим 1,045757 0,001482
возникновением 1,698970 0,002408
уже 0,568636 0,000806
шестой 1,397940 0,001981
раз 0,698970 0,000991
состоится 1,045757 0,001482
его 0,346787 0,000737
основательница 1,698970 0,002408
организатор 1,698970 0,002408
солистка 1,397940 0,001981
софья 1,522879 0,003238
кипрская 1,698970 0,003612
традиционно 1,522879 0,002159
событие 1,301030 0,001844
посвящают 1,698970 0,002408
японской 1,698970 0,002408
арфистке 1,698970 0,002408
йоко 1,698970 0,002408
ческине 1,698970 0,002408
меценату 1,698970 0,002408
многолетнему 1,698970 0,002408
другу 1,045757 0,001482
партнеру 1,698970 0,002408
концерте 1,522879 0,002159
честь 1,096910 0,002332
открытия 1,397940 0,001981
будет 0,387216 0,000549
дирижировать 1,698970 0,002408
лауреат 1,397940 0,001981
президентской 1,397940 0,001981
премии 0,823909 0,001752
поздравляем 1,698970 0,002408
солистку 1,698970 0,002408
софью 1,698970 0,002408
кипрскую 1,698970 0,002408
стала 0,769551 0,001091
лауреатом 1,397940 0,001981
президента 0,920819 0,001305
российской 0,585027 0,000829
федерации 0,744727 0,001056
деятелей 1,301030 0,001844
культуры 0,795880 0,001128
соответствующий 1,397940 0,001981
указ 1,522879 0,002159
подписал 1,522879 0,002159
руководитель 1,301030 0,002766
страны 0,638272 0,000905
владимир 0,431798 0,000918
путин 0,721246 0,001022
встреча 1,000000 0,001417
лауреатами 1,698970 0,002408
прошла 1,045757 0,001482
днем 1,045757 0,001482
формате 1,154902 0,001637
видеоконференции 1,698970 0,002408
ней 0,823909 0,001168
принял 1,000000 0,001417
участие 0,920819 0,001305
художественный 1,397940 0,001981
директор 1,221849 0,001732
просмотр 1,397940 0,001981
балетную 1,698970 0,002408
труппу 1,698970 0,002408
приморской 1,698970 0,002408
сцены 1,397940 0,001981
mariinsky 1,698970 0,007225
tv 0,920819 0,001958
пушкинская 1,301030 0,001844
карта 0,920819 0,001305
xiv 1,698970 0,002408
конкурс 0,823909 0,001168
артистов 1,221849 0,001732
балета 1,154902 0,002455
лейбл 1,698970 0,002408
виртуальные 1,096910 0,001555
выставки 0,958607 0,001359
шостакович 1,698970 0,002408
вопросах 1,698970 0,004816
ответах 1,522879 0,004317
зорких 1,698970 0,002408
театралов 1,698970 0,002408
лизы 1,397940 0,001981
полины 1,698970 0,002408
графини 1,698970 0,002408
годы 0,823909 0,001168
войны 0,698970 0,000991
лауреаты 1,397940 0,001981
конкурса 1,154902 0,001637
имени 0,721246 0,001022
вихарев 1,698970 0,002408
юлия 0,823909 0,001168
махалина 1,698970 0,002408
пеллеас 1,698970 0,002408
мелизанда 1,698970 0,002408
памяти 1,045757 0,001482
майи 1,698970 0,002408
плисецкой 1,698970 0,002408
натальи 1,301030 0,001844
макаровой 1,698970 0,002408
римский 1,522879 0,002159
корсаков 1,698970 0,002408
щедрин 1,698970 0,002408
дафнис 1,698970 0,002408
хлоя 1,698970 0,002408
прокофьев 1,698970 0,002408
шкляров 1,698970 0,002408
творческому 1,698970 0,002408
вечеру 1,698970 0,002408
post 1,522879 0,002159
ru 0,180456 0,000384
справочная 1,301030 0,001844
служба 1,096910 0,001555
tickets 1,698970 0,002408
театральная 1,522879 0,002159
площадь 1,522879 0,002159
д 0,721246 0,004089
ул 0,958607 0,004756
декабристов 1,698970 0,003612
камерные 1,698970 0,002408
залы 1,221849 0,001732
писарева 1,698970 0,002408
вход 0,619789 0,001757
приморский 1,522879 0,002159
филиал 1,522879 0,003238
владивосток 1,301030 0,002766
приморская 1,698970 0,002408
сцена 1,698970 0,002408
г 0,552842 0,001567
фастовская 1,698970 0,002408
рсо 1,698970 0,002408
алания 1,698970 0,002408
владикавказ 1,397940 0,003963
оперы 1,221849 0,001732
тхапсаева 1,698970 0,002408
миллера 1,522879 0,002159
fm 1,221849 0,001732
любое 0,886057 0,001256
использование 0,619789 0,000879
либо 1,000000 0,001417
копирование 1,154902 0,001637
материалов 0,585027 0,000829
сайта 0,508638 0,000721
элементов 1,698970 0,002408
дизайна 1,522879 0,002159
оформления 1,522879 0,002159
запрещено 1,221849 0,001732
разрешения 0,853872 0,001210
правообладателя 0,886057 0,001256
закрыть 0,823909 0,001168
личный 1,000000 0,001417
кабинет 1,045757 0,001482
забыли 1,096910 0,001555
пароль 0,920819 0,001305
регистрация 0,657577 0,000932
войти 0,494850 0,000701
user 1,301030 0,001844
name 1,221849 0,001732
выход 0,958607 0,001359
профиль 1,397940 0,001981
корзина 1,698970 0,002408
история 0,443697 0,000629
заказов 1,522879 0,002159
