радиостанция 1,698970 0,001748
радио 0,795880 0,006550
россия 0,214670 0,001767
прямой 0,619789 0,001913
эфир 0,537602 0,003319
запись 1,045757 0,002152
радиопрограмма 1,698970 0,003496
аудио 0,920819 0,002842
подкаста 0,657577 0,002706
mp 1,522879 0,003133
программа 0,420216 0,006917
передача 0,795880 0,002456
поиск 0,387216 0,000797
сайт 0,173925 0,001074
весть 0,795880 0,023745
сетка 1,522879 0,004700
вещание 1,045757 0,003228
контакт 0,387216 0,001195
соцсеть 0,721246 0,001484
консерватник 1,698970 0,003496
общественный 0,744727 0,001532
политический 0,721246 0,002226
телегр 1,154902 0,002376
канал 0,508638 0,005233
субъективно 1,698970 0,005244
каждый 0,552842 0,001138
пятница 0,886057 0,001823
утро 0,886057 0,001823
наш 0,309804 0,003506
друг 0,494850 0,001018
кругозор 1,698970 0,005244
алексей 0,552842 0,002844
певчев 1,698970 0,005244
построить 0,958607 0,001972
оцифрованный 1,522879 0,003133
материал 0,292430 0,001203
журнал 0,744727 0,001532
дорогой 0,744727 0,001532
ведущий 1,154902 0,002376
диана 1,096910 0,002257
гурцкий 1,698970 0,003496
детский 0,619789 0,002551
вопрос 0,420216 0,001729
инна 1,301030 0,002677
зотов 1,522879 0,003133
четверг 1,045757 0,002152
мск 1,301030 0,008031
посоветовать 1,096910 0,002257
доктор 0,721246 0,001484
ольга 0,721246 0,002226
копылов 1,698970 0,003496
суббота 1,045757 0,002152
шинель 1,698970 0,003496
военный 0,522879 0,003228
для 0,107905 0,000333
весь 0,107905 0,000444
душить 0,823909 0,001695
вадим 1,698970 0,003496
тихомиров 1,698970 0,003496
душевный 1,397940 0,002876
разговор 1,000000 0,002058
животное 0,886057 0,001823
иван 0,619789 0,001275
затевахин 1,698970 0,003496
этот 0,173925 0,000358
музыка 0,602060 0,001858
дмитрий 0,958607 0,001972
бертман 1,698970 0,003496
кавказский 1,301030 0,002677
акцент 1,698970 0,003496
николай 0,568636 0,001170
мамулашвили 1,522879 0,003133
слушать 0,886057 0,006381
радиоканал 1,397940 0,011506
ежедневно 1,301030 0,002677
будни 1,221849 0,007542
москва 0,292430 0,000602
легкое 1,154902 0,002376
человек 0,259637 0,000534
только 0,283997 0,000877
легкий 1,096910 0,002257
максимов 1,522879 0,003133
новый 0,244125 0,000753
сезон 0,568636 0,001170
сигнал 1,154902 0,007129
точный 1,301030 0,008031
временить 0,698970 0,004315
часы 0,886057 0,001823
российский 0,229148 0,001414
радиоуниверситет 1,397940 0,004315
разный 0,677781 0,002092
время 0,327902 0,003711
информационный 0,481486 0,001486
развлекательный 1,301030 0,002677
культбригада 1,698970 0,003496
слово 0,552842 0,001138
смысл 0,958607 0,001972
литература 0,744727 0,001532
встречаться 1,154902 0,002376
среда 1,000000 0,002058
встреча 0,638272 0,001313
песня 0,657577 0,001353
автор 0,522879 0,001076
вести 0,657577 0,001353
виктор 0,698970 0,001438
татарский 1,221849 0,002514
артем 1,522879 0,003133
данил 1,522879 0,003133
очень 0,568636 0,001170
нужный 0,552842 0,001138
поддержка 0,537602 0,001106
приемный 1,522879 0,003133
родитель 0,744727 0,001532
подробный 0,657577 0,010824
экономист 1,221849 0,002514
зубец 1,698970 0,003496
спрогнозировать 1,522879 0,003133
снижение 1,000000 0,002058
цена 0,619789 0,001913
два 0,346787 0,001070
месяц 0,537602 0,001106
благодаря 0,823909 0,001695
укрепление 1,000000 0,002058
рубль 0,455932 0,000938
ответ 0,677781 0,001395
санкция 0,537602 0,001106
электрооборудование 1,698970 0,003496
интерактивный 1,221849 0,010056
рига 1,522879 0,003133
сотрудник 0,958607 0,001972
служба 0,431798 0,001333
государственный 0,721246 0,001484
безопасность 0,744727 0,001532
латвия 1,045757 0,002152
задержать 0,886057 0,001823
правозащитник 1,698970 0,003496
алвис 1,698970 0,003496
пилагс 1,698970 0,003496
много 0,301030 0,000619
сельский 1,301030 0,002677
дом 0,356547 0,000734
культура 0,468521 0,002410
крым 0,920819 0,001895
капитальный 1,522879 0,003133
отремонтировать 1,698970 0,003496
последний 0,318759 0,000656
три 0,522879 0,001076
год 0,236572 0,000487
константин 0,769551 0,001583
косачев 1,698970 0,003496
переговоры 0,958607 0,001972
украина 0,455932 0,000938
важный 0,602060 0,001239
потому 0,920819 0,001895
что 0,161151 0,000332
хорошо 0,823909 0,001695
идти 0,657577 0,001353
путь 0,721246 0,001484
переговорный 1,522879 0,003133
квартира 0,853872 0,001757
аренда 1,397940 0,002876
или 0,292430 0,000903
ипотека 1,154902 0,002376
олег 0,721246 0,001484
пантелеев 1,698970 0,003496
запуск 1,096910 0,002257
производство 0,823909 0,001695
самолет 0,721246 0,002968
тот 0,376751 0,000775
постройка 1,698970 0,003496
можно 0,420216 0,000865
быть 0,161151 0,000663
передать 1,096910 0,002257
авиакомпания 1,154902 0,002376
быстрый 1,000000 0,002058
чем 0,387216 0,000797
полностью 0,795880 0,001638
импортозамещенный 1,698970 0,003496
мс 1,397940 0,002876
сервис 0,537602 0,001106
airbnb 1,397940 0,002876
запретить 0,619789 0,001275
россиянин 0,602060 0,001239
белорус 1,522879 0,003133
бронировать 1,698970 0,003496
жилье 1,221849 0,002514
граница 0,769551 0,001583
владимир 0,301030 0,000619
оленченко 1,522879 0,003133
американец 1,154902 0,002376
англичанин 1,397940 0,002876
постоянно 1,522879 0,003133
тиражировать 1,698970 0,003496
свое 0,455932 0,000938
издание 0,468521 0,000964
сценарий 0,886057 0,001823
захват 1,522879 0,003133
калининградский 1,522879 0,003133
область 0,638272 0,001313
периодически 1,397940 0,002876
территория 0,795880 0,001638
прибалтийский 1,698970 0,003496
государство 0,958607 0,001972
проводить 0,886057 0,001823
имитация 1,522879 0,003133
атака 0,920819 0,001895
персона 1,096910 0,002257
сергей 0,408935 0,001262
мазаев 1,698970 0,003496
музыкант 1,000000 0,004115
солист 1,397940 0,002876
группа 0,823909 0,002543
моральный 1,301030 0,002677
кодекс 1,397940 0,002876
вася 1,698970 0,003496
ложкин 1,698970 0,003496
художник 0,744727 0,001532
блогер 1,045757 0,002152
игорь 0,769551 0,001583
сарухан 1,698970 0,003496
хелависа 1,698970 0,003496
наталья 0,795880 0,001638
шея 1,698970 0,003496
певица 1,000000 0,002058
лукьяненко 1,301030 0,002677
писатель 0,721246 0,001484
фантаст 1,522879 0,003133
евгенья 0,698970 0,001438
спицын 1,698970 0,003496
историк 1,221849 0,002514
публицист 1,397940 0,002876
мухин 1,698970 0,003496
политолог 1,096910 0,003386
гендиректор 1,154902 0,002376
центр 0,455932 0,000938
информация 0,327902 0,000675
павел 0,769551 0,001583
шипилина 1,698970 0,003496
кети 1,698970 0,003496
топурия 1,698970 0,003496
солистка 1,301030 0,002677
a 0,638272 0,001313
studio 1,301030 0,002677
галерея 0,853872 0,001757
классический 0,886057 0,001823
фотография 0,795880 0,001638
представить 0,744727 0,001532
внутренний 1,221849 0,002514
империя 1,045757 0,002152
андрей 0,508638 0,001047
троицкий 1,698970 0,003496
валерия 0,958607 0,001972
гергиев 1,522879 0,003133
привезти 1,397940 0,002876
зарядие 1,522879 0,004700
произведение 0,721246 0,001484
выдающийся 1,301030 0,002677
русский 0,318759 0,000984
композитор 1,096910 0,002257
тетралогия 1,698970 0,003496
рихард 1,522879 0,003133
вагнер 1,522879 0,003133
кольцо 0,958607 0,001972
нибелунг 1,698970 0,003496
зало 0,958607 0,001972
защита 0,823909 0,001695
дело 0,481486 0,000991
миримский 1,698970 0,003496
открыть 0,552842 0,001138
официальный 0,537602 0,001106
пресс 0,552842 0,001138
стартовать 1,000000 0,002058
сбор 0,920819 0,001895
заявка 1,154902 0,002376
участие 0,677781 0,001395
фестиваль 0,721246 0,001484
социальный 0,522879 0,001076
кино 0,455932 0,000938
шередарить 1,698970 0,003496
право 0,292430 0,001203
любой 0,420216 0,001297
опубликовать 0,494850 0,001018
защитить 0,552842 0,001138
соответствие 0,795880 0,001638
международный 0,508638 0,001047
законодательство 0,638272 0,001313
авторский 0,744727 0,001532
смежный 1,301030 0,002677
использование 0,408935 0,000841
фото 0,568636 0,001170
видеоматериал 1,045757 0,002152
разместить 0,721246 0,001484
допускаться 1,045757 0,002152
разрешение 0,769551 0,001583
правообладатель 0,744727 0,001532
ссылка 0,698970 0,001438
radiorus 1,698970 0,005244
ru 0,180456 0,000557
пря 0,387216 0,000797
полный 0,522879 0,001076
частичный 1,301030 0,002677
перепечатка 1,221849 0,002514
текстовой 1,096910 0,002257
интернет 0,455932 0,000938
гиперссылка 1,045757 0,002152
обязательный 0,886057 0,001823
технический 0,853872 0,001757
сопровождение 1,301030 0,002677
дирекция 1,397940 0,002876
технология 0,408935 0,000841
вгтрк 1,154902 0,002376
ребенок 0,259637 0,000534
старший 0,721246 0,001484
лет 0,337242 0,000694
функционировать 1,221849 0,002514
система 0,721246 0,001484
коррекция 1,301030 0,002677
ошибка 0,677781 0,001395
обнаружить 0,958607 0,001972
неточность 1,397940 0,002876
текст 0,585027 0,001204
выделить 0,853872 0,001757
она 0,356547 0,000734
нажать 0,920819 0,001895
ctrl 0,958607 0,001972
enter 0,958607 0,001972
начало 0,638272 0,019700
литературный 0,795880 0,004094
чтение 1,045757 0,003228
елена 0,698970 0,001438
веснин 1,698970 0,003496
теннисистка 1,698970 0,003496
спортивный 0,886057 0,001823
поведение 1,154902 0,002376
здоровье 0,602060 0,003097
сериал 0,494850 0,001527
привычка 1,397940 0,002876
здоровый 1,154902 0,002376
напролом 1,698970 0,015731
итог 0,769551 0,001583
продовольственный 1,522879 0,003133
кризис 0,795880 0,001638
который 0,236572 0,000487
нет 0,537602 0,001106
мнение 0,602060 0,001239
спорт 0,397940 0,000819
футбол 1,045757 0,002152
мочь 0,236572 0,000487
столкнуться 1,000000 0,002058
серьезный 1,000000 0,002058
финансовый 0,638272 0,001313
потеря 0,920819 0,001895
польский 1,045757 0,002152
вица 1,522879 0,003133
премьер 0,638272 0,001313
потребовать 1,397940 0,002876
избавиться 1,301030 0,002677
молочный 1,221849 0,002514
река 0,920819 0,001895
санкционный 0,886057 0,001823
берег 1,096910 0,002257
контроль 1,000000 0,002058
качество 0,795880 0,001638
корм 1,397940 0,002876
fm 1,221849 0,002514
