google 0,744727 0,001692
переводчик 1,096910 0,003114
войти 0,468521 0,000532
править 0,638272 0,000725
принцип 1,096910 0,001246
справка 1,000000 0,001136
отправить 0,619789 0,000704
отзыв 0,958607 0,001089
вид 0,744727 0,000846
перевод 1,000000 0,011925
insert 1,698970 0,001930
drive 1,522879 0,001730
текст 0,585027 0,001993
определить 0,920819 0,005229
язык 0,568636 0,010010
русский 0,318759 0,002715
английский 1,000000 0,007382
немецкий 0,886057 0,005032
swap 1,698970 0,003859
horiz 1,698970 0,003859
обратный 0,508638 0,001155
cmd 1,698970 0,003859
shift 1,698970 0,003859
s 0,721246 0,001638
украинский 0,522879 0,002672
закрыть 0,698970 0,007938
оригинал 1,522879 0,003459
search 1,154902 0,004591
найти 0,356547 0,001417
close 1,301030 0,005172
окно 1,000000 0,007382
поиск 0,387216 0,002858
clear 1,698970 0,007718
очистить 1,522879 0,006053
checkhistory 1,698970 0,587548
awesome 1,698970 0,003859
недавно 1,154902 0,004591
выбрать 0,568636 0,003229
весь 0,107905 0,000429
азербайджанский 1,522879 0,006053
албанский 1,698970 0,006753
амхарский 1,698970 0,006753
арабский 1,522879 0,006053
армянский 1,698970 0,006753
африкаанс 1,698970 0,006753
баскский 1,698970 0,006753
белорусский 1,301030 0,005172
бенгальский 1,698970 0,006753
бирманский 1,698970 0,006753
болгарский 1,698970 0,006753
боснийский 1,698970 0,006753
валлийский 1,698970 0,006753
венгерский 1,522879 0,006053
вьетнамский 1,522879 0,006053
гавайский 1,698970 0,006753
галисийский 1,698970 0,006753
греческий 1,045757 0,004157
грузинский 1,154902 0,004591
гуджарать 1,698970 0,006753
датский 1,698970 0,006753
зулу 1,698970 0,006753
иврит 1,698970 0,006753
игбо 1,698970 0,006753
идиш 1,522879 0,006053
индонезийский 1,698970 0,006753
ирландский 1,397940 0,005557
исландский 1,698970 0,006753
испанский 1,096910 0,004360
итальянский 1,221849 0,004857
йоруба 1,698970 0,006753
казахский 1,698970 0,006753
каннада 1,698970 0,006753
каталанский 1,698970 0,006753
киргизский 1,698970 0,006753
китайский 1,000000 0,005679
корейский 1,301030 0,005172
корсиканский 1,698970 0,006753
креольский 1,698970 0,006753
гаити 1,698970 0,006753
курманджи 1,698970 0,006753
кхмерский 1,698970 0,006753
кхос 1,698970 0,006753
лаосский 1,698970 0,006753
латинский 1,698970 0,006753
латышский 1,698970 0,006753
литовский 1,397940 0,005557
люксембургский 1,698970 0,006753
македонский 1,698970 0,006753
малагасийский 1,698970 0,006753
малайский 1,698970 0,006753
малаял 1,698970 0,006753
мальтийский 1,698970 0,006753
маори 1,698970 0,006753
маратхи 1,698970 0,006753
монгольский 1,698970 0,006753
непальский 1,698970 0,006753
нидерландский 1,698970 0,006753
норвежский 1,522879 0,006053
ория 1,698970 0,006753
панджаби 1,698970 0,006753
персидский 1,522879 0,005189
польский 1,045757 0,003563
португальский 1,698970 0,005789
пушту 1,698970 0,005789
руанда 1,698970 0,005789
румынский 1,698970 0,005789
самоанский 1,698970 0,005789
себуанский 1,698970 0,005789
сербский 1,522879 0,005189
сесото 1,698970 0,005789
сингальский 1,698970 0,005789
синдхи 1,698970 0,005789
словацкий 1,522879 0,005189
словенский 1,698970 0,005789
сомалийский 1,698970 0,005789
суахили 1,698970 0,005789
суданский 1,698970 0,005789
таджикский 1,698970 0,005789
тайский 1,698970 0,005789
тамильский 1,698970 0,005789
татарский 1,221849 0,004163
телугу 1,698970 0,005789
турецкий 1,301030 0,004433
туркменский 1,698970 0,005789
узбекский 1,698970 0,005789
уйгурский 1,698970 0,005789
урду 1,698970 0,005789
филиппинский 1,698970 0,005789
финский 1,221849 0,004163
французский 0,795880 0,002712
фризский 1,698970 0,005789
хауса 1,698970 0,005789
хинди 1,698970 0,005789
хмонг 1,698970 0,005789
хорватский 1,698970 0,005789
чев 1,698970 0,005789
чешский 1,221849 0,004163
шведский 1,301030 0,004433
шон 1,397940 0,004763
шотландский 1,698970 0,005789
гэльский 1,698970 0,005789
эсперанто 1,698970 0,005789
эстонский 1,397940 0,004763
яванский 1,698970 0,005789
японский 1,096910 0,003737
традиционный 1,301030 0,002955
упростить 1,522879 0,003459
загрузка 1,397940 0,004763
мочь 0,236572 0,000537
содержать 1,045757 0,002375
лексика 1,698970 0,003859
деликатный 1,698970 0,002894
характер 0,823909 0,001404
спорный 1,698970 0,002894
или 0,292430 0,000498
подробный 0,657577 0,001867
исходный 1,698970 0,004824
удалить 1,045757 0,001188
еще 0,327902 0,000372
свернуть 1,522879 0,001730
ваш 0,431798 0,000736
браузер 0,886057 0,001509
не 0,136677 0,000310
поддерживать 1,096910 0,001869
голосовой 1,522879 0,001730
ввод 1,522879 0,003459
начать 0,508638 0,000578
речь 1,045757 0,001782
volume 1,522879 0,001730
up 1,000000 0,001704
синтез 1,397940 0,001588
stopvolume 1,698970 0,001930
прослушать 1,698970 0,001930
включить 0,958607 0,001089
рукописный 1,698970 0,001930
способ 0,721246 0,000819
keyboard 1,698970 0,001930
результат 0,698970 0,000794
идти 0,657577 0,000747
пря 0,387216 0,000440
приниматься 1,397940 0,001588
внимание 0,769551 0,000874
грамматический 1,522879 0,001730
категория 1,154902 0,001312
род 1,221849 0,002082
учет 1,522879 0,001730
всегда 0,657577 0,000747
возможный 0,769551 0,000874
error 1,698970 0,001930
outline 1,698970 0,001930
ошибка 0,677781 0,000770
повторить 1,096910 0,001246
starstar 1,698970 0,001930
border 1,397940 0,001588
сохранить 0,886057 0,001006
много 0,301030 0,000342
информация 0,327902 0,000559
этот 0,173925 0,000198
чтобы 0,408935 0,000464
получить 0,420216 0,000477
дополнительный 0,853872 0,000970
ввести 0,721246 0,000819
документ 0,744727 0,001269
загрузить 0,958607 0,001089
файл 0,920819 0,001046
docx 1,522879 0,001730
pdf 1,522879 0,001730
pptx 1,698970 0,001930
xlsx 1,698970 0,001930
компьютер 1,221849 0,001388
технология 0,408935 0,000464
cloud 1,221849 0,001388
сайт 0,173925 0,000198
