российская 0,886057 0,000702
газета 1,045757 0,001243
новости 0,173925 0,000207
курс 0,744727 0,000590
евро 0,769551 0,000610
упал 1,154902 0,000915
ниже 0,886057 0,001053
рублей 0,585027 0,000464
впервые 0,744727 0,000590
июля 0,920819 0,000730
года 0,356547 0,001130
песков 0,744727 0,001770
назвал 0,795880 0,001577
постыдным 1,397940 0,001108
решение 0,853872 0,001353
латвии 1,221849 0,000968
мая 0,795880 0,000946
посольство 1,522879 0,001207
россии 0,251812 0,001497
заявило 1,301030 0,001031
протест 1,522879 0,001207
японии 0,958607 0,000760
из 0,167491 0,000664
высылки 1,698970 0,001346
дипломатов 0,958607 0,000760
посла 1,301030 0,001031
польши 1,096910 0,000869
москве 0,455932 0,001445
краевского 1,698970 0,001346
вызвали 1,397940 0,001108
мид 0,886057 0,000702
блестящим 1,397940 0,001108
отчет 1,096910 0,000869
правительства 1,096910 0,000869
госдуме 1,045757 0,001243
путин 0,721246 0,000572
пригласил 1,397940 0,001108
президента 0,920819 0,001094
туркменистана 1,698970 0,001346
посетить 1,000000 0,001189
рф 0,568636 0,001352
визитом 1,522879 0,001207
кузбассе 1,221849 0,000968
заблокированных 1,397940 0,001108
шахте 1,045757 0,000829
горняков 1,522879 0,001207
вывели 1,301030 0,001546
поверхность 1,301030 0,001031
минск 1,522879 0,001207
пенза 1,221849 0,000968
намечают 1,522879 0,001207
дополнительные 1,096910 0,001304
ориентиры 1,698970 0,001346
делового 1,522879 0,001207
партнерства 1,698970 0,001346
басурин 1,045757 0,001243
жертвами 1,522879 0,001207
удара 0,823909 0,000979
всу 0,744727 0,001180
краматорску 0,744727 0,000885
стали 0,795880 0,000946
около 0,886057 0,000702
человек 0,420216 0,000499
мираторг 1,096910 0,001304
прокомментировал 1,154902 0,000915
антикартельную 1,522879 0,001810
проверку 1,221849 0,001452
отношении 0,853872 0,001015
компании 0,619789 0,001473
рпц 1,698970 0,001346
церковный 1,698970 0,001346
штаб 1,522879 0,001207
адресной 1,698970 0,001346
помощи 1,045757 0,001243
беженцам 1,522879 0,001207
открыт 1,221849 0,000968
ржд 1,522879 0,001207
зафиксировали 1,397940 0,001108
стоимость 1,154902 0,000915
билетов 1,154902 0,000915
сапсаны 1,522879 0,001207
удар 0,823909 0,000979
вокзалу 0,853872 0,001353
краматорске 0,823909 0,000979
был 0,468521 0,000557
провокацией 1,154902 0,001373
украинских 0,744727 0,000885
силовиков 1,522879 0,001207
турчак 1,397940 0,001108
посоветовал 1,221849 0,000968
чиновникам 1,301030 0,001031
донбасс 0,886057 0,000702
прежде 1,045757 0,001243
чем 0,387216 0,000614
давать 1,522879 0,001207
комментарии 1,000000 0,001189
теме 1,045757 0,000829
путина 0,886057 0,000702
жириновского 0,657577 0,001042
были 0,769551 0,000610
доверительные 1,698970 0,001346
отношения 0,958607 0,000760
михаил 0,568636 0,000451
мишустин 0,920819 0,001824
простился 1,045757 0,000829
владимиром 0,677781 0,000806
жириновским 0,585027 0,000695
япония 0,823909 0,000653
вводит 1,301030 0,001031
запрет 1,096910 0,000869
российскую 1,096910 0,000869
водку 1,522879 0,001207
бирюков 1,522879 0,001207
стартовали 1,397940 0,001108
работы 0,619789 0,000737
капремонту 1,698970 0,001346
корпуса 1,522879 0,001207
боткинской 1,522879 0,001207
больницы 1,221849 0,000968
лукашенко 1,397940 0,001662
подтвердил 1,397940 0,001108
миролюбивый 1,698970 0,001346
характер 1,301030 0,001031
белорусского 1,698970 0,001346
народа 1,221849 0,000968
миронов 1,397940 0,001108
предложил 1,045757 0,001243
отменить 1,154902 0,000915
егэ 1,154902 0,000915
нехватки 1,522879 0,001207
бумаги 1,096910 0,000869
мировые 1,154902 0,001830
цены 0,744727 0,001475
продовольствие 1,154902 0,001830
подскочили 1,698970 0,002019
максимума 1,698970 0,002019
нанесли 1,096910 0,000869
точкой 0,920819 0,000730
украинские 0,823909 0,000653
шахматистки 1,154902 0,000915
музычук 1,221849 0,000968
отказались 1,221849 0,000968
подписывать 1,301030 0,001031
требование 1,698970 0,002019
исключить 1,397940 0,001108
россию 0,568636 0,001126
fide 1,221849 0,000968
джабаров 1,698970 0,002019
резолюция 1,698970 0,002019
членству 1,698970 0,002019
спч 0,920819 0,001094
оон 0,823909 0,001306
выстрел 1,698970 0,002019
запада 1,000000 0,001189
себе 0,619789 0,000737
ногу 1,397940 0,001662
беларусь 1,154902 0,000915
будет 0,387216 0,000614
россией 0,795880 0,000946
при 0,387216 0,000614
любых 1,096910 0,000869
сложностях 1,397940 0,001108
трудностях 1,301030 0,001031
власть 1,045757 0,001657
экономика 0,568636 0,001126
регионах 1,154902 0,001373
мире 0,468521 0,000557
происшествия 0,823909 0,000979
общество 0,494850 0,001568
спорт 0,468521 0,000557
культура 0,619789 0,001228
русское 1,221849 0,002905
оружие 1,096910 0,002608
автопарк 1,698970 0,002693
диджитал 1,698970 0,001346
кинократия 1,698970 0,002693
живущие 1,698970 0,001346
сити 1,221849 0,000968
стиль 0,886057 0,001053
жизни 0,431798 0,000855
все 0,124939 0,000198
рубрики 1,045757 0,001243
документы 0,920819 0,001824
спецпроекты 0,657577 0,000782
наши 0,744727 0,000885
издания 0,795880 0,000946
рг 1,698970 0,002019
неделя 1,154902 0,000915
родина 1,301030 0,001546
тематические 1,522879 0,001810
приложения 0,853872 0,001015
союз 0,958607 0,000760
энергетический 1,698970 0,001346
кризис 1,045757 0,000829
европе 0,886057 0,000702
не 0,136677 0,000542
закончится 0,920819 0,000730
этом 0,585027 0,001622
году 0,602060 0,000477
стало 0,886057 0,000702
известно 1,000000 0,000792
новых 0,494850 0,000588
уловках 1,698970 0,001346
телефонных 1,522879 0,001207
мошенников 1,301030 0,001031
связи 0,455932 0,000361
санкциями 1,096910 0,000869
эльмар 1,698970 0,002693
мусаев 1,698970 0,002693
достижения 1,397940 0,001662
современной 0,958607 0,001139
онкологии 1,522879 0,001810
позволяют 1,698970 0,002019
избавлять 1,698970 0,002019
людей 0,698970 0,000831
тяжелейшего 1,698970 0,002019
рака 1,397940 0,001662
свежий 1,154902 0,000915
номер 0,886057 0,001053
заявил 0,744727 0,001770
агрессивности 1,698970 0,001346
нато 0,769551 0,002134
кремле 1,045757 0,000829
убеждены 1,698970 0,001346
агрессивном 1,301030 0,001031
характере 1,301030 0,001031
это 0,251812 0,000200
оборонительный 1,522879 0,001207
альянс 1,397940 0,001108
любое 0,886057 0,001053
расширение 1,698970 0,001346
его 0,346787 0,000550
деятельности 1,000000 0,001585
влияния 1,698970 0,001346
несут 1,397940 0,001108
дополнительной 1,522879 0,001207
безопасности 0,920819 0,000730
стабильности 1,522879 0,001207
пресс 0,638272 0,001012
секретарь 1,154902 0,000915
дмитрий 0,602060 0,000477
нам 0,619789 0,000737
казалось 1,154902 0,001373
что 0,161151 0,000575
жириновский 0,677781 0,000806
вечен 1,698970 0,002019
прощаются 1,301030 0,001031
лидером 1,154902 0,000915
лдпр 0,744727 0,000885
проходит 0,886057 0,000702
прощание 0,886057 0,000702
мы 0,327902 0,000260
провожаем 1,698970 0,001346
последний 0,744727 0,000590
путь 0,886057 0,000702
великого 1,096910 0,000869
человека 0,537602 0,000426
нашего 0,958607 0,000760
учителя 1,154902 0,000915
невозможно 1,154902 0,000915
поверить 1,301030 0,001031
то 0,522879 0,000414
произошло 1,045757 0,000829
всем 0,853872 0,000677
признался 1,397940 0,001108
руководителя 1,698970 0,002019
фракции 1,698970 0,002019
леонид 0,958607 0,001139
слуцкий 1,698970 0,001346
мо 1,522879 0,001207
заявления 1,000000 0,001189
якобы 1,301030 0,001546
российском 1,000000 0,000792
ударе 0,853872 0,000677
являются 1,045757 0,000829
нанесении 1,301030 0,001031
ракетного 1,397940 0,001108
железнодорожному 1,397940 0,001108
краматорска 1,045757 0,000829
донецкой 1,221849 0,000968
области 0,721246 0,000572
соответствуют 1,522879 0,001207
действительности 1,397940 0,001108
сообщили 0,958607 0,001899
минобороны 0,698970 0,001385
там 0,769551 0,000610
подчеркнули 1,522879 0,001207
ракеты 1,154902 0,000915
точка 0,795880 0,000631
применяются 1,397940 0,001108
только 0,283997 0,000225
украинскими 1,096910 0,000869
военными 1,301030 0,001031
банк 0,920819 0,001094
снизил 0,698970 0,000554
ключевую 0,677781 0,000806
ставку 0,657577 0,000782
годовых 0,886057 0,001053
принял 1,000000 0,000792
снизить 1,301030 0,001031
службе 0,920819 0,000730
регулятора 1,698970 0,001346
цб 0,795880 0,000631
допускают 1,698970 0,001346
возможность 0,721246 0,000572
продолжения 1,221849 0,000968
снижения 1,397940 0,001108
ключевой 1,397940 0,001108
ставки 1,154902 0,000915
ближайших 1,698970 0,001346
заседаниях 1,698970 0,001346
академик 1,301030 0,001546
румянцев 1,698970 0,002019
осудил 1,698970 0,001346
отказ 1,096910 0,000869
немецкой 1,522879 0,001207
работать 1,000000 0,000792
больными 1,698970 0,001346
детьми 1,096910 0,000869
осознанное 1,698970 0,001346
отключение 1,522879 0,001207
пациентов 1,522879 0,001207
медицинской 1,522879 0,001207
руками 1,397940 0,001108
медиков 1,522879 0,001207
медицинского 1,522879 0,001207
сообщества 1,522879 0,001207
является 0,853872 0,000677
геноцидом 1,698970 0,001346
александр 0,468521 0,000557
комментируя 1,698970 0,001346
miltenyi 1,698970 0,001346
biotec 1,698970 0,001346
приостановить 1,698970 0,001346
поставку 1,301030 0,001031
оборудования 1,397940 0,001108
материалов 0,585027 0,000695
для 0,107905 0,000342
лечения 1,522879 0,001207
детей 0,420216 0,000333
онкологическими 1,698970 0,001346
заболеваниями 1,698970 0,001346
власти 0,769551 0,000610
сербии 1,221849 0,000968
обратятся 1,698970 0,001346
появления 1,522879 0,001207
истребителя 1,301030 0,001031
рядом 1,000000 0,001189
гражданским 1,522879 0,001207
самолетом 1,301030 0,001546
сербия 1,397940 0,001108
намерена 1,096910 0,000869
запросить 1,698970 0,001346
официальную 1,522879 0,001207
информацию 0,698970 0,000554
истребителе 1,522879 0,001207
появившемся 1,698970 0,001346
пассажирским 1,522879 0,001207
air 1,397940 0,001108
serbia 1,522879 0,001207
который 0,508638 0,000605
направлялся 1,698970 0,001346
белграда 1,522879 0,001207
москву 0,886057 0,000702
самолет 1,096910 0,000869
предположительно 1,698970 0,001346
летел 1,698970 0,001346
всего 0,721246 0,000857
километр 1,698970 0,001346
пассажирского 1,698970 0,001346
борта 1,698970 0,001346
рассказал 0,602060 0,000954
вучич 1,301030 0,001031
марте 1,045757 0,000829
базовое 1,522879 0,001207
выросли 1,301030 0,001031
сразу 0,795880 0,000631
достигли 1,154902 0,000915
самого 1,045757 0,001243
высокого 1,698970 0,001346
уровня 1,221849 0,000968
как 0,187087 0,000445
минимум 1,221849 0,000968
продовольственной 1,698970 0,001346
сельскохозяйственной 1,698970 0,001346
организации 1,045757 0,001243
товары 1,522879 0,001207
малый 1,397940 0,001662
средний 1,522879 0,001207
бизнес 0,552842 0,001314
сможет 1,000000 0,000792
приобрести 1,397940 0,001108
отечественный 1,301030 0,001031
софт 1,522879 0,001207
скидкой 1,301030 0,001031
началась 1,154902 0,000915
программа 0,744727 0,000590
компенсации 1,522879 0,001207
половины 1,397940 0,001108
стоимости 1,301030 0,001031
покупки 1,301030 0,001546
отечественного 1,397940 0,001108
малого 1,522879 0,001207
среднего 1,698970 0,001346
бизнеса 1,000000 0,000792
компаниям 1,522879 0,001207
требуется 1,397940 0,001108
предоставления 1,698970 0,001346
дополнительных 1,522879 0,001207
документов 1,154902 0,001373
отчетности 1,698970 0,001346
единственное 1,522879 0,001207
нахождение 1,698970 0,001346
реестре 1,698970 0,001346
мсп 1,522879 0,001207
роспотребнадзоре 1,698970 0,001346
объяснили 1,397940 0,001108
сколько 0,769551 0,000610
сахара 1,698970 0,002019
можно 0,420216 0,000499
съедать 1,698970 0,001346
ежедневно 1,301030 0,001031
среднем 1,522879 0,001207
один 0,602060 0,000716
россиянин 1,522879 0,001207
съедает 1,522879 0,001207
г 0,552842 0,001095
сутки 0,795880 0,000631
или 0,292430 0,000232
кг 1,522879 0,001207
год 0,508638 0,000605
намного 1,522879 0,001207
больше 0,552842 0,000657
нормального 1,698970 0,001346
потребления 1,522879 0,001207
эксперты 0,853872 0,000677
роспотребнадзора 1,522879 0,001207
воз 1,522879 0,001810
рекомендует 1,301030 0,001031
сократить 1,522879 0,001207
ежедневное 1,698970 0,001346
потребление 1,522879 0,001207
свободных 1,698970 0,001346
сахаров 1,698970 0,001346
менее 1,154902 0,000915
суммарного 1,698970 0,001346
энергопотребления 1,698970 0,001346
здоровье 0,744727 0,000885
лет 0,366532 0,000436
назад 0,638272 0,000759
екатерина 0,920819 0,001094
ii 1,221849 0,001452
издала 1,698970 0,002019
указ 1,522879 0,001810
создании 1,522879 0,001810
народных 1,397940 0,001662
школ 1,397940 0,002215
апреля 0,283997 0,000675
всех 0,552842 0,000438
городах 1,221849 0,000968
первых 0,853872 0,000677
публичных 1,397940 0,001108
бесплатных 1,397940 0,001108
после 0,356547 0,000424
основанных 1,698970 0,001346
годом 1,397940 0,001108
ранее 0,958607 0,000760
петербурге 1,045757 0,000829
минцифры 1,301030 0,002577
составило 1,698970 0,002019
список 0,769551 0,001524
российских 0,468521 0,001299
аналогов 1,522879 0,003017
зарубежных 1,000000 0,001189
сервисов 1,045757 0,001243
разработало 1,698970 0,002019
перечень 1,221849 0,001452
иностранных 0,886057 0,001404
интернет 0,522879 0,001036
ресурсов 1,301030 0,002062
попали 1,397940 0,001662
соцсети 1,096910 0,002173
мессенджеры 1,698970 0,002019
образовательные 1,397940 0,001662
ресурсы 1,154902 0,001373
сервисы 1,045757 0,002900
бронирования 1,698970 0,002019
другие 0,568636 0,000901
сми 0,468521 0,000557
рассекретило 1,522879 0,001207
зверствах 1,221849 0,000968
бандеровцев 1,698970 0,001346
время 0,356547 0,000283
вов 1,301030 0,001031
послевоенные 1,698970 0,001346
годы 0,823909 0,000653
опубликовало 1,397940 0,001108
еще 0,327902 0,000390
одну 1,096910 0,000869
часть 0,744727 0,000590
рассекреченных 1,698970 0,001346
они 0,585027 0,000464
описывают 1,698970 0,001346
ход 1,045757 0,000829
операций 1,301030 0,001031
которые 0,431798 0,000513
проводили 1,522879 0,001207
части 0,920819 0,000730
красной 1,397940 0,001108
армии 0,920819 0,001094
органы 1,397940 0,001108
внутренних 1,698970 0,001346
дел 1,301030 0,001546
выявлению 1,698970 0,001346
ликвидации 1,698970 0,001346
националистических 1,698970 0,001346
банд 1,698970 0,001346
история 0,443697 0,000352
украине 0,537602 0,001065
спецоперации 0,744727 0,001180
отличились 1,522879 0,001207
четверо 1,397940 0,001108
военнослужащих 1,522879 0,001810
рассказали 0,744727 0,000885
героях 1,698970 0,001346
военной 1,221849 0,001452
четыре 0,795880 0,000631
совершили 1,698970 0,001346
подвиги 1,154902 0,000915
будут 0,638272 0,000506
отмечены 1,698970 0,001346
госнаградами 1,698970 0,001346
безопасность 1,096910 0,000869
армия 0,823909 0,000653
релизы 1,154902 0,000915
компаний 1,045757 0,000829
псб 1,397940 0,002215
обсудил 1,096910 0,000869
профессиональным 1,301030 0,001031
сообществом 1,522879 0,001207
инициативы 1,522879 0,001207
развития 0,698970 0,000554
импортозамещения 1,154902 0,000915
диверсификации 1,522879 0,001207
меры 1,000000 0,000792
поддержки 0,823909 0,000653
участников 1,000000 0,000792
госзакупок 1,397940 0,001108
подписал 1,522879 0,001207
ряд 1,397940 0,001108
соглашений 1,522879 0,001207
малым 1,698970 0,001346
средним 1,698970 0,001346
бизнесом 1,698970 0,001346
форуме 1,221849 0,000968
госзаказ 1,522879 0,001207
юридическая 1,221849 0,001452
консультация 1,397940 0,001662
аркадий 1,522879 0,001207
краснодар 1,000000 0,000792
правильное 1,397940 0,001108
оформление 1,397940 0,001108
трейдинга 1,698970 0,001346
хочу 0,886057 0,000702
открыть 1,221849 0,000968
оказанию 1,698970 0,001346
трейдерских 1,698970 0,001346
услуг 1,397940 0,001108
физическое 1,698970 0,001346
лицо 1,221849 0,000968
меня 0,657577 0,000521
может 0,387216 0,000614
приобретать 1,698970 0,001346
валюту 1,301030 0,001031
бирже 1,301030 0,001031
сниженной 1,698970 0,001346
ставке 1,698970 0,001346
мне 0,744727 0,000590
необходимо 0,920819 0,000730
оформления 1,522879 0,001207
отвечает 1,397940 0,001108
лидия 1,301030 0,001031
шевцова 1,698970 0,001346
банки 1,301030 0,001031
порядок 1,045757 0,001657
повышения 1,301030 0,001031
процентных 1,698970 0,001346
ставок 1,522879 0,001207
кредитам 1,698970 0,001346
налоги 1,301030 0,001031
налогообложение 1,698970 0,001346
вступлении 1,698970 0,001346
наследство 1,522879 0,001207
продажей 1,698970 0,001346
авто 0,769551 0,001220
несовершеннолетнего 1,698970 0,001346
точное 1,698970 0,001346
указание 1,698970 0,001346
состава 1,397940 0,001108
косметике 1,522879 0,001207
тонкости 1,397940 0,001108
digital 1,221849 0,001452
роскомнадзор 0,795880 0,000946
объяснил 0,769551 0,000610
какие 0,494850 0,000392
google 0,744727 0,000885
подлежат 1,397940 0,001108
маркировке 1,698970 0,001346
spotify 1,301030 0,001031
полностью 0,795880 0,000631
закроется 1,698970 0,001346
запретил 1,154902 0,000915
рекламу 1,096910 0,000869
ежемесячная 1,698970 0,001346
аудитория 1,301030 0,001031
рунета 1,698970 0,001346
превысила 1,698970 0,001346
миллионов 1,045757 0,000829
уазе 1,522879 0,001207
могут 0,508638 0,000605
начать 0,920819 0,000730
собирать 1,397940 0,001108
кроссоверы 1,301030 0,001031
chery 1,221849 0,001936
уаз 1,522879 0,001207
помочь 1,000000 0,000792
друг 0,769551 0,000610
другу 1,045757 0,000829
китайцам 1,698970 0,001346
нужны 0,886057 0,000702
мощности 1,522879 0,001207
локализации 1,698970 0,001346
выпуска 1,397940 0,001108
своих 0,657577 0,000521
кроссоверов 1,522879 0,001207
а 0,221849 0,000352
уазу 1,698970 0,001346
нужно 0,698970 0,000554
найти 0,508638 0,000403
партнера 1,522879 0,001207
инвестора 1,522879 0,001207
одном 0,958607 0,000760
лице 1,522879 0,001207
чтобы 0,408935 0,000324
выжить 1,397940 0,001108
сети 0,744727 0,000590
появились 1,221849 0,001452
фото 0,568636 0,000901
которых 0,677781 0,000537
кузов 1,522879 0,001207
модели 1,221849 0,000968
прогоняют 1,698970 0,001346
конвейеру 1,698970 0,001346
ульяновского 1,698970 0,001346
автозавода 1,698970 0,001346
российский 0,619789 0,000982
автопром 1,397940 0,001108
госавтоинспекция 1,522879 0,001207
москвы 0,744727 0,000590
разъяснила 1,522879 0,001207
регистрации 0,638272 0,000506
автомобилей 1,000000 0,001189
иностранцами 1,522879 0,001207
минпромторг 1,397940 0,001108
ждет 0,853872 0,000677
улучшения 1,698970 0,001346
ситуации 1,000000 0,000792
продажами 1,522879 0,001207
сообщил 0,823909 0,000653
рекорде 1,698970 0,001346
ремонте 1,698970 0,001346
дорог 1,154902 0,000915
всю 0,795880 0,000631
историю 0,795880 0,000631
lada 1,221849 0,000968
granta 1,698970 0,001346
vesta 1,522879 0,001207
вновь 0,795880 0,000631
самыми 1,301030 0,001031
продаваемыми 1,698970 0,001346
автомобилями 1,698970 0,001346
украина 0,698970 0,000554
получить 0,769551 0,000610
словацкие 1,698970 0,001346
колесные 1,698970 0,002019
сау 1,698970 0,001346
zuzana 1,698970 0,002019
словакия 1,522879 0,001207
поставить 1,397940 0,001108
вооруженным 1,698970 0,001346
формированиям 1,698970 0,001346
украины 0,721246 0,000857
самоходные 1,698970 0,001346
установки 1,397940 0,001108
м 0,698970 0,000554
вооружении 1,522879 0,001207
словацкой 1,698970 0,001346
имеется 1,698970 0,001346
шестнадцать 1,522879 0,001207
таких 1,096910 0,000869
машин 1,096910 0,000869
принятых 1,698970 0,001346
вооружение 1,522879 0,001810
почти 0,823909 0,000653
четверть 1,698970 0,001346
века 0,721246 0,000572
мировой 0,920819 0,000730
арсенал 1,397940 0,001108
опубликованы 1,221849 0,000968
трофейных 1,698970 0,001346
nlaw 1,698970 0,001346
инструкцией 1,698970 0,001346
эксплуатации 1,301030 0,001031
офицер 1,397940 0,001108
основных 1,397940 0,001108
повреждениях 1,698970 0,001346
техники 1,221849 0,000968
ходе 1,000000 0,000792
да 0,698970 0,000554
красавец 1,397940 0,001108
кадры 0,958607 0,000760
передового 1,698970 0,001346
наводчика 1,698970 0,001346
вс 1,000000 0,000792
военнослужащий 1,698970 0,001346
показал 1,045757 0,000829
захваченные 1,698970 0,001346
изюме 1,522879 0,001207
образцы 1,522879 0,001207
иностранного 1,522879 0,001207
оружия 1,397940 0,001108
наука 0,585027 0,000464
когда 0,397940 0,000315
речь 1,221849 0,000968
идет 0,886057 0,000702
онкологических 1,698970 0,001346
заболеваниях 1,698970 0,001346
говорят 0,886057 0,000702
раке 1,698970 0,002019
желудка 1,698970 0,001346
печени 1,698970 0,001346
груди 1,397940 0,001108
поджелудочной 1,698970 0,001346
железы 1,698970 0,001346
почек 1,698970 0,001346
куда 0,795880 0,000631
реже 1,522879 0,001207
костей 1,698970 0,001346
ситуация 1,000000 0,000792
несколько 0,795880 0,000631
иная 1,522879 0,001207
ведущих 1,301030 0,001031
онкологов 1,698970 0,001346
самарские 1,698970 0,001346
ученые 0,958607 0,000760
создали 1,397940 0,001108
наноспутник 1,698970 0,001346
поможет 0,886057 0,000702
освоении 1,522879 0,001207
арктики 1,522879 0,001207
преодолеть 1,397940 0,001108
зависимость 1,522879 0,001207
импорта 1,522879 0,001207
критических 1,698970 0,001346
областях 1,698970 0,001346
экономики 1,045757 0,000829
российские 0,744727 0,000590
космонавты 1,698970 0,001346
приземлении 1,698970 0,001346
запахах 1,698970 0,001346
космоса 1,154902 0,000915
ученый 1,522879 0,001207
признаки 1,397940 0,001108
критического 1,698970 0,001346
изменения 1,221849 0,000968
климата 1,522879 0,001207
гид 1,154902 0,000915
парк 1,096910 0,000869
посмотреть 0,920819 0,000730
тв 0,657577 0,000521
летию 1,221849 0,000968
дня 0,443697 0,000527
рождения 0,677781 0,000806
беллы 1,397940 0,001662
ахмадулиной 1,522879 0,001810
исполнится 1,698970 0,001346
телеканал 0,677781 0,000537
россия 0,455932 0,000542
покажет 1,221849 0,000968
памятной 1,698970 0,001346
дате 1,522879 0,001207
программы 0,721246 0,000572
любовь 0,585027 0,000464
игра 0,958607 0,000760
бисер 1,698970 0,001346
первый 0,585027 0,000695
канал 0,769551 0,000610
повторит 1,698970 0,001346
показ 1,301030 0,001031
документального 1,397940 0,001108
фильма 0,795880 0,000946
напоследок 1,522879 0,001207
я 0,356547 0,000283
скажу 1,698970 0,001346
литература 0,958607 0,000760
завершились 1,522879 0,001207
съемки 1,221849 0,000968
сестры 1,045757 0,000829
жанре 1,522879 0,001207
пост 1,000000 0,000792
хоррор 1,221849 0,000968
литературный 1,154902 0,000915
музей 0,958607 0,001139
открыл 1,301030 0,001031
выставку 1,397940 0,001108
отце 1,698970 0,001346
сыне 1,397940 0,001108
тарковских 1,698970 0,001346
подмосковье 1,221849 0,000968
открыли 1,397940 0,001108
школы 0,853872 0,000677
детства 1,154902 0,000915
экраны 1,397940 0,001108
выйдет 1,522879 0,001207
фильм 0,795880 0,000631
нашем 1,000000 0,000792
первом 1,045757 0,000829
оскаре 1,221849 0,000968
работу 0,823909 0,000653
фронтовых 1,522879 0,001207
кинооператоров 1,698970 0,001346
главное 0,585027 0,000464
сегодня 0,443697 0,000352
сша 0,508638 0,000403
под 0,376751 0,000448
санкций 0,677781 0,000537
против 0,387216 0,000614
операции 0,920819 0,000730
оборудованием 1,397940 0,001108
фас 1,045757 0,000829
начала 0,769551 0,000610
предупредила 1,698970 0,001346
распространении 1,698970 0,001346
заразного 1,698970 0,001346
штамма 1,397940 0,001108
коронавируса 0,886057 0,000702
хе 1,397940 0,001108
оак 1,221849 0,000968
построит 1,698970 0,001346
самолетов 1,045757 0,000829
ту 1,000000 0,000792
рябков 1,698970 0,001346
связанными 1,698970 0,001346
собой 0,823909 0,000653
темы 0,886057 0,000702
дснв 1,698970 0,001346
харьковом 1,397940 0,001108
росгвардейцы 1,698970 0,001346
уничтожили 1,301030 0,001031
артиллерийское 1,698970 0,001346
противника 1,221849 0,000968
видео 0,327902 0,000779
невозможности 1,522879 0,001810
закрыть 0,823909 0,000979
феномен 1,698970 0,002019
ушел 1,154902 0,001373
выдающийся 1,522879 0,001810
политик 1,301030 0,001546
столице 1,522879 0,001810
болгарии 1,301030 0,001546
прошел 1,301030 0,001546
массовый 1,522879 0,001810
антиамериканский 1,698970 0,002019
митинг 1,397940 0,001662
афинах 1,698970 0,002019
прошли 1,698970 0,002019
митинги 1,522879 0,001810
дороговизны 1,698970 0,002019
вовлечения 1,698970 0,002019
страны 0,638272 0,000759
события 0,638272 0,001012
открылась 1,522879 0,001810
выставка 1,045757 0,001243
посвященная 1,522879 0,001810
преступлениям 1,698970 0,002019
каким 1,000000 0,001189
обновленный 1,522879 0,001810
театр 0,795880 0,000946
малой 1,301030 0,001546
бронной 1,698970 0,002019
украинский 1,096910 0,001304
национализм 1,522879 0,001810
стал 0,585027 0,000695
квазирелигией 1,698970 0,002019
ветеран 1,522879 0,001810
великой 0,958607 0,001139
отечественной 1,154902 0,001373
попросила 1,698970 0,002019
внуков 1,698970 0,002019
добить 1,698970 0,002019
нацистов 1,301030 0,001546
проекты 0,657577 0,001042
уничтожение 1,698970 0,001346
штаба 1,522879 0,001207
ониксами 1,522879 0,001207
считать 1,397940 0,001108
сенсацией 1,698970 0,001346
смотреть 0,552842 0,000438
кино 0,455932 0,000361
ампира 1,698970 0,001346
v 0,920819 0,000730
лауреат 1,397940 0,001108
оскара 1,522879 0,001207
мегрэ 1,397940 0,001108
мнения 0,886057 0,001053
пока 0,920819 0,000730
ленин 1,301030 0,001031
работоспособен 1,698970 0,001346
никто 1,000000 0,000792
другой 0,920819 0,000730
мог 1,301030 0,001031
претендовать 1,698970 0,001346
политическое 1,397940 0,001108
лидерство 1,397940 0,001108
радзиховский 1,698970 0,001346
политолог 1,096910 0,000869
допустить 1,698970 0,001346
дефицита 1,397940 0,001108
лекарств 1,154902 0,000915
андрей 0,552842 0,000438
исаев 1,698970 0,001346
зампред 1,698970 0,001346
ер 1,522879 0,001207
новые 0,337242 0,000267
федеральный 1,397940 0,002215
закон 1,154902 0,001830
n 1,397940 0,001662
фз 1,522879 0,001810
внесении 1,522879 0,001810
изменений 1,397940 0,001662
статью 1,301030 0,002062
федерального 1,522879 0,002413
закона 1,045757 0,001657
банках 1,397940 0,001108
банковской 1,698970 0,001346
оперативно 1,522879 0,001207
розыскной 1,698970 0,001346
особенностях 1,698970 0,001346
прохождения 1,698970 0,001346
федеральной 0,602060 0,000477
государственной 1,397940 0,001108
гражданской 1,397940 0,001108
службы 1,154902 0,000915
системе 1,522879 0,001207
министерства 1,096910 0,000869
российской 0,585027 0,002086
федерации 0,744727 0,001180
чрезвычайном 1,698970 0,001346
полномочном 1,698970 0,001346
иностранном 1,698970 0,002019
государстве 1,522879 0,001810
постоянном 1,698970 0,002019
представителе 1,698970 0,002019
наблюдателе 1,698970 0,001346
международной 1,096910 0,000869
фгбу 1,698970 0,002693
редакция 0,744727 0,001475
газеты 0,958607 0,001899
рубрикатор 1,698970 0,001346
квадратный 1,698970 0,001346
метр 1,698970 0,001346
дубль 1,698970 0,001346
дв 1,397940 0,001108
ушли 1,522879 0,001207
рассвете 1,698970 0,001346
совместные 1,698970 0,001346
пушкинский 1,301030 0,001031
конкурс 0,823909 0,000653
стань 1,698970 0,001346
журналистом 1,698970 0,001346
миссия 1,522879 0,001207
выполнима 1,698970 0,001346
мгимо 1,397940 0,001108
газетой 1,698970 0,001346
звезды 0,769551 0,000610
победы 0,920819 0,000730
литературы 0,920819 0,000730
китай 1,096910 0,000869
газете 1,397940 0,001108
реклама 0,346787 0,000275
подписка 0,823909 0,000979
медиацентр 1,698970 0,001346
rss 0,823909 0,000653
контакты 0,431798 0,000342
вакансии 0,657577 0,000521
обратная 0,585027 0,000464
связь 0,552842 0,000438
использование 0,619789 0,000491
сведения 1,154902 0,000915
доходах 1,698970 0,001346
обязательная 1,698970 0,001346
публикации 0,823909 0,000653
информация 0,552842 0,000438
портал 0,769551 0,000610
зарегистрирован 1,522879 0,001207
роскомнадзоре 1,698970 0,001346
свидетельства 1,397940 0,001108
эл 0,494850 0,000392
фс 0,522879 0,000414
учредитель 0,657577 0,000521
главный 0,522879 0,000414
редактор 0,585027 0,000464
фронин 1,698970 0,001346
web 1,096910 0,001304
rg 1,698970 0,001346
ru 0,180456 0,000143
несет 1,301030 0,001031
ответственности 1,154902 0,000915
высказанные 1,522879 0,001207
комментариях 1,522879 0,001207
читателей 0,958607 0,000760
создание 0,853872 0,000677
поддержка 0,920819 0,000730
сайта 0,508638 0,000605
мастерская 1,397940 0,001108
дизайн 0,958607 0,000760
agima 1,698970 0,001346
