кинопортал 1,698970 0,000204
фильм 0,431798 0,001711
ра 0,744727 0,000179
весь 0,107905 0,000505
кино 0,455932 0,004654
рецензия 0,920819 0,001990
обзор 0,795880 0,000382
новость 0,161151 0,000271
премьера 1,000000 0,000600
конкурс 0,568636 0,000137
трейлер 1,096910 0,012251
постер 1,397940 0,000336
кадр 0,823909 0,000297
фоторепортаж 1,301030 0,000312
бокс 1,096910 0,000263
офис 1,154902 0,000416
содержанка 1,522879 0,000549
контейнер 1,698970 0,000612
возглавить 1,221849 0,000587
список 0,619789 0,000372
популярный 0,455932 0,000438
сериал 0,494850 0,002080
российский 0,229148 0,000138
стриминг 1,397940 0,000504
netflix 1,221849 0,000587
готовить 0,853872 0,000513
приквел 1,522879 0,000549
корона 1,522879 0,000549
слабо 1,397940 0,000504
пошутить 1,397940 0,000504
рика 1,301030 0,000469
джервэйс 1,698970 0,000612
своеобразный 1,522879 0,000549
вступиться 1,698970 0,000612
крис 1,301030 0,000625
рок 1,000000 0,000360
смотреть 0,443697 0,000213
онлайн 0,387216 0,000233
афиша 0,795880 0,000191
график 1,000000 0,000721
премьер 0,638272 0,000230
выход 0,744727 0,000537
найти 0,356547 0,002997
кто 0,346787 0,003040
пойти 1,000000 0,008286
главное 0,327902 0,000315
новинка 0,677781 0,000163
неделя 0,522879 0,000251
салют 1,154902 0,000693
везде 1,221849 0,000587
сразу 0,795880 0,000478
вне 1,096910 0,000659
закон 0,657577 0,000395
чудо 0,823909 0,000495
красавица 0,958607 0,000460
дракон 0,920819 0,000774
подельник 1,301030 0,000625
что 0,161151 0,000464
посмотреть 0,853872 0,000205
хороший 0,408935 0,000688
наш 0,309804 0,000223
надежда 0,769551 0,000277
невыносимый 1,522879 0,000732
тяжесть 1,522879 0,000732
огромный 0,721246 0,000433
талант 0,920819 0,000442
аббатство 1,522879 0,000366
даунтон 1,522879 0,000366
топ 0,677781 0,000244
ган 1,397940 0,000504
мэверик 1,397940 0,000504
человек 0,259637 0,000343
паук 1,096910 0,000263
вселить 0,886057 0,000532
бордерлендс 1,522879 0,000366
черный 0,853872 0,000820
телефон 0,568636 0,000205
коллекция 0,769551 0,000185
любимка 1,698970 0,000408
актер 0,744727 0,000358
который 0,236572 0,001676
помочь 0,537602 0,000194
снова 0,744727 0,000537
высоко 1,522879 0,000366
отметить 0,958607 0,000230
критик 0,920819 0,000221
ужастик 1,698970 0,000408
страшно 1,522879 0,000366
анимационный 1,522879 0,000366
комедия 0,886057 0,002660
для 0,107905 0,000181
просмотр 0,920819 0,000221
круг 1,154902 0,000277
друг 0,494850 0,000773
новое 0,214670 0,000361
русский 0,318759 0,000115
звездный 1,154902 0,001387
война 0,522879 0,000879
какой 0,337242 0,000202
порядок 0,795880 0,000191
американский 0,585027 0,000632
комедийный 1,301030 0,000469
британский 1,000000 0,000360
подборка 0,721246 0,000173
лет 0,337242 0,000810
интервью 0,522879 0,000188
статья 0,619789 0,000149
материал 0,292430 0,000176
причина 0,853872 0,000718
почему 0,366532 0,000352
острый 1,045757 0,000377
козырек 1,397940 0,000504
один 0,356547 0,000642
иза 0,167491 0,000724
временить 0,698970 0,000504
победитель 0,853872 0,000308
премия 0,677781 0,000326
оскар 0,886057 0,000745
пощечина 1,522879 0,000549
общественный 0,744727 0,000268
вкус 1,096910 0,000395
продолжать 0,795880 0,000287
падение 1,096910 0,000659
дно 1,397940 0,000504
знакомство 0,958607 0,000230
установить 0,958607 0,000460
приложение 0,657577 0,000237
мария 0,657577 0,000237
п 1,096910 0,000263
хотеть 0,387216 0,000512
ника 1,154902 0,000277
себя 0,397940 0,000526
сантиметр 1,397940 0,000336
анастасий 1,096910 0,000263
ю 1,221849 0,000293
юлий 0,823909 0,000297
дита 1,698970 0,000408
раис 1,522879 0,000366
снять 0,769551 0,000185
этот 0,173925 0,000585
немедленно 1,522879 0,000366
романов 1,045757 0,000251
нужно 0,698970 0,000336
срочно 1,397940 0,000336
экранизировать 1,522879 0,000366
иван 0,619789 0,000223
шульц 1,698970 0,000408
самый 0,251812 0,000242
влюбить 1,154902 0,000277
жанр 0,853872 0,000308
света 0,886057 0,000638
как 0,187087 0,000584
измениться 0,920819 0,000221
романтический 1,154902 0,000277
гульназа 1,698970 0,000816
давлетшин 1,698970 0,000816
амнезия 1,522879 0,000549
мать 0,721246 0,000780
австралийский 1,698970 0,000612
турист 1,045757 0,000377
егор 1,221849 0,000440
козкин 1,698970 0,000612
чуть 1,000000 0,000240
не 0,136677 0,000591
убить 1,096910 0,000263
джек 1,154902 0,000416
чан 1,397940 0,000336
ефим 1,698970 0,001020
гугнин 1,698970 0,001020
гарри 1,045757 0,000879
хафт 1,221849 0,000734
последний 0,318759 0,000498
бой 0,853872 0,000615
реальный 0,853872 0,000513
история 0,283997 0,000375
боксер 1,301030 0,000469
выжить 1,096910 0,001054
освенцим 1,301030 0,000625
супруга 1,698970 0,000612
заунывный 1,698970 0,000612
драма 0,823909 0,007223
биполярный 1,698970 0,000612
расстройство 1,522879 0,000549
каннский 1,698970 0,000612
фестиваль 0,721246 0,000346
максим 0,958607 0,000460
ершов 1,397940 0,000672
дуэль 1,301030 0,000312
сша 0,508638 0,005192
прошлый 0,744727 0,000447
ночь 0,721246 0,000346
сохо 1,698970 0,000408
детектив 0,886057 0,002341
великобритания 1,096910 0,002108
отряд 1,154902 0,000416
самоубийца 1,698970 0,000408
миссия 1,221849 0,000293
навылет 1,698970 0,000408
боевик 0,886057 0,004363
легенда 0,795880 0,000382
зеленый 1,154902 0,000277
рыцарь 1,221849 0,000293
время 0,327902 0,000591
умирать 1,397940 0,000672
красотка 1,698970 0,000408
взвод 1,522879 0,000732
главный 0,346787 0,000292
герой 0,552842 0,000996
титан 1,221849 0,000293
франция 0,795880 0,001051
поттер 1,522879 0,000366
возвращение 0,853872 0,000615
хогвартс 1,522879 0,000366
документальный 1,000000 0,000480
герд 1,698970 0,000408
россия 0,214670 0,001469
выйти 0,568636 0,000341
продолжение 0,853872 0,000308
эротический 1,522879 0,000366
хит 1,045757 0,000377
день 0,236572 0,000199
алисий 1,522879 0,000366
викандер 1,522879 0,000366
рассказать 0,366532 0,000220
дискомфорт 1,698970 0,000408
съемка 0,920819 0,000332
постельный 1,698970 0,000408
сцена 0,958607 0,000230
сегодня 0,443697 0,000107
родиться 1,096910 0,000263
антон 0,823909 0,000198
васильев 0,920819 0,000221
anton 1,698970 0,000408
vasilev 1,698970 0,000408
алл 1,154902 0,000277
арджун 1,698970 0,000408
allu 1,698970 0,000408
arjun 1,698970 0,000408
робин 1,221849 0,000293
райт 1,301030 0,000312
robin 1,698970 0,000408
wright 1,698970 0,000408
тейлора 1,397940 0,000336
китч 1,698970 0,000408
год 0,236572 0,000653
taylor 1,698970 0,000408
kitsch 1,698970 0,000408
патриша 1,698970 0,000408
аркетта 1,522879 0,000366
patricia 1,698970 0,000408
arquette 1,698970 0,000408
апрель 0,275724 0,000132
элита 1,698970 0,000408
сезон 0,568636 0,002185
англый 1,522879 0,005121
суба 1,522879 0,000732
озарк 1,698970 0,000408
часть 0,638272 0,000307
финальный 1,397940 0,000504
базза 1,522879 0,000366
лайтер 1,522879 0,000366
тв 0,657577 0,000158
спот 1,698970 0,000408
мыть 0,698970 0,000168
откуда 1,000000 0,000240
властелина 1,522879 0,000732
кольцо 0,958607 0,000806
темнокожий 1,698970 0,000612
эльф 1,301030 0,000469
странно 1,522879 0,000732
возмущаться 1,698970 0,000408
локдаун 1,698970 0,000408
голливудский 1,221849 0,000293
новый 0,244125 0,000498
джадда 1,522879 0,000366
апатоу 1,522879 0,000366
пузырь 1,397940 0,000336
оля 1,221849 0,000293
смолин 1,522879 0,000366
бабушка 0,853872 0,000615
испанский 1,096910 0,000263
хоррор 1,096910 0,000395
неотвратимый 1,698970 0,000408
старость 1,154902 0,000277
ведьма 1,301030 0,000469
я 0,346787 0,000250
крыса 1,301030 0,000469
ты 0,602060 0,000145
морбиус 1,301030 0,000312
дмитрия 0,602060 0,000217
елагин 1,698970 0,000408
перо 1,698970 0,000612
ужас 0,920819 0,001327
скрежет 1,096910 0,000527
настасья 1,522879 0,000366
горбачевский 1,698970 0,000408
кинотеатр 0,920819 0,000221
чупакабра 1,698970 0,000816
сесть 1,301030 0,000781
руль 1,045757 0,000502
мой 0,619789 0,000447
машина 0,853872 0,000513
япония 0,698970 0,000588
прятки 1,522879 0,000549
романа 0,585027 0,000422
служанка 1,698970 0,000612
пришествие 1,698970 0,000612
дьявол 1,301030 0,000469
мексика 1,397940 0,001175
осада 1,698970 0,000612
канада 1,301030 0,001094
бабка 1,522879 0,000549
потеряшка 1,698970 0,000612
тайный 0,823909 0,000396
волшебный 1,045757 0,000754
пирамида 1,397940 0,000672
мультфильм 0,920819 0,001659
италия 1,045757 0,001256
мегрэ 1,397940 0,000672
таинственный 1,221849 0,000440
девушка 0,744727 0,000537
триллер 0,920819 0,001659
тарас 1,096910 0,000395
бульба 1,154902 0,000555
балканский 1,397940 0,000504
рубеж 0,958607 0,000345
испания 1,154902 0,000416
биографический 1,397940 0,002518
финляндия 1,045757 0,000628
мальчик 0,698970 0,000839
дельфина 1,154902 0,000416
призрак 1,096910 0,000790
монахиня 1,397940 0,000672
борли 1,522879 0,000732
бодибилдер 1,522879 0,000732
спорт 0,397940 0,000191
жена 0,677781 0,000733
художник 0,744727 0,000447
дьяволик 1,522879 0,000549
закат 1,221849 0,000440
стража 1,397940 0,000504
терракота 1,522879 0,000549
китай 0,721246 0,000260
близнец 1,397940 0,000672
жизнь 0,318759 0,000957
обратимый 1,522879 0,000549
реальность 0,823909 0,000297
альпийский 1,522879 0,000549
приключение 0,795880 0,000478
швейцария 1,221849 0,000587
добро 1,154902 0,000416
пожаловать 1,096910 0,000395
семью 1,154902 0,000693
беларусь 1,154902 0,000416
родитель 0,744727 0,000984
строгий 1,221849 0,000440
режим 0,958607 0,000460
пласт 1,522879 0,000732
ида 1,397940 0,000504
искать 0,698970 0,000420
королевский 1,096910 0,000527
битва 1,045757 0,000502
бумереть 1,522879 0,001097
второй 0,602060 0,000362
встреча 0,638272 0,000307
грейс 1,397940 0,000504
оторвать 1,397940 0,000672
выбросить 1,397940 0,000672
казнь 1,301030 0,000469
проклятие 1,301030 0,000625
плачущий 1,522879 0,000549
безвременье 1,522879 0,000732
варяг 1,301030 0,000469
мир 0,387216 0,000884
слэпфейс 1,522879 0,000549
первый 0,346787 0,000625
тед 1,522879 0,000732
унабомбер 1,522879 0,000732
братец 1,522879 0,000549
кролик 1,397940 0,000672
пасхальный 1,397940 0,000672
переполох 1,301030 0,000469
германия 0,958607 0,000576
стикер 1,154902 0,000416
волк 1,000000 0,000360
уолл 1,522879 0,000549
стрит 1,221849 0,000440
белль 1,698970 0,000816
себастьян 1,698970 0,000816
семь 0,886057 0,000426
пар 1,301030 0,000937
нечистый 1,397940 0,000504
бук 1,301030 0,000469
любимый 0,744727 0,000447
чудище 1,397940 0,000504
отчаянный 1,221849 0,000880
дольщик 1,397940 0,000672
мститель 1,397940 0,000504
операция 0,657577 0,000474
мясной 1,397940 0,000504
фарш 1,397940 0,000504
квартира 0,853872 0,000410
флешбэк 1,522879 0,000549
крыло 1,154902 0,000555
берлин 1,301030 0,000469
злость 1,522879 0,000549
пост 0,920819 0,000442
мортема 1,522879 0,000732
венгрия 1,096910 0,000527
артек 1,522879 0,000732
большой 0,657577 0,000553
путешествие 0,677781 0,000326
семейный 0,744727 0,000447
крио 1,522879 0,000549
лето 0,853872 0,000308
казахстан 1,000000 0,000360
девятилетний 1,698970 0,000408
андрей 0,508638 0,000244
жить 0,585027 0,000703
берег 1,096910 0,000659
белый 0,853872 0,000205
море 1,301030 0,000469
никак 1,397940 0,000336
находить 1,154902 0,000971
общий 0,823909 0,000198
язык 0,568636 0,000137
окружать 1,397940 0,000336
однажды 0,920819 0,000774
шторм 1,397940 0,000336
мертвый 0,920819 0,000221
собака 1,096910 0,000263
принимать 0,886057 0,000319
она 0,356547 0,001798
мифический 1,698970 0,000408
животное 0,886057 0,000319
решать 1,045757 0,000879
обладать 1,154902 0,000555
силой 1,698970 0,000816
спасти 0,853872 0,000513
его 0,346787 0,001499
русый 1,397940 0,011584
drive 1,522879 0,000366
my 1,397940 0,000336
car 1,522879 0,000366
развернуть 1,221849 0,000293
экранизация 1,221849 0,000293
небольшой 1,154902 0,000971
рассказ 0,920819 0,000221
харуки 1,397940 0,000336
мурак 1,301030 0,000312
театральный 1,154902 0,000416
режиссер 0,823909 0,000297
юсукэ 1,698970 0,000408
хидэтося 1,698970 0,000408
нисидзима 1,698970 0,000408
терять 1,397940 0,000504
чтобы 0,408935 0,000884
справиться 1,221849 0,000440
горе 1,221849 0,000293
он 0,455932 0,001424
соглашаться 1,000000 0,000360
постановка 1,397940 0,000336
спектакль 1,000000 0,000240
дядя 1,154902 0,000277
ваня 1,698970 0,000408
рамка 1,045757 0,000251
hide 1,698970 0,000408
seek 1,698970 0,000408
когда 0,397940 0,001099
успешный 1,045757 0,000377
бизнесмен 1,096910 0,000395
отправляться 1,045757 0,000628
поиск 0,387216 0,000140
пропасть 1,154902 0,000277
брат 0,920819 0,000553
обнаруживать 1,698970 0,000612
нечто 1,397940 0,000336
ужасный 1,397940 0,000504
mothering 1,698970 0,000408
sunday 1,698970 0,000408
середина 1,397940 0,000504
ха 0,657577 0,000237
век 0,619789 0,000298
британия 1,096910 0,000263
есть 0,508638 0,000244
отгладить 1,698970 0,000408
манжета 1,698970 0,000408
фартук 1,698970 0,000408
чепчик 1,698970 0,000408
прислуга 1,397940 0,000336
чулок 1,698970 0,000408
нарядный 1,698970 0,000408
велосипед 1,397940 0,000336
корзинка 1,698970 0,000408
джейн 1,221849 0,000293
очень 0,568636 0,000683
трогательный 1,397940 0,000336
одесса 0,958607 0,000230
янг 1,698970 0,000408
работать 0,431798 0,000207
дом 0,356547 0,000471
благопристойный 1,698970 0,000408
мистер 1,301030 0,000312
ферт 1,522879 0,000366
миссис 1,522879 0,000366
нивный 1,698970 0,000408
колман 1,698970 0,000408
влюбляться 1,154902 0,000416
сын 0,698970 0,000839
exorcism 1,698970 0,000408
of 0,853872 0,001128
god 1,698970 0,000408
венесуэла 1,698970 0,000408
экзорцист 1,698970 0,000408
питер 1,522879 0,000366
уильямс 1,397940 0,000336
обряд 1,397940 0,000336
вселяться 1,698970 0,000408
демон 1,096910 0,000263
совершать 1,301030 0,000469
непростительный 1,698970 0,000408
богохвльство 1,698970 0,000408
проходить 0,721246 0,000173
последствие 0,920819 0,000332
поступок 1,096910 0,000263
настигать 1,698970 0,000612
вновь 0,795880 0,000287
american 1,698970 0,000408
siege 1,698970 0,000408
быть 0,161151 0,000561
нью 1,221849 0,000440
йоркский 1,522879 0,000366
полиция 1,045757 0,001005
шериф 1,698970 0,000612
городок 1,397940 0,000336
орегон 1,698970 0,000408
тихий 1,301030 0,000312
спокойный 1,154902 0,000416
захолустье 1,698970 0,000408
нарушать 1,397940 0,000336
опасный 0,744727 0,000358
банда 1,221849 0,000293
взять 0,958607 0,000460
заложник 1,698970 0,000408
богатый 1,154902 0,000555
доктор 0,721246 0,000173
евгений 0,795880 0,000191
василий 1,000000 0,000240
одинокий 1,045757 0,000251
ненавидеть 1,221849 0,000293
карма 1,397940 0,000336
грабитель 1,397940 0,000336
забирать 1,397940 0,000336
пенсия 1,154902 0,000277
безумная 1,522879 0,000366
навязываться 1,698970 0,000408
подруга 1,096910 0,000659
омоновец 1,698970 0,000408
рейд 1,522879 0,000366
бордель 1,698970 0,000408
подъезд 1,397940 0,000336
а 0,221849 0,000533
оттуда 1,522879 0,000366
просить 1,096910 0,000263
нея 1,045757 0,000377
убежище 1,522879 0,000366
тут 0,853872 0,000308
еще 0,327902 0,000197
заявляться 1,698970 0,000408
авторитет 1,698970 0,000612
управлять 1,522879 0,000732
trash 1,698970 0,000408
малыш 1,045757 0,000251
спарк 1,522879 0,000366
попадать 1,397940 0,000672
свалка 1,698970 0,000408
представлять 1,045757 0,000251
потерянный 1,522879 0,000366
ненужный 1,522879 0,000366
вещий 1,154902 0,000277
оно 0,397940 0,000860
грозить 1,045757 0,000377
одиночество 1,397940 0,000336
так 0,481486 0,000520
несчастье 1,397940 0,000336
они 0,309804 0,001488
где 0,455932 0,000548
спутник 1,397940 0,000504
мочь 0,236572 0,000170
стать 0,301030 0,000434
нужный 0,552842 0,000199
maigret 1,698970 0,000408
тело 0,698970 0,000252
юный 1,000000 0,000600
луиза 1,698970 0,000408
обнаружить 0,958607 0,000345
центр 0,455932 0,000602
париж 1,045757 0,000377
утро 0,886057 0,000213
красивый 0,958607 0,000230
вечерний 1,045757 0,000251
платье 1,154902 0,000277
немного 1,397940 0,000504
поношенный 1,698970 0,000408
туфля 1,698970 0,000408
высокий 0,721246 0,000260
каблук 1,698970 0,000408
никакой 0,920819 0,000221
документ 0,744727 0,000179
даже 0,602060 0,000506
сумочка 1,522879 0,000366
следователь 1,698970 0,000612
нет 0,537602 0,000258
ни 0,698970 0,000336
единый 1,154902 0,000277
зацепка 1,397940 0,000504
убийца 0,823909 0,000594
дело 0,481486 0,000405
браться 1,301030 0,000312
легендарный 0,853872 0,000308
комиссар 1,698970 0,000408
украина 0,455932 0,000110
польша 0,920819 0,000221
xvi 1,698970 0,000408
речь 1,045757 0,000377
посполить 1,698970 0,000408
захватывать 1,154902 0,000416
земля 0,744727 0,000715
насаждать 1,698970 0,000408
рабство 1,301030 0,000312
католицизм 1,698970 0,000408
старый 0,958607 0,000230
казак 1,698970 0,000408
вступать 1,397940 0,000504
ряд 0,823909 0,000297
народный 0,744727 0,000179
ополчение 1,698970 0,000408
отомстить 1,397940 0,000672
пан 1,522879 0,000366
два 0,346787 0,000375
младший 1,301030 0,000469
андрий 1,698970 0,000408
старший 0,721246 0,000260
остап 1,698970 0,000408
отречься 1,522879 0,000366
родина 1,000000 0,000240
ради 1,045757 0,000377
польский 1,045757 0,000377
принцесса 1,397940 0,000504
другой 0,356547 0,000257
схватить 1,522879 0,000366
советский 0,619789 0,000223
космический 1,221849 0,000734
станция 1,000000 0,000360
находиться 0,823909 0,000297
орбита 1,522879 0,000366
беспилотный 1,698970 0,000408
неожиданно 1,397940 0,000672
переставать 1,698970 0,000408
отвечать 0,920819 0,000221
сигнал 1,154902 0,000277
посылать 1,698970 0,000408
управление 0,920819 0,000221
полет 1,397940 0,000336
являться 0,721246 0,000433
гордость 1,397940 0,000336
наука 0,431798 0,000207
космонавтика 1,397940 0,000336
обернуться 1,221849 0,000293
только 0,283997 0,000273
потеря 0,920819 0,000221
сербия 1,096910 0,000263
сюжет 0,744727 0,001163
картина 0,721246 0,000520
основать 1,045757 0,001130
событие 0,455932 0,000657
произойти 0,886057 0,000638
косово 1,698970 0,000408
вооруженный 1,522879 0,000366
конфликт 1,000000 0,000240
албанец 1,698970 0,000408
югославия 1,698970 0,000408
впервые 0,744727 0,000268
показать 0,522879 0,000188
строго 1,397940 0,000336
засекретить 1,698970 0,000408
десантник 1,522879 0,000366
получать 0,677781 0,000407
приказ 1,698970 0,000408
под 0,376751 0,000633
контроль 1,000000 0,000360
основный 1,221849 0,000440
la 1,397940 0,000504
abuela 1,698970 0,000408
бельгия 1,397940 0,000504
сюзанна 1,698970 0,000408
модель 0,769551 0,000185
вынудить 1,045757 0,000879
вернуться 0,638272 0,000307
мадри 1,698970 0,000408
позаботиться 1,522879 0,000366
случиться 1,301030 0,000469
сердечный 1,698970 0,000408
приступ 1,698970 0,000408
однако 0,886057 0,000638
несколько 0,744727 0,000268
становиться 1,000000 0,000961
сущий 1,698970 0,000408
кошмар 1,221849 0,000440
survivor 1,698970 0,000408
лента 0,677781 0,000163
поведать 1,698970 0,000816
еврей 1,397940 0,000336
хафта 1,522879 0,000366
концлагерь 1,522879 0,000366
аушвиц 1,698970 0,000408
благодаря 0,823909 0,000198
участие 0,677781 0,000244
боксерский 1,522879 0,000366
насмерть 1,522879 0,000366
нацистский 1,221849 0,000293
охранник 1,522879 0,000366
hatching 1,698970 0,000408
швеция 1,221849 0,000734
героиня 1,045757 0,000502
стремиться 1,154902 0,000277
угодить 1,698970 0,000408
требовательный 1,698970 0,000408
странный 1,045757 0,000879
яйцо 1,096910 0,000527
прятать 1,522879 0,000366
тепло 1,522879 0,000366
тот 0,376751 0,000860
вылупляться 1,698970 0,000408
шокировать 1,397940 0,000504
everything 1,221849 0,000293
everywhere 1,698970 0,000408
all 1,096910 0,000263
at 1,154902 0,000277
once 1,301030 0,000312
вы 0,301030 0,000217
задумываться 1,698970 0,000408
существовать 1,045757 0,000251
альтернативный 1,096910 0,000263
совершенно 0,886057 0,000213
иной 0,958607 0,000230
эвелина 1,301030 0,000312
убеждаться 1,698970 0,000408
свой 0,301030 0,001121
собственный 0,795880 0,000478
опыт 1,045757 0,000251
получить 0,420216 0,000303
доступ 0,920819 0,000221
внутренний 1,221849 0,000440
версия 0,522879 0,000188
теперь 0,602060 0,000723
иметь 0,853872 0,000308
возможность 0,537602 0,000194
прожить 1,698970 0,000408
тысяча 0,568636 0,000205
угодно 1,221849 0,000293
известный 0,677781 0,000407
дельфиненок 1,698970 0,000408
снежок 1,698970 0,000408
спасать 1,301030 0,000469
авиакатастрофа 1,698970 0,000408
после 0,356547 0,000685
чего 0,769551 0,000370
верный 1,096910 0,000395
весело 1,698970 0,000612
проводить 0,886057 0,000319
будни 1,221849 0,000293
пока 0,920819 0,000885
начинать 1,096910 0,001976
угрожать 1,397940 0,000336
злобный 1,522879 0,000366
осьминог 1,698970 0,000408
изгонять 1,522879 0,000366
приходиться 1,154902 0,000555
учиться 1,045757 0,000251
правило 0,769551 0,000370
ghost 1,698970 0,000408
borley 1,698970 0,000408
rectory 1,698970 0,000408
приходский 1,698970 0,000408
священник 1,397940 0,000504
супруг 1,698970 0,000816
прибывать 1,397940 0,000504
деревенька 1,698970 0,000408
служение 1,698970 0,000408
местный 0,958607 0,000691
церковь 1,397940 0,000504
надеяться 1,221849 0,000440
размерить 1,698970 0,000408
котор 1,045757 0,000377
размещать 1,698970 0,000408
оказываться 1,154902 0,000971
полон 1,698970 0,000408
пугать 1,154902 0,000277
тайна 0,920819 0,000663
загадочный 1,154902 0,000693
звук 1,522879 0,000914
видение 1,522879 0,000366
твердить 1,698970 0,000408
макса 1,045757 0,000377
знаменитый 0,886057 0,000426
мечтать 1,045757 0,000251
чемпион 1,096910 0,000263
планет 1,000000 0,000240
состояние 0,958607 0,000230
здоровье 0,602060 0,000145
уйти 0,795880 0,000191
катиться 1,522879 0,000366
откос 1,698970 0,000408
случайно 1,301030 0,000469
знакомиться 1,397940 0,000672
врач 0,853872 0,000308
скорый 0,920819 0,000332
помощь 0,481486 0,000231
виктор 0,698970 0,000252
заказ 1,000000 0,000240
минобороны 0,698970 0,000168
разработать 1,000000 0,000240
уникальный 0,744727 0,000179
лекарство 0,886057 0,000213
позволять 0,886057 0,000213
down 1,698970 0,000408
by 1,000000 0,000240
law 1,698970 0,000408
диск 1,301030 0,000312
жокей 1,698970 0,000408
орлеан 1,698970 0,000408
зэк 1,698970 0,000612
уэйтс 1,698970 0,000408
переживать 1,301030 0,000469
полоса 1,096910 0,000263
неудача 1,522879 0,000366
перегнать 1,698970 0,000408
воровать 1,698970 0,001020
автомобиль 0,698970 0,000168
быстро 1,221849 0,000293
заработать 1,045757 0,000251
деньги 1,045757 0,000251
пошло 1,397940 0,000336
кувырком 1,698970 0,000408
останавливать 1,698970 0,000408
багажник 1,522879 0,000366
труп 1,397940 0,000336
тюрьма 1,221849 0,000587
сутенер 1,698970 0,000408
лурить 1,698970 0,000408
подставить 1,522879 0,000366
сва 1,522879 0,000366
le 1,698970 0,000408
meraviglie 1,698970 0,000408
ли 0,387216 0,000186
глава 0,522879 0,000188
сэм 1,522879 0,000366
гранить 1,221849 0,000293
уза 1,698970 0,000408
знать 0,494850 0,000238
artist 1,698970 0,000408
s 0,721246 0,000173
wife 1,698970 0,000408
заботливый 1,698970 0,000408
посвятить 0,958607 0,000230
талантливый 1,301030 0,000625
простой 0,795880 0,000287
план 0,769551 0,000185
характер 0,823909 0,000198
муж 0,958607 0,000345
замечать 1,522879 0,000366
меняться 1,154902 0,000693
глаз 0,886057 0,000213
забывать 1,522879 0,000366
имя 0,443697 0,000266
часто 1,221849 0,000293
настроение 1,000000 0,000240
портиться 1,698970 0,000408
объяснение 1,397940 0,000336
belle 1,698970 0,000612
летний 0,721246 0,000260
старшеклассница 1,522879 0,000366
судза 1,698970 0,000408
мама 0,795880 0,000287
воспитывать 1,397940 0,000336
отец 0,721246 0,000606
живой 0,769551 0,000370
любить 0,537602 0,000194
петь 1,154902 0,000277
сейчас 0,481486 0,000289
забросить 1,522879 0,000549
начать 0,508638 0,000366
писать 0,744727 0,000179
текст 0,585027 0,000141
песня 0,657577 0,000158
создавать 1,000000 0,000240
виртуальный 1,000000 0,000360
личность 1,154902 0,000277
никто 0,823909 0,000198
крупный 0,744727 0,000179
платформа 0,853872 0,000205
diabolik 1,698970 0,000408
перед 0,769551 0,000462
ремейк 1,522879 0,000366
культовый 1,096910 0,000395
марио 1,522879 0,000366
бава 1,698970 0,000408
неуловимый 1,698970 0,000408
преступник 1,096910 0,000659
снятой 1,698970 0,000408
итальянский 1,221849 0,000440
комикс 1,154902 0,000277
анджела 1,698970 0,000408
лючиан 1,698970 0,000408
джуссани 1,698970 0,000408
город 0,397940 0,000430
клервилль 1,698970 0,000408
уже 0,568636 0,000615
запутаться 1,522879 0,000366
расследование 0,958607 0,000691
поймать 1,301030 0,000469
жестокий 1,154902 0,000416
sundown 1,698970 0,000408
наследник 1,154902 0,000416
фамилия 1,221849 0,000293
неизвестный 1,000000 0,000240
прерывать 1,698970 0,000612
отпуск 1,045757 0,000251
узнавать 1,096910 0,000659
смерть 0,568636 0,000478
сестра 0,795880 0,000382
племянник 1,698970 0,000408
лондон 1,096910 0,000263
похороны 1,000000 0,000240
переезжать 1,522879 0,000366
дешевый 0,886057 0,000213
отель 1,096910 0,000263
общаться 1,154902 0,000277
житель 0,602060 0,000145
маленький 1,045757 0,000502
деревня 1,154902 0,000693
пермский 1,397940 0,000336
край 1,000000 0,000240
происходить 0,769551 0,000554
убийство 0,853872 0,000308
витя 1,522879 0,000366
людоед 1,522879 0,000366
павел 0,769551 0,000185
деревянко 1,522879 0,000366
закалывать 1,698970 0,000408
пьянка 1,698970 0,000408
саша 1,045757 0,000377
константин 0,769551 0,000185
балакирев 1,698970 0,000408
самородок 1,698970 0,000408
виновный 1,221849 0,000293
наказать 1,301030 0,000312
правда 0,657577 0,000316
придурь 1,698970 0,000408
realm 1,698970 0,000408
terracotta 1,698970 0,000408
джейда 1,698970 0,000408
терракотовый 1,698970 0,000408
воин 0,920819 0,000221
магнус 1,698970 0,000408
объединиться 1,522879 0,000549
борьба 0,721246 0,000260
существо 1,301030 0,000781
зваться 1,698970 0,000612
оникс 1,096910 0,000263
отражать 1,698970 0,000408
атака 0,920819 0,000221
подземный 1,698970 0,000612
династия 1,522879 0,000366
кина 1,698970 0,000408
двое 1,096910 0,000527
вскоре 1,221849 0,000734
раскрываться 1,698970 0,000612
секрет 0,721246 0,000173
вторжение 1,522879 0,000549
монстр 1,045757 0,000502
начинаться 1,154902 0,000416
twin 1,698970 0,000408
молодая 1,397940 0,000336
семья 0,552842 0,000863
ехать 1,221849 0,000440
место 0,481486 0,000405
жительство 1,698970 0,000408
трагедия 1,045757 0,000502
там 0,769551 0,000370
спокойствие 1,698970 0,000612
сталкиваться 1,301030 0,000469
настоящий 0,795880 0,000287
элиот 1,698970 0,000408
весть 0,795880 0,000287
слово 0,552842 0,000133
приходить 1,154902 0,000416
мистический 1,154902 0,000416
кон 1,397940 0,000336
стоять 0,585027 0,000211
nine 1,698970 0,000408
bullet 1,698970 0,000408
рассказывать 0,698970 0,000504
танцовщица 1,301030 0,000312
бурлеск 1,698970 0,000408
поездка 1,154902 0,000277
штат 1,397940 0,000336
соседка 1,301030 0,000312
бывший 1,045757 0,000377
любовник 1,397940 0,000336
свести 1,397940 0,000336
счеты 1,522879 0,000366
ненавистный 1,698970 0,000408
босс 1,698970 0,001020
побывать 1,397940 0,000336
романтичный 1,698970 0,000408
свидание 1,096910 0,000395
пощекотать 1,698970 0,000408
нерв 1,522879 0,000366
экстрить 1,698970 0,000408
возможно 0,853872 0,000205
компания 0,443697 0,000107
яркий 0,853872 0,000308
пользователь 0,657577 0,000158
schellen 1,698970 0,000408
ursli 1,698970 0,000408
уасти 1,698970 0,000612
ферма 1,522879 0,000366
швейцарский 1,522879 0,000366
альпы 1,698970 0,000612
особый 1,096910 0,000395
дар 1,221849 0,000440
понимать 0,886057 0,000532
смочь 0,537602 0,000129
расплатиться 1,522879 0,000366
кредит 0,958607 0,000230
продать 1,045757 0,000251
козлик 1,522879 0,000366
подружиться 1,698970 0,000408
леонида 0,958607 0,000230
крестный 1,522879 0,000549
миро 0,337242 0,000162
лишь 1,045757 0,000377
вещь 1,045757 0,000502
дочь 0,958607 0,000345
разгневать 1,698970 0,000408
обходить 1,522879 0,000366
стороной 1,301030 0,000312
ничего 0,958607 0,000345
просто 0,602060 0,000145
влюбиться 1,221849 0,000293
взгляд 0,853872 0,000308
непростой 1,397940 0,000336
задача 1,000000 0,000360
обращаться 1,397940 0,000504
психолог 1,000000 0,000240
проблема 0,698970 0,000252
ребенок 0,259637 0,000156
борис 0,698970 0,000168
хамить 1,698970 0,000408
врать 1,301030 0,000312
пообщаться 1,522879 0,000366
специалист 0,920819 0,000221
переходить 1,397940 0,000336
решительный 1,698970 0,000408
действие 0,823909 0,000792
сажать 1,522879 0,000366
домашний 0,853872 0,000205
арест 1,096910 0,000263
тридцать 1,301030 0,000312
мэр 1,045757 0,000251
евгенья 0,698970 0,000168
сергей 0,408935 0,000147
поручать 1,698970 0,000408
слава 1,096910 0,000527
реализовать 1,221849 0,000293
партия 1,045757 0,000377
контрабандный 1,698970 0,000408
солнечный 1,301030 0,000312
камень 1,096910 0,000263
женя 1,522879 0,000366
промышлять 1,698970 0,000408
янтарь 1,698970 0,000408
детство 0,920819 0,000221
е 0,823909 0,000198
шанс 1,045757 0,000377
подняться 1,221849 0,000293
обеспечить 1,301030 0,000312
обстоятельство 1,301030 0,000625
вино 1,154902 0,000277
навсегда 1,000000 0,000600
елена 0,698970 0,000252
бригада 1,522879 0,000366
приезжать 1,522879 0,000366
стрельба 1,301030 0,000469
порту 1,522879 0,000366
погибнуть 0,886057 0,000213
отчаяться 1,698970 0,000408
женщина 0,619789 0,000595
виновник 1,698970 0,000408
оказаться 0,638272 0,000613
совсем 1,154902 0,000277
чужое 1,301030 0,000312
batoru 1,698970 0,000408
rowaiaru 1,698970 0,000408
такой 0,397940 0,000287
скоро 0,769551 0,000185
считать 0,744727 0,000268
нестареющий 1,698970 0,000408
классик 0,886057 0,000213
японский 1,096910 0,000527
кинджа 1,698970 0,000408
фукасак 1,698970 0,000408
кумир 1,698970 0,000408
тарантино 1,522879 0,000366
джон 0,920819 0,000442
в 1,397940 0,000336
лишиться 1,221849 0,000293
работа 0,431798 0,000259
учинить 1,698970 0,000408
террор 1,698970 0,000408
массовый 0,508638 0,000183
бойкот 1,698970 0,000408
взрослый 0,920819 0,000442
ответный 1,397940 0,000336
мера 0,823909 0,000198
санкционировать 1,698970 0,000408
пра 1,698970 0,000408
ночной 1,154902 0,000277
улица 0,823909 0,000594
москва 0,292430 0,000140
мчаться 1,522879 0,000366
bmw 1,397940 0,000336
уходить 0,823909 0,000297
погоня 1,397940 0,000336
цепь 1,698970 0,000612
роковой 1,397940 0,000336
разборка 1,698970 0,000408
поставить 0,823909 0,000198
четыре 0,721246 0,000433
путь 0,721246 0,000866
назад 0,638272 0,000307
мощный 1,301030 0,000469
надежный 1,397940 0,000336
уносить 1,698970 0,000408
далекий 0,769551 0,000185
шальной 1,698970 0,000408
безжалостный 1,397940 0,000336
костяный 1,698970 0,000408
кот 0,958607 0,000230
тяжелый 0,744727 0,000179
ранение 1,397940 0,000336
забыть 0,657577 0,000237
свое 0,455932 0,000274
прошлое 1,045757 0,000251
любовь 0,468521 0,000281
рай 1,301030 0,000312
прежде 1,045757 0,000251
надо 0,795880 0,000191
выполнить 1,221849 0,000293
обещание 1,522879 0,000366
данный 0,455932 0,000110
отправиться 1,096910 0,000527
затянуть 1,698970 0,000408
круговорот 1,698970 0,000408
get 1,096910 0,000263
grace 1,698970 0,000408
девочка 0,823909 0,000297
подросток 1,096910 0,000527
грэйс 1,522879 0,000366
умирающий 1,698970 0,000612
рак 1,045757 0,000377
прорываться 1,698970 0,000408
похоронный 1,522879 0,000366
бюро 1,698970 0,000408
узнать 0,698970 0,000168
умереть 0,886057 0,000426
встретить 1,154902 0,000277
неуклюжий 1,698970 0,000408
билл 1,522879 0,000914
вдвоем 1,698970 0,000408
три 0,522879 0,000126
разный 0,677781 0,000163
поколенье 1,397940 0,000504
ладить 1,698970 0,000408
особо 1,698970 0,000408
важный 0,602060 0,000289
исса 1,698970 0,000408
давыдов 1,698970 0,000408
нико 1,522879 0,000366
тавадз 1,698970 0,000408
отмечать 1,154902 0,000277
повышение 1,154902 0,000277
служба 0,431798 0,000156
маньяк 1,154902 0,000277
терроризировать 1,698970 0,000408
область 0,638272 0,000153
течение 1,096910 0,000527
убивать 1,154902 0,000416
торжество 1,522879 0,000366
звонок 1,397940 0,000336
появиться 0,721246 0,000173
тизер 1,301030 0,002344
unbearable 1,698970 0,000408
weight 1,522879 0,000366
massive 1,698970 0,000408
talent 1,698970 0,000408
трагикомедия 1,522879 0,000366
николас 1,522879 0,000549
кейдже 1,698970 0,000408
роля 0,744727 0,000447
сыграть 0,958607 0,000230
сам 0,721246 0,000260
кейдж 1,698970 0,000408
nameless 1,698970 0,000408
day 1,154902 0,000277
раз 0,638272 0,000307
граница 0,769551 0,000277
наступать 1,397940 0,000504
бог 0,958607 0,000230
спускаться 1,698970 0,000408
унести 1,522879 0,000549
человеческий 1,000000 0,000360
душить 0,823909 0,000198
группа 0,823909 0,000396
молодые 1,000000 0,000240
кровопролитный 1,698970 0,000408
охота 1,000000 0,000360
northman 1,698970 0,000408
роберт 1,154902 0,000277
эггерс 1,522879 0,000366
любитель 1,301030 0,000312
атмосферный 1,522879 0,000366
исторический 0,602060 0,000145
антураж 1,698970 0,000408
тревожный 1,698970 0,000408
психологический 1,221849 0,000293
маяк 1,096910 0,000263
добиться 1,154902 0,000277
скромный 1,522879 0,000549
бюджет 1,301030 0,000312
актерский 1,154902 0,000277
состав 1,000000 0,000240
же 0,721246 0,000520
поглядеть 1,698970 0,000408
получиться 1,045757 0,000251
croisade 1,698970 0,000408
честный 1,154902 0,000277
любовный 1,000000 0,000240
треугольник 1,397940 0,000336
пал 1,522879 0,000366
остаться 0,721246 0,000433
пара 1,096910 0,000263
предстоять 1,221849 0,000440
разобраться 1,397940 0,000504
начало 0,638272 0,000383
таскать 1,698970 0,000408
дорогой 0,744727 0,000179
slapface 1,698970 0,000408
лукас 1,522879 0,000549
оставаться 0,886057 0,000532
соседний 1,698970 0,000408
лес 0,958607 0,000345
остановить 1,221849 0,000440
должен 0,677781 0,000244
проект 0,259637 0,000187
разгром 1,522879 0,000366
немецкий 0,886057 0,000213
войско 1,045757 0,000251
ссср 0,795880 0,000287
киноакадемия 1,522879 0,000366
ted 1,698970 0,000408
k 1,154902 0,000277
биография 0,886057 0,000319
философ 1,397940 0,000336
математик 1,397940 0,000336
качинский 1,698970 0,000612
наводить 1,522879 0,000366
ученый 0,853872 0,000308
поддерживать 1,096910 0,000263
научный 0,795880 0,000191
прогресс 1,522879 0,000366
террорист 1,096910 0,000263
отправлять 1,154902 0,000277
бомба 1,698970 0,000612
враг 1,096910 0,000659
образ 0,853872 0,000205
противостоять 1,698970 0,000612
развитие 0,568636 0,000137
корень 1,397940 0,000336
всего 0,721246 0,000433
злой 1,096910 0,000395
die 1,698970 0,000408
h 1,301030 0,000312
schenschule 1,698970 0,000408
de 1,154902 0,000277
gro 1,698970 0,000408
e 0,677781 0,000163
eierklau 1,698970 0,000408
каждый 0,552842 0,000266
заячий 1,698970 0,000408
школа 0,552842 0,000266
предвкушать 1,698970 0,000408
пасха 1,522879 0,000366
золотой 0,795880 0,000191
выбирать 1,000000 0,000240
честь 1,045757 0,000251
оказать 1,698970 0,000408
случайный 1,301030 0,000469
совпадение 1,698970 0,000408
некоторый 1,096910 0,000263
появляться 1,221849 0,000734
подозрительно 1,698970 0,000408
чистый 1,301030 0,000312
кажется 1,045757 0,000377
неслучайно 1,698970 0,000408
wolf 1,522879 0,000366
wall 1,698970 0,000408
street 1,698970 0,000612
джордан 1,522879 0,000549
белфорт 1,698970 0,000408
брокер 1,397940 0,000336
инвестиционный 1,096910 0,000263
банка 1,397940 0,000336
банк 0,795880 0,000191
закрываться 1,522879 0,000366
внезапный 1,522879 0,000549
обвал 1,397940 0,000336
индекс 1,221849 0,000293
до 1,698970 0,000408
джонс 1,522879 0,000549
совет 0,568636 0,000137
тереза 1,397940 0,000336
устраиваться 1,522879 0,000366
заведение 1,221849 0,000293
заниматься 0,886057 0,000532
мелкий 1,221849 0,000293
акция 0,823909 0,000198
настойчивый 1,698970 0,000408
стиль 0,721246 0,000173
общение 0,920819 0,000221
клиент 1,000000 0,000480
врожденный 1,698970 0,000408
sebastian 1,698970 0,000408
шестилетний 1,522879 0,000366
двоюродный 1,522879 0,000366
дед 1,221849 0,000293
французский 0,795880 0,000191
деревушка 1,522879 0,000549
подножие 1,698970 0,000408
идти 0,657577 0,000237
черед 1,522879 0,000366
хотя 1,221849 0,000293
горизонт 1,522879 0,000549
видеть 0,698970 0,000336
признак 1,096910 0,000263
мировой 0,721246 0,000173
звучать 1,301030 0,000312
выстрел 1,522879 0,000366
пистолет 1,522879 0,000366
насобытие 1,698970 0,000408
великий 0,619789 0,000298
отечественный 0,744727 0,000268
июнь 0,823909 0,000297
молодой 1,000000 0,000360
выпускник 1,301030 0,000312
военный 0,522879 0,000188
морской 1,000000 0,000360
академия 1,045757 0,000251
лейтенант 1,221849 0,000440
сбой 1,522879 0,000366
юрий 0,677781 0,000163
борисов 1,522879 0,000366
задание 1,397940 0,000336
западный 0,823909 0,000198
лицо 0,537602 0,000258
плыть 1,522879 0,000366
судно 1,522879 0,000549
трюм 1,698970 0,000408
перевозить 1,698970 0,000408
строптивый 1,698970 0,000408
варвар 1,522879 0,000366
сбегать 1,522879 0,000366
дворец 1,154902 0,000277
много 0,301030 0,000145
терпеть 1,522879 0,000366
наставление 1,698970 0,000408
царь 1,301030 0,000312
елисей 1,698970 0,000408
тогда 1,045757 0,001005
плен 1,154902 0,000416
лесной 1,154902 0,000277
разбойник 1,397940 0,000336
бука 1,698970 0,000408
вместе 0,744727 0,000358
тем 0,920819 0,000221
превращать 1,397940 0,000336
пытаться 0,744727 0,000447
навестить 1,397940 0,000336
леса 1,154902 0,000277
вложиться 1,698970 0,000408
стройка 1,221849 0,000293
жилой 1,221849 0,000293
котлован 1,698970 0,000408
противостояние 1,301030 0,000312
застройщик 1,522879 0,000366
захвачивать 1,698970 0,000408
freak 1,698970 0,000408
out 1,154902 0,000277
артист 0,886057 0,000213
бродячий 1,522879 0,000366
цирк 1,301030 0,000312
достаться 1,698970 0,000408
природа 1,045757 0,000251
суперспособность 1,522879 0,000366
проклятье 1,301030 0,000312
одновременно 1,221849 0,000293
врываться 1,698970 0,000408
четверка 1,698970 0,000408
выступление 1,154902 0,000277
кой 1,301030 0,000312
operation 1,397940 0,000336
mincemeat 1,698970 0,000408
спецслужба 1,522879 0,000549
необходимо 0,920819 0,000221
дезинформировать 1,698970 0,000408
руководство 0,920819 0,000221
германий 0,958607 0,000230
антигитлеровский 1,698970 0,000408
коалиция 1,522879 0,000366
территория 0,795880 0,000382
греция 1,000000 0,000240
сардиния 1,698970 0,000408
цель 1,045757 0,000251
сицилия 1,698970 0,000408
нанимать 1,698970 0,000408
давно 0,769551 0,000277
умерший 1,397940 0,000504
room 1,522879 0,000366
студентка 1,522879 0,000366
кэм 1,698970 0,000816
иззя 1,698970 0,000408
арендовать 1,698970 0,000408
номер 0,795880 0,000191
старинный 1,221849 0,000293
полный 0,522879 0,000126
антиквариат 1,397940 0,000336
гостиный 1,698970 0,000408
окно 1,000000 0,000240
красочный 1,522879 0,000366
витраж 1,698970 0,000408
прийтись 0,823909 0,000198
memory 1,522879 0,000366
алекса 1,154902 0,000416
льюис 1,301030 0,000312
профессиональный 0,958607 0,000345
киллер 1,522879 0,000366
репутация 1,397940 0,000336
момент 0,853872 0,000205
против 0,387216 0,000140
ветер 1,000000 0,000240
отбиваться 1,698970 0,000408
фбр 1,522879 0,000549
криминальный 1,301030 0,000469
потому 0,920819 0,000221
отказаться 0,853872 0,000205
нарушить 1,698970 0,000408
кодекс 1,397940 0,000336
подвиг 0,958607 0,000230
летчик 1,522879 0,000366
гый 1,397940 0,000336
минный 1,698970 0,000408
торпедный 1,698970 0,000408
авиационный 1,522879 0,000366
полк 1,096910 0,000395
ввс 1,698970 0,000408
балтийский 1,698970 0,000408
флот 1,301030 0,000312
полковник 1,522879 0,000366
преображенский 1,698970 0,000408
именно 0,823909 0,000198
сложный 0,886057 0,000319
боевой 0,958607 0,000230
нанести 1,045757 0,000251
первое 0,721246 0,000173
удар 0,494850 0,000238
берлина 1,698970 0,000408
adverse 1,698970 0,000408
некогда 1,397940 0,000336
выходец 1,397940 0,000336
неблагополучный 1,522879 0,000366
итать 1,522879 0,000366
бурный 1,522879 0,000366
молодость 1,000000 0,000240
забота 1,221849 0,000293
сводный 1,698970 0,000408
мие 1,522879 0,000366
шестнадцать 1,301030 0,000469
повторять 1,522879 0,000366
ошибка 0,677781 0,000244
совершить 1,000000 0,000240
парень 1,096910 0,000395
post 1,397940 0,000336
mortem 1,698970 0,000408
конец 0,657577 0,000395
xix 1,096910 0,000263
xx 0,958607 0,000230
широкий 1,154902 0,000277
распространение 1,221849 0,000293
понятие 1,301030 0,000312
посмертный 1,698970 0,000408
снимок 1,698970 0,000408
память 0,823909 0,000198
близкие 1,397940 0,000336
фотограф 1,698970 0,000408
томас 1,301030 0,000312
приглашать 1,154902 0,000277
опустошить 1,698970 0,000408
эпидемия 1,397940 0,000336
испанка 1,698970 0,000408
проклятый 1,698970 0,000408
складываться 1,522879 0,000366
отношение 0,481486 0,000347
прилетать 1,522879 0,000366
отдыхать 1,221849 0,000440
лагерь 1,154902 0,000277
дерево 1,045757 0,000377
желанье 1,522879 0,000366
переносить 1,301030 0,000312
встречаться 1,154902 0,000416
тоже 0,958607 0,000345
cryo 1,698970 0,000408
пятеро 1,698970 0,000612
пробуждаться 1,698970 0,000408
криогенный 1,698970 0,000408
сон 1,000000 0,000240
помещение 1,698970 0,000408
долго 0,958607 0,000230
спалить 1,522879 0,000366
точно 1,096910 0,000263
ясно 1,698970 0,000408
собрать 0,958607 0,000345
здесь 0,698970 0,000168
ади 1,698970 0,000408
шарипов 1,698970 0,000408
прикрывать 1,698970 0,000408
отход 1,397940 0,000336
штаб 1,301030 0,000469
окружение 1,397940 0,000336
тыл 1,698970 0,000408
загонять 1,522879 0,000366
болото 1,698970 0,000408
страх 1,096910 0,000263
неизвестность 1,397940 0,000336
уныние 1,698970 0,000408
сомнение 1,698970 0,000612
преследовать 1,698970 0,000408
боец 0,920819 0,000221
осознавать 1,698970 0,000408
ожидание 1,154902 0,000277
бездействие 1,698970 0,000408
кассовый 1,397940 0,000336
сбор 0,920819 0,000442
рубль 0,455932 0,000164
круиз 1,698970 0,000612
джунгли 1,397940 0,000504
jungle 1,698970 0,000612
cruise 1,698970 0,000612
линна 1,301030 0,000312
хоултон 1,698970 0,000408
эмили 1,301030 0,000312
блант 1,698970 0,000408
намерить 1,096910 0,000263
верховье 1,698970 0,000408
амазонка 1,698970 0,000408
согласно 1,154902 0,000277
предание 1,698970 0,000408
южноамериканский 1,522879 0,000366
индейский 1,698970 0,000408
племя 1,397940 0,000336
магический 1,221849 0,000293
целебный 1,698970 0,000408
свойство 1,698970 0,000408
сопровождать 1,397940 0,000336
лили 1,397940 0,000336
old 1,522879 0,000549
м 0,698970 0,000168
найта 1,698970 0,000408
шьямалан 1,698970 0,000408
закончить 1,301030 0,000312
супергеройский 1,522879 0,000366
трилогия 1,397940 0,000336
шибко 1,698970 0,000408
удачный 1,397940 0,000336
стекло 1,397940 0,000336
графический 1,397940 0,000336
замок 1,154902 0,000277
песок 0,698970 0,000168
старое 0,958607 0,000230
многие 0,920819 0,000221
автор 0,522879 0,000188
обыкновенный 1,301030 0,000312
жанровый 1,522879 0,000366
шаблон 1,397940 0,000336
джема 1,698970 0,000612
поколение 0,958607 0,000345
space 1,301030 0,000469
jam 1,698970 0,000612
a 0,638272 0,000307
new 0,920819 0,000442
legacy 1,522879 0,000549
л 0,795880 0,000287
броня 1,698970 0,000408
джеймс 0,958607 0,000576
взаимодействовать 1,698970 0,000408
различный 1,301030 0,000312
франшиза 1,698970 0,000612
warner 1,522879 0,000366
bro 1,522879 0,000366
искусственный 1,301030 0,000469
интеллект 1,154902 0,000277
подписчик 1,096910 0,000263
instagram 1,154902 0,000277
центральный 0,920819 0,000221
уделить 1,698970 0,000408
брон 1,522879 0,000366
оригинальный 1,154902 0,000416
вдовый 1,301030 0,000469
black 1,522879 0,000549
widow 1,698970 0,000612
развернуться 1,698970 0,000816
аэропорт 1,301030 0,000312
лейпциг 1,397940 0,000336
галла 1,698970 0,000408
наташа 1,221849 0,000293
романофф 1,698970 0,000408
столкнуться 1,000000 0,000240
вспоминать 1,301030 0,000312
красный 0,920819 0,000221
комната 1,154902 0,000277
повлиять 1,000000 0,000240
лук 1,522879 0,000549
luca 1,698970 0,000612
ривьера 1,698970 0,000408
бы 0,585027 0,000211
превращаться 1,301030 0,000469
воздействие 1,397940 0,000336
вод 0,886057 0,000213
сохранить 0,886057 0,000319
окружающие 1,522879 0,000366
g 1,154902 0,000555
i 0,769551 0,000554
joe 1,698970 0,000816
бросок 1,698970 0,000612
кобра 1,698970 0,000612
снейк 1,698970 0,000816
айза 1,397940 0,000672
snake 1,698970 0,000612
eye 1,397940 0,000504
предстать 1,698970 0,000408
генри 1,397940 0,000504
голдинг 1,698970 0,000408
безумно 1,522879 0,000366
азиат 1,698970 0,000408
рождество 1,522879 0,000366
будущее 0,602060 0,000145
член 1,000000 0,000240
спецотряд 1,698970 0,000408
клан 1,301030 0,000312
арашикага 1,698970 0,000408
приглашение 1,397940 0,000504
хард 1,698970 0,000408
мастер 0,795880 0,000191
подготовка 0,853872 0,000205
пассажир 1,045757 0,000377
елизавета 1,045757 0,000879
полгода 1,522879 0,000549
решетка 1,522879 0,000732
эванс 1,522879 0,000732
ледниковый 1,522879 0,000549
период 0,920819 0,000332
скрат 1,698970 0,000612
анатомия 1,397940 0,000504
скандал 0,958607 0,000460
дальний 1,154902 0,000555
простор 1,698970 0,000612
пронзительно 1,698970 0,000612
громко 1,522879 0,000549
леди 1,221849 0,000734
нереалить 1,698970 0,001020
чернобыль 1,397940 0,000504
украсть 1,096910 0,000395
сердце 0,769551 0,000370
колумбия 1,698970 0,000612
мень 0,657577 0,000237
звать 1,096910 0,000395
мэджик 1,698970 0,000816
джонсон 1,698970 0,001020
билль 1,301030 0,000625
кида 1,698970 0,000816
мелодрама 1,154902 0,000416
газовый 1,221849 0,000440
мы 0,229148 0,000275
владеть 1,301030 0,000469
холм 1,522879 0,000732
десять 1,221849 0,000734
процент 1,154902 0,000416
знамя 1,397940 0,000504
небо 0,886057 0,000319
предложение 0,853872 0,000308
сиять 1,522879 0,000732
кларк 1,698970 0,000612
волшебство 1,522879 0,000732
республика 0,958607 0,000345
корея 1,522879 0,000549
обь 1,698970 0,000816
ван 1,000000 0,000480
кенобить 1,698970 0,000816
мисс 1,045757 0,000377
марветь 1,397940 0,000504
смертник 1,698970 0,000612
власть 0,638272 0,000383
разлучить 1,522879 0,000366
кирилл 1,154902 0,000555
гилев 1,522879 0,000366
водитель 0,920819 0,000221
необычный 1,154902 0,000277
такси 1,301030 0,000312
непросто 1,698970 0,000408
ведь 1,045757 0,000377
сначала 1,000000 0,000240
научиться 1,301030 0,000312
чуткость 1,698970 0,000408
эмпатия 1,698970 0,000408
душ 1,154902 0,000416
застрять 1,698970 0,000612
добраться 1,301030 0,000312
точка 0,585027 0,000141
переход 1,301030 0,000312
понять 0,769551 0,000185
удерживать 1,698970 0,000408
помогать 0,823909 0,000198
перевозка 1,397940 0,000336
пассажирка 1,397940 0,000336
мэри 1,154902 0,000277
анна 0,537602 0,000129
чиповский 1,522879 0,000366
исправить 1,397940 0,000336
куда 0,795880 0,000191
привести 0,886057 0,000213
st 1,698970 0,000408
мозес 1,698970 0,000408
тосина 1,698970 0,000408
коуть 1,522879 0,000366
многообещающий 1,522879 0,000366
спортсмен 1,397940 0,000336
средний 1,154902 0,000277
втягивать 1,698970 0,000408
печально 1,522879 0,000366
коррумпировать 1,698970 0,000408
система 0,721246 0,000173
уголовный 1,301030 0,000312
правосудие 1,397940 0,000336
чикаго 1,698970 0,000408
трон 1,698970 0,000612
или 0,292430 0,000140
судьба 0,657577 0,000237
хлынин 1,522879 0,000366
петр 0,958607 0,000230
александра 0,443697 0,000107
балуев 1,698970 0,000408
превращение 1,301030 0,000312
веселый 1,221849 0,000293
беззаботный 1,698970 0,000408
цесаревна 1,397940 0,000336
императрица 1,522879 0,000366
петра 1,000000 0,000240
решить 0,677781 0,000326
оставить 0,823909 0,000198
создать 0,619789 0,000223
империя 1,045757 0,000251
полюбить 1,221849 0,000293
готовый 0,744727 0,000179
пожертвовать 1,397940 0,000336
чувство 1,154902 0,000416
завещание 1,221849 0,000293
воспринимать 1,301030 0,000469
обретать 1,522879 0,000366
влиятельный 1,522879 0,000549
придворный 1,698970 0,000408
остерман 1,698970 0,000408
алексей 0,552842 0,000133
агран 1,522879 0,000366
меншиков 1,698970 0,000408
родной 0,920819 0,000332
екатерина 0,886057 0,000213
агриппина 1,522879 0,000366
стеклов 1,522879 0,000366
соперница 1,698970 0,000408
воля 1,301030 0,000312
втянутый 1,698970 0,000408
водоворот 1,522879 0,000366
дворцовый 1,698970 0,000408
интрига 1,397940 0,000336
родственный 1,698970 0,000408
привязанность 1,698970 0,000408
альманах 1,698970 0,000408
хотеться 1,000000 0,000240
равняться 1,698970 0,000408
внимание 0,769551 0,000277
обычный 1,000000 0,000360
дедушка 1,154902 0,000277
внука 1,698970 0,000408
счастливый 1,045757 0,000251
брак 1,301030 0,000312
воспитание 1,221849 0,000293
готовиться 0,920819 0,000221
некоторые 1,045757 0,000251
сей 1,096910 0,000263
пора 0,886057 0,000213
отчий 1,522879 0,000366
hard 1,698970 0,000408
cell 1,698970 0,000408
лор 1,397940 0,000336
уиллис 1,301030 0,000312
кэтрин 1,397940 0,000336
тейт 1,698970 0,000408
устроительница 1,698970 0,000408
мероприятие 0,823909 0,000198
управляющий 1,397940 0,000336
женский 0,958607 0,000345
описывать 1,301030 0,000312
взлет 1,522879 0,000366
уморительный 1,698970 0,000408
why 1,397940 0,000336
didn 1,522879 0,000366
 1,000000 0,000240
they 1,154902 0,000416
ask 1,301030 0,000312
evan 1,698970 0,000408
агата 1,522879 0,000366
кристи 1,522879 0,000366
бобби 1,698970 0,000612
уилла 1,096910 0,000263
поултер 1,698970 0,000408
интеллигентный 1,698970 0,000408
светский 1,221849 0,000440
львица 1,698970 0,000612
фрэнсис 1,301030 0,000312
фрэнк 1,397940 0,000336
дервент 1,698970 0,000408
люся 1,698970 0,000408
бойнтон 1,698970 0,000408
раскрыть 0,886057 0,000213
преступление 0,744727 0,000268
издыхание 1,698970 0,000408
выдавать 1,221849 0,000293
вопрос 0,420216 0,000202
ice 1,698970 0,000408
age 1,698970 0,000408
scrat 1,698970 0,000408
tale 1,698970 0,000408
killing 1,698970 0,000408
it 0,823909 0,000198
класс 0,853872 0,000205
капитализм 1,698970 0,000408
стремление 1,522879 0,000366
крэйга 1,698970 0,000408
робинсон 1,698970 0,000408
осуществить 1,522879 0,000366
мечта 1,096910 0,000263
действительно 1,154902 0,000277
змей 1,698970 0,000408
anatomy 1,698970 0,000408
scandal 1,698970 0,000408
софи 1,698970 0,000408
сиенна 1,698970 0,000408
миллер 1,154902 0,000277
замужем 1,698970 0,000408
руперт 1,522879 0,000366
френд 1,698970 0,000408
политик 0,366532 0,000088
комфортный 1,154902 0,000277
скандальный 1,301030 0,000312
обвинять 1,221849 0,000293
outer 1,698970 0,000408
range 1,301030 0,000312
паранормальный 1,698970 0,000408
вестерн 1,301030 0,000312
фермер 1,397940 0,000336
вайоминг 1,698970 0,000408
скрывать 1,000000 0,000240
некий 1,221849 0,000293
желающий 1,698970 0,000408
использовать 0,568636 0,000137
интерес 0,886057 0,000319
roar 1,698970 0,000408
антология 1,154902 0,000416
восемь 1,045757 0,000251
нетривиальный 1,522879 0,000366
непременно 1,698970 0,000408
отыскивать 1,698970 0,000408
решение 0,619789 0,000149
мотив 1,096910 0,000263
сборник 1,096910 0,000263
рассказов 1,522879 0,000366
сесилия 1,698970 0,000408
ахерн 1,698970 0,000408
расправить 1,522879 0,000366
first 1,154902 0,000277
lady 1,698970 0,000408
рита 1,397940 0,000336
провести 0,721246 0,000173
реалить 1,522879 0,000366
шоу 0,508638 0,000366
участник 0,823909 0,000198
следить 1,154902 0,000277
возвращаться 1,221849 0,000293
плохо 1,301030 0,000312
приятель 1,698970 0,000408
знакомый 1,096910 0,000395
да 0,494850 0,000119
подноготная 1,522879 0,000366
экранный 1,522879 0,000366
описание 1,301030 0,000312
похоже 1,301030 0,000312
возможный 0,769551 0,000185
зрительский 1,698970 0,000408
свежий 0,795880 0,000191
концепт 1,397940 0,000336
драмедь 1,698970 0,000408
смешной 1,154902 0,000277
соседствовать 1,698970 0,000408
грустный 1,397940 0,000336
создатель 1,096910 0,000263
разворачиваться 1,522879 0,000366
декабрь 0,795880 0,000191
украинский 0,522879 0,000126
отдел 1,000000 0,000240
кгб 1,301030 0,000312
известно 1,000000 0,000360
проявлять 1,397940 0,000336
иностранный 0,721246 0,000173
чернобыльский 1,698970 0,000408
атомный 1,522879 0,000366
электростанция 1,698970 0,000408
установление 1,522879 0,000366
местонахождение 1,698970 0,000408
припять 1,698970 0,000408
опытный 1,301030 0,000312
сотрудник 0,958607 0,000345
цру 1,698970 0,000408
альберта 1,698970 0,000408
ленца 1,698970 0,000408
ульянов 1,522879 0,000366
подозревать 1,000000 0,000360
шпионаж 1,397940 0,000336
подполковник 1,698970 0,000408
контрразведка 1,698970 0,000408
николаев 1,397940 0,000336
игорь 0,769551 0,000185
петренко 1,397940 0,000336
p 1,096910 0,000263
lpito 1,698970 0,000408
аргентина 1,397940 0,000336
мужчина 0,677781 0,000244
одержимый 1,698970 0,000408
желание 1,045757 0,000251
организация 0,769551 0,000185
торговля 1,301030 0,000312
орган 1,045757 0,000251
пересадить 1,522879 0,000366
call 1,301030 0,000312
magic 1,698970 0,000408
карьера 0,958607 0,000230
эрвин 1,698970 0,000408
billy 1,698970 0,000408
kid 1,522879 0,000366
эпический 1,397940 0,000336
приключенческий 1,522879 0,000366
уильям 1,301030 0,000312
бонний 1,698970 0,000408
тома 0,522879 0,000314
блить 1,698970 0,000408
ирландский 1,397940 0,000336
корней 1,397940 0,000336
качество 0,795880 0,000191
ковбой 1,522879 0,000366
стрелок 1,301030 0,000312
ключевой 0,619789 0,000149
округ 1,397940 0,000336
линкольн 1,698970 0,000408
gaslit 1,698970 0,000408
помощник 1,096910 0,000263
президент 0,698970 0,000168
ричард 1,154902 0,000416
никсон 1,698970 0,001224
противник 1,096910 0,000263
информатор 1,698970 0,000408
уотергейтский 1,698970 0,000408
закончиться 0,744727 0,000179
отставка 1,522879 0,000366
разгар 1,301030 0,000312
президентский 1,397940 0,000336
кампания 1,522879 0,000366
команда 0,795880 0,000191
подслушивать 1,698970 0,000408
устройство 1,000000 0,000240
демократический 1,698970 0,000408
робертс 1,698970 0,000408
пенна 1,698970 0,000408
перевоплотиться 1,698970 0,000408
март 0,698970 0,000168
митчелл 1,698970 0,000408
генеральный 1,221849 0,000293
прокурор 1,698970 0,000408
митчелла 1,698970 0,000408
приспешник 1,698970 0,000408
обратить 1,045757 0,000251
вмешательство 1,522879 0,000366
предвыборный 1,698970 0,000408
гонка 1,154902 0,000277
we 1,045757 0,000251
own 1,221849 0,000293
this 1,000000 0,000240
city 1,522879 0,000366
одноименный 1,397940 0,000504
книга 0,552842 0,000199
репортер 1,522879 0,000366
baltimore 1,698970 0,000408
sun 1,397940 0,000336
джастин 1,522879 0,000366
фентон 1,698970 0,000408
балтимор 1,522879 0,000549
вспыхивать 1,522879 0,000366
беспорядок 1,397940 0,000336
гражданин 0,769551 0,000185
требовать 0,886057 0,000213
справедливость 1,221849 0,000293
фредди 1,522879 0,000732
греть 1,698970 0,000408
пря 0,387216 0,000186
подозрительный 1,522879 0,000549
страж 1,397940 0,000336
командир 1,221849 0,000293
сержант 1,522879 0,000366
уэйна 1,698970 0,000408
дженкинса 1,698970 0,000408
элитный 1,301030 0,000312
подразделение 1,301030 0,000312
убрать 1,154902 0,000277
оружие 1,045757 0,000251
наркотик 1,301030 0,000312
результат 0,698970 0,000168
биологический 1,522879 0,000366
почтить 0,823909 0,000198
мужской 1,221849 0,000293
население 0,920819 0,000221
вымереть 1,698970 0,000408
погоревать 1,698970 0,000408
недолго 1,522879 0,000366
пот 0,886057 0,000213
экогородка 1,698970 0,000408
возобновлять 1,522879 0,000366
энергия 1,301030 0,000312
чем 0,387216 0,000093
захотеться 1,698970 0,000408
хоть 1,397940 0,000504
биохакинг 1,698970 0,000408
йога 1,698970 0,000408
саморазвитие 1,397940 0,000336
размножение 1,698970 0,000408
путем 1,397940 0,000336
оплодотворение 1,698970 0,000408
рождаться 1,522879 0,000366
нрав 1,397940 0,000336
мироустройство 1,698970 0,000408
мегаполис 1,522879 0,000366
электричество 1,522879 0,000366
наслаждаться 1,397940 0,000336
свобода 0,853872 0,000205
традиционный 1,301030 0,000312
секс 1,096910 0,000263
идеально 1,397940 0,000336
устроенный 1,522879 0,000366
угроза 0,958607 0,000345
учительница 1,397940 0,000336
рад 1,301030 0,000312
экогород 1,698970 0,000408
встречать 1,096910 0,000263
предел 1,154902 0,000277
примат 1,698970 0,000408
гера 1,698970 0,000408
ten 1,698970 0,000408
percent 1,698970 0,000408
лондонский 1,301030 0,000312
кастинг 1,096910 0,000263
агентство 1,096910 0,000263
сила 0,698970 0,000252
стараться 1,221849 0,000293
довольный 1,522879 0,000366
бизнес 0,468521 0,000169
обанкротиться 1,698970 0,000408
основатель 1,301030 0,000312
фирма 1,397940 0,000336
under 1,397940 0,000336
banner 1,397940 0,000336
heaven 1,698970 0,000408
подвергать 1,698970 0,000408
вера 0,958607 0,000230
расследовать 1,301030 0,000312
вести 0,657577 0,000237
уважаемый 1,698970 0,000408
юта 1,698970 0,000408
придерживаться 1,698970 0,000408
мормонский 1,698970 0,000612
фундаментализм 1,698970 0,000408
гарфилд 1,698970 0,000408
исполнить 1,397940 0,000336
староста 1,698970 0,000408
ход 0,769551 0,000277
община 1,698970 0,000408
контакт 0,387216 0,000140
offer 1,397940 0,000336
shining 1,698970 0,000408
girl 1,522879 0,000366
чикагский 1,698970 0,000408
журналистка 1,522879 0,000366
нападение 0,958607 0,000230
серийный 1,154902 0,000277
маняька 1,698970 0,000408
портал 0,657577 0,000158
подобный 1,045757 0,000251
перемещение 1,698970 0,000408
star 1,221849 0,000293
trek 1,698970 0,000408
strange 1,698970 0,000408
world 1,096910 0,000263
фантастический 0,958607 0,000345
официальный 0,537602 0,000129
стартрек 1,698970 0,000408
разработка 1,221849 0,000293
непосредственно 1,397940 0,000336
куртцман 1,698970 0,000408
телепроект 1,522879 0,000366
пикар 1,698970 0,000408
дискавери 1,698970 0,000408
энсон 1,698970 0,000408
маунт 1,698970 0,000408
ребекка 1,698970 0,000408
ромейн 1,698970 0,000408
пек 1,698970 0,000408
исполнитель 1,221849 0,000293
кристофер 1,397940 0,000336
паек 1,698970 0,000408
уна 1,397940 0,000336
спока 1,698970 0,000408
соответственно 1,698970 0,000408
персонаж 1,045757 0,000628
вокруг 1,045757 0,000251
экипаж 1,154902 0,000277
us 1,698970 0,000408
энтерпрайза 1,698970 0,000408
clark 1,698970 0,000408
tv 0,920819 0,000221
series 1,397940 0,000336
annarasumanara 1,698970 0,000408
предстоящий 1,397940 0,000336
драматический 1,397940 0,000336
original 1,698970 0,000408
бросить 0,886057 0,000213
долгов 1,522879 0,000366
юна 1,698970 0,000408
содержать 1,045757 0,000251
несмотря 1,000000 0,000240
занятый 1,698970 0,000408
подработка 1,698970 0,000408
учеба 1,698970 0,000408
ученица 1,301030 0,000312
волшебник 1,301030 0,000312
ыль 1,698970 0,000408
изменить 0,744727 0,000179
добрый 1,045757 0,000251
дорам 1,522879 0,000549
подкрепление 1,698970 0,000408
хван 1,698970 0,000408
ин 1,698970 0,000408
еп 1,522879 0,000366
истинный 1,154902 0,000277
красота 0,721246 0,000173
слететь 1,698970 0,000408
катушка 1,522879 0,000366
погубить 1,522879 0,000366
окончательно 1,397940 0,000336
now 1,221849 0,000293
then 1,397940 0,000336
колледж 1,397940 0,000336
праздничный 1,154902 0,000277
уик 1,698970 0,000408
энда 1,522879 0,000366
заканчиваться 1,154902 0,000277
двадцать 1,221849 0,000293
неохотно 1,522879 0,000366
воссоединяться 1,522879 0,000366
разрушить 1,301030 0,000312
казаться 0,958607 0,000230
идеальный 0,769551 0,000185
obi 1,698970 0,000408
wan 1,698970 0,000408
kenobi 1,698970 0,000408
минуть 0,769551 0,000185
сконцентрироваться 1,698970 0,000408
непобедимый 1,522879 0,000366
джедай 1,522879 0,000366
наставник 1,397940 0,000336
энакин 1,698970 0,000408
скайуокер 1,522879 0,000366
ms 1,698970 0,000408
marvel 1,301030 0,000312
terminal 1,522879 0,000366
list 1,522879 0,000366
спецназовец 1,397940 0,000336
пратта 1,698970 0,000408
свидетель 1,301030 0,000312
уничтожение 1,221849 0,000293
секретный 1,522879 0,000366
домыть 0,958607 0,000230
вспомнить 1,045757 0,000251
подробность 1,000000 0,000240
доказательство 1,522879 0,000366
затеять 1,698970 0,000408
эшелон 1,522879 0,000366
house 1,397940 0,000336
dragon 1,522879 0,000549
спин 1,522879 0,000366
офф 1,221849 0,000293
игра 0,585027 0,000211
престол 1,397940 0,000504
джордж 1,154902 0,000277
р 1,221849 0,000734
мартин 1,522879 0,000366
пламя 1,698970 0,000408
кровь 0,958607 0,000460
таргариен 1,698970 0,000408
покинуть 0,853872 0,000205
валирия 1,698970 0,000408
завоевать 1,397940 0,000336
lord 1,698970 0,000408
ring 1,698970 0,000612
power 1,522879 0,000366
грясти 1,154902 0,000277
amazon 1,221849 0,000293
studio 1,301030 0,000312
эпоха 0,853872 0,000205
средиземье 1,698970 0,000612
экран 0,958607 0,000230
эпичный 1,522879 0,000366
хоббит 1,698970 0,000408
властелин 1,698970 0,000408
толкин 1,698970 0,000612
зритель 0,920819 0,000221
эра 1,397940 0,000336
формироваться 1,397940 0,000336
великое 1,000000 0,000240
королевство 1,522879 0,000732
расцветать 1,698970 0,000408
руина 1,698970 0,000408
подвергаться 1,698970 0,000408
испытание 1,045757 0,000251
висеть 1,522879 0,000366
тонкий 1,397940 0,000336
нить 1,698970 0,000408
злодей 1,397940 0,000336
либо 1,000000 0,000360
повергнуть 1,698970 0,000408
тьма 1,096910 0,000263
относительно 1,522879 0,000366
мирный 1,045757 0,000251
долгий 1,154902 0,000416
возрождение 1,096910 0,000263
темнейший 1,698970 0,000408
глубина 1,301030 0,000312
туманный 1,698970 0,000408
гора 1,154902 0,000277
величественный 1,698970 0,000408
столица 0,920819 0,000221
линдон 1,698970 0,000408
дух 0,920819 0,000221
островной 1,698970 0,000408
нуменора 1,698970 0,000408
уголок 1,221849 0,000293
карта 0,657577 0,000158
наследие 1,045757 0,000251
серия 0,744727 0,000268
дата 0,769551 0,000277
настоящее 1,096910 0,000395
маар 1,698970 0,000612
real 1,397940 0,000504
time 1,096910 0,000395
with 1,096910 0,000395
bill 1,698970 0,000612
mah 1,698970 0,000612
еженедельный 1,397940 0,000336
сатирический 1,522879 0,000366
ток 1,154902 0,000277
выходить 0,698970 0,000168
канал 0,508638 0,000122
hbo 1,522879 0,000366
гостить 1,096910 0,000263
обсуждать 0,886057 0,000213
актуальный 0,823909 0,000198
выпуск 0,698970 0,000168
сводка 1,397940 0,000336
политический 0,721246 0,000173
пародия 1,397940 0,000336
юмористический 1,522879 0,000366
монолог 1,221849 0,000293
затем 1,154902 0,000277
маара 1,698970 0,000408
берет 1,301030 0,000312
x 0,853872 0,000718
водоем 1,698970 0,000816
акула 1,698970 0,001020
shark 1,698970 0,000612
tank 1,698970 0,000612
телепередача 1,698970 0,000408
современный 0,537602 0,000129
den 1,698970 0,000408
участвовать 1,045757 0,000251
стартапер 1,698970 0,000408
инвестиция 1,045757 0,000251
деньга 0,853872 0,000205
представить 0,744727 0,000179
стартап 1,522879 0,000366
вид 0,744727 0,000179
ай 1,698970 0,001020
карли 1,698970 0,001428
icarly 1,698970 0,001020
миранда 1,698970 0,000612
косгров 1,698970 0,000612
нэйтан 1,698970 0,000612
кресс 1,698970 0,000612
спенсер 1,698970 0,000612
джерри 1,522879 0,000549
трэйнор 1,698970 0,000612
справляться 1,522879 0,000549
снимать 0,958607 0,000345
веб 1,397940 0,000504
movie 1,522879 0,000549
trailer 1,522879 0,000549
video 1,397940 0,000504
object 1,522879 0,000549
position 0,853872 0,000308
голубой 1,221849 0,000440
blue 1,698970 0,000612
blood 1,698970 0,000612
френк 1,698970 0,000408
рейган 1,698970 0,000612
селлька 1,698970 0,000408
йорк 1,221849 0,000293
патриарх 1,301030 0,000312
семейство 1,154902 0,000277
столь 1,221849 0,000293
дипломатичный 1,698970 0,000408
политика 0,638272 0,000153
досаждать 1,698970 0,000408
чрезмерно 1,698970 0,000408
смелый 1,698970 0,000408
лена 1,522879 0,000366
кариу 1,698970 0,000408
главый 1,397940 0,000336
источник 1,045757 0,000251
гранчестер 1,698970 0,000816
grantchester 1,698970 0,000612
живописный 1,397940 0,000336
кембриджшир 1,698970 0,000408
сидень 1,522879 0,000366
чемберс 1,698970 0,000408
нортон 1,522879 0,000366
харизматичный 1,522879 0,000366
очаровательный 1,698970 0,000408
викарий 1,698970 0,000408
прихожанин 1,698970 0,000408
кордюков 1,698970 0,000408
катить 1,301030 0,000312
карслидить 1,698970 0,000408
алихан 1,698970 0,000408
исрапил 1,698970 0,000408
сильно 1,045757 0,000251
любим 1,397940 0,000336
джей 1,698970 0,000408
ди 1,301030 0,000312
клиника 1,301030 0,000312
владислава 1,221849 0,000293
шуравина 1,698970 0,000408
halo 1,698970 0,000408
основа 0,886057 0,000213
видеоигра 1,221849 0,000293
московский 0,657577 0,000158
вампир 1,045757 0,000251
хипстер 1,698970 0,000408
ампир 1,221849 0,000293
v 0,795880 0,000191
горячок 1,698970 0,000408
киносвиданье 1,698970 0,000408
выбрать 0,568636 0,000137
вакансия 0,657577 0,000158
реклама 0,259637 0,000062
перепечатка 1,221849 0,000293
лицензионный 1,522879 0,000366
соглашение 0,443697 0,000107
вконтакт 0,638272 0,000153
ok 1,301030 0,000312
ru 0,180456 0,000108
яндекс 0,585027 0,000141
дзный 1,000000 0,000240
твиттер 1,301030 0,000312
telegram 0,744727 0,000179
film 1,522879 0,000732
зарегистрировать 0,619789 0,000149
федеральный 0,508638 0,000122
надзор 0,619789 0,000149
сфера 0,537602 0,000129
связь 0,309804 0,000074
информационный 0,481486 0,000116
технология 0,408935 0,000098
коммуникация 0,568636 0,000137
роскомнадзор 0,698970 0,000168
свидетельство 0,585027 0,000141
эл 0,494850 0,000119
фс 0,522879 0,000126
предложить 0,744727 0,000268
публикация 0,769551 0,000185
сотрудничество 1,000000 0,000240
написать 0,619789 0,000149
письмо 0,795880 0,000287
показаться 1,301030 0,000312
ответить 0,853872 0,000205
ваш 0,431798 0,000104
нельзя 0,795880 0,000191
почта 0,602060 0,000145
редакция 0,366532 0,000132
можно 0,420216 0,000101
позвонить 1,698970 0,000408
адрес 0,537602 0,000129
partner 1,301030 0,000312
