нэба 1,522879 0,004918
национальный 0,698970 0,004514
электронный 0,619789 0,005337
библиотека 0,853872 0,011030
скачать 1,096910 0,002361
читать 0,537602 0,003472
онлайн 0,387216 0,000834
книга 0,552842 0,006546
диссертация 1,698970 0,003658
учебный 1,154902 0,002486
пособие 1,096910 0,002361
div 1,000000 0,002153
img 0,795880 0,001713
src 0,795880 0,001713
https 0,721246 0,001553
mc 1,000000 0,002153
yandex 0,958607 0,002064
ru 0,180456 0,000388
watch 0,958607 0,002064
style 0,823909 0,001774
position 0,853872 0,001838
absolute 0,958607 0,002064
left 0,958607 0,002064
px 0,920819 0,001982
alt 0,886057 0,001908
книжный 1,045757 0,004503
памятник 0,886057 0,003815
света 0,886057 0,002861
обратный 0,508638 0,002190
связь 0,309804 0,001334
версия 0,522879 0,005066
для 0,107905 0,001162
слабовидящий 1,522879 0,004918
войти 0,468521 0,001009
подписаться 0,677781 0,003648
мы 0,229148 0,001727
социальный 0,522879 0,001689
сеть 0,443697 0,001433
коллекция 0,769551 0,005799
новость 0,161151 0,000520
читальный 1,698970 0,005486
зал 1,096910 0,003542
информация 0,327902 0,001765
програмный 1,698970 0,003658
обеспечение 1,154902 0,003730
вопрос 0,420216 0,001809
ответ 0,677781 0,002189
форум 0,886057 0,001908
наш 0,309804 0,001334
продукт 0,769551 0,001657
пресс 0,552842 0,001190
приложение 0,657577 0,002124
соцсеть 0,721246 0,001553
слепой 1,397940 0,004514
пользователь 0,657577 0,001416
подборка 0,721246 0,003882
много 0,301030 0,000972
издание 0,468521 0,001513
период 0,920819 0,001982
ограничение 0,920819 0,001982
стараться 1,221849 0,002630
предоставлять 1,045757 0,002251
доступ 0,920819 0,004956
самый 0,251812 0,001084
необходимый 1,000000 0,002153
документ 0,744727 0,003207
вы 0,301030 0,001296
являться 0,721246 0,001553
правообладатель 0,744727 0,001603
считать 0,744727 0,001603
что 0,161151 0,000520
мочь 0,236572 0,000509
помочь 0,537602 0,001157
или 0,292430 0,000944
наоборот 1,397940 0,003010
уверить 1,096910 0,002361
открыть 0,552842 0,001785
неправомерный 1,698970 0,003658
написать 0,619789 0,002001
здесь 0,698970 0,001505
найти 0,356547 0,000768
пример 1,000000 0,002153
запрос 1,221849 0,002630
евгенья 0,698970 0,001505
онегин 1,221849 0,002630
александра 0,443697 0,000955
пушкин 0,795880 0,001713
мыть 0,698970 0,001505
дядя 1,154902 0,002486
честной 1,698970 0,003658
правило 0,769551 0,001657
расширить 1,045757 0,002251
поиск 0,387216 0,000834
спецпроект 0,638272 0,004122
хороший 0,408935 0,001321
научпоп 1,522879 0,003279
свободный 0,853872 0,001838
наука 0,431798 0,000930
стать 0,301030 0,000648
еще 0,327902 0,000706
близкий 0,744727 0,001603
подробный 0,657577 0,002831
возможность 0,537602 0,001157
познакомиться 1,301030 0,002801
исторический 0,602060 0,001296
культурный 1,045757 0,003377
художественный 0,886057 0,002861
наследие 1,045757 0,004503
россия 0,214670 0,000924
главное 0,327902 0,000706
твой 1,045757 0,002251
телефон 0,568636 0,001224
фильм 0,431798 0,001394
бесплатно 0,958607 0,002064
золотой 0,795880 0,001713
спектакль 1,000000 0,002153
ваш 0,431798 0,000930
смартфон 1,045757 0,002251
популярный 0,455932 0,000982
не 0,136677 0,000441
только 0,283997 0,000611
слушать 0,886057 0,001908
запустить 1,045757 0,002251
пилотный 1,698970 0,003658
умный 0,920819 0,001982
озвучка 1,397940 0,003010
некоторый 1,096910 0,002361
текст 0,585027 0,001259
весь 0,107905 0,000581
лыжа 1,522879 0,003279
проект 0,259637 0,001118
лыжный 1,301030 0,002801
спорт 0,397940 0,000857
первооткрыватель 1,698970 0,003658
отправиться 1,096910 0,002361
путь 0,721246 0,001553
известный 0,677781 0,002189
путешественник 1,522879 0,003279
урок 0,958607 0,003096
ядерный 1,221849 0,002630
безопасность 0,744727 0,001603
чаэс 1,698970 0,003658
чс 1,698970 0,003658
я 0,346787 0,000747
узреть 1,698970 0,003658
свой 0,301030 0,000648
смерть 0,568636 0,001836
вильгельм 1,698970 0,003658
рентген 1,698970 0,003658
скорый 0,920819 0,001982
железный 1,000000 0,003229
дорога 0,657577 0,001416
ялта 1,698970 0,007315
железнодорожный 0,958607 0,002064
вокзал 0,698970 0,002257
фантом 1,698970 0,003658
возникать 1,301030 0,002801
страница 0,619789 0,001334
повестить 1,221849 0,002630
владимир 0,301030 0,000648
набоков 1,397940 0,003010
соглядатай 1,698970 0,003658
некто 1,698970 0,003658
смуров 1,698970 0,003658
морочить 1,698970 0,003658
собеседник 1,698970 0,005486
байка 1,301030 0,002801
подвиг 0,958607 0,002064
который 0,236572 0,000764
он 0,455932 0,001963
якоб 1,301030 0,002801
совершать 1,301030 0,002801
время 0,327902 0,001059
гражданский 0,920819 0,001982
война 0,522879 0,001126
отстреливаться 1,698970 0,003658
красногвардеец 1,698970 0,003658
тома 0,522879 0,001126
ялтинский 1,698970 0,003658
фальшивый 1,522879 0,003279
деталь 1,096910 0,002361
выдавать 1,221849 0,002630
лжец 1,698970 0,003658
посрамить 1,698970 0,003658
а 0,221849 0,000955
один 0,356547 0,001151
иза 0,167491 0,000721
припоминать 1,698970 0,003658
революция 1,096910 0,003542
быть 0,161151 0,000520
кажется 1,045757 0,002251
соединить 1,522879 0,003279
дорогой 0,744727 0,001603
симферополь 1,397940 0,003010
далекий 0,769551 0,003313
есть 0,508638 0,001095
ли 0,387216 0,000834
будущее 0,602060 0,001296
каллиграфия 1,698970 0,005486
когда 0,397940 0,000857
тот 0,376751 0,000811
давно 0,769551 0,001657
слово 0,552842 0,001190
пришлый 1,096910 0,002361
русский 0,318759 0,000686
язык 0,568636 0,001836
греческий 1,045757 0,002251
остаться 0,721246 0,002329
оно 0,397940 0,000857
обозначение 1,698970 0,003658
красивый 0,958607 0,002064
почерк 1,397940 0,004514
ранний 1,000000 0,003229
умение 1,221849 0,002630
изящно 1,522879 0,003279
разборчиво 1,698970 0,003658
писать 0,744727 0,001603
уделяться 1,698970 0,003658
сила 0,698970 0,001505
временить 0,698970 0,001505
важный 0,602060 0,001944
задача 1,000000 0,002153
начальный 1,698970 0,003658
школа 0,552842 0,001190
обучить 1,698970 0,003658
ребенок 0,259637 0,000838
аккуратно 1,522879 0,003279
выводить 1,522879 0,003279
буква 1,301030 0,002801
специальный 0,744727 0,001603
упражнение 1,522879 0,003279
чистописание 1,522879 0,003279
помогать 0,823909 0,001774
выработать 1,698970 0,003658
правильный 1,000000 0,002153
каллиграфический 1,698970 0,003658
как 0,187087 0,000806
так 0,481486 0,001037
советский 0,619789 0,001334
ученик 1,221849 0,002630
под 0,376751 0,000811
бдительный 1,698970 0,003658
руководство 0,920819 0,001982
учитель 0,920819 0,001982
тренировать 1,698970 0,003658
пропись 1,698970 0,003658
навык 1,154902 0,002486
скоропись 1,698970 0,003658
елочка 1,522879 0,004918
зажечься 1,698970 0,003658
повсеместно 1,698970 0,003658
наряжаться 1,698970 0,003658
зажигаться 1,698970 0,003658
скоро 0,769551 0,001657
рождественский 1,397940 0,003010
да 0,494850 0,001598
новогодний 1,000000 0,002153
праздник 0,677781 0,001459
сперва 1,698970 0,003658
европейский 0,744727 0,001603
стиль 0,721246 0,001553
далее 1,096910 0,002361
соответствие 0,795880 0,001713
православный 1,522879 0,003279
канон 1,522879 0,003279
старорусский 1,698970 0,003658
обычай 1,522879 0,003279
пот 0,886057 0,001908
кто 0,346787 0,000747
запал 1,698970 0,003658
можно 0,420216 0,000905
продолжить 0,958607 0,002064
торжествовать 1,397940 0,003010
китайский 1,000000 0,002153
вьетнамский 1,522879 0,003279
календарь 0,920819 0,001982
любить 0,537602 0,001157
повеселиться 1,698970 0,003658
слава 1,096910 0,002361
отдохнуть 1,397940 0,003010
отмечать 1,154902 0,002486
новый 0,244125 0,000788
год 0,236572 0,000509
готовиться 0,920819 0,001982
история 0,283997 0,001223
писатель 0,721246 0,002329
жизнь 0,318759 0,000686
человек 0,259637 0,000559
лео 1,397940 0,003010
лет 0,337242 0,001452
день 0,236572 0,001528
рождение 0,602060 0,003888
леонид 1,301030 0,002801
андреев 1,301030 0,002801
валентина 1,096910 0,002361
катаев 1,698970 0,003658
тургенев 1,301030 0,002801
иван 0,619789 0,001334
сергей 0,408935 0,000880
наиболее 1,045757 0,002251
произведение 0,721246 0,001553
хорошо 0,823909 0,001774
чем 0,387216 0,000834
п 1,096910 0,002361
летие 1,045757 0,004503
м 0,698970 0,001505
булгаков 1,221849 0,002630
врач 0,853872 0,001838
антон 0,823909 0,001774
павел 0,769551 0,001657
чехов 1,221849 0,002630
этот 0,173925 0,000374
учить 1,301030 0,002801
ключевский 1,698970 0,003658
регион 0,619789 0,001334
посвятить 0,958607 0,003096
родные 1,397940 0,003010
соотечественник 1,698970 0,003658
сложный 0,886057 0,001908
просто 0,602060 0,001296
образовательный 1,221849 0,002630
медиатек 1,698970 0,003658
собрать 0,958607 0,002064
актуальный 0,823909 0,002661
полезный 0,769551 0,001657
конвенция 1,698970 0,003658
право 0,292430 0,000630
инвалид 1,698970 0,003658
современный 0,537602 0,001157
научный 0,795880 0,002570
контент 1,045757 0,002251
российский 0,229148 0,000493
научно 1,154902 0,003730
исследовательский 1,698970 0,003658
институт 0,886057 0,001908
природный 1,301030 0,002801
имя 0,443697 0,000955
лихачев 1,522879 0,003279
изображение 1,000000 0,003229
обновить 0,769551 0,001657
набор 1,522879 0,003279
профессионал 1,397940 0,006019
реставратор 1,522879 0,003279
область 0,638272 0,001374
сохранность 1,698970 0,003658
фонд 0,886057 0,001908
издательский 1,045757 0,002251
деятельность 0,853872 0,001838
рнб 1,698970 0,003658
библиотечный 1,698970 0,005486
деть 0,920819 0,002974
специалист 0,920819 0,001982
рассылка 0,769551 0,001657
узнавать 1,096910 0,002361
первое 0,721246 0,001553
новое 0,214670 0,000462
поступление 1,301030 0,002801
бета 1,522879 0,003279
личный 0,657577 0,001416
кабинет 0,920819 0,001982
программный 1,397940 0,003010
партнер 0,619789 0,001334
старый 0,958607 0,003096
портал 0,657577 0,002124
правовой 0,823909 0,001774
пользовательский 0,552842 0,001190
соглашение 0,443697 0,000955
находиться 0,823909 0,001774
хотеть 0,387216 0,000834
воспользоваться 1,154902 0,002486
перейти 0,744727 0,001603
ссылка 0,698970 0,001505
