взгляд 1,045757 0,000982
ру 0,744727 0,000420
последние 0,568636 0,000214
новости 0,173925 0,000163
аналитические 1,397940 0,000525
материалы 0,481486 0,000181
новость 1,154902 0,000868
часа 1,154902 0,000868
глава 0,638272 0,001079
днр 0,823909 0,001393
назвал 0,795880 0,001345
удар 0,823909 0,001393
точкой 0,920819 0,001383
краматорску 0,744727 0,001399
чудовищной 1,698970 0,001595
провокацией 1,154902 0,001084
киева 1,045757 0,000982
лента 0,744727 0,000280
новостей 0,602060 0,000226
все 0,124939 0,000258
украина 0,698970 0,001313
россия 0,455932 0,001456
сша 0,508638 0,001433
президент 0,920819 0,000865
путин 0,721246 0,000542
коронавирус 0,958607 0,000360
поставки 1,301030 0,001222
газа 1,221849 0,000918
нефть 1,522879 0,000858
рубль 1,000000 0,000751
армия 0,823909 0,000774
вооружение 1,522879 0,000572
апреля 0,283997 0,000160
пятница 1,154902 0,000434
последнее 0,853872 0,000321
обновление 1,397940 0,000525
vz 1,698970 0,000957
ru 0,180456 0,000136
разделы 1,397940 0,000525
какой 0,769551 0,000867
курс 0,744727 0,000699
рубля 1,045757 0,001178
комфортен 1,698970 0,000957
российской 0,585027 0,000989
экономике 1,221849 0,000688
yuri 1,698970 0,000638
kochetkov 1,698970 0,000638
epa 1,698970 0,000638
тасс 1,397940 0,000788
символично 1,698970 0,000957
укрепился 1,698970 0,000957
тех 0,920819 0,000692
уровней 1,522879 0,000858
которые 0,431798 0,000649
были 0,769551 0,000867
начала 0,769551 0,001156
спецоперации 0,744727 0,000839
украине 0,537602 0,002423
сделал 1,154902 0,000868
это 0,251812 0,000993
даже 0,602060 0,000565
после 0,356547 0,000870
объявления 1,301030 0,000977
новых 0,494850 0,000372
санкций 0,677781 0,001018
почему 0,366532 0,000826
валюта 1,522879 0,001144
россии 0,251812 0,002554
ведет 1,096910 0,000618
себя 0,552842 0,000519
таким 1,045757 0,000786
необычным 1,698970 0,000957
образом 1,045757 0,001178
продолжит 1,301030 0,000733
ли 0,387216 0,001236
она 0,657577 0,000370
укрепление 1,301030 0,000733
рублей 0,585027 0,000439
доллар 1,154902 0,000651
подробности 1,000000 0,006385
германия 0,958607 0,000720
гарантировала 1,698970 0,000957
непрерывность 1,698970 0,001276
работы 0,619789 0,000466
дочки 1,522879 0,000858
газпрома 1,698970 0,000957
ослаб 1,698970 0,000638
копеек 1,698970 0,000638
доллару 1,522879 0,000572
решения 0,958607 0,000360
цб 0,795880 0,000299
снижении 1,301030 0,000489
ставки 1,154902 0,000434
мировые 1,154902 0,000434
цены 0,744727 0,000280
базовое 1,522879 0,000572
продовольствие 1,154902 0,000434
достигли 1,154902 0,000434
рекорда 1,301030 0,000489
фоне 1,154902 0,000651
событий 0,853872 0,000321
перейти 0,920819 0,001902
раздел 1,301030 0,002688
откуда 1,000000 0,000563
получает 1,045757 0,000589
топливо 1,397940 0,000788
для 0,107905 0,000365
войны 0,698970 0,000919
россией 0,795880 0,001046
reuters 1,301030 0,000977
alkis 1,698970 0,000957
konstantinidis 1,698970 0,000957
страны 0,638272 0,000719
нато 0,769551 0,001012
договорились 1,698970 0,000957
поставках 1,522879 0,000858
всу 0,744727 0,002238
тяжелых 1,698970 0,000957
видов 1,522879 0,001144
наступательных 1,698970 0,000957
вооружений 1,698970 0,000957
однако 0,886057 0,001165
поступающая 1,698970 0,000957
запада 1,000000 0,000751
бронетехника 1,698970 0,000957
требует 1,096910 0,000824
украины 0,721246 0,002032
сосредоточения 1,698970 0,000957
соответствующих 1,698970 0,000957
запасов 1,698970 0,000957
топлива 1,397940 0,000788
ранее 0,958607 0,005041
львиная 1,698970 0,000957
доля 1,698970 0,000957
рынка 1,096910 0,000618
гсм 1,522879 0,000858
стране 0,823909 0,000774
принадлежала 1,698970 0,000957
минску 1,698970 0,000957
москве 0,455932 0,000514
теперь 0,602060 0,000452
ситуация 1,000000 0,000563
сильно 1,045757 0,000589
изменилась 1,522879 0,000858
российская 0,886057 0,000832
планомерно 1,698970 0,000957
уничтожает 1,698970 0,000957
нпз 1,397940 0,000788
топливные 1,698970 0,000957
базы 1,522879 0,000858
кто 0,408935 0,000384
снабжает 1,698970 0,000957
украинские 0,823909 0,000774
самолеты 1,397940 0,001313
танки 1,522879 0,001144
топливом 1,698970 0,001276
как 0,187087 0,000843
вс 1,000000 0,000751
могут 0,508638 0,000382
воспрепятствовать 1,698970 0,000957
этому 1,045757 0,000786
кремль 1,154902 0,001518
оценил 1,154902 0,000651
голосование 1,154902 0,000868
дружественных 1,698970 0,001276
стран 1,045757 0,001178
вопросу 1,522879 0,000858
исключения 1,397940 0,001050
из 0,167491 0,000661
спч 0,920819 0,000692
оон 0,823909 0,000774
власти 0,769551 0,000723
грузии 1,301030 0,000977
раскритиковали 1,698970 0,000957
визит 1,397940 0,001050
грузинских 1,698970 0,000957
оппозиционеров 1,698970 0,000957
москву 0,886057 0,000832
спросили 1,698970 0,000957
планах 1,301030 0,000733
литвы 1,522879 0,001430
блокаде 1,522879 0,001430
калининграда 1,301030 0,001222
большевики 1,698970 0,000957
отдали 1,698970 0,000957
исконно 1,698970 0,000957
русские 0,886057 0,000666
земли 0,920819 0,000519
maxim 1,522879 0,000572
zmeyev 1,698970 0,000638
происходящее 1,698970 0,000957
сегодня 0,443697 0,000333
было 0,585027 0,000879
спровоцировано 1,698970 0,000957
более 0,494850 0,000279
ста 1,522879 0,000858
лет 0,366532 0,000551
назад 0,638272 0,000360
крайней 1,522879 0,001144
мере 1,301030 0,000977
именно 0,823909 0,001083
такой 0,795880 0,000448
вывод 1,698970 0,000957
можно 0,420216 0,000710
сделать 0,886057 0,000499
изучения 1,397940 0,000788
русской 0,744727 0,000420
истории 0,552842 0,000415
документов 1,154902 0,000651
составленных 1,522879 0,000858
еще 0,327902 0,000246
большевиками 1,698970 0,000957
гигантские 1,522879 0,000858
территории 1,096910 0,001442
населенные 1,698970 0,000957
русскими 1,301030 0,000733
том 0,522879 0,000295
числе 1,045757 0,000589
промышленный 1,522879 0,000858
донбасс 0,886057 0,000666
личным 1,698970 0,000957
решением 1,522879 0,000858
ленина 1,301030 0,000733
отданы 1,698970 0,000957
произошло 1,045757 0,000589
росатоме 1,698970 0,000957
начали 0,958607 0,000540
готовить 1,522879 0,000858
инфраструктуру 1,397940 0,001050
прототипа 1,522879 0,001144
будущего 0,795880 0,000598
термоядерного 1,522879 0,001144
реактора 1,522879 0,001144
отреагировал 1,397940 0,000788
провокацию 1,397940 0,000788
краматорске 0,823909 0,000619
минобороны 0,698970 0,000788
опровергло 1,221849 0,000918
причастность 1,301030 0,000733
ракетному 1,397940 0,000788
удару 1,301030 0,000733
зеленский 1,154902 0,001735
оскорбил 1,698970 0,000957
греков 1,698970 0,001914
выступлением 1,698970 0,000957
нацистами 1,522879 0,000858
lesvospost 1,698970 0,000638
com 0,744727 0,000280
web 1,096910 0,000412
tv 0,920819 0,000346
youtube 0,721246 0,000271
выступление 1,301030 0,000977
владимира 0,721246 0,000677
зеленского 0,958607 0,000720
перед 0,769551 0,000434
греческим 1,698970 0,000957
парламентом 1,522879 0,000858
вызвало 1,522879 0,001144
скандал 1,301030 0,000977
украинский 1,096910 0,000618
решил 1,000000 0,000939
дать 1,301030 0,000977
слово 0,795880 0,000448
этническим 1,698970 0,000957
грекам 1,698970 0,000957
воюющим 1,698970 0,000957
нацбате 1,698970 0,000957
азов 1,154902 0,001084
поддержки 0,823909 0,000464
он 0,455932 0,000599
получил 0,958607 0,000540
шквал 1,698970 0,000957
критики 1,698970 0,000957
практически 1,096910 0,000618
всех 0,552842 0,000311
крупнейших 1,698970 0,000957
политических 1,397940 0,001575
сил 1,096910 0,001030
афин 1,698970 0,000957
того 0,853872 0,001764
вновь 0,795880 0,000448
повторил 1,698970 0,000957
допущенную 1,698970 0,000957
обращении 1,698970 0,001276
израильскому 1,698970 0,000957
кнессету 1,698970 0,000957
ошибку 1,154902 0,000651
использовав 1,698970 0,000957
неудачное 1,698970 0,000957
историческое 1,522879 0,000858
сравнение 1,397940 0,000788
литовском 1,522879 0,001144
городе 0,958607 0,001260
мариямполе 1,522879 0,001144
осквернили 1,397940 0,000788
памятник 1,096910 0,000824
советским 1,301030 0,000977
воинам 1,301030 0,000977
япония 0,823909 0,000464
запретила 1,522879 0,000858
импорт 1,096910 0,000824
древесины 1,397940 0,001050
водки 1,221849 0,000918
анонсированы 1,698970 0,000638
переговоры 1,045757 0,000786
глав 1,154902 0,000434
турции 1,154902 0,000434
британии 1,301030 0,000733
италии 1,154902 0,000434
ситуации 1,000000 0,000563
вертолеты 1,522879 0,000858
атаковали 1,301030 0,000733
белгород 1,221849 0,000688
антон 0,958607 0,000360
вергун 1,698970 0,000638
пока 0,920819 0,000865
перегруппировывает 1,698970 0,000638
свои 0,698970 0,000263
войска 1,221849 0,000688
северо 1,698970 0,000638
востоке 1,301030 0,000489
нанесли 1,096910 0,000412
авиаудар 1,698970 0,000638
нефтебазе 1,522879 0,000858
российском 1,000000 0,000563
белгороде 1,397940 0,000788
несмотря 1,000000 0,000563
отсутствие 1,096910 0,000824
жертв 1,154902 0,000651
незначительный 1,698970 0,000957
ущерб 1,522879 0,000858
инцидент 1,522879 0,001144
вызвал 1,301030 0,000733
бурную 1,522879 0,000858
реакцию 1,397940 0,000788
сети 0,744727 0,000420
вертолетам 1,698970 0,000638
удается 1,397940 0,000525
наносить 1,698970 0,000638
удары 1,221849 0,000459
целью 1,301030 0,000489
они 0,585027 0,000549
проводятся 1,522879 0,000572
исключить 1,397940 0,000525
авиационных 1,698970 0,000638
вторжений 1,698970 0,000638
при 0,387216 0,000654
взрыве 1,397940 0,000525
газового 1,698970 0,000638
баллона 1,698970 0,000638
нижневартовске 1,522879 0,000572
пострадали 1,301030 0,000489
пять 1,045757 0,000393
рабочих 1,221849 0,000459
вучич 1,301030 0,000733
рассказал 0,602060 0,000339
истребителе 1,522879 0,000858
воздушной 1,698970 0,000957
зоне 1,301030 0,000733
преодолеть 1,397940 0,000788
магию 1,397940 0,000788
модных 1,522879 0,000858
брендов 1,154902 0,000651
игорь 0,823909 0,000464
караулов 1,698970 0,000957
поэт 1,045757 0,000393
публицист 1,397940 0,000788
переход 1,522879 0,000858
расчеты 1,698970 0,000957
рублях 1,301030 0,000733
который 0,508638 0,000478
должен 0,886057 0,000666
устранить 1,698970 0,000957
недооцененность 1,698970 0,000957
нашего 0,958607 0,000540
экспорта 1,397940 0,000788
страна 1,045757 0,000589
уже 0,568636 0,001068
столь 1,221849 0,000688
же 0,721246 0,000813
важно 1,221849 0,000688
выявить 1,698970 0,000957
истинную 1,698970 0,000957
цену 1,522879 0,000858
западной 1,522879 0,000858
интеллектуальной 1,096910 0,000618
собственности 1,154902 0,000651
частью 1,096910 0,000618
которой 0,886057 0,000499
являются 1,045757 0,000589
бренды 1,221849 0,000688
товарные 1,522879 0,000858
знаки 1,522879 0,000858
памяти 1,045757 0,000589
великого 1,096910 0,000618
вольфовича 1,698970 0,000957
максим 0,958607 0,000540
соколов 1,698970 0,000957
похоже 1,301030 0,000733
той 1,698970 0,000957
новой 0,638272 0,000360
эпохе 1,698970 0,000957
куда 0,795880 0,000448
мы 0,327902 0,000185
вступаем 1,698970 0,000957
не 0,136677 0,000975
будет 0,387216 0,001163
многого 1,698970 0,000957
прежнего 1,698970 0,000957
шутовской 1,698970 0,000957
стихии 1,522879 0,000858
тоже 0,958607 0,000540
грустное 1,698970 0,000957
ощущение 1,397940 0,000788
потому 0,920819 0,000519
очень 0,568636 0,000427
многие 0,920819 0,000519
отнюдь 1,522879 0,000858
сочувствовавшие 1,698970 0,000957
владимиру 1,397940 0,001050
вольфовичу 1,698970 0,000957
его 0,346787 0,000521
политике 1,221849 0,000688
сейчас 0,481486 0,000452
грустят 1,698970 0,000957
что 0,161151 0,000575
нас 0,468521 0,000440
покинул 1,096910 0,000618
сын 0,886057 0,000499
юриста 1,397940 0,000788
обсуждение 1,301030 0,008063
комментариев 1,397940 0,005776
предотвратить 1,522879 0,001144
российскую 1,096910 0,001030
спецоперацию 1,096910 0,000824
геворг 1,698970 0,000957
мирзаян 1,698970 0,000957
доцент 1,301030 0,000489
департамента 1,301030 0,000489
политологии 1,397940 0,000525
финансового 1,698970 0,000638
университета 1,154902 0,000434
правительстве 1,698970 0,000638
рф 0,568636 0,000641
ничего 0,958607 0,000540
вернешь 1,698970 0,000957
нужно 0,698970 0,000394
строить 1,397940 0,000788
новые 0,337242 0,000633
взаимоотношения 1,698970 0,000957
садиться 1,522879 0,000858
стол 1,698970 0,000957
писать 1,000000 0,000563
правила 0,638272 0,000360
всем 0,853872 0,000962
вместе 0,744727 0,000559
западу 1,522879 0,001144
готов 1,154902 0,001084
запад 1,000000 0,001127
вряд 1,698970 0,001276
операции 0,920819 0,000519
однозначно 1,522879 0,000858
комментария 1,397940 0,001838
украинцев 1,522879 0,000572
возмутило 1,698970 0,000638
новогоднее 1,698970 0,000638
обращение 1,522879 0,000572
факту 1,698970 0,000638
нападения 1,221849 0,000459
росгвардейцев 1,698970 0,000638
незаконной 1,698970 0,000638
акции 1,000000 0,000563
возбуждены 1,698970 0,000638
дела 0,920819 0,000346
вциом 1,698970 0,000638
россиян 0,744727 0,000280
тоскующими 1,698970 0,000638
индивидуалистами 1,698970 0,000638
поляки 1,698970 0,000957
хотят 0,886057 0,000832
стать 0,721246 0,000271
главными 1,698970 0,000638
европе 0,886057 0,000499
разозлил 1,698970 0,000957
самый 0,769551 0,000578
опасный 1,522879 0,000858
человек 0,420216 0,000237
мире 0,468521 0,000792
умер 0,958607 0,000900
владимир 0,431798 0,000649
жириновский 0,677781 0,001527
м 0,698970 0,000394
году 0,602060 0,000339
жизни 0,431798 0,000405
скончался 1,221849 0,000688
лидер 1,000000 0,000751
лдпр 0,744727 0,000839
был 0,468521 0,000264
одним 1,221849 0,000688
самых 0,585027 0,000330
ярких 1,301030 0,000733
эксцентричных 1,698970 0,000957
политиков 1,301030 0,000733
постсоветском 1,698970 0,000957
пространстве 1,698970 0,000957
возглавляемая 1,698970 0,000957
им 0,602060 0,000452
партия 1,301030 0,000733
традиционно 1,522879 0,000858
оставалась 1,698970 0,000957
одной 0,886057 0,000499
ведущих 1,301030 0,000733
исключительно 1,301030 0,000733
благодаря 0,823909 0,000464
таланту 1,698970 0,000957
харизме 1,698970 0,000957
жириновского 0,657577 0,000617
память 1,000000 0,000939
нем 0,958607 0,000540
жить 0,853872 0,000481
долго 0,958607 0,000540
несколько 0,795880 0,000448
городов 1,221849 0,000918
переименовать 1,698970 0,000957
улицы 1,301030 0,000733
легендарном 1,698970 0,000957
политическом 1,522879 0,000858
деятеле 1,698970 0,000957
пятницу 1,096910 0,000412
произошел 1,397940 0,000525
пожар 1,301030 0,000489
охватил 1,698970 0,000638
резервуары 1,698970 0,000638
причиной 1,522879 0,000572
пожара 1,522879 0,000572
стал 0,585027 0,000439
вертолетов 1,698970 0,000638
подобравшихся 1,698970 0,000638
городу 1,522879 0,000572
предельно 1,397940 0,000525
малых 1,698970 0,000638
высотах 1,698970 0,000638
лос 1,698970 0,000957
анджелесе 1,698970 0,000957
прошла 1,045757 0,000589
я 0,356547 0,000268
церемония 1,000000 0,000563
вручения 1,221849 0,000459
премии 0,823909 0,000619
оскар 1,000000 0,000563
победителей 1,154902 0,000434
й 1,000000 0,000376
главным 1,221849 0,000459
событием 1,698970 0,000638
лауреатом 1,397940 0,000525
уиллом 1,522879 0,000572
смитом 1,698970 0,000638
ведущим 1,522879 0,000572
церемонии 1,397940 0,000525
комиком 1,698970 0,000638
крисом 1,698970 0,000638
роком 1,698970 0,000638
ведущий 1,154902 0,000434
пошутил 1,397940 0,000525
стрижкой 1,698970 0,000638
жены 1,045757 0,000393
смита 1,301030 0,000489
чего 0,769551 0,000289
актер 0,920819 0,000346
поднялся 1,522879 0,000572
сцену 1,522879 0,000572
дал 1,221849 0,000688
тому 1,096910 0,000412
пощечину 1,698970 0,000638
многим 1,698970 0,000638
конфликт 1,154902 0,000651
показался 1,698970 0,000638
инсценировкой 1,698970 0,000638
собственная 1,698970 0,000638
российским 0,795880 0,000747
школьникам 1,522879 0,000572
покажут 1,301030 0,000489
маршрут 1,698970 0,000638
золотое 1,522879 0,000858
кольцо 1,221849 0,000688
ярославской 1,522879 0,000572
области 0,721246 0,000542
ярославскую 1,698970 0,000638
область 1,045757 0,000589
рамках 1,154902 0,000434
национального 1,522879 0,000572
проекта 0,886057 0,000333
культура 0,619789 0,000349
приедут 1,698970 0,000638
школьников 1,221849 0,000459
победители 1,221849 0,000459
олимпиад 1,698970 0,000638
учащиеся 1,522879 0,000572
школ 1,397940 0,000525
искусств 1,096910 0,000412
кадетских 1,698970 0,000638
корпусов 1,522879 0,000572
всей 0,920819 0,000519
посещение 1,397940 0,000525
переславля 1,698970 0,000638
залесского 1,698970 0,000638
ярославля 1,698970 0,000638
ростова 1,698970 0,000638
предусмотрено 1,698970 0,000638
маршрутом 1,698970 0,000638
александр 0,468521 0,000264
невский 1,698970 0,000638
марий 1,397940 0,000525
эл 0,494850 0,000186
открыли 1,397940 0,000525
новое 0,823909 0,000309
здание 1,397940 0,000525
государственной 1,397940 0,000788
филармонии 1,698970 0,001276
йошкар 1,397940 0,000525
оле 1,522879 0,000572
прошло 1,221849 0,000459
торжественное 1,698970 0,000638
открытие 1,154902 0,000434
нового 0,769551 0,000434
здания 1,522879 0,000572
марийской 1,698970 0,000638
имени 0,721246 0,000406
якова 1,522879 0,000572
эшпая 1,698970 0,000638
этого 0,619789 0,000466
работники 1,698970 0,000638
располагались 1,698970 0,000638
пристрое 1,698970 0,000638
оренбурге 1,698970 0,000957
легендарная 1,698970 0,000957
катюша 1,698970 0,000638
вернулась 1,397940 0,000788
парк 1,096910 0,000412
салют 1,154902 0,000434
победа 1,522879 0,000572
музейную 1,698970 0,000638
вахту 1,698970 0,000638
полной 1,301030 0,000489
реставрации 1,397940 0,000525
бм 1,698970 0,000638
которую 1,000000 0,000376
годы 0,823909 0,000309
солдаты 1,397940 0,000788
прозвали 1,698970 0,000638
катюшей 1,698970 0,000638
другими 1,221849 0,000459
экспонатами 1,698970 0,000638
боевая 1,522879 0,000572
машина 1,301030 0,000489
была 0,744727 0,000280
полностью 0,795880 0,000448
отреставрирована 1,698970 0,000638
менялось 1,698970 0,000957
ваше 0,853872 0,000481
отношение 1,045757 0,000589
жириновскому 1,522879 0,000858
политической 1,096910 0,000824
карьеры 1,301030 0,000733
целом 1,301030 0,001466
улучшилось 1,698970 0,000957
ухудшилось 1,522879 0,000858
осталось 1,221849 0,001147
изначально 1,522879 0,001430
хорошим 1,522879 0,000858
плохим 1,698970 0,000957
нужны 0,886057 0,000499
территориальные 1,698970 0,000957
приобретения 1,522879 0,000858
да 0,698970 0,000656
нет 0,537602 0,000808
знаю 1,096910 0,000618
отключит 1,522879 0,000858
газ 1,045757 0,000786
европа 0,853872 0,001283
откажется 1,397940 0,000788
платить 1,096910 0,000618
него 0,795880 0,000448
рублями 1,522879 0,000858
затрудняюсь 1,698970 0,000957
ответить 1,522879 0,000858
экономика 0,568636 0,000534
политика 0,387216 0,000873
общество 0,494850 0,000372
происшествия 0,823909 0,000309
мнения 0,886057 0,000499
видео 0,327902 0,000431
фото 0,568636 0,000427
нацпроект 1,301030 0,000489
голосования 1,522879 0,000572
газете 1,397940 0,000788
вакансии 0,657577 0,000370
реклама 0,346787 0,000195
сайте 0,420216 0,000237
функционирует 1,221849 0,000459
финансовой 1,154902 0,000434
поддержке 1,096910 0,000412
министерства 1,096910 0,000618
цифрового 1,397940 0,000525
развития 0,698970 0,000263
связи 0,455932 0,000171
массовых 0,568636 0,000214
коммуникаций 0,585027 0,000220
федерации 0,744727 0,000280
заявили 1,397940 0,000788
ударе 0,853872 0,000481
еврокомиссии 1,301030 0,000489
отправилась 1,397940 0,000525
киев 0,920819 0,001556
поезде 1,154902 0,000434
польши 1,096910 0,000824
ес 0,920819 0,001902
утвердил 1,221849 0,000459
пятый 0,920819 0,000346
блок 1,301030 0,000489
против 0,387216 0,000509
банк 0,920819 0,000346
снизил 0,698970 0,000263
ключевую 0,677781 0,000255
ставку 0,657577 0,000247
годовых 0,886057 0,000333
ракетами 1,221849 0,000459
оникс 1,397940 0,000525
уничтожен 1,301030 0,000489
центр 0,537602 0,000202
подготовки 1,000000 0,000376
наемников 0,958607 0,000360
под 0,376751 0,000354
одессой 1,096910 0,000412
китай 1,096910 0,000412
причину 1,522879 0,000572
кризиса 1,154902 0,000434
национализировать 1,522879 0,000572
имущество 1,301030 0,000489
молдавии 1,698970 0,000638
захотели 1,698970 0,000638
избавиться 1,397940 0,000525
газовых 1,698970 0,000638
тисков 1,698970 0,000638
кадыров 0,958607 0,000360
заявил 0,744727 0,001119
освобождении 1,301030 0,000489
мариуполя 0,853872 0,000481
отложила 1,698970 0,000638
поставку 1,301030 0,000489
танков 1,221849 0,000459
отказались 1,221849 0,000459
объяснять 1,522879 0,000572
американских 1,522879 0,000572
абрамовича 1,698970 0,000638
вывели 1,301030 0,000489
интернет 0,522879 0,000196
оборудования 1,397940 0,000788
россию 0,568636 0,000214
конкретные 1,522879 0,000572
политические 1,221849 0,000459
цели 1,301030 0,000733
связали 1,522879 0,000572
визитом 1,522879 0,000572
делегации 1,698970 0,001276
комментарий 1,221849 0,002065
каналу 1,698970 0,000638
sky 1,698970 0,000957
news 0,920819 0,000519
песков 0,744727 0,000979
объяснил 0,769551 0,000434
слова 1,045757 0,000589
значительных 1,301030 0,000733
потерях 1,096910 0,000824
рейс 1,698970 0,000638
белград 1,397940 0,000525
москва 0,508638 0,000478
дня 0,443697 0,000250
ряда 1,522879 0,000858
исключение 1,221849 0,000459
нашей 0,853872 0,000481
является 0,853872 0,000321
результатом 1,522879 0,000572
принуждения 1,522879 0,000572
русофобии 1,397940 0,000788
пресс 0,638272 0,000599
секретарь 1,154902 0,001084
главы 1,045757 0,000589
российского 0,698970 0,000525
государства 1,221849 0,000688
дмитрий 0,602060 0,000565
научный 1,221849 0,000688
институт 1,154902 0,000434
росатома 1,397940 0,000525
готовит 1,154902 0,000434
рассказали 0,744727 0,000280
представители 1,301030 0,000489
ао 0,795880 0,000448
гнц 1,698970 0,000638
тринити 1,698970 0,000638
входит 1,698970 0,000638
дивизион 1,698970 0,000638
госкорпорации 1,698970 0,000638
росатом 1,698970 0,000638
наука 0,585027 0,000220
инновации 1,522879 0,000572
премьер 0,853872 0,000641
министр 1,221849 0,000688
ираклий 1,698970 0,000638
гарибашвили 1,698970 0,000638
подверг 1,698970 0,000638
критике 1,698970 0,000638
грузинского 1,301030 0,000489
оппозиционного 1,698970 0,000638
альянса 1,522879 0,000572
патриотов 1,698970 0,000638
передает 1,221849 0,000459
корреспондент 1,301030 0,000489
газеты 0,958607 0,000360
тбилиси 1,522879 0,000572
президента 0,920819 0,001038
комментировать 1,522879 0,000572
планы 1,096910 0,000618
ввести 1,301030 0,000489
транспортную 1,698970 0,000638
блокаду 1,698970 0,001276
указал 1,522879 0,000572
официальных 1,301030 0,000489
решений 1,522879 0,000572
этот 0,698970 0,000525
счет 1,000000 0,000376
принималось 1,698970 0,000638
компании 0,619789 0,000233
gazprom 1,698970 0,000638
germania 1,698970 0,000638
gmbh 1,698970 0,000638
необходима 1,698970 0,000638
обеспечения 1,698970 0,000638
энергетической 1,698970 0,000638
безопасности 0,920819 0,000346
фрг 1,522879 0,001144
заявило 1,301030 0,000489
федеральное 1,045757 0,000393
сетевое 0,677781 0,000255
агентство 1,221849 0,000459
германии 1,000000 0,000751
регулятор 1,698970 0,000638
гарантировал 1,698970 0,000638
создаст 1,397940 0,000525
условия 0,795880 0,000448
продолжения 1,221849 0,000459
осуществления 1,522879 0,000572
компанией 1,397940 0,000525
жизненно 1,698970 0,000638
важных 1,301030 0,000489
операций 1,301030 0,000489
газовом 1,698970 0,000638
рынке 1,301030 0,000489
призвал 1,301030 0,000489
исходить 1,698970 0,000638
заявления 1,000000 0,000376
теме 1,045757 0,005302
удара 0,823909 0,000619
представитель 1,301030 0,000489
кремля 1,397940 0,000525
подчеркнул 1,522879 0,000572
такие 0,958607 0,000540
ракеты 1,154902 0,000651
используются 1,698970 0,000957
армией 1,698970 0,000638
рейтинг 0,853872 0,000481
путина 0,886057 0,000499
неделю 0,920819 0,000519
вырос 1,698970 0,000957
одобрения 1,698970 0,000638
деятельности 1,000000 0,000376
сообщает 1,301030 0,000489
фонд 1,154902 0,000434
общественное 1,522879 0,000858
мнение 0,886057 0,001498
фом 1,698970 0,000638
пояснил 1,522879 0,000572
говоря 1,301030 0,000489
российских 0,468521 0,000176
военных 0,795880 0,000299
ходе 1,000000 0,000376
эфире 0,823909 0,000464
канала 1,000000 0,000376
опирался 1,397940 0,000525
данные 0,677781 0,000382
обороны 1,522879 0,000858
точка 0,795880 0,000299
использованные 1,698970 0,000638
вокзалу 0,853872 0,000481
краматорска 1,045757 0,000589
стоят 1,397940 0,000525
только 0,283997 0,000373
вооружении 1,522879 0,000572
денис 0,853872 0,000321
пушилин 1,096910 0,000412
находящийся 1,698970 0,000638
мемориале 1,698970 0,000638
где 0,455932 0,000257
захоронены 1,698970 0,000638
советские 0,958607 0,000360
великой 0,958607 0,000360
отечественной 1,154902 0,000651
подвергся 1,522879 0,000572
вандализма 1,698970 0,000638
сообщил 0,823909 0,000309
департамент 1,301030 0,000489
полиции 1,221849 0,000459
мвд 1,154902 0,000434
лавров 1,000000 0,000563
обсудил 1,096910 0,000618
главой 1,397940 0,000525
мид 0,886057 0,000666
египта 1,221849 0,000688
лаг 1,698970 0,000638
украиной 1,045757 0,000589
сергей 0,468521 0,000176
министром 1,698970 0,000957
иностранных 0,886057 0,000666
дел 1,301030 0,000733
самехом 1,698970 0,000638
шухри 1,698970 0,000638
результаты 1,045757 0,000393
встречи 0,886057 0,000333
министерской 1,698970 0,000638
контактной 1,698970 0,000638
группы 1,045757 0,000393
лиги 1,397940 0,000525
арабских 1,698970 0,000638
государств 1,397940 0,000525
дмитрием 1,301030 0,000489
кулебой 1,698970 0,000638
сообщили 0,958607 0,000360
внешнеполитическом 1,698970 0,000638
ведомстве 1,397940 0,000788
министерство 1,301030 0,000489
нанесение 1,522879 0,000572
ракетного 1,397940 0,000525
железнодорожному 1,397940 0,000525
донецкой 1,221849 0,000459
планировалось 1,698970 0,000638
огневых 1,698970 0,000638
задач 1,522879 0,000572
британия 1,301030 0,000489
ввела 1,301030 0,000489
санкции 0,721246 0,000406
ввел 1,221849 0,000459
дополнительные 1,096910 0,000412
списке 1,397940 0,000525
физических 1,522879 0,000572
лиц 1,045757 0,000393
отношении 0,853872 0,000321
которых 0,677781 0,000636
введены 1,698970 0,000638
рестрикции 1,698970 0,000638
фигурируют 1,698970 0,000638
мария 0,698970 0,000263
воронцова 1,522879 0,000572
катерина 1,221849 0,000459
тихонова 1,698970 0,000638
стала 0,769551 0,000289
известна 1,397940 0,000525
дата 1,000000 0,000376
запуска 1,397940 0,000525
миссии 1,397940 0,000788
луна 1,397940 0,000525
космодрома 1,698970 0,000957
восточный 1,397940 0,000788
запуск 1,397940 0,000525
первой 0,958607 0,000360
луне 1,698970 0,000638
намечен 1,698970 0,000638
августа 0,958607 0,000360
заместитель 1,221849 0,000459
генерального 1,522879 0,000572
конструктора 1,522879 0,000572
электрическим 1,522879 0,000572
системам 1,698970 0,000638
нпо 1,698970 0,000638
лавочкина 1,698970 0,000638
митькин 1,698970 0,000638
правительство 1,096910 0,000412
японии 0,958607 0,000540
ввело 1,698970 0,000638
запрет 1,096910 0,000412
машинного 1,522879 0,000572
некоторых 1,221849 0,000459
фумио 1,522879 0,000572
кисида 1,522879 0,000572
заявление 1,221849 0,000459
моравецкого 1,698970 0,000638
макрон 1,397940 0,000788
совершенно 0,886057 0,000333
необоснованным 1,698970 0,000638
возмутительным 1,698970 0,000638
польша 1,221849 0,000918
пошла 1,301030 0,000489
атаку 1,522879 0,001144
лидеров 1,698970 0,000638
евросоюза 1,301030 0,000489
спецоперация 1,045757 0,000589
дала 1,698970 0,000957
польше 1,698970 0,000957
повод 1,397940 0,001050
возможность 0,721246 0,000406
чтобы 0,408935 0,000384
бросить 1,397940 0,000788
вызов 1,154902 0,000651
франции 1,000000 0,000563
лидерство 1,397940 0,000788
евросоюзе 1,698970 0,000957
замысел 1,397940 0,000788
соответствует 1,221849 0,000688
польскому 1,698970 0,000957
гонору 1,698970 0,000957
желанию 1,522879 0,000858
проводником 1,522879 0,000858
интересов 1,397940 0,000788
которого 0,920819 0,000519
внутри 1,045757 0,000589
выступает 1,522879 0,000858
варшава 1,522879 0,000858
сдаваться 1,522879 0,000572
собирается 1,154902 0,000434
польский 1,397940 0,000525
генерал 1,301030 0,000489
претензиях 1,698970 0,000638
варшавы 1,698970 0,000638
калининград 1,096910 0,000824
указала 1,698970 0,000638
главный 0,522879 0,000196
тормоз 1,698970 0,000638
счел 1,397940 0,000525
русофобию 1,397940 0,000788
мейнстримом 1,698970 0,000638
достигнет 1,522879 0,000572
военным 1,698970 0,000638
дипломатическим 1,698970 0,000638
путем 1,397940 0,000525
заставит 1,698970 0,000638
выполнять 1,522879 0,000572
обещания 1,698970 0,000638
сути 1,522879 0,000572
отказалась 1,698970 0,000638
своих 0,657577 0,000247
предложений 1,522879 0,000572
обсужденных 1,698970 0,000638
прошлой 1,397940 0,000525
неделе 1,096910 0,000412
стамбуле 1,154902 0,000434
внезапно 1,154902 0,000434
предложил 1,045757 0,000393
новый 0,408935 0,000154
вариант 1,301030 0,000489
мирного 1,397940 0,000525
соглашения 0,958607 0,000360
абсолютно 1,221849 0,000459
устраивает 1,522879 0,000572
видит 1,221849 0,000459
эти 0,853872 0,000481
провокации 1,096910 0,000412
этом 0,585027 0,000220
готова 1,221849 0,000688
продолжать 1,397940 0,000525
их 0,455932 0,000342
цель 1,397940 0,000525
четко 1,522879 0,000572
обозначена 1,698970 0,000638
принять 1,045757 0,000393
москвы 0,744727 0,000280
остаются 1,397940 0,000525
неизменными 1,522879 0,000572
аналитика 1,221849 0,002065
шесть 0,958607 0,000540
иллюзий 1,221849 0,000688
верит 1,522879 0,000858
свою 0,619789 0,000466
победу 1,301030 0,000977
буча 1,397940 0,000788
думать 1,301030 0,000733
крепнет 1,698970 0,000638
западных 1,301030 0,000489
чем 0,387216 0,000291
секрет 1,045757 0,000393
чудесного 1,698970 0,000638
укрепления 1,221849 0,000459
рассчитывал 1,698970 0,000638
приглашение 1,397940 0,000525
грека 1,698970 0,000638
азовца 1,698970 0,000638
парламенте 1,221849 0,000459
греции 1,045757 0,000393
удачный 1,698970 0,000638
ход 1,045757 0,000393
печально 1,522879 0,000572
еврей 1,698970 0,000638
может 0,387216 0,000145
поддерживать 1,698970 0,000638
неонацистов 1,522879 0,000572
афины 1,397940 0,000525
заступятся 1,698970 0,000638
убитых 1,698970 0,000638
донбассе 0,958607 0,000720
украинцы 1,301030 0,000977
видят 1,698970 0,000638
армию 1,301030 0,000489
всепобеждающей 1,698970 0,000638
российские 0,744727 0,000280
вооруженные 1,397940 0,000525
силы 0,958607 0,000360
каждый 0,721246 0,000271
день 0,522879 0,000196
методично 1,698970 0,000638
перемалывают 1,698970 0,000638
украинскую 1,698970 0,000638
оборону 1,397940 0,000525
берут 1,522879 0,000572
готовятся 1,221849 0,000459
крупному 1,698970 0,000638
наступлению 1,698970 0,000638
опросы 1,154902 0,000434
ни 0,698970 0,000394
парадоксально 1,698970 0,000638
показывают 1,522879 0,000858
абсолютное 1,698970 0,000638
большинство 1,397940 0,000525
жителей 0,853872 0,000802
верят 1,522879 0,000572
грядущую 1,698970 0,000638
военную 1,522879 0,000572
своей 0,853872 0,000321
логически 1,698970 0,000638
объяснить 1,397940 0,000525
обвинила 1,522879 0,000572
игнорировании 1,698970 0,000638
доказательств 1,698970 0,000957
фабрикации 1,698970 0,000638
фейка 1,698970 0,000638
буче 0,958607 0,001260
небензя 1,698970 0,000638
посоветовал 1,221849 0,000459
зеленскому 1,698970 0,001276
сражаться 1,522879 0,000572
последнего 1,397940 0,000788
украинца 1,522879 0,000572
постпред 1,698970 0,000957
кнр 1,522879 0,000572
обвинения 1,301030 0,000733
событиям 1,397940 0,000525
должны 1,301030 0,000733
быть 0,420216 0,000158
подтверждены 1,698970 0,000638
фактами 1,522879 0,000572
сегодняшние 1,698970 0,000638
конфликты 1,522879 0,000572
многом 1,522879 0,000572
заложены 1,698970 0,000638
лично 1,301030 0,000489
лениным 1,698970 0,000638
украинское 1,698970 0,000638
государство 1,522879 0,000858
создавалось 1,698970 0,000638
помощью 0,769551 0,000289
лжи 1,522879 0,000572
насилия 1,397940 0,000525
пригрозила 1,698970 0,000638
необходимости 1,301030 0,000489
вскрыть 1,698970 0,000638
советскими 1,698970 0,000638
методами 1,698970 0,000638
блокады 1,522879 0,000572
защищает 1,698970 0,000638
ядерный 1,698970 0,000638
кулак 1,698970 0,000638
балтии 1,698970 0,000638
закрыть 0,823909 0,000309
границу 1,522879 0,000572
сделают 1,698970 0,000638
то 0,522879 0,000393
калининградская 1,698970 0,000638
окажется 1,397940 0,000525
сухопутной 1,698970 0,000638
вильнюсе 1,698970 0,000638
риге 1,522879 0,000572
всерьез 1,397940 0,000525
высказались 1,698970 0,000638
возможности 0,958607 0,000360
перекрытия 1,698970 0,000638
границ 1,397940 0,000525
какие 0,494850 0,000186
меры 1,000000 0,000376
данном 1,397940 0,000525
случае 0,920819 0,000346
предпримет 1,698970 0,000638
снять 1,301030 0,000489
своего 0,920819 0,000346
региона 1,221849 0,000459
нацеливает 1,698970 0,000638
американские 1,045757 0,000393
экономический 1,522879 0,000572
ответ 1,000000 0,000376
пугает 1,301030 0,000489
разыгрывает 1,698970 0,000638
карту 1,397940 0,000525
немецким 1,522879 0,000572
калининградом 1,698970 0,000638
выборах 1,301030 0,000733
запускает 1,698970 0,000638
производство 1,154902 0,000434
замену 1,397940 0,000525
боингам 1,698970 0,000638
аэрбасам 1,698970 0,000638
готовится 1,397940 0,000525
летать 1,698970 0,000957
отечественных 1,397940 0,000525
самолетах 1,698970 0,000638
назвала 1,301030 0,000733
россияне 1,000000 0,000376
будут 0,638272 0,000360
ресурс 1,522879 0,000572
боингов 1,698970 0,000638
аэрбасов 1,698970 0,000638
исчерпан 1,698970 0,000638
сухого 1,698970 0,000638
суперджет 1,698970 0,000638
дальнемагистральные 1,698970 0,000638
ту 1,000000 0,000376
ил 1,698970 0,000638
выбраны 1,522879 0,000572
сможет 1,000000 0,000376
производить 1,522879 0,000572
сих 1,096910 0,000412
пор 1,045757 0,000393
неинтересны 1,698970 0,000638
авиакомпаниям 1,522879 0,000572
спасет 1,301030 0,000489
авиацию 1,698970 0,000638
самому 1,301030 0,000489
опасному 1,698970 0,000638
человеку 1,301030 0,000489
год 0,508638 0,000191
назван 1,698970 0,000638
стало 0,886057 0,000333
известно 1,000000 0,000376
кого 0,823909 0,000309
джо 1,301030 0,000489
байден 1,522879 0,001144
считает 1,000000 0,000376
самым 0,920819 0,000346
опасным 1,301030 0,000489
человеком 1,301030 0,000733
си 1,397940 0,000525
цзиньпин 1,698970 0,000638
дональд 1,522879 0,000572
трамп 1,698970 0,000638
руперт 1,522879 0,000572
мердок 1,698970 0,000638
фамилию 1,522879 0,000572
человека 0,537602 0,000202
конечно 1,221849 0,000459
слышали 1,522879 0,000572
воспринимал 1,698970 0,000638
глобальную 1,698970 0,000638
угрозу 1,301030 0,000733
странно 1,522879 0,000572
оценивает 1,522879 0,000572
ситуацию 1,096910 0,000618
вполне 1,522879 0,000858
адекватно 1,698970 0,000638
пятая 1,522879 0,000572
колонна 1,698970 0,000638
джорджа 1,397940 0,000525
сороса 1,698970 0,000638
названа 1,301030 0,000489
именам 1,698970 0,000638
влиятельный 1,698970 0,000638
телеведущий 1,522879 0,000572
подыгрывает 1,698970 0,000638
демократы 1,698970 0,000638
взбунтовались 1,522879 0,000572
байдена 1,397940 0,000525
протесты 1,397940 0,000525
русских 0,795880 0,000448
латвии 1,221849 0,000688
привести 1,301030 0,000489
лишению 1,698970 0,000638
гражданства 1,522879 0,000858
сторонникам 1,698970 0,000638
прибалтике 1,522879 0,000858
готовят 1,397940 0,000525
особый 1,522879 0,000572
вид 1,154902 0,000434
наказания 1,397940 0,000788
пост 1,000000 0,000376
соцсети 1,096910 0,000412
лишиться 1,522879 0,000572
вовсе 1,301030 0,000733
очередные 1,698970 0,000638
адрес 0,552842 0,000208
так 0,481486 0,000181
эксперты 0,853872 0,000321
воспринимают 1,522879 0,000572
прямо 0,958607 0,000360
реализуются 1,698970 0,000638
наказывать 1,522879 0,000572
планируется 1,698970 0,000638
поддержку 1,000000 0,000376
коснется 1,522879 0,000572
десятков 1,698970 0,000638
тысяч 0,744727 0,000420
русского 0,769551 0,000289
населения 1,045757 0,000393
скорее 1,221849 0,000459
всего 0,721246 0,000271
знаменитого 1,698970 0,000638
миллиардера 1,698970 0,000638
превращается 1,397940 0,000525
украину 1,301030 0,000489
эстонская 1,698970 0,000638
фирма 1,698970 0,000638
программиста 1,698970 0,000638
фбк 1,522879 0,000572
оказалась 1,154902 0,000434
разработчиком 1,698970 0,000638
vpn 1,522879 0,000572
обхода 1,522879 0,000572
ограничений 1,301030 0,000733
надоело 1,522879 0,000572
кормить 1,522879 0,000572
беженцев 1,522879 0,000572
налаживает 1,698970 0,000638
мирную 1,522879 0,000858
жизнь 0,455932 0,000342
освобожденных 1,397940 0,000788
районах 1,698970 0,000638
юга 1,522879 0,000572
юг 1,522879 0,000572
живет 1,045757 0,000393
флагом 1,397940 0,000525
херсонской 1,154902 0,000434
территориях 1,698970 0,000638
запорожской 1,698970 0,000638
создает 1,221849 0,000459
военно 1,397940 0,000525
гражданские 1,698970 0,000638
администрации 1,397940 0,000525
задача 1,397940 0,000525
наладить 1,522879 0,000572
обеспечить 1,698970 0,000638
население 1,522879 0,000572
продуктами 1,522879 0,000572
медикаментами 1,698970 0,000638
а 0,221849 0,000167
фермеров 1,698970 0,000638
необходимым 1,522879 0,000572
посевной 1,522879 0,000572
административными 1,698970 0,000638
зданиями 1,698970 0,000638
этих 0,958607 0,000540
регионах 1,154902 0,000434
сами 1,301030 0,000489
местные 1,522879 0,000572
жители 1,000000 0,000376
поднимают 1,698970 0,000638
флаги 1,698970 0,000638
оставляет 1,301030 0,000489
попыток 1,698970 0,000638
дестабилизировать 1,698970 0,000638
регионе 1,397940 0,000525
тяжелой 1,154902 0,000651
продолжительной 1,522879 0,000858
болезни 1,154902 0,000651
сам 1,000000 0,000376
возрасте 1,397940 0,000525
российский 0,619789 0,000233
политик 1,301030 0,000489
смерть 0,823909 0,000464
подтвердил 1,397940 0,000525
председатель 1,522879 0,000572
госдумы 1,301030 0,000489
вячеслав 1,221849 0,000459
володин 1,301030 0,000489
какую 1,522879 0,000572
роль 0,958607 0,000360
занял 1,698970 0,000638
сложится 1,698970 0,000638
судьба 0,920819 0,000346
главного 1,000000 0,000376
общественного 1,301030 0,000489
детища 1,698970 0,000638
всегда 0,657577 0,000247
отстаивал 1,698970 0,000638
интересы 1,698970 0,000638
фракция 1,698970 0,000638
ударом 1,522879 0,000572
справка 1,096910 0,000412
крылатые 1,397940 0,000525
фразы 1,397940 0,000525
европейская 1,397940 0,000525
карикатура 1,698970 0,000638
позапрошлого 1,698970 0,000638
века 0,721246 0,000271
кажется 1,045757 0,000393
времен 1,096910 0,000412
восприятие 1,698970 0,000638
ничуть 1,522879 0,000572
изменилось 1,522879 0,000572
история 0,443697 0,000250
знает 1,000000 0,000376
надежный 1,522879 0,000572
способ 1,000000 0,000376
искоренения 1,698970 0,000638
демонизация 1,698970 0,000638
постоянные 1,522879 0,000572
попытки 1,301030 0,000489
завоевать 1,397940 0,000525
или 0,292430 0,000220
попросту 1,698970 0,000638
уничтожить 1,698970 0,000638
русское 1,221849 0,000459
изобретение 1,522879 0,000572
времени 0,698970 0,000394
многочисленные 1,522879 0,000572
примеры 1,397940 0,000525
европейские 1,301030 0,000733
практиковали 1,698970 0,000638
сотни 1,221849 0,000459
когда 0,397940 0,000299
европейцы 1,522879 0,000858
придумали 1,698970 0,000638
доктрину 1,698970 0,000638
деспотизме 1,698970 0,000638
варварстве 1,698970 0,000638
каким 1,000000 0,000376
удавалось 1,698970 0,000638
побеждать 1,522879 0,000572
начались 1,397940 0,000525
западного 1,522879 0,000572
господства 1,698970 0,000638
насладились 1,698970 0,000638
крупнейшим 1,522879 0,000572
унижением 1,698970 0,000638
дипломаты 1,522879 0,000572
превратили 1,698970 0,000638
военные 0,853872 0,000321
неудачи 1,698970 0,000638
триумф 1,698970 0,000638
запретить 1,698970 0,000638
угля 1,000000 0,000751
нанесла 1,698970 0,000638
первый 0,585027 0,000220
энергоресурсам 1,698970 0,000638
опаской 1,698970 0,000638
брюссель 1,698970 0,000638
поддался 1,698970 0,000638
давлению 1,698970 0,000638
ввели 1,522879 0,000572
эмбарго 1,301030 0,000733
нефти 1,698970 0,000638
требовали 1,522879 0,000572
европы 0,920819 0,000692
отделаться 1,698970 0,000638
малой 1,301030 0,000489
кровью 1,522879 0,000572
начать 0,920819 0,000346
одного 0,769551 0,000289
энергоресурса 1,698970 0,000638
вынесли 1,522879 0,000572
скобки 1,698970 0,000638
обещанная 1,698970 0,000638
морская 1,522879 0,000572
сухопутная 1,698970 0,000638
блокада 1,301030 0,000489
имеет 1,221849 0,000459
важные 0,958607 0,000360
насколько 1,096910 0,000618
серьезны 1,698970 0,000638
угрозы 1,397940 0,000525
морской 1,397940 0,000525
провокация 1,397940 0,000525
рубежном 1,397940 0,000788
поставила 1,397940 0,000525
здоровье 0,744727 0,000280
мирных 1,397940 0,000525
решились 1,698970 0,000638
химическую 1,698970 0,000957
отступающие 1,698970 0,000638
провели 1,397940 0,000525
самую 1,397940 0,000525
настоящую 1,221849 0,000459
взорвали 1,698970 0,000638
цистерну 1,698970 0,000638
кислотой 1,698970 0,000638
ветер 1,221849 0,000459
дул 1,698970 0,000638
сторону 1,301030 0,000733
войск 1,154902 0,000434
лнр 1,221849 0,000459
создало 1,698970 0,000638
людей 0,698970 0,000263
химического 1,698970 0,000638
загрязнения 1,522879 0,000572
много 0,886057 0,000333
производств 1,698970 0,000638
опасные 1,221849 0,000459
химвещества 1,698970 0,000638
высока 1,698970 0,000638
вероятность 1,301030 0,000489
отступлении 1,522879 0,000572
оставят 1,698970 0,000638
буквальном 1,698970 0,000638
смысле 1,301030 0,000489
выжженную 1,698970 0,000638
землю 1,301030 0,000489
ведут 1,221849 0,000688
постановочную 1,698970 0,000957
войну 1,301030 0,000733
третьей 1,698970 0,000638
мировой 0,920819 0,000346
использует 1,301030 0,000489
фейки 1,698970 0,000638
втянуть 1,698970 0,000638
запустить 1,698970 0,000957
югославский 1,698970 0,000638
сценарий 1,096910 0,000412
совбезу 1,698970 0,000638
свойственной 1,698970 0,000638
ему 0,853872 0,000321
литературной 1,397940 0,000525
манере 1,698970 0,000638
таких 1,096910 0,000412
преступлений 1,221849 0,000688
совершила 1,698970 0,000638
бы 0,585027 0,000220
парировал 1,698970 0,000638
никаких 1,397940 0,000525
свидетельств 1,698970 0,000638
пытаться 1,522879 0,000572
часто 1,221849 0,000459
называют 1,301030 0,000489
югославским 1,698970 0,000638
сценарием 1,698970 0,000638
сербы 1,698970 0,000638
боснии 1,698970 0,000638
стали 0,795880 0,000299
главной 1,045757 0,000393
опорой 1,698970 0,000638
балканах 1,698970 0,000638
прикрыли 1,698970 0,000638
сталину 1,698970 0,000638
спину 1,522879 0,000572
катынском 1,698970 0,000638
деле 0,886057 0,000333
зачем 0,744727 0,000280
нужен 0,886057 0,000333
фейк 1,698970 0,000638
зверствах 1,221849 0,000459
пустые 1,698970 0,000638
полки 1,522879 0,000572
становятся 1,221849 0,000459
привычной 1,698970 0,000638
картиной 1,522879 0,000572
магазинов 1,397940 0,000525
лишает 1,522879 0,000572
европу 1,522879 0,000572
дешевого 1,397940 0,000525
продовольствия 1,397940 0,000525
батон 1,698970 0,000638
хлеба 1,522879 0,000572
скоро 0,769551 0,000289
стоить 1,397940 0,000525
евро 0,769551 0,000289
есть 0,522879 0,000196
чуть 1,000000 0,000376
менее 1,154902 0,000434
тысячи 1,221849 0,000459
прогнозы 1,221849 0,000459
озвучивают 1,698970 0,000638
сми 0,468521 0,000176
описывая 1,698970 0,000638
катастрофическую 1,698970 0,000638
инфляцию 1,698970 0,000638
которая 0,823909 0,000309
накрыла 1,522879 0,000572
результат 1,301030 0,000733
торговых 1,397940 0,000525
каких 0,958607 0,000360
товаров 1,522879 0,000572
первую 0,958607 0,000360
очередь 1,301030 0,000489
касается 1,698970 0,000638
повышение 1,522879 0,000572
цен 0,958607 0,000360
степени 1,522879 0,000858
происходить 1,522879 0,000572
дальше 0,853872 0,000321
ради 1,045757 0,000393
готовы 1,045757 0,000393
заставить 1,522879 0,000572
голодать 1,698970 0,000638
весь 0,721246 0,000271
мир 0,431798 0,000162
проходит 0,886057 0,000333
стадии 1,397940 0,000525
отрицания 1,522879 0,000572
гнева 1,698970 0,000638
торга 1,698970 0,000638
польшей 1,522879 0,000572
националисты 1,698970 0,000638
прежнему 1,301030 0,000489
скрываются 1,698970 0,000638
заводе 1,301030 0,000489
азовсталь 1,522879 0,000572
боевикам 1,522879 0,000572
азова 1,397940 0,000788
мариуполе 1,045757 0,000589
дали 1,221849 0,000459
шанс 1,154902 0,000434
спасение 1,221849 0,000459
плен 1,154902 0,000434
силам 1,522879 0,000572
вечером 1,221849 0,000459
понедельник 1,221849 0,000459
сдались 1,698970 0,000638
украинских 0,744727 0,000280
морпехов 1,698970 0,000638
позже 1,045757 0,000393
предложило 1,522879 0,000572
оставшимся 1,698970 0,000638
националистам 1,698970 0,000638
либо 1,000000 0,000563
сдаться 1,698970 0,000638
выйти 1,154902 0,000434
подконтрольные 1,698970 0,000638
гуманитарному 1,698970 0,000638
коридору 1,698970 0,000638
суть 1,698970 0,000638
предложения 1,154902 0,000434
смогут 1,221849 0,000459
захотят 1,698970 0,000638
воспользоваться 1,301030 0,000489
боевики 1,397940 0,000525
высказаться 1,522879 0,000572
ходаковский 1,698970 0,000638
нельзя 0,795880 0,000299
выпускать 1,397940 0,000525
пределы 1,698970 0,000957
олег 0,795880 0,000299
рой 1,397940 0,000525
украинство 1,698970 0,000957
сплав 1,698970 0,000638
нацизма 1,397940 0,000525
манипуляции 1,698970 0,000638
сражается 1,698970 0,000638
украинцами 1,698970 0,000638
идеологией 1,698970 0,000638
украинства 1,522879 0,000572
такое 0,585027 0,000220
идея 1,154902 0,000434
центре 0,886057 0,000333
существует 1,221849 0,000459
народ 1,301030 0,000489
имеющий 1,698970 0,000638
особые 1,698970 0,000638
права 0,431798 0,000162
народу 1,698970 0,000638
тимофей 1,522879 0,000572
бордачев 1,698970 0,000638
дипломатическая 1,698970 0,000638
избыточность 1,698970 0,000638
недостаточность 1,522879 0,000572
холодной 1,522879 0,000572
заняли 1,301030 0,000489
настолько 1,301030 0,000489
доминирующее 1,698970 0,000638
положение 1,698970 0,000638
необходимые 1,221849 0,000459
размеры 1,698970 0,000638
дипломатического 1,698970 0,000638
присутствия 1,522879 0,000572
превысили 1,698970 0,000638
любые 0,853872 0,000321
разумные 1,698970 0,000638
умел 1,698970 0,000638
предсказывать 1,522879 0,000572
будущее 0,769551 0,000289
оказался 0,920819 0,000346
государственным 1,698970 0,000638
мышлением 1,698970 0,000638
взвешенным 1,698970 0,000638
аналитиком 1,698970 0,000638
прагматиком 1,698970 0,000638
удивительно 1,698970 0,000638
слабо 1,397940 0,000525
стыковалось 1,698970 0,000638
экранным 1,698970 0,000638
алексей 0,602060 0,000226
токарев 1,698970 0,000638
работать 1,000000 0,000376
данными 1,522879 0,000572
врут 1,698970 0,000638
имею 1,698970 0,000638
результатов 1,397940 0,000525
судебно 1,698970 0,000638
медицинской 1,522879 0,000572
экспертизы 1,698970 0,000638
руках 1,221849 0,000459
поэтому 0,853872 0,000321
могу 1,221849 0,000459
рассуждать 1,698970 0,000638
трупных 1,698970 0,000638
пятнах 1,698970 0,000638
окоченения 1,698970 0,000638
мне 0,744727 0,000280
доступны 1,397940 0,000525
тайминге 1,698970 0,000638
конкретных 1,397940 0,000525
бучи 1,698970 0,000638
ним 1,154902 0,000434
обращаюсь 1,698970 0,000638
можегов 1,698970 0,000638
запустила 1,698970 0,000638
часы 1,397940 0,000525
обратную 1,698970 0,000638
апокалипсиса 1,397940 0,000525
плотно 1,698970 0,000638
укладывается 1,698970 0,000638
трехсотлетний 1,698970 0,000638
промежуток 1,698970 0,000638
двумя 1,096910 0,000412
тридцатилетними 1,698970 0,000638
войнами 1,698970 0,000638
xvii 1,301030 0,000489
xx 0,958607 0,000360
веков 1,154902 0,000434
здесь 0,698970 0,000263
обретает 1,522879 0,000572
свой 0,721246 0,000271
большой 0,853872 0,000321
зловещий 1,698970 0,000638
смысл 1,154902 0,000434
тимур 1,698970 0,000638
шерзад 1,698970 0,000638
освобождать 1,698970 0,000638
города 0,657577 0,000370
станет 0,886057 0,000333
проще 1,522879 0,000572
противник 1,698970 0,000638
капитулирует 1,698970 0,000638
самостоятельно 1,154902 0,000434
придется 1,045757 0,000393
вынуждать 1,698970 0,000638
возможно 0,853872 0,000321
брать 1,397940 0,000525
процессе 1,301030 0,000489
крупные 1,221849 0,000459
недооценивать 1,698970 0,000638
противника 1,221849 0,000459
опасно 1,301030 0,000489
вредно 1,522879 0,000572
переоценивать 1,698970 0,000638
вадим 1,045757 0,000393
трухачев 1,698970 0,000638
поплатился 1,698970 0,000638
давление 1,096910 0,000412
сербию 1,698970 0,000638
венгрию 1,698970 0,000638
кончились 1,698970 0,000638
пряники 1,698970 0,000638
сербии 1,221849 0,000459
венгрии 1,522879 0,000572
остались 1,221849 0,000459
кнуты 1,698970 0,000638
просто 0,602060 0,000226
унижают 1,698970 0,000638
национальное 1,698970 0,000638
достоинство 1,522879 0,000572
сербов 1,698970 0,000638
венгров 1,698970 0,000638
налицо 1,522879 0,000572
поборников 1,698970 0,000638
передовых 1,698970 0,000638
ценностей 1,522879 0,000572
любой 0,769551 0,000289
ценой 1,522879 0,000572
жестко 1,698970 0,000638
прокатили 1,698970 0,000638
очередное 1,221849 0,000459
видеопослание 1,698970 0,000638
очередному 1,698970 0,000638
европейскому 1,522879 0,000572
парламенту 1,522879 0,000572
очередной 1,301030 0,000489
сей 1,698970 0,000638
раз 0,698970 0,000263
компанию 1,522879 0,000572
составили 1,397940 0,000525
бойцы 1,301030 0,000489
неонацистского 1,698970 0,000638
батальона 1,522879 0,000572
греческого 1,522879 0,000572
происхождения 1,698970 0,000638
киеве 1,397940 0,000525
учли 1,698970 0,000638
греческих 1,522879 0,000572
нацистов 1,301030 0,000489
греки 1,698970 0,000638
реагируют 1,698970 0,000638
болезненнее 1,698970 0,000638
чужих 1,397940 0,000525
ваш 0,721246 0,000271
ооо 0,853872 0,000321
деловая 1,397940 0,000525
газета 1,045757 0,000393
e 0,677781 0,000255
mail 0,721246 0,000271
information 1,397940 0,000525
логотип 1,522879 0,000572
дизайн 0,958607 0,000360
сайта 0,508638 0,000191
креатив 1,698970 0,000638
группа 1,000000 0,000376
информация 0,552842 0,000208
проекте 0,657577 0,000247
x 0,853872 0,000321
читайте 0,958607 0,000360
facebook 0,823909 0,000309
читаю 1,397940 0,000525
