пятница 0,886057 0,005132
официальный 0,537602 0,000692
сайт 0,173925 0,000448
телеканал 0,585027 0,001882
смотреть 0,443697 0,002855
хороший 0,408935 0,000526
шоу 0,508638 0,007855
когда 0,397940 0,000512
удобно 1,221849 0,001573
прямой 0,619789 0,001197
эфир 0,537602 0,001384
телепрограмма 0,853872 0,001099
кастинг 1,096910 0,001412
магазин 0,619789 0,000798
приз 1,096910 0,001412
xiaomi 1,397940 0,001799
вакансия 0,657577 0,000846
правовой 0,823909 0,001591
информация 0,327902 0,000633
город 0,397940 0,000768
страна 0,387216 0,000748
черный 0,853872 0,012088
список 0,619789 0,008774
сеструха 1,522879 0,002940
талант 0,920819 0,006518
детектор 1,522879 0,008820
евгенич 1,698970 0,003280
нож 1,301030 0,039349
пацанок 1,698970 0,003280
кондитер 1,698970 0,045918
адский 1,522879 0,002940
кухня 1,154902 0,002230
весь 0,107905 0,000833
кошмарный 1,698970 0,003280
сервис 0,537602 0,001038
стать 0,301030 0,000581
жутко 1,522879 0,002940
новый 0,244125 0,000943
сезон 0,568636 0,056351
дима 1,698970 0,007653
масленников 1,698970 0,007653
понедельник 1,045757 0,002692
премьер 0,638272 0,001232
пришлый 1,096910 0,001412
время 0,327902 0,000422
говорить 0,537602 0,000692
правда 0,657577 0,000846
среда 1,000000 0,001287
вторник 1,522879 0,002940
новое 0,214670 0,002210
серия 0,744727 0,017732
четверг 1,045757 0,001346
выпуск 0,698970 0,013494
экстра 1,698970 0,008746
ренат 1,698970 0,009840
агзамов 1,698970 0,009840
доступно 1,397940 0,004498
день 0,236572 0,000609
ведущий 1,154902 0,001486
клининг 1,698970 0,005466
корпоратив 1,698970 0,002187
такси 1,301030 0,001674
электрик 1,698970 0,002187
девичник 1,698970 0,002187
уход 0,853872 0,001099
животный 1,522879 0,001960
повар 1,522879 0,001960
косметолог 1,522879 0,001960
жена 0,677781 0,001308
час 0,769551 0,001981
сигнализация 1,698970 0,003280
курьерский 1,698970 0,002187
служба 0,431798 0,000556
утепление 1,698970 0,002187
стен 1,221849 0,001573
спецуборка 1,698970 0,002187
автосервис 1,522879 0,001960
тата 1,698970 0,002187
фаер 1,698970 0,002187
натяжной 1,698970 0,002187
потолочь 1,698970 0,002187
муж 0,958607 0,001234
вскрытие 1,698970 0,002187
замок 1,154902 0,002230
строительный 1,698970 0,002187
эксперт 0,568636 0,000732
офис 1,154902 0,002230
переезд 1,522879 0,001960
ольга 0,721246 0,002321
бузов 1,301030 0,004186
карина 1,397940 0,004498
кросс 1,221849 0,003931
владимир 0,301030 0,000969
марконь 1,698970 0,005466
часы 0,886057 0,001140
перчатка 1,397940 0,001799
возраст 0,920819 0,001185
не 0,136677 0,000176
преграда 1,522879 0,001960
теперь 0,602060 0,000775
иза 0,167491 0,000323
интернет 0,455932 0,000587
павел 0,769551 0,000990
рак 1,045757 0,001346
лен 1,522879 0,001960
катин 1,698970 0,002187
стас 1,301030 0,003349
пьех 1,522879 0,001960
птаха 1,698970 0,002187
айза 1,397940 0,001799
лаура 1,522879 0,001960
лукин 1,522879 0,001960
михайловск 1,397940 0,003598
big 1,221849 0,002359
russian 1,301030 0,002512
burger 1,698970 0,003280
ставрополь 1,397940 0,003598
гиро 1,698970 0,003280
бум 1,522879 0,002940
оренбург 1,154902 0,001486
башня 1,221849 0,001573
краснодар 1,000000 0,003218
пивной 1,698970 0,002187
екатеринбург 0,920819 0,001185
room 1,522879 0,001960
cafe 1,698970 0,003280
москва 0,292430 0,001505
территория 0,795880 0,001024
ростов 0,920819 0,002370
дон 0,920819 0,001778
креветка 1,698970 0,003280
тольятти 1,698970 0,003280
супер 1,221849 0,002359
рон 1,698970 0,002187
белый 0,853872 0,001099
попугай 1,522879 0,001960
подольск 1,698970 0,002187
синий 1,301030 0,001674
птица 0,958607 0,001234
bazar 1,698970 0,002187
детский 0,619789 0,000798
клуб 0,657577 0,000846
тула 1,096910 0,002118
brutal 1,698970 0,002187
астрахань 1,221849 0,002359
очень 0,568636 0,000732
вкусно 1,698970 0,002187
красноармейск 1,698970 0,002187
геоцент 1,698970 0,002187
королев 1,000000 0,001931
садкий 1,698970 0,002187
маяк 1,096910 0,001412
дворик 1,698970 0,002187
ульяновск 1,221849 0,001573
deku 1,698970 0,002187
курск 1,397940 0,002699
эля 1,698970 0,002187
s 0,721246 0,000928
зеленоград 1,698970 0,002187
cherdak 1,698970 0,002187
саранск 1,397940 0,001799
прокофий 1,698970 0,002187
великий 0,619789 0,000798
иван 0,619789 0,000798
царевич 1,522879 0,001960
санкт 0,769551 0,002971
петербург 0,602060 0,002325
миледи 1,698970 0,002187
prim 1,698970 0,002187
grill 1,698970 0,002187
свой 0,301030 0,000387
солнечногорск 1,522879 0,001960
маренгольц 1,698970 0,002187
сочить 0,920819 0,002370
funduk 1,698970 0,002187
причал 1,698970 0,002187
драма 0,823909 0,001060
комедия 0,886057 0,001140
щелково 1,698970 0,003280
арабика 1,698970 0,002187
wom 1,698970 0,002187
пермь 1,096910 0,002118
dedushka 1,698970 0,002187
дежавь 1,698970 0,002187
густо 1,698970 0,002187
джустый 1,698970 0,002187
вельвет 1,698970 0,002187
берлога 1,698970 0,002187
пушкино 1,698970 0,002187
авеню 1,698970 0,002187
волгоград 1,096910 0,002118
freddys 1,698970 0,002187
shabash 1,698970 0,002187
ярославль 1,045757 0,001346
хлебсоль 1,698970 0,002187
суперфинал 1,698970 0,002187
спецвыпуск 1,698970 0,005466
готовить 0,853872 0,002198
ребенок 0,259637 0,000334
звезда 0,552842 0,000712
московский 0,657577 0,000846
область 0,638272 0,000821
центральный 0,920819 0,001185
федеральный 0,508638 0,000982
округ 1,397940 0,002699
регион 0,619789 0,001994
россия 0,214670 0,000691
уральский 1,522879 0,001960
финал 0,920819 0,001778
новосибирск 1,045757 0,002019
казань 0,769551 0,000990
вундеркинд 1,698970 0,016399
четыре 0,721246 0,008818
свадьба 0,920819 0,027850
цыганский 1,698970 0,003280
бохий 1,698970 0,003280
v 0,795880 0,008194
автобус 1,221849 0,002359
королевский 1,096910 0,001412
железнодорожный 0,958607 0,001234
тематика 1,522879 0,001960
сказочный 1,397940 0,001799
фэшн 1,301030 0,001674
стиль 0,721246 0,001392
минимализм 1,698970 0,002187
гангстерский 1,522879 0,001960
лунный 1,154902 0,001486
эко 1,522879 0,001960
адыгейский 1,698970 0,002187
мотив 1,096910 0,001412
рустика 1,698970 0,002187
сюрприз 1,221849 0,001573
тысяча 0,568636 0,002561
отменить 0,958607 0,001234
байкерский 1,698970 0,002187
классический 0,886057 0,002851
бдсмо 1,698970 0,002187
можно 0,420216 0,000541
ли 0,387216 0,000498
организовать 1,221849 0,001573
рубль 0,455932 0,001174
сызрань 1,698970 0,002187
деревенский 1,301030 0,001674
городской 0,886057 0,001140
свадьб 1,698970 0,002187
безалкогольный 1,698970 0,002187
сейчас 0,481486 0,000620
нетрадиционный 1,698970 0,002187
медицина 0,886057 0,001140
далее 1,096910 0,001412
затем 1,154902 0,001486
помощник 1,096910 0,001412
хозяйство 1,221849 0,001573
сметчик 1,698970 0,002187
свежий 0,795880 0,001024
получать 0,677781 0,005670
уведомление 1,096910 0,009176
внимание 0,769551 0,006438
для 0,107905 0,000903
выполнение 1,397940 0,011694
дать 0,721246 0,006034
действие 0,823909 0,006892
необходимо 0,920819 0,007703
авторизоваться 1,221849 0,010221
четыресвадьба 1,698970 0,002187
геленджик 1,698970 0,002187
нанож 1,698970 0,003280
константинивлев 1,698970 0,003280
регинатодоренко 1,698970 0,002187
тимурродригеза 1,698970 0,002187
ренатагзам 1,698970 0,002187
дмитрия 0,602060 0,000775
масленник 1,522879 0,001960
шоуталант 1,698970 0,002187
клавакок 1,698970 0,002187
романкаграман 1,698970 0,002187
каринакросс 1,698970 0,002187
ольгабузов 1,698970 0,002187
владимирмарконь 1,698970 0,002187
показать 0,522879 0,001009
еще 0,327902 0,000633
news 0,920819 0,002963
игорьлантрат 1,698970 0,005466
уиллсмит 1,698970 0,005466
стражигалактика 1,698970 0,002187
мистернокаут 1,698970 0,002187
всевездеисразу 1,698970 0,002187
скрежет 1,096910 0,001412
мальчикдельфина 1,698970 0,002187
пушкин 0,795880 0,001024
эда 1,397940 0,001799
ширать 1,522879 0,001960
джастинбибер 1,698970 0,002187
оззя 1,698970 0,002187
осборн 1,698970 0,002187
джейсонмомоа 1,698970 0,002187
селенагомес 1,698970 0,002187
ван 1,000000 0,001287
дамма 1,698970 0,002187
гороскоп 1,154902 0,003716
асгар 1,698970 0,002187
фархади 1,698970 0,002187
герой 0,552842 0,000712
джеймс 0,958607 0,001234
кэмерон 1,522879 0,001960
аватар 1,397940 0,001799
формавод 1,698970 0,002187
корольлеть 1,698970 0,002187
александрскарсгард 1,698970 0,002187
варяг 1,301030 0,001674
николькидман 1,698970 0,002187
пол 1,045757 0,001346
маккартнуть 1,698970 0,002187
сильвестр 1,698970 0,002187
сталлон 1,698970 0,002187
theweekend 1,698970 0,002187
федорконюх 1,698970 0,002187
юлиясавичев 1,698970 0,002187
валерий 1,154902 0,001486
павелдур 1,698970 0,002187
алисий 1,522879 0,001960
викандер 1,522879 0,001960
петрарка 1,698970 0,002187
серенауильямс 1,698970 0,002187
беллахадид 1,698970 0,002187
энди 1,522879 0,001960
уорхол 1,698970 0,002187
аннасемен 1,698970 0,002187
анфисачехов 1,698970 0,002187
острыекозырек 1,698970 0,002187
михайлов 1,397940 0,001799
кортникокс 1,698970 0,003280
грэмми 1,522879 0,001960
ледигага 1,698970 0,002187
bombaestereo 1,698970 0,002187
джон 0,920819 0,001185
батист 1,698970 0,002187
биллиайлиша 1,698970 0,002187
silksonic 1,698970 0,002187
bt 1,698970 0,002187
дэвидбоуи 1,698970 0,002187
лой 1,698970 0,002187
иринабезруков 1,698970 0,002187
анатолийца 1,698970 0,002187
виталийгогунский 1,698970 0,002187
бруклинбекхэм 1,698970 0,002187
уматурман 1,698970 0,002187
александрбольшунов 1,698970 0,002187
килианмбапп 1,698970 0,002187
эль 1,522879 0,001960
макферсон 1,698970 0,002187
умный 0,920819 0,001185
дом 0,356547 0,000459
умныйд 1,698970 0,002187
александрпушной 1,698970 0,002187
как 0,187087 0,000241
шеф 1,000000 0,001287
оладья 1,698970 0,002187
тыква 1,698970 0,002187
готовькакшеф 1,698970 0,002187
виталийистомин 1,698970 0,002187
всегда 0,657577 0,000846
ты 0,602060 0,000775
кармана 1,698970 0,002187
сообщить 0,585027 0,000753
ошибка 0,677781 0,000872
friday 1,698970 0,002187
ru 0,180456 0,000232
отслеживать 1,397940 0,001799
анонимный 1,397940 0,001799
визит 1,154902 0,001486
использование 0,408935 0,000789
cookie 0,958607 0,001234
подробный 0,657577 0,000846
условие 0,468521 0,000603
закрыть 0,698970 0,000900
этот 0,173925 0,000224
сообщение 0,677781 0,000872
чтобы 0,408935 0,000526
подтвердить 1,045757 0,001346
что 0,161151 0,000207
вы 0,301030 0,000387
согласный 1,096910 0,001412
