телеканал 0,677781 0,000329
тв 0,657577 0,004472
официальный 0,958607 0,000466
сайт 0,455932 0,000221
телепрограмма 0,853872 0,000691
видео 0,327902 0,000265
проекты 0,657577 0,001065
войти 0,494850 0,000240
кастинги 1,301030 0,000632
не 0,136677 0,001328
ловит 1,698970 0,000825
прямой 0,769551 0,000498
эфир 0,677781 0,000439
есть 0,522879 0,000423
идея 1,154902 0,000748
сценария 1,698970 0,000825
поиск 0,494850 0,000160
новые 0,337242 0,000218
серии 0,920819 0,001491
сердце 0,853872 0,000277
из 0,167491 0,000678
стали 0,795880 0,000387
много 0,886057 0,000430
лет 0,366532 0,000297
назад 0,638272 0,000310
офицер 1,397940 0,000453
полиции 1,221849 0,000396
лин 1,522879 0,000493
донг 1,698970 0,000825
потерял 1,397940 0,000453
дочь 1,000000 0,000810
своей 0,853872 0,001106
работе 1,154902 0,000748
он 0,455932 0,001255
назначен 1,522879 0,000493
обеспечивать 1,522879 0,000493
безопасность 1,096910 0,000355
студентки 1,698970 0,000825
сиднейского 1,698970 0,000550
института 1,221849 0,000396
имени 0,721246 0,000234
нэнси 1,698970 0,000825
чувствует 1,397940 0,000453
что 0,161151 0,001435
ним 1,154902 0,000935
существует 1,221849 0,000396
нечто 1,397940 0,000453
будто 1,522879 0,000493
она 0,657577 0,001810
его 0,346787 0,001404
ожившая 1,698970 0,000550
выросшая 1,698970 0,000550
сиси 1,698970 0,000550
серия 0,920819 0,015357
фильм 0,795880 0,001418
колдовство 1,698970 0,000550
три 0,619789 0,000502
молодые 1,397940 0,000453
девушки 1,045757 0,001185
уверены 1,301030 0,000421
они 0,585027 0,000853
ведьмы 1,698970 0,000825
чтобы 0,408935 0,000596
разбудить 1,698970 0,000550
силы 0,958607 0,000466
им 0,602060 0,000195
требуется 1,397940 0,000453
четвертая 1,522879 0,000493
школу 1,096910 0,000355
прибывает 1,397940 0,000453
новая 0,677781 0,000439
ученица 1,698970 0,000550
которая 0,823909 0,000800
сразу 0,795880 0,000387
находит 1,301030 0,000421
общий 1,221849 0,000396
язык 0,823909 0,000267
подружками 1,698970 0,000550
проведя 1,698970 0,000550
обряд 1,522879 0,000493
получают 1,397940 0,000453
магические 1,522879 0,000493
использовать 1,154902 0,000561
их 0,455932 0,000960
собираются 1,522879 0,000493
отнюдь 1,522879 0,000493
благо 1,522879 0,000493
центурион 1,698970 0,000550
год 0,508638 0,000247
римская 1,698970 0,000550
империя 1,301030 0,000421
простирается 1,698970 0,000550
египта 1,221849 0,000396
испании 1,522879 0,000493
востока 1,397940 0,000453
черного 1,397940 0,000453
моря 1,301030 0,000421
квинтус 1,698970 0,000550
диас 1,522879 0,000493
единственный 1,221849 0,000396
оставшийся 1,698970 0,000550
живых 1,301030 0,000421
после 0,356547 0,000751
набега 1,698970 0,000550
римский 1,522879 0,000493
пограничный 1,698970 0,000550
форт 1,698970 0,000550
диких 1,698970 0,000550
ужасающих 1,698970 0,000550
пиктов 1,698970 0,000825
идет 0,886057 0,000430
север 1,397940 0,000453
легендарным 1,698970 0,000550
девятым 1,698970 0,000550
легионом 1,698970 0,000550
генерала 1,698970 0,000550
вирилием 1,698970 0,000550
стереть 1,698970 0,000550
лица 1,096910 0,000533
земли 0,920819 0,000298
всех 0,552842 0,000269
вместе 0,744727 0,000724
лидером 1,154902 0,000374
горлеконом 1,698970 0,000550
меч 1,522879 0,000493
дракона 1,301030 0,000421
древний 1,397940 0,000453
китай 1,096910 0,000355
великом 1,522879 0,000493
шелковом 1,698970 0,000550
пути 0,886057 0,000430
командир 1,522879 0,000493
отряда 1,698970 0,000550
охраны 1,397940 0,000453
хо 1,397940 0,000453
ань 1,698970 0,000550
сталкивается 1,698970 0,000825
римским 1,698970 0,000550
полководцем 1,698970 0,000550
луцием 1,698970 0,000550
воинам 1,301030 0,000421
разных 0,920819 0,000298
цивилизаций 1,397940 0,000453
предстоит 1,301030 0,000632
сражаться 1,522879 0,000493
бок 1,522879 0,000740
против 0,387216 0,000188
властного 1,698970 0,000550
императора 1,397940 0,000453
тиберия 1,698970 0,000550
новый 0,408935 0,001854
день 0,522879 0,002371
сезон 0,721246 0,002686
выпуск 0,853872 0,003456
пенсионерке 1,698970 0,000550
светлане 1,698970 0,001100
кузнецовой 1,698970 0,000825
петербурга 1,154902 0,000374
года 0,356547 0,000635
нее 1,045757 0,001185
двое 1,221849 0,000594
взрослых 1,000000 0,000324
приемных 1,522879 0,000493
детей 0,420216 0,000340
программу 1,301030 0,000632
женщина 0,886057 0,000861
обратилась 1,698970 0,000550
просьбой 1,698970 0,001100
изменить 1,154902 0,000561
ее 0,508638 0,002141
внешность 1,698970 0,000550
создать 1,154902 0,000561
современный 1,221849 0,000396
образ 1,221849 0,000791
так 0,481486 0,000468
как 0,187087 0,000424
дети 0,677781 0,000439
мнению 1,221849 0,000396
стесняются 1,698970 0,000550
возрастной 1,698970 0,000550
мамы 1,397940 0,000453
свой 0,721246 0,000467
родной 1,301030 0,000421
город 0,769551 0,000249
возвращается 1,397940 0,001584
модная 1,397940 0,000453
яркая 1,698970 0,000550
точно 1,096910 0,000533
знает 1,000000 0,000648
наладить 1,522879 0,000493
контакт 1,221849 0,000396
детьми 1,096910 0,000355
личную 1,522879 0,000740
жизнь 0,455932 0,000886
пропустите 1,522879 0,000740
светланы 1,397940 0,000905
страницу 1,154902 0,015147
проекта 0,886057 0,012195
услышав 1,698970 0,000550
трагическую 1,698970 0,000550
историю 0,795880 0,000258
летней 1,301030 0,000632
тани 1,698970 0,000550
кочановой 1,698970 0,000550
москвы 0,744727 0,000482
ведущая 1,522879 0,000740
программы 0,721246 0,000350
ана 1,522879 0,000493
мавричева 1,698970 0,000550
смогла 1,221849 0,000396
сдержать 1,522879 0,000493
слез 1,221849 0,000396
девушка 0,958607 0,001242
раннем 1,698970 0,000550
возрасте 1,397940 0,000453
осталась 1,221849 0,000396
родителей 0,958607 0,000776
пережила 1,522879 0,000493
буллинг 1,698970 0,000550
приемной 1,698970 0,000550
семье 1,154902 0,000561
столкнулась 1,698970 0,000550
осуждением 1,698970 0,000550
общества 1,045757 0,000508
озлобилась 1,698970 0,000550
молодая 1,397940 0,000905
девчонка 1,397940 0,000453
розовыми 1,698970 0,000550
волосами 1,698970 0,000550
обожает 1,522879 0,000493
животных 1,045757 0,000339
ценит 1,698970 0,000550
настоящую 1,221849 0,000396
дружбу 1,301030 0,000421
уши 1,522879 0,000493
влюблена 1,698970 0,001651
своего 0,920819 0,001640
молодого 1,522879 0,000740
человека 0,537602 0,000348
таким 1,045757 0,000339
багажом 1,698970 0,000550
обновленная 1,522879 0,000493
героиня 1,221849 0,001187
отправится 1,522879 0,000493
новую 0,769551 0,000498
профессию 1,522879 0,000493
ралине 1,698970 0,000550
мерзиной 1,698970 0,000825
казани 1,045757 0,000339
них 0,769551 0,000498
расстройство 1,698970 0,000550
пищевого 1,522879 0,000493
поведения 1,698970 0,000550
вес 1,698970 0,000550
чуть 1,000000 0,000324
больше 0,552842 0,000269
килограммов 1,522879 0,000493
поэтому 0,853872 0,000277
вынуждена 1,221849 0,000396
одеваться 1,522879 0,000493
детских 1,221849 0,000594
магазинах 1,522879 0,000493
соответствует 1,221849 0,000396
профессии 1,000000 0,000324
юрист 1,397940 0,000453
суде 1,522879 0,000493
поборола 1,698970 0,000550
недуг 1,698970 0,000550
теперь 0,602060 0,000292
намерена 1,096910 0,000355
кардинально 1,698970 0,000550
менять 1,397940 0,000453
свою 0,619789 0,000903
профессия 1,397940 0,000679
знакомства 1,221849 0,000396
ралины 1,698970 0,000550
анне 1,522879 0,000493
два 0,619789 0,000301
половиной 1,698970 0,000550
попала 1,221849 0,000396
аварию 1,698970 0,000550
очень 0,568636 0,000737
долго 0,958607 0,000310
восстанавливалась 1,698970 0,000550
это 0,251812 0,000897
был 0,468521 0,000228
переходный 1,698970 0,000550
период 1,221849 0,000396
который 0,508638 0,000247
разделил 1,698970 0,000550
жизни 0,431798 0,000210
анны 1,154902 0,000561
сейчас 0,481486 0,000234
хочет 1,000000 0,000486
начать 0,920819 0,000298
сделать 0,886057 0,000717
первые 0,795880 0,000258
шаги 1,397940 0,000453
переменам 1,698970 0,000550
врачи 1,154902 0,000561
мае 1,221849 0,000396
кристина 1,154902 0,000561
медведева 1,397940 0,000453
проходила 1,698970 0,000550
плановый 1,698970 0,000550
осмотр 1,698970 0,000550
гинеколога 1,698970 0,000550
была 0,744727 0,000362
беременна 1,698970 0,000550
ждала 1,698970 0,000550
двойню 1,698970 0,000550
накануне 1,221849 0,000396
визита 1,698970 0,000550
врачу 1,698970 0,000550
неважно 1,698970 0,000550
себя 0,552842 0,000985
чувствовала 1,522879 0,000493
поднялось 1,698970 0,000550
давление 1,096910 0,000355
появились 1,221849 0,000396
отеки 1,522879 0,000493
даже 0,602060 0,000682
представляла 1,698970 0,000550
насколько 1,096910 0,000355
опасно 1,301030 0,000421
было 0,585027 0,000663
состояние 1,301030 0,000421
летний 0,958607 0,000776
миша 1,301030 0,000421
безруков 1,522879 0,000493
занимался 1,397940 0,000453
греко 1,698970 0,000550
римской 1,698970 0,000550
борьбой 1,698970 0,000550
никогда 0,958607 0,000621
жаловался 1,698970 0,000550
здоровье 0,744727 0,000241
время 0,356547 0,000462
обследования 1,698970 0,000550
спортивной 1,698970 0,000550
школе 1,221849 0,000396
него 0,795880 0,001031
неожиданно 1,397940 0,001584
обнаруживаются 1,698970 0,000550
проблемы 0,920819 0,000447
сердцем 1,397940 0,000453
летняя 1,301030 0,001053
валентина 1,045757 0,000508
ситникова 1,698970 0,000550
приехала 1,698970 0,000550
тюмени 1,522879 0,000493
сама 1,397940 0,000679
называет 1,522879 0,000493
человеком 1,301030 0,000632
праздником 1,522879 0,000493
такая 1,096910 0,000355
мероприятий 1,096910 0,000355
однако 0,886057 0,000861
признается 1,698970 0,000825
организовать 1,397940 0,000453
получается 1,522879 0,000493
вопросом 1,522879 0,000740
же 0,721246 0,000467
я 0,356547 0,000115
делаю 1,698970 0,000550
мужчины 0,920819 0,000447
меня 0,657577 0,000213
бегут 1,397940 0,000453
появилась 1,397940 0,000453
пороге 1,522879 0,000493
студии 1,154902 0,000374
аны 1,698970 0,000550
мавричевой 1,698970 0,000825
понравятся 1,698970 0,000550
ли 0,387216 0,000627
героине 1,522879 0,000493
полученные 1,698970 0,000550
ответы 1,000000 0,000486
узнаете 1,397940 0,000453
выпуске 1,221849 0,000791
валентины 1,698970 0,000550
ситниковой 1,698970 0,000550
любовная 1,522879 0,005918
магия 1,522879 0,006165
родион 1,522879 0,000493
просит 1,522879 0,001726
приворожить 1,522879 0,000986
нему 1,301030 0,000421
лейлу 1,698970 0,000550
похожа 1,522879 0,000493
первую 0,958607 0,000310
любовь 0,585027 0,000379
гала 1,301030 0,003792
выполняет 1,698970 0,000550
просьбу 1,698970 0,000550
предупреждает 1,522879 0,000986
обратного 1,698970 0,000550
будет 0,387216 0,000125
виктор 0,795880 0,000515
объясняется 1,522879 0,000493
галой 1,698970 0,000550
юра 1,698970 0,000550
обращается 1,522879 0,000986
гале 1,698970 0,002751
странной 1,698970 0,000825
срочно 1,397940 0,000453
влюбить 1,698970 0,000550
кого 0,823909 0,000267
нибудь 1,301030 0,000421
сестру 1,301030 0,000421
приходит 1,221849 0,000989
бывшего 1,154902 0,000374
мужа 1,221849 0,001978
бориса 1,154902 0,000561
алена 1,397940 0,000453
влюбилась 1,698970 0,000550
павла 1,301030 0,000632
переписываясь 1,698970 0,000550
сайте 0,420216 0,001089
знакомств 1,522879 0,000493
недавно 1,154902 0,000561
мужчина 0,958607 0,000776
удалил 1,522879 0,000493
профиль 1,397940 0,000453
елена 0,769551 0,000498
муж 1,154902 0,000748
изменил 1,397940 0,000453
ей 0,958607 0,001087
женой 1,397940 0,000905
ивана 1,301030 0,000421
может 0,387216 0,000564
иваном 1,522879 0,000493
друг 0,769551 0,000498
другу 1,045757 0,000508
соседка 1,522879 0,000493
вера 1,154902 0,000561
павловна 1,698970 0,000550
считает 1,000000 0,000486
сглазила 1,698970 0,000550
начинает 1,397940 0,000453
борьбу 1,397940 0,000453
таксист 1,698970 0,000550
вадим 1,045757 0,000339
забыть 1,301030 0,000632
одну 1,096910 0,000710
пассажирку 1,698970 0,000550
том 0,522879 0,000423
возлюбленной 1,522879 0,000493
погибали 1,698970 0,000550
рита 1,397940 0,000453
знакомится 1,522879 0,001233
соседом 1,698970 0,000550
галы 1,698970 0,000550
виктором 1,221849 0,000594
альбина 1,698970 0,000550
галу 1,698970 0,001926
помочь 1,000000 0,000648
фитнес 1,397940 0,000453
тренера 1,397940 0,000453
замечает 1,698970 0,000550
близкие 1,397940 0,000453
то 0,522879 0,000762
скрывают 1,522879 0,000493
никиту 1,698970 0,000550
ставят 1,698970 0,000550
учет 1,698970 0,000550
отделе 1,698970 0,000550
делам 1,397940 0,000453
несовершеннолетних 1,698970 0,000550
жанной 1,698970 0,000550
инспектором 1,698970 0,000550
этого 0,619789 0,000401
отдела 1,301030 0,000421
видит 1,221849 0,000989
венец 1,522879 0,000493
безбрачия 1,698970 0,000550
ирина 0,886057 0,000717
сына 1,000000 0,000810
василия 1,397940 0,000453
пропускает 1,698970 0,000550
ни 0,698970 0,000453
одной 0,886057 0,000430
идти 1,397940 0,000453
отказывается 1,301030 0,000421
никита 1,154902 0,001309
берет 1,301030 0,000421
вину 1,522879 0,000493
саши 1,221849 0,000396
симпатичный 1,522879 0,000493
молодой 1,096910 0,000533
боксер 1,698970 0,000550
павел 0,853872 0,000415
могут 0,508638 0,000247
понять 1,000000 0,000324
почему 0,366532 0,000178
стал 0,585027 0,000568
плохо 1,301030 0,000421
переносить 1,522879 0,000493
обычные 1,522879 0,000493
спортивные 1,522879 0,000493
нагрузки 1,397940 0,000453
понимает 1,221849 0,000989
все 0,124939 0,000283
ночной 1,698970 0,000825
гости 1,096910 0,000533
парня 1,221849 0,000396
тася 1,698970 0,000825
поддержать 1,096910 0,000355
премьере 1,698970 0,000550
спектакля 1,221849 0,000396
потому 0,920819 0,000447
папа 1,154902 0,000561
занят 1,698970 0,000550
оба 1,397940 0,000453
марины 1,301030 0,000632
влюблены 1,698970 0,000550
девушку 1,522879 0,000986
чего 0,769551 0,000249
буквально 1,698970 0,000550
врагами 1,698970 0,000550
сильный 1,397940 0,000453
приворот 1,522879 0,000493
одном 0,958607 0,000310
братьев 1,301030 0,000632
обращает 1,698970 0,000550
внимание 0,795880 0,000258
девочку 1,522879 0,000493
параллельного 1,698970 0,000550
класса 1,301030 0,000421
сашу 1,522879 0,000493
олю 1,698970 0,000550
всю 0,795880 0,000258
называли 1,397940 0,000453
страшилой 1,698970 0,000550
необычной 1,698970 0,000825
внешности 1,522879 0,000493
красавец 1,397940 0,000453
сева 1,698970 0,000550
вдруг 1,397940 0,000453
сделал 1,154902 0,000374
предложение 1,154902 0,000374
а 0,221849 0,000359
пропал 1,698970 0,001926
несколько 0,795880 0,000515
дней 0,744727 0,000241
оля 1,397940 0,000453
дать 1,301030 0,000421
остуду 1,698970 0,000550
севу 1,698970 0,000550
борис 0,769551 0,000374
собирается 1,154902 0,000748
продать 1,301030 0,000421
дачу 1,698970 0,000550
приглашает 1,698970 0,000550
сыном 1,698970 0,001100
пикник 1,522879 0,000493
алексей 0,602060 0,000585
говорят 0,886057 0,000287
жена 0,853872 0,000691
ушла 1,221849 0,000594
навсегда 1,000000 0,000324
жалуется 1,522879 0,000493
отпускает 1,698970 0,000550
рождения 0,677781 0,000329
парню 1,698970 0,000550
подруги 1,522879 0,001233
соне 1,698970 0,000550
надоело 1,522879 0,000493
влюбляться 1,698970 0,000550
проблемных 1,698970 0,000550
парней 1,522879 0,000493
симпатичному 1,698970 0,000550
коллеге 1,698970 0,000550
ярославу 1,698970 0,000550
никите 1,698970 0,000550
кажется 1,045757 0,000677
нравится 1,221849 0,000396
девушке 1,397940 0,000453
которую 1,000000 0,000648
влюблен 1,522879 0,000493
лиза 1,221849 0,000594
давно 0,769551 0,000249
андрея 1,221849 0,000396
просто 0,602060 0,000292
другом 1,301030 0,000632
однажды 0,920819 0,000596
спасет 1,301030 0,000421
школы 0,853872 0,000277
армию 1,301030 0,000421
тревожит 1,698970 0,000550
отчаянии 1,698970 0,000550
причинил 1,698970 0,000550
жене 1,522879 0,000493
сильную 1,698970 0,000550
боль 1,154902 0,000374
помнит 1,522879 0,000986
когда 0,397940 0,000580
произошло 1,045757 0,000677
пытается 1,154902 0,000561
арине 1,698970 0,000550
представляя 1,522879 0,000493
чему 0,886057 0,000287
приведет 1,522879 0,000493
сестра 1,301030 0,000632
татьяна 1,000000 0,000486
узнает 1,221849 0,001187
роман 0,638272 0,000310
другой 0,920819 0,000298
женщиной 1,221849 0,000396
советует 1,397940 0,000679
отпустить 1,698970 0,000550
решает 1,221849 0,000396
побороться 1,522879 0,000493
свое 0,698970 0,000679
счастье 1,045757 0,000339
новыми 1,698970 0,000550
соседями 1,698970 0,000550
отцом 1,301030 0,000421
одиночкой 1,698970 0,000550
дочерью 1,698970 0,000825
тасей 1,698970 0,000550
вскоре 1,221849 0,000594
застает 1,698970 0,000550
лестнице 1,698970 0,000550
учительницу 1,698970 0,000550
таси 1,698970 0,000550
слезах 1,698970 0,000550
виктора 1,397940 0,000453
риты 1,698970 0,000825
появляется 1,397940 0,000453
питомец 1,698970 0,000550
игоря 1,397940 0,000679
полюбила 1,698970 0,000550
другого 1,221849 0,000396
уехать 1,397940 0,000453
швецию 1,698970 0,000550
уверяет 1,698970 0,000550
расставания 1,698970 0,000825
избежать 1,221849 0,000396
отпускать 1,698970 0,000550
отец 1,154902 0,000374
расстался 1,522879 0,000493
девушкой 1,522879 0,000493
случайно 1,301030 0,000421
встречает 1,221849 0,000396
улице 1,221849 0,000396
влада 1,698970 0,000550
брата 1,397940 0,000679
сообщает 1,301030 0,000421
собрался 1,698970 0,000550
жениться 1,698970 0,000550
влад 1,522879 0,000493
жертвой 1,522879 0,000493
сильного 1,522879 0,000493
приворота 1,698970 0,000550
записывает 1,698970 0,000550
психотерапевту 1,698970 0,000550
приема 1,522879 0,000493
надей 1,698970 0,000550
безответно 1,698970 0,000550
врача 1,698970 0,000550
перевал 1,522879 0,001479
дятлова 1,522879 0,002219
ссср 0,795880 0,000258
олег 0,795880 0,000258
костин 1,698970 0,000550
майор 1,522879 0,000493
кгб 1,301030 0,000421
прилетает 1,698970 0,000550
ивдель 1,698970 0,000550
маленький 1,522879 0,000740
уральский 1,522879 0,000493
городок 1,698970 0,001100
расследовать 1,522879 0,000493
дело 0,721246 0,000467
гибели 1,301030 0,001053
тургруппы 1,698970 0,000550
костина 1,698970 0,000550
прислали 1,698970 0,000550
работать 1,000000 0,000324
обязан 1,698970 0,000550
условиях 0,886057 0,000287
строгой 1,698970 0,000550
секретности 1,698970 0,000550
подробности 1,000000 0,000486
туристов 1,221849 0,000396
неизвестны 1,698970 0,000550
привале 1,698970 0,000550
работают 1,154902 0,000374
эксперты 0,853872 0,000277
слепая 1,698970 0,003301
раиса 1,522879 0,000986
восьмилетний 1,698970 0,000550
мальчик 1,000000 0,000648
мать 0,795880 0,000258
отправилась 1,397940 0,000679
деревню 1,301030 0,000632
бабе 1,698970 0,000550
нине 1,698970 0,000550
помощью 0,769551 0,000249
валентине 1,698970 0,000825
сообщили 0,958607 0,000310
ясновидящая 1,698970 0,000550
принять 1,045757 0,000677
бабу 1,522879 0,000493
нину 1,698970 0,000550
увезли 1,698970 0,000550
больницу 1,522879 0,000493
оттуда 1,522879 0,000493
баба 1,698970 0,000550
нина 1,221849 0,000594
попыталась 1,698970 0,000825
отправила 1,522879 0,000493
женщину 1,522879 0,000493
дочери 1,301030 0,000632
потомственной 1,698970 0,000550
ясновидящей 1,698970 0,000550
раисе 1,698970 0,000550
оказалась 1,154902 0,000374
перед 0,769551 0,000623
тяжелым 1,397940 0,000453
выбором 1,522879 0,000740
нужно 0,698970 0,000340
спасти 1,154902 0,000748
мальчика 1,096910 0,000533
дар 1,301030 0,000843
уиджи 1,698970 0,003576
муки 1,522879 0,000493
совести 1,522879 0,000493
работник 1,698970 0,000550
автосервиса 1,698970 0,000550
михаил 0,568636 0,000737
винит 1,698970 0,000550
смерти 0,744727 0,000724
напарника 1,698970 0,000825
николая 1,154902 0,000561
машина 1,301030 0,000632
устанавливал 1,698970 0,000550
подъемник 1,698970 0,000550
сорвалась 1,698970 0,000550
николай 0,744727 0,000724
погиб 1,301030 0,000421
того 0,853872 0,000277
оказался 0,920819 0,000298
больнице 1,301030 0,000421
дух 1,096910 0,000710
михаила 1,154902 0,000374
позаботиться 1,522879 0,000493
соглашается 1,522879 0,000493
еще 0,327902 0,000319
какие 0,494850 0,000240
тайны 0,958607 0,000310
скрывает 1,301030 0,000421
семья 0,823909 0,000667
погибшего 1,698970 0,000550
предателя 1,698970 0,000550
светлана 1,045757 0,000847
новостях 1,522879 0,000493
полиция 1,154902 0,000374
обнаружила 1,522879 0,000493
труп 1,397940 0,000453
друга 0,886057 0,000574
бизнес 0,552842 0,000179
партнера 1,522879 0,000493
утверждает 1,698970 0,000825
убил 1,397940 0,000679
верит 1,522879 0,000986
убийца 1,096910 0,000355
спириту 1,698970 0,000825
убитого 1,698970 0,000825
убивал 1,522879 0,000493
вдова 1,301030 0,000421
алла 1,221849 0,000396
подтверждает 1,698970 0,000550
виновен 1,522879 0,000493
выяснить 1,397940 0,000679
правду 1,301030 0,000421
кто 0,408935 0,000463
ты 0,698970 0,000226
анна 0,568636 0,000460
потеряла 1,221849 0,000396
память 1,000000 0,000324
аварии 1,698970 0,000550
воспоминания 1,397940 0,000905
заканчивались 1,698970 0,000550
школьным 1,522879 0,000493
выпускным 1,698970 0,000550
вечером 1,221849 0,000791
поступлением 1,698970 0,000550
институт 1,154902 0,000374
объявляют 1,698970 0,000550
мужем 1,522879 0,000493
кому 1,000000 0,001133
верить 1,397940 0,000905
вспомнит 1,698970 0,000550
прошлое 1,522879 0,000493
вести 0,853872 0,000277
наталья 0,853872 0,000277
журналистского 1,698970 0,000550
факультета 1,397940 0,000453
уже 0,568636 0,001749
долгое 1,522879 0,000493
снимают 1,522879 0,000493
квартиру 1,301030 0,000421
натальи 1,301030 0,000421
начинаются 1,698970 0,000825
молодым 1,397940 0,000453
ведет 1,096910 0,000355
агрессивно 1,698970 0,000550
отношению 1,698970 0,000550
ней 0,823909 0,000534
серьезной 1,698970 0,000550
ссоры 1,698970 0,000550
пропадает 1,698970 0,000550
уверена 1,522879 0,000740
рук 1,301030 0,000421
олега 1,301030 0,000421
разыскать 1,698970 0,000550
подругу 1,698970 0,000550
высшая 1,698970 0,000550
мера 1,522879 0,000493
смотри 1,154902 0,001683
бесплатно 0,958607 0,000776
tv 0,920819 0,000895
ru 0,180456 0,000175
расписание 1,096910 0,000888
выхода 1,000000 0,000810
серий 1,397940 0,001132
доме 0,958607 0,000310
судьи 1,698970 0,000825
произошел 1,397940 0,000453
пожар 1,301030 0,000421
погибли 1,045757 0,000339
судья 1,698970 0,000550
зять 1,698970 0,000550
егор 1,221849 0,000396
надежда 1,000000 0,000486
егора 1,698970 0,000550
поджог 1,698970 0,000550
распутывая 1,698970 0,000550
клубок 1,522879 0,000493
обстоятельств 1,698970 0,000550
двоих 1,221849 0,000396
самых 0,585027 0,000474
родных 1,698970 0,000550
людей 0,698970 0,000226
нового 0,769551 0,000748
подозревает 1,397940 0,000453
взяточничестве 1,698970 0,000550
отца 1,000000 0,000324
переживает 1,522879 0,000493
страшное 1,698970 0,000550
предательство 1,397940 0,000453
гастарбайтеры 1,698970 0,000550
гражданский 1,397940 0,000453
уехал 1,522879 0,000493
заработки 1,522879 0,000493
москву 0,886057 0,000287
перестал 1,522879 0,000493
выходить 1,397940 0,000453
связь 0,552842 0,000179
прошел 1,301030 0,000632
месяц 0,744727 0,000241
номера 1,522879 0,000493
наконец 1,301030 0,000421
раздался 1,698970 0,000550
звонок 1,522879 0,000493
незнакомый 1,698970 0,000550
человек 0,420216 0,000204
сообщил 0,823909 0,000267
нашел 1,221849 0,000594
телефон 0,677781 0,000219
подмосковных 1,698970 0,000550
трасс 1,698970 0,000550
вызвать 1,522879 0,000493
проверить 1,045757 0,000339
жив 1,522879 0,000493
или 0,292430 0,000237
мертв 1,698970 0,000550
узнать 1,000000 0,000486
случилось 1,698970 0,000550
хищник 1,698970 0,000550
ищет 1,096910 0,000355
убийцу 1,301030 0,000632
сестры 1,045757 0,000339
обнаружили 1,221849 0,000594
лесу 1,154902 0,000561
колом 1,698970 0,000550
груди 1,397940 0,000679
ранее 0,958607 0,000310
этой 0,744727 0,000844
местности 1,698970 0,000550
подобным 1,522879 0,000493
образом 1,045757 0,000339
убито 1,698970 0,000550
девушек 1,301030 0,000421
михаилу 1,698970 0,000550
помогает 1,221849 0,000594
выжившая 1,522879 0,000493
жертва 1,698970 0,000550
маньяка 1,522879 0,000493
видевшая 1,698970 0,000550
преступника 1,397940 0,000679
молодыми 1,698970 0,000550
людьми 1,154902 0,000374
вспыхивают 1,522879 0,000493
романтические 1,397940 0,000453
отношения 0,958607 0,000310
которые 0,431798 0,000280
прекращаются 1,698970 0,000550
только 0,283997 0,000138
покрывает 1,698970 0,000550
лесного 1,698970 0,000550
лучшие 0,657577 0,000213
полина 1,096910 0,000533
узнала 1,522879 0,000493
внезапной 1,522879 0,000493
лучшей 1,698970 0,000550
веры 1,397940 0,000679
незадолго 1,522879 0,000493
родила 1,522879 0,000740
старшая 1,698970 0,000550
яна 1,000000 0,000324
объявила 1,301030 0,000421
своем 0,823909 0,000400
намерении 1,522879 0,000493
отдать 1,522879 0,000740
дом 0,522879 0,000169
ребенка 0,823909 0,000800
возможной 1,522879 0,000493
связи 0,455932 0,000148
яной 1,698970 0,000550
ребенок 1,045757 0,000508
вовсе 1,301030 0,000421
братик 1,698970 0,000550
для 0,107905 0,000175
встает 1,698970 0,000550
трудным 1,698970 0,000550
малыша 1,397940 0,000453
семью 1,154902 0,000561
эфире 0,823909 0,001201
вампиры 1,301030 0,004634
средней 1,301030 0,004634
полосы 1,397940 0,004753
один 0,602060 0,000390
суббота 1,301030 0,000421
история 0,443697 0,000503
самой 1,000000 0,000486
семьи 0,853872 0,000415
смоленска 1,698970 0,000550
самого 1,045757 0,000677
начала 0,769551 0,000249
подряд 1,301030 0,000421
проведи 1,698970 0,000550
вечер 1,096910 0,000355
сериалом 1,698970 0,000550
которым 1,045757 0,000847
хочется 1,096910 0,000355
расставаться 1,698970 0,000550
субботу 1,301030 0,000421
анонс 1,221849 0,002572
премьера 1,000000 0,002267
те 1,154902 0,000561
самые 0,619789 0,000803
всеми 1,301030 0,000843
любимые 1,221849 0,000594
пн 1,397940 0,001584
чт 1,301030 0,001264
русские 0,886057 0,000287
понедельника 1,397940 0,001132
четверг 1,154902 0,000935
гримм 1,522879 0,001726
горячий 1,522879 0,000493
всего 0,721246 0,000234
неделю 0,920819 0,000596
мы 0,327902 0,000265
сильно 1,045757 0,000339
соскучились 1,698970 0,000550
главный 0,522879 0,000169
охотник 1,221849 0,000396
нечисть 1,698970 0,000550
да 0,698970 0,000226
новым 0,920819 0,000298
горячим 1,522879 0,000493
сезоном 1,522879 0,000493
конкурс 0,823909 0,000267
участвуй 1,698970 0,001375
конкурсе 1,397940 0,001132
главное 0,585027 0,000379
каждый 0,721246 0,000350
уникален 1,698970 0,000550
нашем 1,000000 0,000486
розыгрыше 1,698970 0,000550
клипах 1,698970 0,001100
вконтакте 0,638272 0,000620
сними 1,698970 0,000550
опубликуй 1,698970 0,000550
ролик 1,301030 0,000421
нашей 0,853872 0,000415
маской 1,698970 0,000550
узнай 1,698970 0,000550
суперсилу 1,698970 0,000550
используй 1,698970 0,000550
выиграй 1,698970 0,000825
d 0,920819 0,000447
очки 1,301030 0,000421
группе 1,397940 0,000453
гадалка 1,698970 0,002201
правильный 1,301030 0,000632
выбор 0,698970 0,000340
пт 1,397940 0,000679
хочешь 1,301030 0,000843
будущее 0,769551 0,000249
тогда 1,045757 0,000339
внимательно 1,522879 0,000493
следи 1,698970 0,000550
советами 1,522879 0,000493
подскажут 1,698970 0,000550
будням 1,397940 0,000679
комедия 0,920819 0,000596
вечных 1,522879 0,000740
семейных 1,522879 0,000740
ценностях 1,698970 0,000825
времена 1,154902 0,000374
россии 0,251812 0,000245
вампиров 1,397940 0,001132
героини 1,397940 0,000679
изменили 1,522879 0,000740
пятница 1,154902 0,000374
сезона 0,958607 0,000621
узнайте 1,301030 0,000421
сюрпризы 1,698970 0,000550
ждут 1,301030 0,000421
нас 0,468521 0,000152
новом 0,853872 0,000415
сезоне 1,522879 0,000740
пятницу 1,096910 0,000888
тех 0,920819 0,000596
встретил 1,397940 0,000679
принца 1,698970 0,000825
переживайте 1,698970 0,000550
встретите 1,698970 0,000550
вот 0,677781 0,000219
некоторые 1,045757 0,000339
прошлого 1,154902 0,000748
века 0,721246 0,000234
ждали 1,522879 0,000740
добрых 1,698970 0,000550
историй 1,096910 0,000355
весной 1,154902 0,000374
марта 0,721246 0,000350
скоро 0,769551 0,000249
каждую 1,221849 0,000594
бессмертный 1,698970 0,001375
романтическое 1,698970 0,001375
заклятие 1,698970 0,001375
советы 1,045757 0,000339
необходимы 1,698970 0,000550
сегодня 0,443697 0,000144
нуждаемся 1,698970 0,000550
даре 1,698970 0,000550
советах 1,698970 0,000550
выиграть 1,698970 0,000825
миллион 1,154902 0,001309
мечту 1,397940 0,001584
забери 1,698970 0,000825
рублей 0,585027 0,000379
самое 0,886057 0,000430
щедрое 1,698970 0,000550
шоу 0,508638 0,000412
пятницам 1,698970 0,000550
прими 1,698970 0,000825
участие 0,920819 0,000447
попади 1,698970 0,000550
тайный 1,397940 0,000453
клуб 0,795880 0,000258
миллионеров 1,698970 0,000550
полосыпн 1,698970 0,000550
лишь 1,045757 0,000508
одно 1,045757 0,000677
обстоятельство 1,522879 0,000740
отличает 1,522879 0,000740
смоленск 1,301030 0,000632
других 0,795880 0,000515
городов 1,221849 0,000594
здесь 0,698970 0,000453
веками 1,522879 0,000740
живут 1,045757 0,000508
настоящие 1,397940 0,000679
стараются 1,522879 0,000740
ничем 1,522879 0,000740
отличаться 1,698970 0,000825
обычных 1,522879 0,000986
горожан 1,397940 0,000679
ходят 1,522879 0,000740
работу 0,823909 0,000800
пользуются 1,522879 0,000740
транспортом 1,698970 0,000825
ругают 1,698970 0,000825
коммунальные 1,698970 0,000825
службы 1,154902 0,000561
некачественную 1,698970 0,000825
громкое 1,698970 0,000825
убийство 1,301030 0,000632
нарушает 1,397940 0,000679
мирную 1,522879 0,000740
городе 0,958607 0,000466
тела 1,221849 0,000594
обескровлены 1,698970 0,000825
хранители 1,522879 0,000986
подозревают 1,522879 0,000740
местных 1,397940 0,000679
вурдалаков 1,698970 0,000825
нарушении 1,301030 0,000632
закона 1,045757 0,000508
тем 0,920819 0,000745
грозит 1,154902 0,000561
смертная 1,698970 0,000825
казнь 1,301030 0,000632
тебя 1,045757 0,000339
ждет 0,853872 0,000277
сказочная 1,522879 0,000493
драма 0,920819 0,000298
детективным 1,698970 0,000550
уклоном 1,698970 0,000550
которой 0,886057 0,000430
ожили 1,698970 0,000550
персонажи 1,301030 0,000421
знаменитых 1,397940 0,000453
детектив 0,920819 0,000298
ник 1,397940 0,000453
беркхард 1,698970 0,000550
является 0,853872 0,000277
потомком 1,698970 0,000550
древней 1,096910 0,000355
группы 1,045757 0,000508
охотников 1,522879 0,000493
известных 1,045757 0,000508
гриммы 1,698970 0,000550
дарована 1,698970 0,000550
уникальная 1,221849 0,000396
способность 1,698970 0,000550
видеть 1,221849 0,000396
людях 1,221849 0,000396
существ 1,397940 0,000453
сверхъестественных 1,698970 0,000550
созданий 1,698970 0,000550
навредить 1,698970 0,000550
человечеству 1,698970 0,000550
начался 1,698970 0,000550
одного 0,769551 0,000249
популярных 1,096910 0,000355
проектов 1,154902 0,000561
слепой 1,522879 0,000493
бабушка 0,958607 0,000310
тихо 1,698970 0,000550
героически 1,698970 0,000550
уходит 1,221849 0,000396
жертвуя 1,698970 0,000550
жизнью 1,221849 0,000396
имя 0,769551 0,000249
спасения 1,397940 0,000453
передает 1,221849 0,000396
маме 1,522879 0,000493
рае 1,698970 0,000550
продолжит 1,301030 0,000421
семейные 1,154902 0,000374
традиции 1,397940 0,000453
заложенные 1,698970 0,000550
бабушкой 1,698970 0,000550
ниной 1,698970 0,000550
трое 1,397940 0,000453
совершенно 0,886057 0,000287
разные 1,045757 0,000339
обладают 1,301030 0,000421
разным 1,698970 0,000550
даром 1,522879 0,000740
объединяет 1,522879 0,000493
знают 1,301030 0,000421
сокровенные 1,698970 0,000550
вопросы 0,638272 0,000207
можно 0,420216 0,000204
магию 1,397940 0,000453
отрицать 1,698970 0,000550
видишь 1,698970 0,000550
счастливые 1,522879 0,000493
помогли 1,301030 0,000421
виктория 1,154902 0,000374
серафима 1,698970 0,000550
таисия 1,698970 0,000550
начинаешь 1,698970 0,000550
чудо 1,000000 0,000324
призвано 1,698970 0,000550
исполнять 1,397940 0,000453
заветные 1,698970 0,000550
мечты 1,522879 0,000740
телезрительниц 1,698970 0,000550
услугам 1,698970 0,000550
оказывается 1,154902 0,000561
целая 1,397940 0,000453
армия 0,823909 0,000267
экспертов 1,096910 0,000355
главе 1,522879 0,000740
звездным 1,698970 0,000550
коучем 1,698970 0,000550
личностному 1,698970 0,000550
росту 1,397940 0,000453
колумнистом 1,698970 0,000550
forbes 1,397940 0,000453
аной 1,698970 0,000550
героиням 1,698970 0,000550
найти 0,508638 0,000412
причины 1,301030 0,000421
проблем 1,154902 0,000374
команда 0,853872 0,000691
радикально 1,698970 0,000550
преобразиться 1,698970 0,000550
городские 1,522879 0,000986
легенды 0,958607 0,000621
цикл 1,096910 0,000355
документальных 1,698970 0,000550
фильмов 0,795880 0,000644
расскажет 1,301030 0,000421
истории 0,552842 0,000269
загадочных 1,397940 0,000453
местах 1,301030 0,000421
расположенных 1,698970 0,000550
современной 0,958607 0,000466
мистической 1,522879 0,000493
карте 1,301030 0,000421
страны 0,638272 0,000207
дежурный 1,698970 0,001100
ангел 1,154902 0,000748
евгения 0,853872 0,000277
талантливый 1,522879 0,000493
хирург 1,301030 0,000421
престижной 1,698970 0,000550
клиники 1,522879 0,000493
электрического 1,522879 0,000493
удара 0,823909 0,000267
получает 1,045757 0,000677
попытки 1,301030 0,000421
реанимировать 1,522879 0,000493
пациента 1,522879 0,000493
перенесенной 1,698970 0,000550
клинической 1,522879 0,000493
становится 1,221849 0,000594
обладательницей 1,698970 0,000550
странных 1,221849 0,000396
способностей 1,522879 0,000493
общаться 1,397940 0,000453
душами 1,698970 0,000550
умерших 1,397940 0,000453
башня 1,522879 0,001479
высокое 1,397940 0,000453
здание 1,397940 0,000453
символ 1,522879 0,000493
амбиций 1,698970 0,000550
успеха 1,096910 0,000355
статуса 1,698970 0,000550
одночасье 1,698970 0,000550
чудовищный 1,698970 0,000550
взрыв 1,397940 0,000453
превратит 1,522879 0,000493
башню 1,698970 0,000550
место 0,744727 0,000241
заточения 1,698970 0,000550
героев 1,045757 0,000677
сериала 0,920819 0,001193
восемь 1,221849 0,000396
будут 0,638272 0,000310
вынуждены 1,397940 0,000453
превратится 1,698970 0,000550
адскую 1,698970 0,000550
машину 1,000000 0,000324
исправления 1,698970 0,000550
искупления 1,522879 0,000493
кино 0,455932 0,001107
недели 0,744727 0,000482
мрачные 1,522879 0,001726
тени 1,397940 0,001132
апреля 0,283997 0,000368
вечно 1,522879 0,000740
мрачный 1,698970 0,000550
джонни 1,698970 0,001100
депп 1,698970 0,000825
домой 0,958607 0,001087
рады 1,397940 0,000453
ему 0,853872 0,000415
ева 1,301030 0,000421
грин 1,522879 0,000493
миллер 1,221849 0,000396
мишел 1,698970 0,000550
пфайфер 1,698970 0,000550
хелена 1,698970 0,000550
бонем 1,698970 0,000550
картер 1,698970 0,000550
семейной 1,397940 0,000453
комедии 1,301030 0,000421
вампирские 1,698970 0,000550
киновыходные 1,698970 0,001926
выходного 1,698970 0,001375
дня 0,443697 0,000431
родные 1,522879 0,000493
настоящему 1,698970 0,000550
бессмертное 1,698970 0,000550
багровый 1,698970 0,000550
пик 1,522879 0,000493
волки 1,522879 0,001233
блэйд 1,698970 0,001100
троица 1,698970 0,001100
тепло 1,698970 0,000825
наших 0,823909 0,000400
тел 1,301030 0,000632
зомбиапокалипсис 1,698970 0,000550
перестанем 1,698970 0,000550
смотреть 0,552842 0,000269
любимое 1,301030 0,000421
бы 0,585027 0,000189
такое 0,585027 0,000189
пропустить 1,522879 0,000493
николас 1,522879 0,000493
холт 1,698970 0,000550
тереза 1,522879 0,000493
палмер 1,698970 0,000550
джон 0,958607 0,000310
малкович 1,698970 0,000550
зомбической 1,698970 0,000550
лавстори 1,698970 0,000550
воскресенье 1,301030 0,000632
самому 1,301030 0,000421
успешному 1,698970 0,000550
охотнику 1,698970 0,000550
иногда 1,522879 0,000493
нужна 1,397940 0,000453
помощь 0,823909 0,000267
уэсли 1,698970 0,000550
снайпс 1,698970 0,000550
джессика 1,397940 0,000453
бил 1,698970 0,000550
райан 1,698970 0,000550
рейнольдс 1,522879 0,000493
финальной 1,698970 0,000550
части 0,920819 0,000298
легендарной 1,522879 0,000493
вампирской 1,698970 0,000550
саги 1,698970 0,000550
лукас 1,698970 0,000550
тилл 1,698970 0,000550
стивен 1,154902 0,000374
макхэтти 1,698970 0,000550
джейсон 1,522879 0,000493
момоа 1,522879 0,000493
зубастом 1,698970 0,000550
блокбастере 1,698970 0,000550
автора 0,886057 0,000287
люди 0,585027 0,000284
икс 1,698970 0,000550
рекомендуем 1,221849 0,000594
встречи 0,886057 0,000287
поняв 1,698970 0,000550
сын 0,886057 0,000287
привел 1,698970 0,000550
себе 0,619789 0,000401
клиентка 1,698970 0,000550
отворожить 1,698970 0,000550
вернувшиеся 1,522879 0,001726
трехлетний 1,522879 0,000740
абляким 1,698970 0,000550
пошел 1,522879 0,000493
сестрой 1,522879 0,000493
соседскими 1,698970 0,000550
ребятами 1,698970 0,000550
собирать 1,397940 0,000679
подснежники 1,698970 0,000550
вернулись 1,397940 0,000679
младшего 1,522879 0,000493
куда 0,795880 0,000258
никто 1,000000 0,000324
знал 1,154902 0,000374
х 0,721246 0,000350
летним 1,698970 0,000550
сережей 1,698970 0,000550
отдыхали 1,522879 0,000493
бабушки 1,397940 0,000453
даче 1,522879 0,000493
пошли 1,522879 0,000493
прогуляться 1,698970 0,000550
местному 1,522879 0,000493
пруду 1,698970 0,000550
планировали 1,698970 0,000825
грибы 1,522879 0,000493
ягоды 1,698970 0,000550
купаться 1,698970 0,000550
простая 1,397940 0,000453
привычная 1,698970 0,000550
прогулка 1,522879 0,000493
обедом 1,698970 0,000550
прогулки 1,397940 0,000453
мама 1,000000 0,000972
неизвестный 1,301030 0,000421
работая 1,698970 0,000550
делом 1,301030 0,000421
пропавшей 1,698970 0,000550
воспитаннице 1,698970 0,000550
детского 1,522879 0,000493
дома 0,619789 0,000401
спецбюро 1,698970 0,000550
следственного 1,522879 0,000493
комитета 1,301030 0,000421
женей 1,698970 0,000550
пичугиной 1,698970 0,000550
странным 1,522879 0,000493
подозреваемым 1,522879 0,000493
ничего 0,958607 0,000466
обладает 1,522879 0,000740
энциклопедическими 1,698970 0,000550
знаниями 1,522879 0,000493
всем 0,853872 0,000277
свете 1,154902 0,000374
именно 0,823909 0,000267
догадки 1,698970 0,000550
помогают 1,301030 0,000421
раскрыть 1,397940 0,000679
охотники 1,221849 0,000396
правдой 1,698970 0,000550
первой 0,958607 0,000310
версией 1,397940 0,000679
нападение 1,522879 0,000493
коренных 1,698970 0,000550
жителей 0,853872 0,000277
манси 1,698970 0,000825
следствие 1,154902 0,000374
предполагало 1,698970 0,000550
могли 1,045757 0,000339
расправиться 1,698970 0,000550
туристами 1,698970 0,000550
потревожившими 1,698970 0,000550
святые 1,698970 0,000550
места 1,000000 0,000324
самом 0,886057 0,000574
деле 0,886057 0,000287
реальная 1,154902 0,001122
александр 0,468521 0,000152
магу 1,698970 0,000550
профессиональный 1,221849 0,000396
фокусник 1,698970 0,000550
использует 1,301030 0,000421
тело 0,958607 0,000310
доказать 1,522879 0,000493
нет 0,537602 0,000174
невозможного 1,698970 0,000550
банда 1,397940 0,000453
гта 1,698970 0,000825
годы 0,823909 0,000267
члены 1,698970 0,000550
банды 1,698970 0,000825
расставляли 1,698970 0,000550
обочинах 1,698970 0,000550
дорог 1,154902 0,000374
самодельные 1,522879 0,000493
шипы 1,698970 0,000550
машины 1,000000 0,000324
останавливались 1,698970 0,000550
убивали 1,522879 0,000493
грабили 1,698970 0,000550
водителей 1,000000 0,000324
участников 1,000000 0,000324
находятся 1,397940 0,000453
международном 1,522879 0,000493
розыске 1,522879 0,000493
остальные 1,522879 0,000493
получили 1,045757 0,000339
пожизненный 1,698970 0,000550
срок 1,096910 0,000355
кинотеатр 1,221849 0,000989
arzamas 1,522879 0,001233
берегись 1,522879 0,000740
автомобиля 1,000000 0,000486
модные 1,698970 0,000550
гаджеты 1,154902 0,000374
очереди 1,221849 0,000396
кредита 1,698970 0,000550
свои 0,698970 0,000226
милиции 1,397940 0,000453
филипп 1,221849 0,000396
дзядко 1,698970 0,000550
супер 1,221849 0,000396
обсуждают 1,154902 0,000374
несмотря 1,000000 0,000486
сказочный 1,698970 0,000825
сюжет 1,000000 0,000648
честного 1,698970 0,000550
рассказывает 0,958607 0,000310
скорее 1,221849 0,000396
проговаривается 1,698970 0,000550
времени 0,698970 0,000453
чем 0,387216 0,000188
августа 0,958607 0,000466
максим 0,958607 0,000310
вишневский 1,397940 0,000453
подмосковного 1,698970 0,000550
наро 1,698970 0,000550
фоминска 1,698970 0,000550
ушел 1,154902 0,000561
ночевкой 1,698970 0,000550
следующий 1,397940 0,000453
должен 0,886057 0,000287
вернуться 0,886057 0,000287
братья 1,154902 0,000748
дождались 1,522879 0,000493
поэтессы 1,698970 0,000550
лидии 1,522879 0,000493
крыловой 1,698970 0,000550
пропала 1,522879 0,000493
дачного 1,698970 0,000550
участка 1,698970 0,000550
подмосковье 1,221849 0,000396
участок 1,698970 0,000550
стоит 0,619789 0,000201
краю 1,221849 0,000396
леса 1,221849 0,000396
основной 1,301030 0,000421
исчезновения 1,698970 0,000550
лес 1,301030 0,000421
арканкерген 1,698970 0,000550
трагедия 1,301030 0,000421
произошла 1,397940 0,000453
мая 0,795880 0,000258
версии 0,958607 0,000310
следствия 1,397940 0,000453
владислав 1,221849 0,000396
челах 1,698970 0,000550
тот 0,853872 0,000277
момент 0,920819 0,000298
рядовой 1,698970 0,000550
личного 1,397940 0,000453
состава 1,397940 0,000453
пограничного 1,698970 0,000550
поста 1,698970 0,000550
расстрелял 1,698970 0,000550
своих 0,657577 0,000213
сослуживцев 1,522879 0,000493
поджег 1,698970 0,000550
казармы 1,698970 0,000550
лесника 1,698970 0,000550
челаха 1,698970 0,000550
приговорили 1,522879 0,000493
пожизненному 1,698970 0,000550
заключению 1,698970 0,000550
февраля 0,823909 0,000267
горном 1,698970 0,000550
дагестанском 1,698970 0,000550
селе 1,522879 0,000740
курбан 1,698970 0,000550
вышла 1,000000 0,000324
покормить 1,698970 0,000550
скотину 1,698970 0,000550
меньше 1,154902 0,000374
получаса 1,698970 0,000550
хватило 1,397940 0,000453
одежду 1,522879 0,000493
ускользнул 1,698970 0,000550
неизвестном 1,397940 0,000453
направлении 1,301030 0,000421
ночным 1,522879 0,000493
рейсом 1,522879 0,000493
махачкалу 1,698970 0,000550
вылетела 1,698970 0,000550
волонтеров 1,522879 0,000493
лизы 1,397940 0,000679
алерт 1,522879 0,000740
оборудованием 1,397940 0,000453
которого 0,920819 0,000298
дагестанский 1,698970 0,000550
коллег 1,301030 0,000421
задача 1,397940 0,000679
стояла 1,522879 0,000493
живым 1,698970 0,000825
мертвым 1,522879 0,000493
самолет 1,096910 0,000355
шел 1,522879 0,000493
посадку 1,698970 0,000550
прозвучала 1,698970 0,000550
стоп 1,522879 0,000493
канал 0,769551 0,000249
исполняет 1,522879 0,000740
отдает 1,522879 0,000493
действительно 1,154902 0,000374
нужен 0,886057 0,000287
каждом 1,301030 0,000421
жюри 1,397940 0,000453
зрителями 1,698970 0,000550
знакомятся 1,698970 0,000550
участниками 1,397940 0,000453
нужны 0,886057 0,000287
деньги 0,886057 0,000287
хватает 1,301030 0,000421
суммы 1,698970 0,000550
запуск 1,397940 0,000453
бизнеса 1,000000 0,000324
поездку 1,522879 0,000493
пластику 1,698970 0,000550
брак 1,698970 0,000550
последний 0,744727 0,000241
герой 0,853872 0,000277
побег 1,397940 0,000453
рая 1,522879 0,000493
проходили 1,698970 0,000550
съемки 1,221849 0,000594
осталось 1,221849 0,000396
кадром 1,522879 0,000493
очевидцы 1,397940 0,000679
едет 1,522879 0,000493
теще 1,522879 0,000493
соседи 1,698970 0,000550
считают 1,301030 0,000421
теща 1,698970 0,000550
ведьма 1,522879 0,000493
мистическим 1,698970 0,000550
посмеивается 1,698970 0,000550
этими 1,522879 0,000493
слухами 1,698970 0,000550
смертельной 1,698970 0,000550
опасности 1,397940 0,000453
мужчине 1,698970 0,000550
смеха 1,698970 0,000550
июля 0,920819 0,000298
кирилл 1,301030 0,000421
петрухин 1,698970 0,000550
небольшой 1,397940 0,000453
деревни 1,397940 0,000453
под 0,376751 0,000183
брянском 1,698970 0,000550
поехал 1,698970 0,000550
велосипеде 1,698970 0,000550
мороженым 1,698970 0,000550
родители 1,301030 0,000421
час 1,000000 0,000486
вернулся 1,301030 0,000421
воронцовой 1,522879 0,000493
гуляла 1,698970 0,000550
годовалым 1,698970 0,000550
внуком 1,522879 0,000493
глебом 1,698970 0,000550
дворе 1,522879 0,000493
москве 0,455932 0,000295
подбежал 1,698970 0,000550
выхватил 1,698970 0,000550
убежал 1,698970 0,000550
показа 1,522879 0,000493
проекте 0,657577 0,000213
ориентировки 1,698970 0,000550
пропавшего 1,397940 0,000453
юрия 1,154902 0,000561
мантрова 1,698970 0,000825
нам 0,619789 0,000201
обратились 1,522879 0,000493
родственники 1,522879 0,000986
студенты 1,698970 0,000550
доцент 1,301030 0,000421
преподаватель 1,698970 0,000550
кафедры 1,698970 0,000550
политологии 1,397940 0,000453
московского 1,221849 0,000396
университета 1,154902 0,000374
управления 1,154902 0,000374
работы 0,619789 0,000201
поздно 1,698970 0,000550
ноября 1,154902 0,000374
бесследно 1,522879 0,000493
успеют 1,698970 0,000550
волонтеры 1,301030 0,000632
ученики 1,522879 0,000493
морозова 1,698970 0,000550
несчастная 1,698970 0,000550
брошенная 1,522879 0,000493
произвол 1,698970 0,000550
судьбы 1,096910 0,000355
главная 0,795880 0,000387
выжить 1,397940 0,000453
астролог 1,397940 0,001132
кали 1,698970 0,001100
шанкар 1,698970 0,001100
убедил 1,698970 0,000550
необходимости 1,301030 0,000421
гармоничной 1,698970 0,000550
самореализации 1,698970 0,000550
предназначение 1,522879 0,000986
стать 0,721246 0,000350
клипмейкером 1,698970 0,000550
примет 1,698970 0,000550
призвание 1,522879 0,000493
интервью 0,522879 0,000339
ленин 1,301030 0,000421
собчак 1,522879 0,000740
большая 0,920819 0,000298
интервьюер 1,698970 0,000550
ксения 1,221849 0,000396
общается 1,301030 0,000421
известной 1,301030 0,000421
исторической 1,522879 0,000740
личностью 1,698970 0,000550
роль 0,958607 0,000310
актер 0,920819 0,000298
дополняется 1,698970 0,000550
хроникой 1,698970 0,000550
пенсионер 1,698970 0,000550
владимир 0,431798 0,000210
круглов 1,698970 0,000550
терялся 1,698970 0,000550
снова 0,744727 0,000241
школьница 1,522879 0,000493
сабрина 1,698970 0,000550
руссу 1,698970 0,000550
вернулась 1,397940 0,000453
потом 0,886057 0,000287
друзья 0,886057 0,000430
проболтались 1,698970 0,000550
появился 1,301030 0,000421
поклонник 1,522879 0,000493
целую 1,397940 0,000453
разыскивали 1,698970 0,000550
пропавшую 1,698970 0,000550
учителя 1,154902 0,000561
рекомендует 1,301030 0,000421
вдовиченков 1,522879 0,000493
лядова 1,698970 0,000550
старшенбаум 1,522879 0,000493
правдивом 1,698970 0,000550
сериале 1,096910 0,000355
российском 1,000000 0,000324
образовании 1,301030 0,000421
москва 0,508638 0,000329
слезам 1,698970 0,000825
любимых 1,045757 0,000339
советских 1,397940 0,000905
тому 1,096910 0,000355
получивший 1,522879 0,000493
премию 1,397940 0,000453
оскар 1,000000 0,000324
развивается 1,397940 0,000453
двух 0,853872 0,000277
эпохах 1,698970 0,000550
изменения 1,221849 0,000396
происходившие 1,698970 0,000550
советском 1,397940 0,000453
обществе 1,698970 0,000550
подчеркивают 1,698970 0,000550
приметы 1,522879 0,000493
узнаем 1,698970 0,000550
фильме 1,096910 0,000355
десять 1,221849 0,000396
сычева 1,698970 0,000550
потратила 1,698970 0,000550
изготовление 1,698970 0,000550
игрушек 1,698970 0,000550
иметь 1,221849 0,000396
предлагает 1,045757 0,000339
женщине 1,397940 0,000679
дизайнером 1,698970 0,000550
модельером 1,698970 0,000550
природное 1,698970 0,000550
недовольство 1,698970 0,000550
собой 0,823909 0,000267
поставило 1,698970 0,000550
вопрос 0,657577 0,000213
возможность 0,721246 0,000234
реализовать 1,522879 0,000493
первого 1,000000 0,000324
бросила 1,522879 0,000493
любимую 1,698970 0,000550
преподавательскую 1,698970 0,000550
троих 1,522879 0,000493
принесло 1,698970 0,000550
счастья 1,045757 0,000339
известный 1,397940 0,000453
определил 1,522879 0,000493
надежды 1,096910 0,000355
сможет 1,000000 0,000324
следовать 1,522879 0,000740
курьер 1,698970 0,000825
шедевр 1,397940 0,000453
перестроечного 1,698970 0,000550
новому 1,301030 0,000421
взглянул 1,522879 0,000493
подростков 1,397940 0,000453
зафиксировал 1,698970 0,000550
растерянность 1,698970 0,000550
большими 1,522879 0,000493
переменами 1,698970 0,000550
традиционный 1,522879 0,000493
конфликт 1,154902 0,000374
отцов 1,522879 0,000493
стоял 1,522879 0,000493
остро 1,397940 0,000453
чернобыль 1,397940 0,001132
зона 1,397940 0,001132
отчуждения 1,698970 0,001375
осенью 1,522879 0,001233
выбери 1,522879 0,000493
закончится 0,920819 0,000298
мира 0,537602 0,000174
финала 1,221849 0,000396
надежде 1,698970 0,000550
максимовой 1,698970 0,000550
стилисты 1,698970 0,000550
коуч 1,698970 0,000550
помогут 1,096910 0,000355
обрести 1,522879 0,000493
веру 1,397940 0,000453
своему 1,522879 0,000740
предназначению 1,698970 0,000550
дарит 1,301030 0,000421
брату 1,698970 0,000550
антону 1,698970 0,000550
антикварный 1,698970 0,000550
кинжал 1,522879 0,000493
квартире 1,221849 0,000396
погромы 1,698970 0,000550
просыпается 1,698970 0,000550
раной 1,698970 0,000550
плече 1,698970 0,000550
начинают 1,522879 0,000493
подозревать 1,698970 0,000550
пропусти 1,301030 0,000421
премьеру 1,221849 0,000396
фильма 0,795880 0,000258
призраки 1,221849 0,000594
московский 0,958607 0,000466
врач 0,958607 0,000466
иванов 1,045757 0,000847
известие 1,522879 0,000740
повалил 1,698970 0,000825
памятник 1,096910 0,000533
могиле 1,698970 0,000825
восстановить 1,301030 0,000632
надгробие 1,698970 0,000825
спешно 1,698970 0,000825
отправляется 1,221849 0,000594
малую 1,698970 0,000825
родину 1,522879 0,000740
провинциальный 1,698970 0,000825
связаны 1,522879 0,000740
мимино 1,698970 0,000825
поднимает 1,698970 0,000550
целый 1,522879 0,000493
ряд 1,397940 0,000453
практически 1,096910 0,000355
встречаются 1,522879 0,000493
фильмах 1,522879 0,000493
зафиксировано 1,522879 0,000493
спокойное 1,522879 0,000493
относительно 1,522879 0,000493
сытое 1,698970 0,000550
советское 1,397940 0,000453
общество 0,494850 0,000160
утоляло 1,698970 0,000550
жажду 1,698970 0,000550
потребления 1,522879 0,000493
события 0,638272 0,000310
челлендже 1,698970 0,000550
показу 1,698970 0,000550
запустил 1,522879 0,000493
челлендж 1,698970 0,000550
масками 1,698970 0,000550
выграй 1,698970 0,000550
терапевтические 1,698970 0,000550
массажеры 1,698970 0,000550
глаз 1,221849 0,000396
уникальной 1,301030 0,000421
системой 1,698970 0,000550
настройки 1,045757 0,000339
клип 1,397940 0,000679
опубликовать 1,397940 0,000453
странице 1,045757 0,000339
объявлены 1,301030 0,000421
победители 1,221849 0,000396
конкурса 1,154902 0,000374
читать 0,698970 0,000226
салат 1,522879 0,000493
сельдью 1,698970 0,000550
удивит 1,522879 0,000493
вампирский 1,522879 0,000493
киноужин 1,698970 0,000550
мак 1,397940 0,000453
энд 1,522879 0,000493
чиз 1,698970 0,000550
голодного 1,522879 0,000493
монстра 1,301030 0,000421
всемирный 1,698970 0,000550
твоего 1,698970 0,000550
здоровья 0,958607 0,000310
выходные 1,096910 0,000888
компании 0,619789 0,000201
настоящих 1,698970 0,000825
лили 1,397940 0,000453
шерозия 1,698970 0,000550
андрей 0,552842 0,000179
трофимов 1,397940 0,000453
аудиоконтент 1,698970 0,000550
нуля 1,397940 0,000453
призы 1,221849 0,000396
просмотра 1,221849 0,000396
аудистикеры 1,698970 0,000550
одноклассниках 1,301030 0,000421
стикеры 1,522879 0,000493
героями 1,301030 0,000421
новости 0,173925 0,000113
гошей 1,698970 0,000825
кармряном 1,698970 0,000550
актером 1,698970 0,000550
озвучки 1,522879 0,000493
уикенд 1,698970 0,000550
приключенческих 1,698970 0,000550
всей 0,920819 0,000298
второе 1,301030 0,000421
занятие 1,522879 0,000493
медиакурса 1,698970 0,000550
rutube 1,096910 0,000533
сериал 0,823909 0,000400
объясняем 1,221849 0,000396
рф 0,568636 0,000184
информационный 1,397940 0,000453
портал 0,769551 0,000249
джеймсом 1,522879 0,000493
бондом 1,698970 0,000550
премьеры 1,096910 0,000355
гая 1,698970 0,000550
ричи 1,522879 0,000493
врачей 1,522879 0,000493
manizha 1,698970 0,000550
elman 1,698970 0,000550
выпустили 1,522879 0,000493
дораме 1,522879 0,000493
мистические 1,522879 0,000493
классика 1,154902 0,000374
ужасов 1,221849 0,000594
телепремьера 1,698970 0,000825
дорамы 1,522879 0,000493
покажет 1,221849 0,000791
канун 1,397940 0,000453
влюбленных 1,698970 0,000550
горячие 1,301030 0,000421
провел 1,221849 0,000396
специальные 1,221849 0,000396
показы 1,301030 0,000421
перевала 1,698970 0,000550
экспертами 1,301030 0,000421
мчс 1,301030 0,000421
стартует 1,301030 0,000421
бондиана 1,698970 0,000550
другие 0,568636 0,000184
хиты 1,301030 0,000421
инклюзивного 1,698970 0,000550
тверская 1,698970 0,000550
фонд 1,154902 0,000374
детские 1,221849 0,000396
сердца 1,221849 0,000396
подводят 1,698970 0,000550
итоги 0,823909 0,000267
новогодней 1,698970 0,000550
акции 1,000000 0,000324
вошел 1,522879 0,000493
топ 0,677781 0,000219
hbo 1,522879 0,000493
latam 1,698970 0,000550
джеки 1,397940 0,000453
чан 1,522879 0,000493
ольга 0,769551 0,000249
куриленко 1,698970 0,000550
шпионских 1,698970 0,000550
кинопремьерах 1,698970 0,000550
благотворительный 1,522879 0,000493
марафон 1,397940 0,000453
новогодние 1,154902 0,000561
чудеса 1,221849 0,000396
страшно 1,522879 0,000740
романтического 1,397940 0,000453
праздники 0,823909 0,000267
безумные 1,522879 0,000493
киноприключения 1,698970 0,000550
оборотни 1,698970 0,000550
научат 1,522879 0,000493
школьников 1,221849 0,000396
создавать 1,522879 0,000493
подкасты 0,698970 0,000226
призером 1,698970 0,000550
promax 1,698970 0,000550
global 1,522879 0,000493
exellence 1,698970 0,000550
awards 1,301030 0,000421
эпических 1,698970 0,000550
кинокатастроф 1,698970 0,000550
парад 1,698970 0,000550
инсомния 1,698970 0,000550
куценко 1,698970 0,000550
пирсом 1,698970 0,000550
броснаном 1,698970 0,000550
люком 1,698970 0,000550
бессоном 1,698970 0,000550
завершились 1,522879 0,000493
чистильщик 1,698970 0,000550
эпические 1,698970 0,000550
неделя 1,154902 0,000374
фэнтези 0,920819 0,000298
хоррора 1,397940 0,000453
бойся 1,698970 0,000550
хэллоуина 1,698970 0,000550
самую 1,397940 0,000453
темную 1,698970 0,000550
ночь 0,958607 0,000310
аванпост 1,698970 0,000550
октября 1,045757 0,000339
фантастические 1,301030 0,000632
показ 1,301030 0,000421
финалистов 1,522879 0,000493
комедийного 1,397940 0,000453
акселератора 1,698970 0,000550
рисуем 1,522879 0,000493
сказки 1,000000 0,000324
стало 0,886057 0,000287
лауреатом 1,397940 0,000453
премии 0,823909 0,000267
тэфи 1,698970 0,000550
kids 1,698970 0,000550
сны 1,301030 0,000421
алисы 1,698970 0,000550
женевского 1,698970 0,000550
кинофестиваля 1,522879 0,000493
интересный 1,397940 0,000453
киноуикенд 1,698970 0,000550
кинопремьеры 1,522879 0,000493
доброшрифт 1,698970 0,000550
наши 0,744727 0,000241
фонды 1,301030 0,000421
быстрые 1,698970 0,000550
ссылки 1,221849 0,000396
полуночи 1,397940 0,000453
контакты 0,431798 0,000140
федеральная 1,522879 0,000493
реклама 0,346787 0,000168
городах 1,221849 0,000396
спонсорство 1,698970 0,000550
спонсорские 1,698970 0,000550
digital 1,221849 0,000396
пресс 0,638272 0,000207
служба 1,096910 0,000355
программные 1,698970 0,000550
права 0,431798 0,000140
защита 1,221849 0,000396
авторских 1,045757 0,000339
прав 0,853872 0,000277
офис 1,301030 0,000421
канала 1,000000 0,000324
ооо 0,853872 0,000277
олимпийский 1,522879 0,000493
пр 1,522879 0,000493
info 0,886057 0,000287
политика 0,387216 0,000125
конфиденциальности 0,744727 0,000241
волоске 1,698970 0,000550
развода 1,301030 0,000421
прямом 1,397940 0,000453
далее 1,096910 0,000355
живая 1,301030 0,000421
мертвая 1,522879 0,000493
крик 1,698970 0,000550
лишняя 1,698970 0,000550
пятерка 1,698970 0,000550
предатель 1,698970 0,000550
стажем 1,522879 0,000493
вся 0,769551 0,000249
правда 0,769551 0,000249
умер 0,958607 0,000310
женек 1,698970 0,000550
финале 1,397940 0,000453
