муз 1,397940 0,008629
тв 0,657577 0,006089
смотреть 0,552842 0,001706
онлайн 0,387216 0,001793
клипы 1,698970 0,005244
музыка 0,677781 0,004184
бесплатно 0,958607 0,002959
звезды 0,769551 0,003563
чарты 1,698970 0,007866
хиты 1,301030 0,004016
шоу 0,508638 0,001570
бизнеса 1,000000 0,003086
эфир 0,677781 0,002092
телеканал 0,677781 0,002092
проекты 0,657577 0,002030
видео 0,327902 0,001518
дня 0,443697 0,002739
программа 0,744727 0,004597
live 1,000000 0,004630
видеочат 1,698970 0,007866
голосование 1,154902 0,003565
итоги 0,823909 0,002543
новости 0,173925 0,001610
премия 0,958607 0,002959
тесты 0,823909 0,002543
войти 0,494850 0,001527
прямая 1,301030 0,004016
трансляция 0,958607 0,004438
сейчас 0,481486 0,001486
отпуск 1,096910 0,003386
путевки 1,698970 0,005244
дагестан 1,522879 0,004700
ч 1,397940 0,004315
передач 1,000000 0,004630
вернуться 0,886057 0,002735
рекламе 1,522879 0,004700
эфире 0,823909 0,003814
реклама 0,346787 0,001070
закончится 0,920819 0,002842
мин 1,522879 0,004700
сек 1,698970 0,005244
далее 1,096910 0,003386
яндекс 0,619789 0,001913
чарт 1,698970 0,005244
потом 0,886057 0,002735
pro 1,154902 0,003565
получи 1,397940 0,004315
свое 0,698970 0,003236
персональное 1,698970 0,005244
предсказание 1,698970 0,005244
узнать 1,000000 0,003086
любимой 1,221849 0,003771
среде 1,698970 0,005244
обитания 1,397940 0,004315
жена 0,853872 0,002635
брюса 1,522879 0,004700
уиллиса 1,522879 0,004700
поделилась 1,698970 0,007866
трогательным 1,698970 0,005244
семейным 1,698970 0,005244
фото 0,568636 0,001755
полина 1,096910 0,003386
гагарина 1,301030 0,004016
прощаться 1,698970 0,005244
любя 1,522879 0,004700
очень 0,568636 0,002633
больно 1,522879 0,004700
аврил 1,221849 0,003771
лавин 1,221849 0,003771
обручилась 1,698970 0,005244
рэпером 1,698970 0,005244
mod 1,698970 0,005244
sun 1,397940 0,004315
который 0,508638 0,001570
станет 0,886057 0,002735
ее 0,508638 0,002355
третьим 1,522879 0,004700
мужем 1,522879 0,004700
позитив 1,522879 0,004700
витамины 1,698970 0,005244
летняя 1,301030 0,004016
дженнифер 1,301030 0,004016
лопес 1,522879 0,004700
секретами 1,522879 0,004700
красоты 1,221849 0,003771
дэниел 1,397940 0,004315
рэдклифф 1,522879 0,004700
признался 1,397940 0,004315
желании 1,698970 0,005244
сыграть 1,698970 0,005244
человека 0,537602 0,001659
паука 1,522879 0,004700
jony 1,698970 0,005244
мегамикс 1,698970 0,005244
хитов 1,698970 0,005244
ты 0,698970 0,002157
беспощадна 1,698970 0,005244
комета 1,698970 0,005244
аллея 1,397940 0,004315
камин 1,698970 0,005244
мать 0,795880 0,002456
бритни 1,522879 0,004700
спирс 1,522879 0,004700
требует 1,096910 0,003386
певицы 1,397940 0,004315
компенсацию 1,698970 0,005244
судебных 1,698970 0,005244
издержек 1,698970 0,005244
делу 1,000000 0,004630
опекунстве 1,698970 0,005244
кортни 1,698970 0,005244
кардашьян 1,698970 0,005244
объявила 1,301030 0,004016
что 0,161151 0,000497
недавняя 1,698970 0,005244
тайная 1,698970 0,005244
свадьба 1,045757 0,003228
была 0,744727 0,002299
ненастоящей 1,698970 0,005244
ангел 1,154902 0,003565
аня 1,397940 0,004315
тейлор 1,397940 0,004315
джой 1,522879 0,004700
вышла 1,000000 0,003086
свет 1,000000 0,003086
сверкающем 1,698970 0,005244
платье 1,221849 0,003771
мини 1,301030 0,004016
валерия 1,154902 0,003565
рассказала 0,958607 0,002959
почему 0,366532 0,001131
время 0,356547 0,001100
забрала 1,698970 0,005244
дочь 1,000000 0,003086
из 0,167491 0,000517
элитной 1,698970 0,005244
школы 0,853872 0,002635
швейцарии 1,301030 0,004016
дмитрий 0,602060 0,001858
орлов 1,522879 0,004700
рассказал 0,602060 0,001858
отношениях 0,886057 0,002735
ириной 1,698970 0,005244
пеговой 1,698970 0,005244
после 0,356547 0,002201
развода 1,301030 0,004016
премьера 1,000000 0,003086
клипа 1,397940 0,004315
леша 1,698970 0,005244
свик 1,698970 0,005244
плакала 1,698970 0,005244
трогательная 1,522879 0,004700
история 0,443697 0,001369
основанная 1,522879 0,004700
реальных 1,397940 0,004315
событиях 1,045757 0,003228
непростой 1,698970 0,005244
судьбе 1,301030 0,004016
многих 1,096910 0,003386
женщин 0,920819 0,002842
заменивший 1,698970 0,005244
канье 1,698970 0,005244
уэста 1,698970 0,005244
weeknd 1,522879 0,004700
хочет 1,000000 0,003086
получить 0,769551 0,002375
его 0,346787 0,001070
гонорар 1,522879 0,004700
выступление 1,301030 0,004016
coachella 1,698970 0,005244
лондонском 1,698970 0,005244
ковент 1,522879 0,004700
гардене 1,698970 0,005244
поставят 1,698970 0,005244
оперу 1,698970 0,005244
последних 1,045757 0,003228
днях 1,397940 0,004315
жизни 0,431798 0,001333
курта 1,522879 0,004700
кобейна 1,522879 0,004700
сергей 0,468521 0,002169
аморалов 1,397940 0,004315
дал 1,221849 0,003771
первое 0,886057 0,002735
интервью 0,522879 0,001614
смерти 0,744727 0,002299
экс 1,096910 0,003386
коллеги 1,301030 0,004016
группе 1,397940 0,004315
отпетые 1,698970 0,005244
мошенники 1,397940 0,004315
леонид 0,958607 0,002959
агутин 1,698970 0,005244
секрет 1,045757 0,003228
shortparis 1,698970 0,005244
выступят 1,397940 0,004315
фестивале 1,154902 0,003565
stereoleto 1,698970 0,005244
петербурге 1,045757 0,003228
летний 0,958607 0,002959
андрей 0,552842 0,001706
макаревич 1,397940 0,004315
стал 0,585027 0,001806
отцом 1,301030 0,004016
четвертый 1,397940 0,004315
раз 0,698970 0,002157
группа 1,000000 0,003086
мумий 1,698970 0,005244
тролль 1,522879 0,004700
анонсировала 1,522879 0,004700
выход 0,958607 0,002959
сборника 1,397940 0,004315
летних 1,522879 0,004700
песен 1,221849 0,003771
виниле 1,698970 0,005244
как 0,187087 0,000866
возрастом 1,698970 0,005244
менялся 1,397940 0,004315
сын 0,886057 0,002735
жанны 1,397940 0,004315
фриске 1,397940 0,004315
дмитрия 1,301030 0,004016
шепелева 1,698970 0,005244
звездой 1,096910 0,003386
мари 1,221849 0,003771
краймбрери 1,698970 0,005244
запись 1,522879 0,004700
октября 1,045757 0,003228
зарубежные 1,154902 0,003565
бой 1,096910 0,003386
бэнды 1,698970 0,005244
помнишь 1,698970 0,005244
их 0,455932 0,001407
отличишь 1,698970 0,005244
джастина 1,522879 0,004700
тимберлейка 1,698970 0,005244
робби 1,698970 0,005244
уильямса 1,522879 0,004700
играть 1,522879 0,004700
эд 1,397940 0,004315
ширан 1,522879 0,004700
оправдан 1,698970 0,005244
судом 1,522879 0,004700
предполагаемом 1,698970 0,005244
плагиате 1,522879 0,004700
песни 0,886057 0,002735
shape 1,698970 0,005244
of 0,853872 0,002635
you 0,958607 0,002959
я 0,356547 0,001651
тебе 1,096910 0,003386
не 0,136677 0,000633
нужен 0,886057 0,002735
новой 0,638272 0,001970
песне 1,698970 0,005244
моргенштерн 1,301030 0,004016
намекнул 1,698970 0,005244
разлад 1,698970 0,005244
диларой 1,698970 0,005244
звезда 1,154902 0,003565
бедной 1,301030 0,004016
насти 1,301030 0,004016
карякин 1,301030 0,004016
болен 1,522879 0,004700
серьезно 1,154902 0,003565
все 0,124939 0,000386
мы 0,327902 0,001518
хотим 1,522879 0,004700
показывать 1,301030 0,004016
вам 0,638272 0,002955
только 0,283997 0,000877
ту 1,000000 0,003086
рекламу 1,096910 0,003386
которая 0,823909 0,002543
будет 0,387216 0,001195
интересна 1,698970 0,005244
для 0,107905 0,000333
этого 0,619789 0,001913
используем 1,154902 0,003565
cookie 1,154902 0,003565
это 0,251812 0,000777
печенье 1,522879 0,004700
понятно 1,301030 0,004016
телеканале 1,221849 0,003771
контакты 0,431798 0,001333
кастинг 1,397940 0,004315
пожаловаться 1,397940 0,004315
проблемы 0,920819 0,002842
вещанием 1,698970 0,005244
разместить 1,301030 0,004016
клип 1,397940 0,004315
размещение 0,958607 0,002959
рекламы 0,823909 0,002543
пожалуйста 1,045757 0,003228
зарегистрируйся 1,698970 0,005244
сайте 0,420216 0,001297
чтобы 0,408935 0,001262
принять 1,045757 0,003228
участие 0,920819 0,002842
голосовании 1,522879 0,004700
возможность 0,721246 0,002226
голосовать 1,522879 0,004700
открывается 1,397940 0,004315
регистрации 0,638272 0,001970
регистрация 0,657577 0,002030
