лаборатория 1,221849 0,001397
фантастика 0,853872 0,004637
fantlab 1,698970 0,000971
ru 0,180456 0,000103
расширить 1,045757 0,000598
поиск 0,387216 0,000553
регистрация 0,408935 0,000467
забыть 0,657577 0,000376
пароль 0,853872 0,000488
вход 0,602060 0,000344
ok 1,301030 0,000744
издательство 0,958607 0,006849
загрузка 1,397940 0,000799
список 0,619789 0,001417
журнал 0,744727 0,001064
авторский 0,744727 0,000851
колонок 1,154902 0,001650
рубрика 1,000000 0,001715
новое 0,214670 0,000245
статья 0,619789 0,000531
популярный 0,455932 0,000652
новинка 0,677781 0,001937
план 0,769551 0,001979
жанр 0,853872 0,002440
ульян 1,522879 0,000870
черкасов 1,698970 0,000971
золотой 0,795880 0,001365
земля 0,744727 0,000639
птица 0,958607 0,000548
великий 0,619789 0,000354
лес 0,958607 0,000548
сегодня 0,443697 0,000380
phelan 1,698970 0,003884
алекса 1,154902 0,000660
анжело 1,698970 0,000971
кровь 0,958607 0,000548
плен 1,154902 0,000660
эксмо 1,522879 0,002611
масштаб 1,698970 0,000971
марина 1,221849 0,000698
сергей 0,408935 0,000467
дяченко 1,698970 0,000971
продажа 0,657577 0,001316
апрель 0,275724 0,002522
ловец 1,522879 0,000870
душ 1,154902 0,000660
яцек 1,698970 0,000971
пекар 1,698970 0,000971
хоррор 1,096910 0,000627
мистик 0,958607 0,000548
саспенс 1,698970 0,000971
скоро 0,769551 0,000440
шкаф 1,698970 0,001457
кошмар 1,221849 0,001048
олег 0,721246 0,000825
кожин 1,698970 0,001457
вчера 0,920819 0,001842
senoid 1,698970 0,000971
джо 1,301030 0,000744
хилл 1,522879 0,000870
черный 0,853872 0,000488
телефон 0,568636 0,000325
калейдоскоп 1,698970 0,000971
цифровой 0,823909 0,000471
коллекция 0,769551 0,000440
фотография 0,795880 0,000455
джеть 1,698970 0,000971
кея 1,698970 0,000971
кляйный 1,698970 0,000971
другой 0,356547 0,000815
архив 0,920819 0,000526
bellka 1,698970 0,000971
аста 1,397940 0,005194
монах 1,698970 0,000971
дочь 0,958607 0,000548
палач 1,698970 0,000971
амброз 1,698970 0,000971
бирс 1,698970 0,000971
март 0,698970 0,001398
монтажник 1,698970 0,000971
кинорецензия 1,698970 0,000971
американский 0,585027 0,000836
мыльный 1,698970 0,000971
бог 0,958607 0,003014
сериал 0,494850 0,000424
позавчера 1,698970 0,001457
double 1,698970 0,001457
black 1,522879 0,001741
свиданье 1,397940 0,000799
мальчик 0,698970 0,000400
баллада 1,397940 0,000799
солдат 0,769551 0,000440
застава 1,698970 0,000971
илья 0,795880 0,000455
я 0,346787 0,001388
шагать 1,301030 0,000744
москва 0,292430 0,000167
febeerovez 1,698970 0,000971
детский 0,619789 0,000354
подростковый 1,397940 0,000799
литература 0,744727 0,000426
young 1,522879 0,001741
adult 1,522879 0,001306
мертвый 0,920819 0,001053
голова 1,096910 0,001567
амелия 1,698970 0,000971
грэмм 1,698970 0,000971
песнь 1,522879 0,000870
сорокопут 1,698970 0,000971
фрэнсис 1,301030 0,000744
кель 1,698970 0,000971
рецензия 0,920819 0,000789
фантастический 0,958607 0,001370
книга 0,552842 0,003318
баоша 1,698970 0,000971
возрождение 1,096910 0,000627
временить 0,698970 0,000400
берег 1,096910 0,000627
написать 0,619789 0,000886
невить 1,698970 0,000971
евать 1,698970 0,000971
ami 1,522879 0,000870
комикс 1,154902 0,001320
графический 1,397940 0,001998
романа 0,585027 0,004514
новость 0,161151 0,000507
индустрия 1,096910 0,000627
ть 0,552842 0,000948
мочь 0,236572 0,000203
быть 0,161151 0,000138
пропустить 1,045757 0,000598
издание 0,468521 0,001875
предыдущий 1,397940 0,000799
период 0,920819 0,000526
kon 1,698970 0,002428
тетрадь 1,698970 0,000971
дружба 1,000000 0,000572
нацумэ 1,698970 0,000971
юк 1,698970 0,000971
мидорикав 1,698970 0,000971
irbo 1,698970 0,000971
жизнь 0,318759 0,000182
фант 1,698970 0,001942
лаба 1,698970 0,000971
составить 0,958607 0,001370
библиография 1,698970 0,002913
джеймс 0,958607 0,000548
оливер 1,698970 0,000971
кервуд 1,698970 0,000971
sham 1,698970 0,000971
петер 1,698970 0,000971
нуйтен 1,698970 0,000971
ведьмак 1,698970 0,000971
герасим 1,698970 0,000971
литературный 0,795880 0,000910
встреча 0,638272 0,000365
питерский 1,698970 0,001457
фантаст 1,522879 0,001741
часть 0,638272 0,000365
третий 0,886057 0,000760
леонида 0,958607 0,000548
смирнов 1,301030 0,000744
анима 1,096910 0,000627
год 0,236572 0,000541
неполный 1,522879 0,000870
просмотреть 1,698970 0,000971
lunetta 1,698970 0,000971
анонс 1,096910 0,000627
дарио 1,698970 0,000971
тонань 1,698970 0,000971
хроника 1,301030 0,000744
ржавчина 1,698970 0,000971
песок 0,698970 0,000400
alek 1,698970 0,000971
macleod 1,698970 0,000971
отзыв 0,958607 0,002466
раздел 1,000000 0,001429
джон 0,920819 0,000526
фаулз 1,698970 0,000971
коллекционер 1,301030 0,000744
владимир 0,301030 0,000258
вы 0,301030 0,000258
бы 0,585027 0,001003
данный 0,455932 0,000261
форма 0,795880 0,000455
произведение 0,721246 0,001443
назвать 0,568636 0,000325
повесть 1,154902 0,001650
а 0,221849 0,001141
не 0,136677 0,000664
роман 1,000000 0,000857
этот 0,173925 0,000646
качество 0,795880 0,000455
вступление 1,301030 0,000744
точка 0,585027 0,000334
зрение 1,301030 0,000744
высокохудожественность 1,698970 0,000971
сюжет 0,744727 0,000851
обойма 1,698970 0,000971
использовать 0,568636 0,000325
автор 0,522879 0,002242
слово 0,552842 0,000474
гладкость 1,698970 0,000971
текст 0,585027 0,000669
сказать 0,795880 0,000910
что 0,161151 0,000322
как 0,187087 0,000481
тот 0,376751 0,000754
существенно 1,698970 0,000971
выделяться 1,698970 0,000971
он 0,455932 0,000261
очень 0,568636 0,000813
настоящий 0,795880 0,000682
станиславский 1,522879 0,000870
верить 0,958607 0,000548
еще 0,327902 0,000281
так 0,481486 0,000826
позволять 0,886057 0,000506
понять 0,769551 0,000440
прочувствовать 1,698970 0,000971
происходить 0,769551 0,000440
весь 0,107905 0,000648
участник 0,823909 0,000706
действо 1,698970 0,000971
они 0,309804 0,000354
крайне 1,698970 0,000971
мало 0,920819 0,000526
понравиться 1,000000 0,000857
сторонник 1,397940 0,000799
фильм 0,431798 0,000247
элемент 1,096910 0,000627
триллер 0,920819 0,000526
хмурый 1,522879 0,000870
насилие 1,221849 0,000698
поэтому 0,853872 0,000976
начать 0,508638 0,000291
читать 0,537602 0,001383
себя 0,397940 0,000227
начаться 0,853872 0,000732
какой 0,337242 0,000386
грусть 1,698970 0,001457
печаль 1,698970 0,000971
бросить 0,886057 0,000506
дочитать 1,698970 0,000971
конец 0,657577 0,000376
печать 1,221849 0,000698
вроде 1,522879 0,000870
есть 0,508638 0,000291
всегда 0,657577 0,000564
оценка 0,823909 0,002119
вера 0,958607 0,000548
огнев 1,698970 0,000971
сезон 0,568636 0,000488
отравить 1,522879 0,001306
плод 1,522879 0,001306
н 0,769551 0,001320
петров 1,096910 0,000627
любовный 1,000000 0,000857
главный 0,346787 0,000595
героиня 1,045757 0,000598
влюбляться 1,154902 0,000660
герой 0,552842 0,000790
отвечать 0,920819 0,000526
взаимность 1,522879 0,000870
семья 0,552842 0,000316
эпоха 0,853872 0,000732
изобилие 1,522879 0,000870
таракан 1,698970 0,000971
мешать 1,221849 0,000698
простой 0,795880 0,000455
человеческий 1,000000 0,000572
счастье 0,769551 0,000440
разлучница 1,698970 0,001457
нужный 0,552842 0,000316
для 0,107905 0,000278
треугольник 1,397940 0,000799
продвижение 1,154902 0,000660
глубокий 1,096910 0,000627
пучина 1,698970 0,000971
страданье 1,698970 0,000971
сам 0,721246 0,000618
мучиться 1,698970 0,000971
много 0,301030 0,000430
финал 0,920819 0,000526
главное 0,327902 0,000187
разуметься 1,522879 0,001306
воссоединяться 1,522879 0,000870
наказывать 1,397940 0,000799
судьба 0,657577 0,000376
любовь 0,468521 0,000402
торжествовать 1,397940 0,000799
зло 1,397940 0,000799
разоблачить 1,698970 0,000971
поверженный 1,698970 0,000971
однако 0,886057 0,000760
явно 1,397940 0,000799
полк 1,096910 0,000940
сентиментальный 1,522879 0,000870
современный 0,537602 0,000307
проза 0,958607 0,001096
классический 0,886057 0,000506
проходить 0,721246 0,000412
суровый 1,522879 0,000870
испытание 1,045757 0,000598
модифицировать 1,698970 0,000971
под 0,376751 0,000431
требование 1,000000 0,000572
актуальный 0,823909 0,000471
повестка 1,522879 0,000870
день 0,236572 0,000338
западный 0,823909 0,000471
алексей 0,552842 0,000790
калугин 1,698970 0,001457
старик 1,397940 0,000799
сказочник 1,698970 0,000971
классный 1,698970 0,001457
рассказ 0,920819 0,001579
жемчужина 1,397940 0,000799
сборник 1,096910 0,000940
вот 0,677781 0,000775
такой 0,397940 0,000682
вещь 1,045757 0,000598
принцип 1,096910 0,000627
ценить 1,522879 0,000870
атмосферный 1,522879 0,000870
подать 1,221849 0,000698
уходить 0,823909 0,000471
радикальный 1,698970 0,000971
мера 0,823909 0,000706
принимать 0,886057 0,000506
человек 0,259637 0,000371
совершенно 0,886057 0,000506
ответственный 1,397940 0,000799
решение 0,619789 0,000354
готовый 0,744727 0,000426
да 0,494850 0,000566
допускать 1,522879 0,000870
решенье 1,397940 0,000799
нельзя 0,795880 0,000455
серьезно 1,154902 0,000660
здесь 0,698970 0,000400
круто 1,522879 0,000870
абсолютно 1,221849 0,000698
колония 1,221849 0,000698
своеобразный 1,522879 0,000870
адам 1,698970 0,000971
ева 1,000000 0,000572
вернуться 0,638272 0,000365
начало 0,638272 0,000547
время 0,327902 0,000187
никакой 0,920819 0,000526
параллельный 1,221849 0,000698
вселить 0,886057 0,000506
оставить 0,823909 0,000471
орбита 1,522879 0,000870
космический 1,221849 0,000698
корабль 0,886057 0,000506
луна 1,096910 0,000940
вязовский 1,698970 0,000971
распутин 1,698970 0,001942
lammi 1,698970 0,000971
студент 1,221849 0,001048
историк 1,221849 0,000698
григория 1,221849 0,000698
новинский 1,698970 0,001457
уже 0,568636 0,000488
готовиться 0,920819 0,000526
написание 1,221849 0,000698
дипломный 1,698970 0,000971
работа 0,431798 0,000494
оно 0,397940 0,000569
практический 1,397940 0,000799
занятие 1,096910 0,000627
специальность 1,698970 0,000971
сознание 1,221849 0,000698
переместиться 1,522879 0,000870
тело 0,698970 0,000400
григорий 1,397940 0,000799
аккурат 1,698970 0,000971
теперь 0,602060 0,000344
бывший 1,045757 0,000598
два 0,346787 0,000198
задача 1,000000 0,000572
спасти 0,853872 0,000488
россия 0,214670 0,000368
будущее 0,602060 0,000516
катастрофа 1,221849 0,000698
попасть 0,823909 0,000471
эксклюзивный 1,154902 0,000990
смысл 0,958607 0,000548
вечеринка 1,154902 0,000660
князь 1,522879 0,000870
феликс 1,397940 0,000799
юсупов 1,698970 0,000971
довольно 1,221849 0,000698
шаблонный 1,698970 0,000971
ничуть 1,522879 0,000870
растеряться 1,698970 0,000971
прошлое 1,045757 0,000598
сходу 1,522879 0,000870
изобрести 1,397940 0,000799
аппарат 1,698970 0,000971
илизаров 1,698970 0,000971
игра 0,585027 0,000334
монополия 1,397940 0,000799
парашют 1,698970 0,000971
салат 1,397940 0,000799
шуба 1,698970 0,000971
набрать 1,522879 0,000870
верный 1,096910 0,000627
единомышленник 1,522879 0,000870
который 0,236572 0,000338
рот 1,522879 0,000870
заглядывать 1,698970 0,000971
благо 1,522879 0,000870
природный 1,301030 0,000744
фактура 1,698970 0,000971
весьма 1,397940 0,000799
располагать 1,698970 0,000971
стивен 1,045757 0,000598
кинг 1,154902 0,000990
стрелок 1,301030 0,000744
darken 1,698970 0,001457
же 0,721246 0,000412
интриговать 1,698970 0,000971
стоить 1,154902 0,000660
ли 0,387216 0,000221
начинать 1,096910 0,000940
путешествие 0,677781 0,001162
завершить 0,958607 0,000548
его 0,346787 0,000297
нет 0,537602 0,000307
именно 0,823909 0,000942
свое 0,455932 0,000391
собственный 0,795880 0,000682
роланд 1,698970 0,000971
темный 0,920819 0,000526
башня 1,221849 0,000698
давно 0,769551 0,000440
намереваться 1,698970 0,000971
ознакомиться 1,397940 0,000799
цикл 0,958607 0,003836
час 0,769551 0,000880
настать 1,397940 0,000799
крайний 1,522879 0,000870
ожидать 0,958607 0,000548
неспешность 1,698970 0,000971
флэшбек 1,698970 0,000971
филососфский 1,698970 0,000971
только 0,283997 0,000406
бесконечный 1,221849 0,000698
пустыня 1,522879 0,000870
вглубь 1,522879 0,000870
пролог 1,698970 0,000971
вводить 1,096910 0,000627
читатель 0,823909 0,000471
особенный 1,301030 0,000744
волшебный 1,045757 0,000598
мир 0,387216 0,000996
где 0,455932 0,000261
сплетаться 1,698970 0,000971
воедино 1,522879 0,000870
реальность 0,823909 0,000471
обломок 1,522879 0,000870
прошлый 0,744727 0,000426
призрачный 1,522879 0,000870
настоящее 1,096910 0,000627
предопределить 1,698970 0,000971
всего 0,721246 0,000412
пугать 1,154902 0,000660
неизведанность 1,698970 0,000971
понимать 0,886057 0,000506
блог 0,795880 0,000682
форум 0,886057 0,005571
инострый 1,698970 0,001457
джордж 1,154902 0,000990
оруэлла 1,301030 0,001115
справочник 1,301030 0,000744
жить 0,585027 0,000334
серия 0,744727 0,006385
мудрый 1,522879 0,000870
мыслить 1,522879 0,000870
каждый 0,552842 0,000316
автобиографический 1,698970 0,000971
заметка 1,221849 0,000698
цитата 1,045757 0,000598
иза 0,167491 0,000431
внутренний 1,221849 0,001048
иллюстрация 1,397940 0,007191
фрагмент 1,154902 0,000990
картина 0,721246 0,000618
босха 1,698970 0,000971
июнь 0,823909 0,001648
классик 0,886057 0,000506
внецикловый 1,698970 0,003884
обложка 1,154902 0,004951
ван 1,000000 0,000572
гога 1,522879 0,000870
указать 1,000000 0,000572
май 1,397940 0,001998
тацук 1,522879 0,000870
фудзимото 1,522879 0,001306
бензопила 1,522879 0,001306
азбука 1,301030 0,004090
аттикус 1,698970 0,002428
седьмой 1,301030 0,001115
восьмой 1,698970 0,001457
том 0,920819 0,001053
т 1,045757 0,001494
сельма 1,698970 0,000971
лагерлеф 1,698970 0,000971
удивительный 1,397940 0,000799
нильс 1,698970 0,000971
хольгерссон 1,698970 0,000971
дикий 1,096910 0,000627
гусь 1,522879 0,000870
швеция 1,221849 0,000698
волчок 1,698970 0,000971
кондратов 1,698970 0,000971
весна 0,823909 0,000471
масась 1,698970 0,000971
кисимото 1,698970 0,001457
нарутый 1,522879 0,001306
девятнадцатый 1,698970 0,000971
двадцатый 1,522879 0,000870
двадцать 1,221849 0,001746
первый 0,346787 0,000396
м 0,698970 0,000999
эйитиро 1,698970 0,000971
ода 1,698970 0,001457
one 0,958607 0,000822
piece 1,522879 0,000870
большой 0,657577 0,000940
куш 1,698970 0,001457
девятый 1,522879 0,000870
тридцатый 1,698970 0,000971
самый 0,251812 0,000288
страшный 1,000000 0,000572
избранный 1,397940 0,000799
малый 1,000000 0,000572
швыдов 1,698970 0,000971
наоко 1,698970 0,000971
такэутить 1,698970 0,001457
pretty 1,698970 0,000971
guardian 1,522879 0,000870
sailor 1,698970 0,000971
moon 1,698970 0,001457
xl 1,522879 0,001741
medium 1,154902 0,001320
тома 0,522879 0,000897
сейлора 1,698970 0,000971
мун 1,698970 0,000971
адатиток 1,698970 0,002428
бездомный 1,698970 0,003399
семнадцатый 1,698970 0,000971
шестнадцатый 1,698970 0,000971
джули 1,522879 0,000870
холл 1,698970 0,000971
скованный 1,698970 0,000971
тьма 1,096910 0,000627
freedom 1,522879 0,000870
нефилить 1,522879 0,000870
второй 0,602060 0,000688
ребенок 0,259637 0,000371
падший 1,698970 0,000971
ангел 1,397940 0,000799
anthony 1,698970 0,000971
ryan 1,698970 0,000971
to 0,886057 0,000760
blackfyre 1,698970 0,000971
keep 1,301030 0,000744
subterranean 1,698970 0,000971
press 1,154902 0,002310
book 1,397940 0,008790
in 0,958607 0,003836
seven 1,698970 0,000971
sword 1,698970 0,000971
series 1,397940 0,004794
cover 1,397940 0,001598
art 1,045757 0,001195
by 1,000000 0,001143
didy 1,698970 0,000971
graffet 1,698970 0,000971
сентябрь 1,154902 0,001320
leigh 1,698970 0,001457
bardugo 1,698970 0,001457
kylum 1,698970 0,000971
vanderklugt 1,698970 0,000971
demon 1,698970 0,000971
wood 1,698970 0,000971
roaring 1,698970 0,000971
brook 1,698970 0,000971
dani 1,698970 0,000971
pendergast 1,698970 0,000971
hell 1,698970 0,000971
bent 1,698970 0,000971
flatiron 1,698970 0,001457
alex 1,522879 0,000870
stern 1,698970 0,000971
январь 0,886057 0,000506
erin 1,698970 0,000971
sterling 1,698970 0,000971
kiss 1,698970 0,001457
curse 1,698970 0,000971
avon 1,698970 0,000971
ex 1,698970 0,000971
hex 1,698970 0,000971
katherine 1,698970 0,000971
arden 1,698970 0,000971
empty 1,522879 0,000870
smile 1,698970 0,000971
g 1,154902 0,000660
p 1,096910 0,000627
putnam 1,698970 0,000971
s 0,721246 0,001237
son 1,698970 0,000971
small 1,221849 0,000698
space 1,301030 0,000744
август 0,958607 0,001370
melissa 1,698970 0,000971
albert 1,698970 0,000971
our 1,221849 0,000698
crooked 1,698970 0,000971
heart 1,522879 0,000870
roshani 1,698970 0,000971
chokshi 1,698970 0,000971
evelyn 1,698970 0,000971
skye 1,698970 0,000971
sandhya 1,698970 0,000971
menon 1,698970 0,000971
three 1,698970 0,000971
midnight 1,698970 0,000971
wednesday 1,698970 0,000971
sebastien 1,698970 0,000971
de 1,154902 0,001320
castell 1,698970 0,000971
play 1,000000 0,000572
of 0,853872 0,002196
shadow 1,698970 0,001942
jo 1,698970 0,000971
fletcher 1,698970 0,000971
court 1,698970 0,000971
pierre 1,698970 0,000971
bordage 1,698970 0,000971
cit 1,698970 0,000971
l 1,301030 0,001115
atalante 1,698970 0,000971
la 1,397940 0,001199
dentelle 1,698970 0,000971
dus 1,698970 0,001942
cygne 1,698970 0,000971
i 0,769551 0,000660
roman 1,522879 0,000870
cycle 1,522879 0,001306
m 1,096910 0,000940
tro 1,698970 0,001457
paris 1,698970 0,000971
inter 1,698970 0,000971
auteur 1,698970 0,000971
univer 1,698970 0,000971
illustration 1,522879 0,000870
couverture 1,698970 0,000971
mirko 1,698970 0,000971
failone 1,698970 0,000971
elizabeth 1,698970 0,001457
lim 1,698970 0,001457
dragon 1,522879 0,001306
promise 1,698970 0,001457
knopf 1,698970 0,000971
for 1,045757 0,000598
reader 1,698970 0,000971
six 1,698970 0,001457
crimson 1,522879 0,001306
crane 1,698970 0,001457
tran 1,698970 0,000971
nguyen 1,698970 0,000971
hodder 1,698970 0,000971
stoughton 1,698970 0,000971
гречь 1,698970 0,000971
гифьюн 1,698970 0,000971
дикарь 1,698970 0,000971
хаос 1,221849 0,000698
мастер 0,795880 0,000455
ужас 0,920819 0,000526
внецикловой 1,698970 0,000971
емельянов 1,522879 0,000870
алайна 1,698970 0,000971
сало 1,522879 0,000870
красавица 0,958607 0,000548
сентементальный 1,698970 0,000971
хороший 0,408935 0,000701
гарт 1,698970 0,000971
никс 1,698970 0,000971
превосходный 1,698970 0,000971
суббота 1,045757 0,000598
ключ 1,301030 0,001115
королевство 1,522879 0,001306
шестой 1,221849 0,000698
некро 1,698970 0,000971
анна 0,537602 0,000307
одувалов 1,698970 0,000971
змеиный 1,698970 0,001457
школа 0,552842 0,000474
подруга 1,096910 0,000627
академия 1,045757 0,000598
магия 1,045757 0,000897
покет 1,698970 0,000971
косулина 1,698970 0,000971
роберта 1,221849 0,000698
хайнлайн 1,698970 0,000971
погоня 1,397940 0,000799
панкера 1,698970 0,000971
fanzon 1,698970 0,000971
scus 1,698970 0,000971
fus 1,397940 0,000799
universe 1,698970 0,000971
новый 0,244125 0,000209
нф 1,698970 0,000971
мартинья 1,698970 0,000971
оливья 1,698970 0,000971
суйе 1,698970 0,001457
лоран 1,698970 0,000971
паскаль 1,698970 0,000971
могер 1,698970 0,000971
драконов 1,522879 0,000870
второе 1,221849 0,000698
дыхание 1,397940 0,000799
скандинавский 1,301030 0,000744
антология 1,154902 0,001320
легенда 0,795880 0,000455
дракон 0,920819 0,000526
оформить 1,154902 0,000660
пятьдесят 1,698970 0,000971
выдаваться 1,397940 0,000799
иллюстратор 1,698970 0,000971
смит 1,000000 0,000572
ричард 1,154902 0,000660
ламберт 1,698970 0,000971
город 0,397940 0,000227
тень 1,397940 0,000799
wbook 1,698970 0,001457
фэнтезь 0,920819 0,001579
стелла 1,698970 0,000971
ночь 0,721246 0,000618
король 0,920819 0,000789
сражаться 1,397940 0,000799
сердце 0,769551 0,000440
mainstream 1,698970 0,000971
клуб 0,657577 0,000564
романтика 1,397940 0,000799
росс 1,397940 0,000799
уэлфорд 1,698970 0,000971
обочина 1,522879 0,000870
миро 0,337242 0,000289
бестселлер 1,154902 0,000660
мировой 0,721246 0,000412
оксана 1,397940 0,000799
гринберг 1,698970 0,000971
жена 0,677781 0,000387
верховный 1,397940 0,000799
маг 1,301030 0,000744
иддк 1,698970 0,001457
монолог 1,221849 0,001048
наталья 0,795880 0,000455
фролов 1,698970 0,000971
лариса 1,154902 0,000660
петровичев 1,698970 0,000971
мой 0,619789 0,000531
прекрасный 0,920819 0,000526
повариха 1,698970 0,000971
самостоятельный 1,397940 0,001199
вкусный 1,397940 0,000799
бывать 1,154902 0,000660
людмила 0,920819 0,000526
шапочкин 1,698970 0,000971
christopher 1,698970 0,000971
ruocchio 1,698970 0,000971
kingdom 1,698970 0,000971
death 1,698970 0,000971
gollancz 1,698970 0,000971
sun 1,397940 0,000799
eater 1,698970 0,000971
jessica 1,698970 0,001457
khoury 1,698970 0,000971
call 1,301030 0,000744
crow 1,698970 0,000971
scholastic 1,698970 0,000971
skyborn 1,698970 0,000971
gregory 1,698970 0,001457
maguire 1,698970 0,000971
cress 1,698970 0,000971
watercress 1,698970 0,000971
candlewick 1,698970 0,000971
марта 0,886057 0,002532
c 0,721246 0,000412
emmett 1,698970 0,000971
bloody 1,698970 0,000971
throne 1,698970 0,000971
orbit 1,698970 0,000971
hostage 1,698970 0,000971
empire 1,698970 0,000971
maurice 1,698970 0,000971
broaddu 1,698970 0,000971
sweep 1,698970 0,000971
star 1,221849 0,001048
tor 1,522879 0,001306
astra 1,698970 0,000971
trilogy 1,698970 0,000971
sylvain 1,698970 0,000971
neuvel 1,698970 0,000971
until 1,522879 0,000870
last 1,522879 0,000870
com 0,744727 0,000639
take 1,221849 0,000698
they 1,154902 0,000660
olson 1,698970 0,000971
a 0,638272 0,000547
forgery 1,698970 0,000971
rose 1,698970 0,000971
inkyard 1,698970 0,000971
rebecca 1,698970 0,000971
scherm 1,698970 0,000971
house 1,397940 0,000799
between 1,522879 0,000870
earth 1,698970 0,000971
viking 1,698970 0,000971
j 1,000000 0,000572
worrad 1,698970 0,000971
pennyblade 1,698970 0,000971
titan 1,698970 0,000971
timofey 1,698970 0,000971
aleshkin 1,698970 0,000971
secret 1,397940 0,000799
студия 0,886057 0,000506
война 0,522879 0,000299
bastianello 1,698970 0,000971
flicker 1,698970 0,000971
flame 1,698970 0,000971
tree 1,698970 0,000971
сайт 0,173925 0,000596
открытый 0,853872 0,000488
книжный 1,045757 0,002391
открыть 0,552842 0,000474
англо 1,698970 0,000971
xx 0,958607 0,000548
век 0,619789 0,000354
пол 1,045757 0,000897
андерсон 1,698970 0,001457
персональный 0,619789 0,001240
писатель 0,721246 0,000825
рамка 1,045757 0,000897
выборочно 1,698970 0,000971
издать 1,221849 0,000698
повестить 1,221849 0,001048
входить 1,301030 0,001115
состав 1,000000 0,000572
различный 1,301030 0,000744
авторские 1,045757 0,000598
рэя 1,522879 0,001306
брэдобрать 1,522879 0,001306
издательский 1,045757 0,000598
проект 0,259637 0,000223
полярис 1,698970 0,000971
куратор 1,221849 0,000698
darkseed 1,698970 0,001457
разместить 0,721246 0,000825
комментарий 0,823909 0,000942
стефана 1,522879 0,000870
грааль 1,698970 0,001457
арельский 1,698970 0,001457
стефан 1,698970 0,000971
русский 0,318759 0,000182
поэт 0,886057 0,000760
работать 0,431798 0,000247
научный 0,795880 0,000455
свой 0,301030 0,000172
деятельность 0,853872 0,000488
круг 1,154902 0,000660
эгофутурист 1,698970 0,000971
дальнейший 1,045757 0,000598
поэтический 1,522879 0,000870
творчество 0,958607 0,000548
перейти 0,744727 0,000639
пропагандировать 1,522879 0,000870
сциентизм 1,698970 0,000971
основной 1,000000 0,000572
выйти 0,568636 0,000325
после 0,356547 0,000306
революция 1,096910 0,000627
марс 1,301030 0,000744
открытие 1,000000 0,000572
приурочить 1,397940 0,000799
летний 0,721246 0,000412
годовщина 1,698970 0,000971
смерть 0,568636 0,000488
составитель 1,698970 0,000971
итог 0,769551 0,000660
роса 1,698970 0,002428
кон 1,397940 0,001998
международный 0,508638 0,000291
конференция 0,853872 0,000488
вопрос 0,420216 0,000360
проводиться 1,096910 0,000940
пансионат 1,698970 0,000971
лесной 1,154902 0,000660
даль 1,221849 0,000698
место 0,481486 0,001789
роскон 1,698970 0,006798
юлий 0,823909 0,000706
рыженков 1,698970 0,001457
реинкарнатор 1,698970 0,001457
серебряный 1,154902 0,001650
волков 1,301030 0,000744
кукла 1,397940 0,000799
выть 1,522879 0,000870
бронзовый 1,522879 0,002176
гравицкий 1,698970 0,000971
виктор 0,698970 0,000599
косенков 1,698970 0,000971
гость 1,000000 0,000572
внутри 1,045757 0,000598
александра 0,443697 0,000507
горбов 1,698970 0,000971
бездна 1,221849 0,000698
богданов 1,397940 0,001199
дворник 1,698970 0,000971
должен 0,677781 0,000387
мести 1,698970 0,000971
лукьяненко 1,301030 0,000744
подлинный 1,301030 0,000744
история 0,283997 0,000162
незнайка 1,698970 0,001457
рассказать 0,366532 0,000210
профессор 1,221849 0,000698
знайка 1,698970 0,000971
инженер 1,522879 0,000870
винтик 1,698970 0,000971
шпунтик 1,698970 0,000971
доктор 0,721246 0,000412
пилюлькин 1,698970 0,000971
астроном 1,698970 0,000971
стекляшкин 1,698970 0,000971
обыватель 1,698970 0,000971
пончик 1,698970 0,000971
гражданин 0,769551 0,000440
кнопочка 1,698970 0,001457
просто 0,602060 0,000344
премия 0,677781 0,001550
александр 0,602060 0,000344
ройф 1,698970 0,000971
дмитрия 0,602060 0,000688
казаков 1,522879 0,001306
создание 0,721246 0,000412
призывание 1,698970 0,000971
демон 1,096910 0,000627
воскрешение 1,301030 0,000744
межавторск 1,698970 0,000971
ия 1,397940 0,000799
лазарев 1,698970 0,000971
топь 1,698970 0,000971
виталия 1,154902 0,000660
пищенко 1,698970 0,000971
приз 1,096910 0,000627
алиса 1,221849 0,000698
карташов 1,698970 0,000971
зверь 1,221849 0,000698
кровать 1,522879 0,000870
бык 1,397940 0,000799
пелевин 1,522879 0,000870
покров 1,698970 0,000971
надежда 0,769551 0,000440
безымянный 1,522879 0,000870
сила 0,698970 0,000400
конвент 1,698970 0,002428
пандемия 1,154902 0,000660
вручаться 1,698970 0,000971
дарья 1,154902 0,000660
демченков 1,698970 0,000971
край 1,000000 0,000572
пустота 1,698970 0,000971
дивов 1,698970 0,000971
техподдержка 1,154902 0,000660
зона 1,045757 0,000598
яна 0,920819 0,000526
летта 1,522879 0,000870
прореха 1,522879 0,000870
править 0,638272 0,000365
максим 0,958607 0,000548
черепанов 1,698970 0,000971
багровый 1,522879 0,000870
небо 0,886057 0,000760
евгенья 0,698970 0,000400
лукин 1,522879 0,000870
пять 1,000000 0,000857
сотка 1,522879 0,000870
солнце 1,221849 0,000698
возвращение 0,853872 0,000488
лента 0,677781 0,000581
слежение 1,698970 0,000971
интернет 0,455932 0,000261
магазин 0,619789 0,000354
обсуждение 1,000000 0,000572
электронный 0,619789 0,001417
последний 0,318759 0,001640
сообщение 0,677781 0,003099
linnan 1,698970 0,001457
ая 1,397940 0,000799
лабораторный 1,698970 0,001457
конкурс 0,568636 0,000650
chess 1,698970 0,000971
man 1,397940 0,000799
раритет 1,698970 0,000971
slovar 1,698970 0,000971
почитать 1,096910 0,000627
дмитррия 1,698970 0,000971
перевод 1,000000 0,000572
переводчик 1,096910 0,000627
вебер 1,698970 0,000971
книготорговля 1,698970 0,000971
почему 0,366532 0,000210
доколе 1,698970 0,000971
szkeo 1,698970 0,000971
саймон 1,698970 0,000971
грин 1,397940 0,000799
нравиться 1,045757 0,000598
окололитературный 1,698970 0,002913
тема 0,585027 0,001003
консул 1,522879 0,000870
знаток 1,522879 0,000870
arnoldsco 1,698970 0,000971
покупка 0,853872 0,000488
grief 1,698970 0,000971
звезда 0,552842 0,000316
visual 1,301030 0,000744
пивнушка 1,698970 0,000971
цианид 1,698970 0,000971
офтопика 1,698970 0,000971
koneko 1,698970 0,000971
престиж 1,698970 0,000971
бук 1,301030 0,000744
registr 1,698970 0,000971
помочь 0,537602 0,000307
вспомнить 1,045757 0,000598
crazybaba 1,698970 0,000971
фанфика 1,301030 0,000744
опиум 1,698970 0,000971
народ 0,853872 0,000488
химик 1,397940 0,000799
альфа 1,397940 0,000799
wolf 1,522879 0,000870
статистик 1,045757 0,000598
произведенье 0,853872 0,000976
база 1,096910 0,000627
классифицировать 1,698970 0,000971
проверить 0,721246 0,000412
зарегистрировать 0,619789 0,000354
посетитель 1,154902 0,001320
поставить 0,823909 0,000471
чемпион 1,096910 0,000627
месяц 0,537602 0,000307
класси 1,698970 0,000971
фикация 1,698970 0,000971
hobbitmihalych 1,698970 0,000971
kosia 1,698970 0,000971
mputnik 1,698970 0,000971
сан 1,154902 0,000660
саныч 1,698970 0,000971
vlad 1,698970 0,000971
lev 1,698970 0,000971
cyb 1,698970 0,000971
orbon 1,698970 0,000971
its 1,397940 0,000799
muffin 1,698970 0,000971
time 1,096910 0,000627
подсчет 1,522879 0,000870
вестись 1,301030 0,000744
обновляться 1,397940 0,000799
раз 0,638272 0,000365
часы 0,886057 0,000506
обновление 1,000000 0,000572
минута 1,045757 0,000598
назад 0,638272 0,000365
трансляция 0,721246 0,000412
rss 0,823909 0,000471
яндекс 0,585027 0,000334
дзный 1,000000 0,000572
vk 1,096910 0,000627
facebook 0,823909 0,000471
twitter 0,769551 0,000440
livejournal 1,522879 0,000870
telegram 0,744727 0,000639
алфавит 1,698970 0,001457
б 1,301030 0,001115
е 0,823909 0,000706
ж 1,522879 0,001306
з 1,698970 0,001457
й 1,000000 0,000857
л 0,795880 0,000682
п 1,096910 0,000940
р 1,221849 0,001048
ха 0,657577 0,000564
ц 1,698970 0,001457
ч 1,301030 0,001487
ша 1,096910 0,000940
щ 1,698970 0,001457
ю 1,221849 0,001048
межавторский 1,698970 0,001457
термин 1,301030 0,000744
фантастиковедение 1,698970 0,000971
сравнение 1,397940 0,001199
русскоязычный 1,522879 0,001741
зарубежный 0,769551 0,000880
награда 1,096910 0,001254
локус 1,698970 0,000971
сша 0,508638 0,000727
небьюл 1,698970 0,000971
всемирный 1,045757 0,000598
хьюго 1,698970 0,000971
аэлит 1,698970 0,000971
версия 0,522879 0,000299
фантлабый 1,698970 0,000971
мемориальный 1,301030 0,000744
имя 0,443697 0,000254
андрей 0,508638 0,000291
зильберштейн 1,698970 0,000971
смотреть 0,443697 0,000254
рейтинг 0,657577 0,000940
титуловать 1,698970 0,001457
издавать 1,698970 0,001457
высокотиражный 1,698970 0,001457
рецензировать 1,698970 0,001457
противоречивый 1,698970 0,001457
гендерный 1,522879 0,001306
лингвистический 1,698970 0,000971
признак 1,096910 0,000627
рекомендация 1,045757 0,000897
персонифицировать 1,698970 0,000971
доступный 0,958607 0,000548
оценивание 1,698970 0,000971
несколько 0,744727 0,000426
выходить 0,698970 0,000400
регулярно 1,698970 0,000971
сюда 1,397940 0,000799
писать 0,744727 0,000426
самодельный 1,522879 0,000870
малотиражный 1,698970 0,000971
личный 0,657577 0,000376
k 1,154902 0,000660
регулярный 1,301030 0,000744
сводка 1,397940 0,000799
один 0,356547 0,000204
админ 1,698970 0,001457
глас 1,522879 0,000870
тут 0,853872 0,000488
новшество 1,698970 0,000971
технический 0,853872 0,000488
букопедия 1,698970 0,000971
например 1,397940 0,000799
жозе 1,522879 0,000870
сарамаго 1,698970 0,000971
перебой 1,522879 0,000870
narizhna 1,698970 0,000971
действительно 1,154902 0,000660
чтение 1,045757 0,000897
хотеться 1,000000 0,000857
спешить 1,301030 0,000744
смаковать 1,698970 0,000971
перекатывать 1,698970 0,000971
эдак 1,698970 0,000971
будто 1,522879 0,001306
морской 1,000000 0,000572
камушек 1,698970 0,000971
ладонь 1,522879 0,000870
даже 0,602060 0,000344
растереть 1,698970 0,000971
пара 1,096910 0,000627
тройка 1,154902 0,000660
удачный 1,397940 0,000799
фраза 1,221849 0,000698
язык 0,568636 0,000325
старое 0,958607 0,000548
вино 1,154902 0,000660
eng 1,301030 0,000744
fra 1,522879 0,000870
укра 1,698970 0,000971
регламент 1,397940 0,000799
faq 1,397940 0,000799
контакт 0,387216 0,000221
реклама 0,259637 0,000148
сотрудничество 1,000000 0,000572
наш 0,309804 0,000177
вконтакт 0,638272 0,000365
любой 0,420216 0,000240
использование 0,408935 0,000234
материал 0,292430 0,000167
допускаться 1,045757 0,000598
указание 1,522879 0,000870
активный 1,000000 0,000572
ссылка 0,698970 0,000400
источник 1,045757 0,000598
наверх 1,301030 0,000744
