изба 1,698970 0,007131
читальня 1,698970 0,006774
литературный 0,795880 0,001837
социальный 0,522879 0,000439
сеть 0,443697 0,000372
публикация 0,769551 0,000808
свое 0,455932 0,000478
стих 1,045757 0,018216
песня 0,657577 0,006624
проза 0,958607 0,003621
отзыв 0,958607 0,003018
книга 0,552842 0,001276
сегодня 0,443697 0,001024
весь 0,107905 0,000951
акростих 1,698970 0,001070
афоризм 1,522879 0,001278
баллада 1,397940 0,001467
басня 1,397940 0,000587
белый 0,853872 0,000717
вольный 1,698970 0,000713
верлибр 1,698970 0,000713
декадентский 1,698970 0,000713
поэзия 1,096910 0,001381
драма 0,823909 0,000346
иронический 1,698970 0,002139
исторический 0,602060 0,000632
лирик 1,698970 0,017471
городской 0,886057 0,000558
гражданский 0,920819 0,003285
любовный 1,000000 0,002518
пейзажный 1,397940 0,001174
религиозный 1,397940 0,001760
философский 1,397940 0,003814
матерный 1,522879 0,000639
мир 0,387216 0,001950
душить 0,823909 0,003977
мистический 1,154902 0,000485
подражание 1,522879 0,000639
пародия 1,397940 0,000587
поэма 1,397940 0,000880
цикл 0,958607 0,000402
поэтический 1,522879 0,001918
манифест 1,698970 0,000713
перевод 1,000000 0,000839
прозаический 1,522879 0,000639
миниатюра 1,522879 0,004155
сатирический 1,522879 0,000639
для 0,107905 0,000181
ребенок 0,259637 0,000163
известный 0,677781 0,000569
поэт 0,886057 0,001488
иностранный 0,721246 0,000303
язык 0,568636 0,000477
война 0,522879 0,000988
видео 0,327902 0,000963
авторский 0,744727 0,004220
не 0,136677 0,000803
войти 0,468521 0,000983
рубрика 1,000000 0,001889
твердый 1,522879 0,000959
форма 0,795880 0,000668
художественный 0,886057 0,000930
чтение 1,045757 0,000658
частушка 1,698970 0,000713
шуточный 1,698970 0,001070
эзотерический 1,698970 0,000713
экспериментальный 1,397940 0,000880
эпиграмма 1,698970 0,000713
эротический 1,522879 0,000639
юмористический 1,522879 0,000959
антиутопия 1,397940 0,000880
байка 1,301030 0,000546
быль 1,698970 0,000713
детектив 0,886057 0,000558
детский 0,619789 0,000260
литература 0,744727 0,001563
другой 0,356547 0,000524
романа 0,585027 0,000491
история 0,283997 0,000179
киберпанк 1,698970 0,000713
контркультура 1,698970 0,000713
мемуары 1,397940 0,000587
мистик 0,958607 0,000402
новелла 1,698970 0,000713
остросюжетный 1,522879 0,000639
очерк 1,698970 0,000713
письмо 0,795880 0,001169
повесть 1,154902 0,001212
приключение 0,795880 0,000334
психоделический 1,698970 0,000713
психологический 1,221849 0,000513
психология 0,958607 0,000604
пьеса 1,522879 0,000639
рассказ 0,920819 0,002512
сатир 1,698970 0,001070
сказка 0,823909 0,000692
статья 0,619789 0,001431
триллер 0,920819 0,000386
ужас 0,920819 0,000386
утопия 1,698970 0,000713
фантастика 0,853872 0,000717
фанфика 1,301030 0,000546
фельетон 1,698970 0,000713
фэнтезь 0,920819 0,000773
школьный 1,096910 0,000691
эзотерика 1,522879 0,000639
эпос 1,522879 0,000639
эротика 1,221849 0,000513
эссе 1,698970 0,001070
юмор 1,096910 0,000921
произведение 0,721246 0,001968
анекдот 1,522879 0,000959
декламация 1,698970 0,000713
драматургия 1,522879 0,000639
интервью 0,522879 0,000439
комикс 1,154902 0,000727
критик 0,920819 0,000773
легенда 0,795880 0,000334
литературоведение 1,698970 0,000713
научный 0,795880 0,000334
политик 0,366532 0,000462
публицистика 1,301030 0,003823
репортаж 1,096910 0,000460
сценарий 0,886057 0,000372
технический 0,853872 0,000358
тост 1,698970 0,000713
философия 1,301030 0,000546
рецензия 0,920819 0,010629
россия 0,214670 0,000496
миро 0,337242 0,000637
автор 0,522879 0,002853
топ 0,677781 0,001565
месяц 0,537602 0,000338
бард 1,698970 0,001783
рекомендовать 0,823909 0,000346
прозаик 1,698970 0,001426
молодой 1,000000 0,000630
перспективный 1,522879 0,000959
популярный 0,455932 0,000191
страница 0,619789 0,000780
память 0,823909 0,000519
день 0,236572 0,000496
рождение 0,602060 0,001137
редакторский 1,698970 0,002496
анонс 1,096910 0,001611
плэйкастый 1,698970 0,000713
фонд 0,886057 0,000372
игорь 0,769551 0,000485
царев 1,698970 0,000713
фотоальбом 1,698970 0,000713
вечерний 1,045757 0,000439
блог 0,795880 0,000334
дневник 1,154902 0,000485
музыкальный 1,045757 0,000878
чемодан 1,698970 0,000713
новость 0,161151 0,000068
мы 0,229148 0,000866
общероссийский 1,522879 0,000639
движение 1,045757 0,000439
редакция 0,366532 0,000308
сайт 0,173925 0,000548
судьба 0,657577 0,000690
контакт 0,387216 0,000325
колонок 1,154902 0,000485
редактор 0,508638 0,000213
поиск 0,387216 0,000244
книжный 1,045757 0,000439
полк 1,096910 0,000460
журнал 0,744727 0,000469
радио 0,795880 0,000501
тема 0,585027 0,000614
форум 0,886057 0,001674
общение 0,920819 0,000580
разный 0,677781 0,001565
творческий 1,000000 0,001049
мастерский 1,301030 0,001365
характер 0,823909 0,000346
идеология 1,522879 0,000639
мировоззрение 1,698970 0,000713
человек 0,259637 0,000218
гуманитарный 1,045757 0,000439
наука 0,431798 0,000181
завалинка 1,698970 0,000713
шутка 1,397940 0,000587
кино 0,455932 0,000287
дуэль 1,301030 0,000546
состязание 1,522879 0,000639
конкурс 0,568636 0,001432
работа 0,431798 0,000272
армейский 1,522879 0,000639
блатной 1,698970 0,000713
вокал 1,698970 0,000713
джаз 1,522879 0,000639
блюз 1,522879 0,001278
хит 1,045757 0,000878
кавер 1,522879 0,000959
кантри 1,698970 0,000713
переделка 1,698970 0,000713
поп 1,397940 0,000587
музыка 0,602060 0,000632
рок 1,000000 0,000420
романс 1,397940 0,000587
рэп 1,522879 0,000639
текст 0,585027 0,000368
фольклор 1,397940 0,000880
шансон 1,522879 0,000959
плейкастый 1,698970 0,001070
литпортал 1,698970 0,000713
регистрация 0,408935 0,000172
украинский 0,522879 0,000549
бабушка 0,853872 0,000896
красный 0,920819 0,000966
знамя 1,397940 0,002934
елена 0,698970 0,002934
талленик 1,522879 0,001598
просмотр 0,920819 0,009856
ангела 1,096910 0,001151
крыша 1,397940 0,001174
лан 1,397940 0,001174
астриковый 1,698970 0,001426
франческа 1,698970 0,001070
евгенья 0,698970 0,001320
мирмо 1,698970 0,001783
киевский 1,221849 0,001282
весна 0,823909 0,001383
марин 0,958607 0,001207
терентьев 1,698970 0,001426
заветный 1,522879 0,000959
владимир 0,301030 0,000316
квашнин 1,698970 0,001070
международный 0,508638 0,000747
культура 0,468521 0,000590
под 0,376751 0,000474
сирена 1,698970 0,002496
объявление 1,301030 0,001365
завтра 0,920819 0,000580
мочь 0,236572 0,000348
быть 0,161151 0,000237
ирина 0,823909 0,001210
наталина 1,698970 0,001426
а 0,221849 0,000512
марта 0,886057 0,000558
евгений 0,795880 0,000835
викторов 1,522879 0,001598
храбрый 1,698970 0,001070
соловей 1,397940 0,000880
роза 1,045757 0,000658
данченко 1,698970 0,001070
речной 1,698970 0,001426
долина 1,301030 0,001092
anima 1,698970 0,001426
eterna 1,698970 0,001426
как 0,187087 0,000432
тут 0,853872 0,000538
закрепить 1,698970 0,001426
песенник 1,698970 0,000713
попасть 0,823909 0,000692
сюда 1,397940 0,001174
многофункциональный 1,698970 0,000713
портал 0,657577 0,000690
посвящать 1,522879 0,000959
юлий 0,823909 0,000865
головин 1,698970 0,001070
я 0,346787 0,001164
сниться 1,698970 0,001070
киев 0,744727 0,000469
лили 1,397940 0,001467
пламенеть 1,698970 0,001783
солнце 1,221849 0,001026
яркий 0,853872 0,000538
тускнеть 1,698970 0,000713
светлана 1,000000 0,001889
мельников 1,522879 0,000959
одинаковый 1,522879 0,000639
сергей 0,408935 0,001116
ваккер 1,698970 0,001426
пес 1,397940 0,000587
добавить 0,823909 0,000346
путем 1,397940 0,000880
алексей 0,552842 0,000580
березин 1,698970 0,001070
видение 1,522879 0,000959
пономарь 1,698970 0,001070
тарасий 1,698970 0,001070
алл 1,154902 0,000727
суонинный 1,698970 0,001070
ночной 1,154902 0,000727
купа 1,522879 0,000959
мария 0,657577 0,000552
цена 0,619789 0,000260
вечность 1,522879 0,000959
de 1,154902 0,001697
omnus 1,698970 0,000713
катрен 1,698970 0,000713
ольга 0,721246 0,001665
волынский 1,522879 0,000639
счастье 0,769551 0,000808
любова 1,698970 0,001070
первоапрельский 1,522879 0,000639
всячина 1,698970 0,000713
порошок 1,698970 0,000713
свой 0,301030 0,000569
мандельштам 1,397940 0,000587
нести 1,000000 0,000420
крест 1,522879 0,000639
бог 0,958607 0,000805
заповедать 1,698970 0,000713
стиль 0,721246 0,000454
перекат 1,698970 0,000713
денис 0,853872 0,000538
самряк 1,698970 0,001070
жилица 1,698970 0,000713
явецкий 1,698970 0,001070
павел 0,769551 0,000808
наш 0,309804 0,000520
шахматы 1,096910 0,000460
гулена 1,698970 0,000713
виктор 0,698970 0,000587
морозов 1,397940 0,000587
простить 1,301030 0,000819
олег 0,721246 0,000303
рещик 1,698970 0,000713
сюжетный 1,397940 0,000587
линия 1,221849 0,000513
птица 0,958607 0,000805
гала 1,301030 0,000819
растайка 1,698970 0,000713
родина 1,000000 0,000839
мать 0,721246 0,000303
горбануть 1,698970 0,000713
закат 1,221849 0,001282
марьин 1,522879 0,000639
режим 0,958607 0,000402
выживание 1,301030 0,000546
марковский 1,698970 0,000713
уходить 0,823909 0,000519
темнота 1,698970 0,000713
бескрайний 1,698970 0,000713
ночь 0,721246 0,000303
надежда 0,769551 0,000808
аншуков 1,698970 0,000713
таять 1,221849 0,000513
снег 1,045757 0,000439
многие 0,920819 0,000386
обидеть 1,698970 0,000713
наталья 0,795880 0,000835
унучкевич 1,698970 0,001070
нижегородка 1,698970 0,000713
жуков 1,397940 0,001174
желенина 1,698970 0,001426
холодно 1,301030 0,000546
жить 0,585027 0,000368
одинокий 1,045757 0,000439
вы 0,301030 0,000884
будить 1,397940 0,000587
русский 0,318759 0,000669
медведь 1,397940 0,000587
васильев 0,920819 0,000773
что 0,161151 0,000271
же 0,721246 0,000454
яхта 1,397940 0,000587
саша 1,045757 0,000439
соколов 1,397940 0,000587
лдпр 0,744727 0,000313
добрый 1,045757 0,000658
правда 0,657577 0,000276
рассказать 0,366532 0,000231
николай 0,568636 0,000955
климкин 1,698970 0,000713
качели 1,522879 0,000639
валентина 1,096910 0,000460
баранов 1,698970 0,000713
раскрыться 1,522879 0,000639
душ 1,154902 0,000485
внимание 0,769551 0,000485
леонов 1,522879 0,000639
смена 0,958607 0,000402
обстановка 1,154902 0,000485
даниила 1,397940 0,000587
сорокин 1,698970 0,000713
уехать 1,045757 0,000439
урбанский 1,522879 0,000639
вальс 1,698970 0,001070
татьяна 0,853872 0,000538
уразовый 1,698970 0,000713
поменьший 1,698970 0,000713
беда 1,397940 0,000587
побольший 1,698970 0,000713
бы 0,585027 0,000246
министерство 1,000000 0,000420
пропаганда 1,301030 0,000546
выдать 0,958607 0,000402
прорыв 1,522879 0,000639
дикарев 1,698970 0,000713
пойти 1,000000 0,000630
леонида 0,958607 0,000402
хегать 1,698970 0,000713
ведь 1,045757 0,000439
пока 0,920819 0,000386
ты 0,602060 0,000884
путь 0,721246 0,000605
децима 1,698970 0,000713
друг 0,494850 0,001246
людмила 0,920819 0,001159
вадимов 1,698970 0,000713
вечер 0,823909 0,000346
апрель 0,275724 0,000289
николаев 1,397940 0,000880
где 0,455932 0,000287
тот 0,376751 0,000237
бродить 1,522879 0,000639
лилия 1,698970 0,001070
пан 1,522879 0,000639
литвить 1,698970 0,000713
прошлое 1,045757 0,000439
лариса 1,154902 0,000969
оболенский 1,698970 0,001070
ластик 1,698970 0,000713
стеклодув 1,698970 0,000713
вера 0,958607 0,000604
машук 1,698970 0,000713
великий 0,619789 0,000390
благовещение 1,522879 0,002237
natala 1,698970 0,001070
bogdanova 1,698970 0,001070
ть 0,552842 0,001508
пресвятой 1,698970 0,001426
богородица 1,698970 0,001426
ирочка 1,698970 0,000713
покадить 1,698970 0,000713
мыть 0,698970 0,000880
alinanatalus 1,698970 0,001070
ж 1,522879 0,000639
лтый 1,698970 0,000713
цветик 1,522879 0,000639
семицветик 1,522879 0,000639
последний 0,318759 0,000268
отсчет 1,698970 0,000713
список 0,619789 0,001431
присно 1,698970 0,005705
дать 0,721246 0,002725
верис 1,698970 0,005705
графоманский 1,698970 0,005705
п 1,096910 0,007136
тем 0,920819 0,011981
кто 0,346787 0,004585
финансовый 0,638272 0,002143
независимый 1,154902 0,003878
талантливый 1,301030 0,004642
безоговорочно 1,522879 0,005114
хороший 0,408935 0,001373
себя 0,397940 0,001587
умный 0,920819 0,003092
житейски 1,698970 0,005705
анвап 1,698970 0,000713
фильм 0,431798 0,000272
ig 1,698970 0,000713
story 1,397940 0,000587
view 1,096910 0,000460
diligently 1,698970 0,000713
inspect 1,698970 0,000713
used 1,397940 0,000587
classic 1,522879 0,000639
car 1,522879 0,000639
for 1,045757 0,000439
sale 1,096910 0,000460
человеческий 1,000000 0,000420
достоинство 1,397940 0,000587
случай 0,568636 0,000358
патриарший 1,698970 0,001070
второй 0,602060 0,000253
часть 0,638272 0,000536
лев 0,886057 0,000558
фадеев 1,698970 0,001426
предвкушение 1,698970 0,001070
роман 1,000000 0,000630
девушка 0,744727 0,000469
имя 0,443697 0,000372
тина 1,698970 0,001070
четвертый 1,045757 0,000439
борис 0,698970 0,001320
аксюзовый 1,698970 0,002139
первый 0,346787 0,000291
бабочка 1,397940 0,000587
дьяков 1,698970 0,000713
охота 1,000000 0,000420
бес 1,397940 0,000587
анатолия 1,301030 0,002184
долженков 1,698970 0,001783
родственник 1,154902 0,000485
пуща 1,698970 0,000713
неволя 1,698970 0,000713
юрий 0,677781 0,001849
линна 1,301030 0,001092
либеральный 1,698970 0,000713
буча 0,920819 0,000580
каплан 1,698970 0,000713
голубой 1,221849 0,000513
ленточка 1,698970 0,000713
волшебный 1,045757 0,000658
сон 1,000000 0,000630
джон 0,920819 0,000580
маверик 1,698970 0,001070
небесный 1,397940 0,000880
света 0,886057 0,000372
квартира 0,853872 0,000358
номер 0,795880 0,000334
семьдесят 1,522879 0,000639
четыре 0,721246 0,000303
шестой 1,221849 0,000513
буташа 1,698970 0,000713
попов 1,301030 0,000546
художник 0,744727 0,000625
который 0,236572 0,000149
рисовать 1,154902 0,000485
чудо 0,823909 0,000346
абсолют 1,698970 0,000713
незваный 1,698970 0,000713
гостья 1,698970 0,000713
махоша 1,698970 0,000713
перед 0,769551 0,000323
рассвет 1,221849 0,000513
ди 1,301030 0,000546
вано 1,698970 0,000713
повысить 1,045757 0,000439
эмоциональный 1,522879 0,000639
возбудимость 1,698970 0,000713
эксплозивность 1,698970 0,000713
гадаев 1,698970 0,000713
нет 0,537602 0,000564
ответ 0,677781 0,000711
вопрос 0,420216 0,000265
туболец 1,698970 0,001426
фантасмагория 1,698970 0,000713
тотем 1,698970 0,000713
глый 1,522879 0,000639
третье 1,397940 0,000587
два 0,346787 0,000291
михаил 0,568636 0,000477
беликов 1,698970 0,001070
списать 1,698970 0,000713
цизман 1,698970 0,000713
такой 0,397940 0,000334
воспитать 1,698970 0,000713
микро 1,698970 0,000713
макбет 1,522879 0,000639
жириновский 0,431798 0,000272
взлетать 1,698970 0,000713
зернов 1,698970 0,000713
заметка 1,221849 0,000513
повод 1,000000 0,000420
неприличный 1,698970 0,000713
диагноз 1,522879 0,000639
александра 0,443697 0,000745
пономарев 1,698970 0,000713
синий 1,301030 0,000546
жемчужина 1,397940 0,000587
макса 1,045757 0,000658
новиков 1,397940 0,000587
аудио 0,920819 0,000386
сбивчивый 1,698970 0,000713
исполнение 1,221849 0,002308
таранюк 1,698970 0,001070
надо 0,795880 0,000501
слово 0,552842 0,000696
просто 0,602060 0,000379
помолчать 1,698970 0,001070
мелодекламация 1,698970 0,001426
ижинка 1,698970 0,001070
евсей 1,698970 0,001426
вольфсон 1,698970 0,001426
дуть 1,397940 0,000587
ветер 1,000000 0,000420
юшковый 1,698970 0,000713
mishal 1,698970 0,000713
когда 0,397940 0,000251
небо 0,886057 0,000558
синить 1,698970 0,000713
инна 1,301030 0,000819
филиппов 1,397940 0,001174
электрический 1,221849 0,000513
женщина 0,619789 0,000390
фроловнин 1,698970 0,000713
он 0,455932 0,000191
вернуться 0,638272 0,000536
betty 1,698970 0,000713
мангутов 1,698970 0,000713
муза 1,301030 0,001365
воронцов 1,301030 0,000546
дождь 1,154902 0,001212
благодатный 1,698970 0,000713
капля 1,522879 0,000639
смыть 1,698970 0,000713
соленый 1,698970 0,000713
слеза 1,221849 0,000513
след 1,000000 0,000420
покаянье 1,698970 0,000713
василий 1,000000 0,000839
любава 1,698970 0,001070
виться 1,698970 0,001070
грива 1,698970 0,001070
рыжей 1,522879 0,000959
буря 1,698970 0,001070
эдуард 1,397940 0,000587
струсберг 1,698970 0,000713
лидий 1,301030 0,001092
клочков 1,698970 0,001070
заруцкий 1,698970 0,001070
вернуть 0,823909 0,000346
березонька 1,698970 0,000713
вестник 1,397940 0,000880
торжество 1,522879 0,000639
тайна 0,920819 0,000580
воплощение 1,698970 0,000713
случайный 1,301030 0,000546
любовь 0,468521 0,000492
белов 1,397940 0,001760
виталия 1,154902 0,000727
галушко 1,698970 0,001070
ритуал 1,301030 0,000546
петь 1,154902 0,000485
малышев 1,698970 0,000713
галина 1,154902 0,000485
агапов 1,698970 0,000713
прикоснуться 1,698970 0,000713
исполнять 1,221849 0,000769
усачев 1,397940 0,000587
маргарит 1,397940 0,000587
шульман 1,698970 0,000713
междоусобица 1,698970 0,000713
бриз 1,698970 0,001426
примочкин 1,698970 0,001426
ларисочек 1,698970 0,000713
днем 1,045757 0,001975
ангел 1,397940 0,000587
алексеев 1,221849 0,000513
простуда 1,698970 0,000713
только 0,283997 0,000358
хватать 1,301030 0,000546
революция 1,096910 0,000460
устроить 1,000000 0,000420
уродство 1,522879 0,000639
плотить 1,698970 0,000713
мой 0,619789 0,000520
чичерин 1,698970 0,000713
слыжовый 1,698970 0,000713
однажды 0,920819 0,000386
мальчик 0,698970 0,000293
сонет 1,397940 0,000587
май 1,397940 0,000587
сл 1,698970 0,001070
шекспир 1,397940 0,000587
alexandr 1,698970 0,000713
maev 1,698970 0,000713
нарисовать 1,301030 0,000819
колпак 1,698970 0,001070
владлен 1,698970 0,001426
денисов 1,522879 0,001278
супер 1,221849 0,000769
искушение 1,397940 0,000587
кичигин 1,698970 0,000713
матриархат 1,698970 0,000713
феминизм 1,698970 0,000713
кровавый 1,698970 0,001070
собачий 1,522879 0,000639
жизнь 0,318759 0,000602
эхо 1,522879 0,000639
наташенька 1,698970 0,000713
валерия 0,958607 0,001408
майский 0,886057 0,000372
поговорить 1,397940 0,000587
трава 1,698970 0,000713
александр 0,602060 0,000253
карпенко 1,698970 0,000713
москва 0,292430 0,000123
шахрай 1,522879 0,000639
старый 0,958607 0,000402
корабль 0,886057 0,000372
рустам 1,698970 0,000713
валиуллин 1,698970 0,000713
лисиный 1,698970 0,000713
геннадия 1,221849 0,000513
алонцев 1,698970 0,000713
новое 0,214670 0,000090
вельченко 1,698970 0,000713
рейтинг 0,657577 0,001518
произведенье 0,853872 0,002330
говоров 1,698970 0,000713
фурнаш 1,698970 0,000713
зося 1,698970 0,000713
радченко 1,698970 0,000713
ol 1,397940 0,000587
helga 1,698970 0,000713
вихрь 1,301030 0,000546
агава 1,698970 0,000713
текильный 1,698970 0,000713
максим 0,958607 0,001207
масальский 1,698970 0,000713
фрай 1,522879 0,000639
варат 1,698970 0,000713
малин 1,522879 0,000639
классик 0,886057 0,000372
наин 1,698970 0,002139
дружба 1,000000 0,000420
долорес 1,698970 0,001070
любить 0,537602 0,000451
костер 1,522879 0,000639
туман 1,221849 0,000513
светить 1,522879 0,000639
короткий 1,154902 0,000485
сочинение 1,397940 0,000587
альберт 1,301030 0,002730
хайруллин 1,698970 0,002139
дорога 0,657577 0,000414
молодые 1,000000 0,000420
после 0,356547 0,000150
кома 0,958607 0,000402
miss 1,698970 0,000713
little 1,154902 0,000485
карачун 1,698970 0,001070
iphuck 1,698970 0,000713
x 0,853872 0,000358
лететь 1,301030 0,000546
влюбить 1,154902 0,000485
шагать 1,301030 0,000546
як 1,397940 0,000587
баста 1,522879 0,000639
гость 1,000000 0,000420
дядя 1,154902 0,000485
кристина 1,096910 0,000460
устинов 1,301030 0,000546
робот 0,958607 0,000402
roman 1,522879 0,000639
купить 0,744727 0,000313
тварь 1,397940 0,000587
милый 1,301030 0,002184
розовый 1,221849 0,000513
гиа 1,698970 0,000713
камчатка 1,397940 0,000587
сибирский 1,397940 0,000587
валенок 1,698970 0,000713
приветствовать 1,698970 0,000713
прочитать 1,154902 0,000727
больший 0,853872 0,000538
интерес 0,886057 0,000372
удовольствие 1,301030 0,000819
написать 0,619789 0,000390
замечательно 1,522879 0,000639
искренний 1,522879 0,000639
уважение 1,698970 0,002139
жать 1,522879 0,000639
рука 0,677781 0,000284
футбольный 1,522879 0,000639
мяч 1,397940 0,000587
весс 1,522879 0,001278
блюменбаум 1,522879 0,000959
очень 0,568636 0,000716
понравиться 1,000000 0,000630
респект 1,522879 0,000639
пламенный 1,397940 0,000587
речь 1,045757 0,000439
спасибо 1,000000 0,001259
интересный 0,619789 0,000390
хорошо 0,823909 0,000519
есть 0,508638 0,000534
защитник 1,522879 0,000639
наихороший 1,698970 0,000713
пожелание 1,397940 0,000587
можно 0,420216 0,000176
ли 0,387216 0,000325
совместить 1,698970 0,000713
бег 1,698970 0,001070
место 0,481486 0,000202
трусца 1,698970 0,000713
амарант 1,698970 0,000713
нужно 0,698970 0,000293
обязательно 1,221849 0,000513
попробовать 0,958607 0,000402
практика 1,096910 0,000460
ваш 0,431798 0,000544
рекомендация 1,045757 0,000439
совет 0,568636 0,000239
потерять 0,823909 0,000346
горький 1,154902 0,000727
андриана 1,698970 0,001070
елий 1,698970 0,000713
желать 1,397940 0,001467
свет 1,096910 0,000460
улыбка 1,397940 0,000587
отличный 1,154902 0,000485
настроение 1,000000 0,000420
пусть 1,522879 0,001598
плохой 0,853872 0,000358
обходить 1,522879 0,000639
стороной 1,301030 0,000546
жизненный 1,301030 0,001092
невзгода 1,698970 0,000713
web 1,096910 0,000460
archive 1,522879 0,000639
ork 1,698970 0,000713
вата 1,698970 0,000713
ватный 1,698970 0,000713
крыльцо 1,698970 0,000713
взять 0,958607 0,000604
разбег 1,698970 0,000713
https 0,721246 0,000303
www 0,698970 0,000293
chitalnya 1,698970 0,001070
ru 0,180456 0,000114
work 1,221849 0,000513
куда 0,795880 0,000334
стремиться 1,154902 0,000485
твой 1,045757 0,001097
мысль 1,698970 0,000713
туда 1,397940 0,000587
двигаться 1,522879 0,000639
писать 0,744727 0,000469
тома 0,522879 0,000219
знать 0,494850 0,000312
еще 0,327902 0,000206
сбыться 1,397940 0,000587
поверить 1,045757 0,000439
ушан 1,698970 0,001070
одуванчик 1,698970 0,000713
полина 1,000000 0,000420
виноградов 1,096910 0,000921
обезуметь 1,698970 0,000713
сюрреалистический 1,698970 0,000713
гитара 1,522879 0,000959
катасонов 1,698970 0,000713
орловский 1,397940 0,000880
потому 0,920819 0,000386
вокруг 1,045757 0,000439
кленовый 1,698970 0,000713
уйти 0,795880 0,000334
звенеть 1,698970 0,000713
загадочно 1,698970 0,000713
монисто 1,698970 0,000713
е 0,823909 0,000519
беспокойный 1,698970 0,000713
самозванка 1,698970 0,000713
канареев 1,698970 0,000713
эфир 0,537602 0,000226
маяк 1,096910 0,000460
каф 1,301030 0,000546
чашка 1,522879 0,000639
кофе 1,397940 0,000587
стол 1,397940 0,000587
януш 1,698970 0,000713
матить 1,698970 0,000713
зимний 0,853872 0,000538
сазан 1,698970 0,000713
августовский 1,698970 0,000713
серафима 1,698970 0,000713
подарить 1,096910 0,000460
анна 0,537602 0,000451
маслов 1,397940 0,000587
тереза 1,397940 0,000587
шатилов 1,698970 0,000713
метель 1,698970 0,000713
парамоненко 1,698970 0,000713
много 0,301030 0,000190
ноль 1,397940 0,000587
эмоция 1,221849 0,000513
олесь 1,522879 0,000639
гудков 1,698970 0,000713
пенсия 1,154902 0,000485
alex 1,522879 0,000639
semalion 1,698970 0,000713
иной 0,958607 0,000402
танита 1,698970 0,000713
раша 1,698970 0,000713
тайный 0,823909 0,000346
незабытый 1,698970 0,000713
elena 1,698970 0,000713
annenkova 1,698970 0,000713
ревякино 1,698970 0,000713
иза 0,167491 0,000141
донецк 1,397940 0,000587
реквием 1,522879 0,000639
miliza 1,698970 0,000713
задавать 1,221849 0,000513
страусовый 1,698970 0,001070
реданонс 1,698970 0,000713
фетисов 1,698970 0,000713
голубев 1,698970 0,000713
мама 0,795880 0,000668
камский 1,698970 0,000713
андрей 0,508638 0,000854
черников 1,698970 0,000713
тма 1,698970 0,003566
невпопад 1,698970 0,001070
алмост 1,698970 0,001426
ива 1,698970 0,000713
арин 1,522879 0,000639
офелия 1,698970 0,000713
роберта 1,221849 0,001026
иванов 0,823909 0,000692
берег 1,096910 0,000691
lf 1,522879 0,000959
зарок 1,698970 0,000713
каменный 1,522879 0,000639
строй 1,698970 0,000713
высотка 1,698970 0,000713
идеальный 0,769551 0,000323
боль 1,000000 0,000420
шавеко 1,698970 0,002139
чумак 1,522879 0,000639
люда 1,698970 0,001783
класс 0,853872 0,000358
красивый 0,958607 0,000604
людочка 1,698970 0,001783
замечательный 1,397940 0,000587
маэстро 1,522879 0,000639
браво 1,698970 0,001070
забежать 1,698970 0,000713
следующий 1,154902 0,000485
неделя 0,522879 0,000219
познакомиться 1,301030 0,000819
некрасивый 1,301030 0,000546
бывать 1,154902 0,000485
шикарно 1,698970 0,000713
отменно 1,698970 0,000713
так 0,481486 0,000404
самый 0,251812 0,000159
дело 0,481486 0,000202
избранный 1,397940 0,000587
прелесть 1,397940 0,000587
они 0,309804 0,000390
этот 0,173925 0,000292
трепетно 1,698970 0,000713
душевно 1,698970 0,000713
родной 0,920819 0,000580
край 1,000000 0,000420
краш 1,698970 0,000713
вселить 0,886057 0,000372
напевный 1,698970 0,000713
строка 1,397940 0,000587
литься 1,698970 0,001070
осенний 1,397940 0,000880
прекрасный 0,920819 0,000580
читать 0,537602 0,000226
восхитительный 1,522879 0,000639
исп 1,698970 0,000713
солап 1,698970 0,000713
м 0,698970 0,000440
громов 1,698970 0,000713
маг 1,301030 0,000546
опять 1,698970 0,000713
дорогой 0,744727 0,000625
сложный 0,886057 0,000372
преграда 1,522879 0,000639
немыслимый 1,698970 0,000713
рана 1,522879 0,000639
там 0,769551 0,000323
возможно 0,853872 0,000358
лекарство 0,886057 0,000372
лечить 1,397940 0,000587
прекрасно 1,397940 0,000587
вечный 1,045757 0,000439
огонь 1,000000 0,000420
рафаила 1,698970 0,000713
хозак 1,698970 0,000713
агран 1,522879 0,000639
морин 1,698970 0,001070
огромный 0,721246 0,000303
нея 1,045757 0,000439
мурашка 1,522879 0,000639
узелок 1,698970 0,000713
симаков 1,698970 0,000713
олечка 1,698970 0,000713
его 0,346787 0,000218
щедро 1,698970 0,001070
творчество 0,958607 0,000805
вдохновение 1,301030 0,000546
певунья 1,698970 0,000713
сад 0,958607 0,000402
мелодия 1,522879 0,000639
любомирский 1,698970 0,000713
родить 1,301030 0,000546
лидочка 1,698970 0,000713
прямо 0,958607 0,000604
сердце 0,769551 0,000323
живительный 1,698970 0,000713
река 0,920819 0,000386
красота 0,721246 0,000303
необыкновенный 1,698970 0,000713
получиться 1,045757 0,000439
благодаря 0,823909 0,000346
обратить 1,045757 0,000439
корчагин 1,698970 0,000713
ангелина 1,522879 0,000639
каберский 1,698970 0,000713
анжел 1,698970 0,000713
баера 1,698970 0,000713
садовый 1,698970 0,000713
фрейвить 1,698970 0,000713
шторнчарт 1,698970 0,000713
лещев 1,698970 0,000713
поздняков 1,698970 0,000713
antje 1,698970 0,000713
naudi 1,698970 0,000713
sonnig 1,698970 0,000713
пасхальный 1,397940 0,000587
каждый 0,552842 0,000464
инструмент 0,958607 0,000604
отпускать 1,522879 0,000639
мень 0,657577 0,000276
никогда 0,958607 0,000402
невозможно 1,154902 0,000485
оторваться 1,698970 0,000713
настолько 1,301030 0,000546
она 0,356547 0,000150
окутать 1,698970 0,000713
теплота 1,698970 0,000713
искренность 1,397940 0,000587
натуральность 1,698970 0,000713
шелк 1,698970 0,000713
раз 0,638272 0,000268
барикко 1,698970 0,000713
сухой 1,301030 0,000546
лаконичный 1,698970 0,000713
начало 0,638272 0,000268
прядка 1,698970 0,000713
наследник 1,154902 0,000969
каин 1,698970 0,001426
климов 1,698970 0,002139
материал 0,292430 0,000123
патриотический 1,522879 0,000639
время 0,327902 0,000275
какой 0,337242 0,000283
судить 1,522879 0,000639
власть 0,638272 0,000268
преступление 0,744727 0,000313
донбасс 0,657577 0,000276
том 0,920819 0,000386
препятствие 1,522879 0,000639
откуда 1,000000 0,000420
взяться 1,154902 0,000485
сильный 0,823909 0,000346
армия 0,657577 0,000414
сердюков 1,698970 0,000713
путина 1,301030 0,000546
шойгу 1,301030 0,000546
виолетта 1,698970 0,001783
баш 1,698970 0,001783
r 1,000000 0,000420
sident 1,698970 0,000713
pacifique 1,698970 0,000713
la 1,397940 0,000587
ville 1,698970 0,000713
bucha 1,698970 0,000713
pr 1,154902 0,000485
s 0,721246 0,000454
kiev 1,698970 0,000713
ont 1,698970 0,000713
 1,000000 0,000420
tu 1,698970 0,000713
par 1,698970 0,000713
nazi 1,698970 0,000713
ukrainien 1,698970 0,000713
вот 0,677781 0,000427
теперь 0,602060 0,000253
владим 1,698970 0,000713
филипп 1,221849 0,000513
оправдание 1,698970 0,000713
зеленский 0,886057 0,000372
байден 1,301030 0,000546
право 0,292430 0,000245
искусственный 1,301030 0,000546
интеллект 1,154902 0,000485
комфорт 1,522879 0,000639
экспромт 1,698970 0,001070
свежий 0,795880 0,000334
взгляд 0,853872 0,000358
семейный 0,744727 0,000313
приглашать 1,154902 0,000969
отметить 0,958607 0,000805
сребреница 1,698970 0,000713
разбор 1,154902 0,000485
семенов 1,397940 0,001174
маленький 1,045757 0,000439
котенок 1,698970 0,000713
барбуся 1,698970 0,000713
констанция 1,698970 0,001426
переполох 1,301030 0,000546
русская 1,000000 0,000420
кольцов 1,698970 0,001426
модерация 1,522879 0,000639
миртаев 1,698970 0,001070
сиз 1,698970 0,001783
спецоперация 0,657577 0,000414
украина 0,455932 0,000383
причина 0,853872 0,000358
проведение 1,221849 0,000513
лекция 1,096910 0,000691
вуз 1,397940 0,000587
омск 1,096910 0,001381
мина 1,522879 0,000959
презентация 1,301030 0,000819
ремизов 1,698970 0,000713
форель 1,698970 0,000713
классический 0,886057 0,000372
эндрю 1,397940 0,000587
нортон 1,522879 0,000639
выразитель 1,698970 0,000713
американский 0,585027 0,000246
вестерн 1,301030 0,000546
саргасса 1,698970 0,000713
космос 0,958607 0,000402
почему 0,366532 0,000231
невозможный 1,397940 0,000587
госпереворот 1,698970 0,000713
беседа 1,301030 0,000546
историк 1,221849 0,000513
чичерюкин 1,698970 0,000713
мейнгардт 1,698970 0,000713
юный 1,000000 0,000420
доброволец 1,397940 0,000587
внешний 1,045757 0,000439
петр 0,958607 0,000402
i 0,769551 0,000323
азовский 1,698970 0,000713
поход 1,522879 0,000639
великое 1,000000 0,000630
посольство 1,397940 0,000587
проводить 0,886057 0,000372
краткий 1,096910 0,000460
ненависть 1,221849 0,000513
презрение 1,698970 0,000713
идти 0,657577 0,000276
вести 0,657577 0,000276
канал 0,508638 0,000213
астсергей 1,698970 0,001070
победа 0,677781 0,000284
близко 1,698970 0,000713
пушилин 1,096910 0,000460
поздравлять 1,522879 0,001598
провозглашение 1,698970 0,000713
днр 0,823909 0,000346
пришлый 1,096910 0,000460
студент 1,221849 0,000769
путин 0,602060 0,000253
политический 0,721246 0,000303
круг 1,154902 0,000485
зря 1,522879 0,000639
называть 1,000000 0,000420
шахматист 1,522879 0,000639
реальный 0,853872 0,000358
оппозиция 1,698970 0,000713
аналитик 1,045757 0,000439
рассмотрение 1,522879 0,000639
сво 1,522879 0,000639
плюс 1,154902 0,000485
делиберализация 1,698970 0,000713
страна 0,387216 0,000244
основный 1,221849 0,000513
лозунг 1,698970 0,000713
временить 0,698970 0,000293
перейти 0,744727 0,000313
фашист 1,698970 0,000713
возомнить 1,698970 0,000713
праведник 1,698970 0,000713
племя 1,397940 0,000587
людоед 1,522879 0,000639
уничтожить 0,886057 0,000372
создатель 1,096910 0,000460
враг 1,096910 0,001151
здоровье 0,602060 0,000379
успех 0,958607 0,000805
благоприятный 1,522879 0,000639
коррекция 1,301030 0,000546
карма 1,397940 0,000587
поворот 1,397940 0,000587
алекса 1,154902 0,000485
радость 1,000000 0,000630
процветание 1,522879 0,000639
уют 1,397940 0,000880
дом 0,356547 0,000224
легкое 1,154902 0,000485
крепкий 1,397940 0,000587
благополучие 1,698970 0,000713
широкий 1,154902 0,000485
возможность 0,537602 0,000338
неисчерпаемый 1,698970 0,000713
сила 0,698970 0,000293
энергия 1,301030 0,000546
ловить 1,221849 0,000513
rossianka 1,698970 0,000713
большой 0,657577 0,000276
поздравление 1,522879 0,000639
подарок 0,886057 0,000372
грясти 1,154902 0,000485
страшный 1,000000 0,000420
зверь 1,221849 0,000513
семь 0,886057 0,000372
голова 1,096910 0,000460
господь 1,522879 0,000639
спасти 0,853872 0,000358
помиловать 1,698970 0,000713
неисповедимый 1,698970 0,000713
господень 1,698970 0,000713
значить 1,000000 0,000420
избрать 1,301030 0,000546
народ 0,853872 0,000358
борьба 0,721246 0,000303
богоотступник 1,698970 0,000713
фашизм 1,698970 0,000713
есмь 1,698970 0,000713
очередь 1,045757 0,000439
необходимо 0,920819 0,000386
достойный 1,698970 0,000713
благой 1,397940 0,000587
весть 0,795880 0,000334
праздник 0,677781 0,000284
благовещание 1,698970 0,000713
предвестник 1,698970 0,000713
пасха 1,522879 0,000639
единый 1,154902 0,000485
исполняться 1,397940 0,000587
желание 1,045757 0,000439
награждаться 1,698970 0,000713
старание 1,698970 0,000713
чудесно 1,698970 0,000713
глубокий 1,096910 0,000460
солнышко 1,522879 0,000639
сейчас 0,481486 0,000202
зарегистрировать 0,619789 0,000260
гетьман 1,698970 0,000713
крупенников 1,698970 0,000713
чернышев 1,698970 0,000713
гулян 1,698970 0,000713
хафиз 1,698970 0,000713
шахмамед 1,698970 0,000713
голицын 1,698970 0,000713
радовый 1,698970 0,000713
стельмах 1,698970 0,000713
сухаржевский 1,698970 0,000713
бутрить 1,698970 0,000713
степан 1,221849 0,000513
асий 1,698970 0,000713
караев 1,698970 0,000713
присниться 1,698970 0,001070
кама 1,698970 0,001070
начинающий 1,154902 0,000727
опытный 1,301030 0,000546
писатель 0,721246 0,000303
свободный 0,853872 0,000358
открытый 0,853872 0,000358
интернет 0,455932 0,000287
хотеть 0,387216 0,000163
привлечь 1,154902 0,000485
читатель 0,823909 0,000692
получить 0,420216 0,000176
первое 0,721246 0,000303
регистрироваться 1,301030 0,000546
бесплатно 0,958607 0,000604
выкладывать 1,301030 0,000546
или 0,292430 0,000184
обычно 1,522879 0,000639
встречать 1,096910 0,000460
сразу 0,795880 0,000334
ускорение 1,698970 0,000713
получение 1,045757 0,000439
предлагать 0,958607 0,000604
эффективный 1,301030 0,000546
рекламный 1,301030 0,000546
богатый 1,154902 0,000485
выбор 0,619789 0,000260
уникальный 0,744727 0,000313
современный 0,537602 0,000338
самобытный 1,698970 0,000713
защитить 0,552842 0,000232
действующий 1,522879 0,000959
законодательство 0,638272 0,000536
разрешаться 1,698970 0,000713
публиковать 1,221849 0,000513
любой 0,420216 0,000353
обсуждать 0,886057 0,000372
косвенно 1,698970 0,000713
относиться 1,154902 0,000727
именно 0,823909 0,000346
поэтому 0,853872 0,000358
формат 0,920819 0,000386
самиздат 1,397940 0,000587
важно 1,221849 0,001026
понимать 0,886057 0,000372
найти 0,356547 0,000224
русскоязычный 1,522879 0,000639
литератор 1,397940 0,000587
смочь 0,537602 0,000226
опубликовать 0,494850 0,000208
входящий 1,522879 0,000639
здесь 0,698970 0,000293
ждать 0,619789 0,000260
свобода 0,853872 0,000358
включить 0,958607 0,000402
перечень 1,221849 0,000513
социально 1,397940 0,000587
значимый 1,397940 0,000587
ресурс 0,853872 0,000358
отправлять 1,154902 0,000485
специальный 0,744727 0,000313
соглашаться 1,000000 0,000420
политика 0,638272 0,000268
конфиденциальность 0,698970 0,000293
принадлежать 0,920819 0,000386
охраняться 1,221849 0,000513
перепечатка 1,221849 0,000513
копирование 1,045757 0,000439
возможный 0,769551 0,000323
согласие 0,795880 0,000334
обратиться 1,096910 0,000460
ответственность 0,886057 0,000372
содержание 1,221849 0,000513
основание 1,301030 0,000546
правило 0,769551 0,000485
российский 0,229148 0,000096
пря 0,387216 0,000163
нарушение 0,920819 0,000386
официальный 0,537602 0,000226
судебный 1,221849 0,000513
запрос 1,221849 0,000513
администрация 1,000000 0,000420
предоставить 1,045757 0,000439
необходимый 1,000000 0,000420
данный 0,455932 0,000191
нарушитель 1,096910 0,000460
декада 1,522879 0,000639
пользовательский 0,552842 0,000232
соглашение 0,443697 0,000186
реклама 0,259637 0,000109
