новость 0,161151 0,000998
татарстан 1,154902 0,009535
рбк 1,397940 0,024525
www 0,698970 0,008656
adv 1,522879 0,018859
rbc 1,522879 0,022002
ru 0,180456 0,002607
телеканал 0,585027 0,001811
газета 0,853872 0,002644
тренд 1,154902 0,003576
pro 1,154902 0,004767
инвестиция 1,045757 0,008634
авто 0,769551 0,002383
спорт 0,397940 0,002053
недвижимость 0,823909 0,002551
стиль 0,721246 0,002233
национальный 0,698970 0,002164
проект 0,259637 0,000804
город 0,397940 0,001643
дискуссионный 1,522879 0,004715
клуб 0,657577 0,002036
крипто 1,522879 0,007858
исследование 0,958607 0,002968
кредитный 1,221849 0,003783
рейтинг 0,657577 0,002036
продажа 0,657577 0,002036
бизнес 0,468521 0,004352
конференция 0,853872 0,004406
спецпроект 0,638272 0,003293
спба 1,522879 0,007858
проверка 0,853872 0,002644
контрагент 1,397940 0,004328
библиотека 0,853872 0,002644
подкаста 0,657577 0,002036
политик 0,366532 0,004161
экономика 0,522879 0,003777
общество 0,468521 0,001934
технология 0,408935 0,003376
медиа 0,769551 0,004765
финансы 1,045757 0,007554
компания 0,443697 0,002747
скрыть 1,096910 0,003396
баннер 1,522879 0,004715
ваш 0,431798 0,001337
местоположение 1,522879 0,003143
да 0,494850 0,001021
выбрать 0,568636 0,001760
другой 0,356547 0,001104
весь 0,107905 0,000445
мир 0,387216 0,001199
санкт 0,769551 0,002383
петербург 0,602060 0,002485
область 0,638272 0,003293
екатеринбург 0,920819 0,003801
новосибирск 1,045757 0,004317
башкортостан 1,522879 0,006286
вологодский 1,698970 0,005260
калининград 0,920819 0,003801
краснодарский 1,522879 0,004715
край 1,000000 0,005160
нижний 0,744727 0,002306
новгород 0,795880 0,003285
пермский 1,397940 0,004328
ростов 0,920819 0,003801
дон 0,920819 0,003801
тюмень 1,096910 0,004528
черноземье 1,522879 0,006286
кавказ 1,096910 0,004528
карелия 1,397940 0,005771
рубрика 1,000000 0,004128
свое 0,455932 0,001412
дело 0,481486 0,001988
деньга 0,853872 0,002644
мнение 0,602060 0,001864
вход 0,602060 0,001864
регистрация 0,408935 0,000844
поиск 0,387216 0,000799
смена 0,958607 0,001979
регион 0,619789 0,001919
главное 0,327902 0,001692
меню 0,886057 0,002743
вологда 1,221849 0,002522
краснодар 1,000000 0,002064
н 0,769551 0,001588
пермь 1,096910 0,002264
прямой 0,619789 0,001279
эфир 0,537602 0,001664
ошибка 0,677781 0,002098
воспроизведение 1,221849 0,002522
видео 0,327902 0,000677
пожалуйста 1,045757 0,002158
обновить 0,769551 0,001588
браузер 0,886057 0,001829
лента 0,677781 0,002098
курс 0,602060 0,003107
евро 0,769551 0,003177
апрель 0,275724 0,000854
eur 1,397940 0,002885
цб 0,795880 0,004928
доллар 0,698970 0,001443
usd 1,397940 0,002885
упасть 0,920819 0,003801
ниже 0,886057 0,002743
впервые 0,744727 0,003074
июль 0,823909 0,002551
год 0,236572 0,001709
ребенок 0,259637 0,000536
большой 0,657577 0,001357
багажник 1,522879 0,003143
как 0,187087 0,001352
семейный 0,744727 0,001537
автомобиль 0,698970 0,001443
mitsubishi 1,522879 0,003143
motor 1,522879 0,003143
япония 0,698970 0,002164
ввести 0,721246 0,004466
санкция 0,537602 0,003884
против 0,387216 0,002797
россиянин 0,602060 0,001864
запретить 0,619789 0,001919
импорт 0,958607 0,002968
уголь 0,886057 0,002743
водка 1,045757 0,003238
запас 1,221849 0,002522
металл 1,522879 0,003143
биржа 1,221849 0,002522
лондон 1,096910 0,002264
минимум 1,154902 0,002384
глава 0,522879 0,001619
финский 1,221849 0,002522
ассоциация 1,301030 0,002685
выступить 0,920819 0,001901
переизбрание 1,397940 0,002885
вяльба 1,301030 0,002685
совет 0,568636 0,001760
fis 1,301030 0,002685
меняться 1,154902 0,003576
ключевой 0,619789 0,002558
ставка 0,657577 0,003393
последний 0,318759 0,000987
инфографика 1,154902 0,003576
космический 1,221849 0,002522
помогать 0,823909 0,001701
медицина 0,886057 0,001829
неожиданный 1,154902 0,002384
пример 1,000000 0,002064
инновация 1,221849 0,002522
британия 1,096910 0,003396
вслед 1,397940 0,004328
сша 0,508638 0,002100
тихонов 1,301030 0,004028
воронцов 1,301030 0,004028
окр 1,698970 0,003507
счесть 1,301030 0,002685
важный 0,602060 0,001243
прецедент 1,522879 0,003143
решение 0,619789 0,001279
арбитраж 1,698970 0,003507
российский 0,229148 0,000946
саночник 1,154902 0,002384
восемь 1,045757 0,002158
типичный 1,397940 0,002885
грузоперевозчик 1,698970 0,003507
cordiant 1,698970 0,003507
professional 1,301030 0,002685
песок 0,698970 0,002885
заявить 0,677781 0,001399
высокий 0,721246 0,001489
оценка 0,823909 0,001701
правительство 0,853872 0,001762
мишустин 0,886057 0,001829
кремль 0,769551 0,001588
объяснить 0,677781 0,002098
отсутствие 1,096910 0,003396
караул 1,397940 0,004328
время 0,327902 0,001692
прощание 0,744727 0,002306
путин 0,602060 0,001864
жириновский 0,431798 0,001782
что 0,161151 0,000665
такой 0,397940 0,000821
она 0,356547 0,000736
влиять 1,522879 0,003143
наш 0,309804 0,000639
жизнь 0,318759 0,000658
вокзал 0,698970 0,002164
краматорск 0,602060 0,001864
нанести 1,045757 0,003238
ракетный 1,000000 0,003096
удар 0,494850 0,001532
эвакуация 1,301030 0,004028
житель 0,602060 0,001864
военный 0,522879 0,001619
операция 0,657577 0,002036
украина 0,455932 0,001412
пандемия 1,154902 0,002384
коронавирус 0,677781 0,001399
навальный 1,522879 0,003143
война 0,522879 0,001079
протест 1,154902 0,002384
казахстан 1,000000 0,002064
олимпиада 1,221849 0,002522
пекин 1,397940 0,002885
еще 0,327902 0,001015
сюжет 0,744727 0,002306
евросоюз 0,853872 0,001762
новый 0,244125 0,000504
пакет 0,823909 0,001701
россия 0,214670 0,000443
онлайн 0,387216 0,000799
почему 0,366532 0,000757
укрепляться 1,522879 0,003143
рубль 0,455932 0,000941
этот 0,173925 0,000359
означать 1,397940 0,002885
практика 1,096910 0,002264
снизить 0,677781 0,001399
директор 1,045757 0,002158
rusal 1,698970 0,003507
призвать 1,045757 0,002158
расследовать 1,301030 0,002685
событие 0,455932 0,000941
буча 0,920819 0,001901
весенний 1,045757 0,002158
аппетит 1,522879 0,003143
рт 1,522879 0,003143
отменять 1,397940 0,002885
плата 1,698970 0,003507
летний 0,721246 0,001489
веранда 1,522879 0,003143
общепит 1,698970 0,003507
сенат 1,397940 0,002885
утвердить 1,096910 0,002264
афроамериканка 1,698970 0,003507
судья 1,397940 0,002885
верховный 1,397940 0,002885
суд 0,795880 0,001643
москва 0,292430 0,000604
прощаться 1,096910 0,002264
владимир 0,301030 0,000621
фоторепортаж 1,301030 0,002685
происходить 0,769551 0,001588
международный 0,508638 0,001050
происхождение 1,301030 0,002685
переждать 1,698970 0,003507
не 0,136677 0,000423
получиться 1,045757 0,002158
два 0,346787 0,000716
три 0,522879 0,001079
измениться 0,920819 0,001901
контактный 1,000000 0,002064
информация 0,327902 0,002707
редакция 0,366532 0,001135
размещение 0,853872 0,001762
реклама 0,259637 0,000536
социальный 0,522879 0,001079
сеть 0,443697 0,000916
вконтакт 0,638272 0,001317
одноклассник 0,744727 0,001537
youtube 0,721246 0,001489
telegram 0,744727 0,001537
дзный 1,000000 0,002064
подписка 0,677781 0,001399
рассылка 0,769551 0,001588
уведомление 1,096910 0,002264
rss 0,823909 0,001701
оповещение 1,397940 0,002885
io 1,000000 0,002064
android 0,958607 0,001979
продукт 0,769551 0,001588
домен 1,698970 0,003507
хостинг 1,522879 0,003143
медиапоиск 1,698970 0,003507
анализ 1,154902 0,002384
знакомство 0,958607 0,001979
ограничение 0,920819 0,002851
правовой 0,823909 0,002551
соблюдение 1,221849 0,003783
авторские 1,045757 0,003238
право 0,292430 0,000905
юридический 1,154902 0,002384
ао 0,795880 0,001643
росбизнесконсалтинг 1,522879 0,003143
сообщение 0,677781 0,002098
материал 0,292430 0,000604
сетевой 0,585027 0,001207
издание 0,468521 0,000967
зарегистрировать 0,619789 0,001279
федеральный 0,508638 0,001050
служба 0,431798 0,000891
надзор 0,619789 0,001279
сфера 0,537602 0,001110
связь 0,309804 0,000639
информационный 0,481486 0,000994
массовый 0,508638 0,001050
коммуникация 0,568636 0,001174
роскомнадзор 0,698970 0,001443
номер 0,795880 0,001643
эл 0,494850 0,001021
фс 0,522879 0,001079
сопровождаться 1,522879 0,003143
пометка 1,397940 0,002885
отдельный 1,301030 0,002685
публикация 0,769551 0,001588
мочь 0,236572 0,000488
содержать 1,045757 0,002158
предназначить 1,045757 0,002158
для 0,107905 0,000223
пользователь 0,657577 0,001357
лет 0,337242 0,000696
letter 1,397940 0,002885
котировка 1,154902 0,002384
мировой 0,721246 0,001489
финансовый 0,638272 0,001317
инструмент 0,958607 0,001979
предоставить 1,045757 0,002158
reuter 1,301030 0,002685
чтобы 0,408935 0,000844
отправить 0,619789 0,001279
выделить 0,853872 0,001762
часть 0,638272 0,001317
текст 0,585027 0,001207
статья 0,619789 0,001279
нажать 0,920819 0,001901
ctrl 0,958607 0,001979
enter 0,958607 0,001979
