радио 0,795880 0,005349
маяк 1,154902 0,007761
вгтрк 1,154902 0,003105
тв 0,657577 0,002652
россия 0,455932 0,002451
культура 0,619789 0,002499
ртр 1,698970 0,004567
цифровое 1,698970 0,004567
вести 0,853872 0,002295
fm 1,221849 0,003285
россии 0,251812 0,001692
zen 1,698970 0,004567
telegram 0,744727 0,002002
odnoklassniki 1,698970 0,004567
vkontakte 1,221849 0,003285
шоу 0,508638 0,002735
видео 0,327902 0,000881
подкасты 0,698970 0,002818
гости 1,096910 0,002949
архив 1,000000 0,002688
программа 0,744727 0,002002
передач 1,000000 0,002688
новости 0,173925 0,000701
нас 0,468521 0,001259
физики 1,301030 0,006995
лирики 1,397940 0,007516
рита 1,397940 0,003758
митрофанова 1,522879 0,004094
александр 0,468521 0,001259
пушной 1,698970 0,004567
сейчас 0,481486 0,001294
эфире 0,823909 0,004430
минут 0,920819 0,002475
экскурсиях 1,397940 0,003758
vr 1,301030 0,003497
экскурсии 1,301030 0,003497
чем 0,387216 0,001041
интересны 1,522879 0,004094
виртуальные 1,096910 0,002949
путешествия 0,958607 0,002577
гостях 1,154902 0,003105
олег 0,795880 0,002139
васильков 1,698970 0,004567
скоро 0,769551 0,002069
студия 1,000000 0,002688
владимира 0,721246 0,001939
матецкого 1,698970 0,004567
москва 0,508638 0,001367
ответит 1,221849 0,003285
решение 0,853872 0,002295
токио 1,301030 0,003497
высылке 1,698970 0,004567
российских 0,468521 0,001259
дипломатов 0,958607 0,002577
новых 0,494850 0,001330
случаев 1,045757 0,002811
заражения 1,522879 0,004094
коронавирусом 1,154902 0,003105
выявили 1,221849 0,003285
сутки 0,795880 0,002139
удар 0,823909 0,002215
вокзалу 0,853872 0,002295
краматорске 0,823909 0,002215
был 0,468521 0,001259
провокацией 1,154902 0,003105
украинских 0,744727 0,002002
силовиков 1,522879 0,004094
оак 1,221849 0,003285
планирует 1,154902 0,003105
году 0,602060 0,001618
производить 1,522879 0,004094
самолетов 1,045757 0,002811
мс 1,397940 0,003758
год 0,508638 0,001367
церемония 1,000000 0,002688
прощания 1,045757 0,002811
жириновским 0,585027 0,001573
колонном 1,154902 0,003105
зале 1,096910 0,002949
дома 0,619789 0,001666
союзов 1,045757 0,002811
будет 0,387216 0,001041
продлена 1,698970 0,004567
ес 0,920819 0,002475
утвердил 1,221849 0,003285
пятый 0,920819 0,002475
пакет 0,853872 0,002295
санкций 0,677781 0,001822
против 0,387216 0,001561
сделано 1,698970 0,004567
хочу 0,886057 0,004764
все 0,124939 0,001008
знать 1,000000 0,005376
сергей 0,468521 0,001259
стиллавин 1,698970 0,004567
его 0,346787 0,001398
друзья 0,886057 0,002382
обратная 0,585027 0,001573
сторона 1,301030 0,003497
музыки 1,096910 0,002949
фильмы 0,638272 0,001716
изменившие 1,301030 0,003497
историю 0,795880 0,003209
кино 0,455932 0,001226
хвз 1,698970 0,004567
парадоксы 1,698970 0,004567
языка 1,096910 0,002949
история 0,443697 0,001193
машин 1,096910 0,002949
гость 1,221849 0,003285
из 0,167491 0,000450
будущего 0,795880 0,002139
фото 0,568636 0,002293
деталях 1,698970 0,004567
скрытая 1,397940 0,003758
логика 1,301030 0,003497
поступков 1,301030 0,003497
интересное 1,301030 0,003497
картаева 1,698970 0,006851
махарадзе 1,698970 0,006851
апреля 0,283997 0,002672
историческая 1,096910 0,002949
справка 1,096910 0,002949
как 0,187087 0,001509
ссср 0,795880 0,002139
развивали 1,698970 0,004567
уличный 1,698970 0,004567
сервис 0,886057 0,002382
смотреть 0,552842 0,002229
слушать 1,045757 0,005622
искусство 0,886057 0,003573
произведения 0,823909 0,002215
искусства 0,886057 0,002382
становятся 1,221849 0,003285
мемами 1,698970 0,004567
культуролог 1,698970 0,004567
автор 0,958607 0,002577
подкаста 1,698970 0,004567
книги 0,602060 0,004046
для 0,107905 0,000435
пацанчиков 1,698970 0,004567
лектор 1,522879 0,004094
прямой 0,769551 0,002069
речи 1,397940 0,003758
настя 1,301030 0,003497
четверикова 1,698970 0,004567
рассказала 0,958607 0,003865
какие 0,494850 0,001995
мемы 1,522879 0,004094
мотивам 1,397940 0,003758
картин 1,096910 0,002949
наиболее 1,045757 0,002811
популярны 1,698970 0,004567
почему 0,366532 0,001478
именно 0,823909 0,002215
крику 1,698970 0,004567
эдварда 1,698970 0,004567
мунка 1,698970 0,004567
сети 0,744727 0,002002
отдают 1,698970 0,004567
особое 1,522879 0,004094
предпочтение 1,698970 0,004567
роза 1,397940 0,003758
ветров 1,698970 0,004567
прогулка 1,522879 0,004094
нижнему 1,698970 0,004567
новгороду 1,698970 0,004567
город 0,769551 0,002069
ведет 1,096910 0,002949
свою 0,619789 0,001666
года 0,356547 0,000958
некогда 1,397940 0,003758
он 0,455932 0,001838
являлся 1,698970 0,004567
столицей 1,698970 0,004567
нижегородско 1,698970 0,004567
суздальского 1,698970 0,004567
княжества 1,698970 0,004567
последним 1,698970 0,004567
оплотом 1,698970 0,004567
польских 1,522879 0,004094
оккупантов 1,698970 0,004567
время 0,356547 0,000958
смуты 1,698970 0,004567
начнем 1,522879 0,004094
знакомство 1,301030 0,003497
музеев 1,096910 0,002949
горького 1,397940 0,003758
сколько 0,769551 0,002069
живут 1,045757 0,002811
деревья 1,397940 0,003758
природа 1,221849 0,003285
это 0,251812 0,001015
чудесный 1,522879 0,004094
потрясающий 1,698970 0,004567
мир 0,431798 0,001161
который 0,508638 0,001367
окружает 1,522879 0,004094
человека 0,537602 0,001445
сегодняшнем 1,698970 0,004567
мы 0,327902 0,001763
поговорили 1,698970 0,006851
деревьях 1,698970 0,006851
самых 0,585027 0,001573
старых 1,301030 0,003497
планеты 1,096910 0,002949
том 0,522879 0,001406
определить 1,522879 0,004094
их 0,455932 0,001226
возраст 1,154902 0,003105
других 0,795880 0,002139
интересных 1,096910 0,002949
фактах 1,698970 0,004567
биологом 1,698970 0,004567
полиной 1,698970 0,004567
богатовой 1,698970 0,004567
откуда 1,000000 0,002688
берутся 1,522879 0,004094
пляжи 1,698970 0,004567
знаем 1,397940 0,003758
что 0,161151 0,000650
такое 0,585027 0,001573
пляж 1,522879 0,004094
выглядит 1,522879 0,004094
виды 1,154902 0,003105
существуют 1,522879 0,004094
образовались 1,698970 0,004567
какое 0,958607 0,002577
них 0,769551 0,002069
строение 1,698970 0,004567
этом 0,585027 0,001573
не 0,136677 0,000551
только 0,283997 0,001145
узнали 1,301030 0,003497
благодаря 0,823909 0,002215
марине 1,698970 0,004567
кочетовой 1,698970 0,004567
учителю 1,698970 0,004567
географии 1,698970 0,004567
школы 0,853872 0,002295
психология 0,958607 0,002577
когда 0,397940 0,002139
вредно 1,522879 0,004094
читать 0,698970 0,002818
психологии 1,301030 0,005246
мотивационные 1,698970 0,004567
советами 1,522879 0,004094
почти 0,823909 0,002215
работают 1,154902 0,003105
психологические 1,698970 0,004567
даже 0,602060 0,001618
опасно 1,301030 0,003497
обращать 1,522879 0,004094
внимание 0,795880 0,002139
выбираешь 1,698970 0,004567
такую 1,522879 0,004094
книгу 1,045757 0,002811
себе 0,619789 0,001666
эти 0,853872 0,002295
другие 0,568636 0,001529
вопросы 0,638272 0,001716
лариса 1,154902 0,003105
овчаренко 1,698970 0,004567
психолог 1,154902 0,003105
психотерапевт 1,522879 0,004094
доцент 1,301030 0,003497
института 1,221849 0,003285
социологии 1,522879 0,004094
социальных 0,769551 0,002069
отношений 1,045757 0,002811
мгпу 1,698970 0,004567
кандидат 1,397940 0,003758
психологических 1,698970 0,004567
наук 1,301030 0,003497
федеральное 1,045757 0,002811
государственное 1,154902 0,003105
унитарное 1,154902 0,003105
предприятие 1,096910 0,002949
всероссийская 1,154902 0,003105
государственная 1,221849 0,004927
телевизионная 1,221849 0,003285
радиовещательная 1,221849 0,004927
компания 0,853872 0,003443
свидетельство 0,638272 0,001716
регистрации 0,638272 0,001716
сми 0,468521 0,001259
эл 0,494850 0,001330
фс 0,522879 0,001406
декабря 0,853872 0,002295
г 0,552842 0,001486
email 1,154902 0,003105
редакции 0,443697 0,001193
box 1,522879 0,004094
radiomayak 1,698970 0,004567
ru 0,180456 0,000485
права 0,431798 0,001161
любые 0,853872 0,002295
материалы 0,481486 0,001294
опубликованные 0,920819 0,002475
сайте 0,420216 0,001694
защищены 0,602060 0,001618
соответствии 0,795880 0,002139
российским 0,795880 0,002139
международным 1,000000 0,002688
законодательством 0,823909 0,002215
авторском 1,301030 0,003497
праве 1,301030 0,003497
смежных 1,301030 0,003497
правах 1,045757 0,002811
использование 0,619789 0,001666
любых 1,096910 0,002949
аудио 0,920819 0,002475
видеоматериалов 1,045757 0,002811
размещенных 1,397940 0,003758
допускается 1,045757 0,002811
разрешения 0,853872 0,002295
правообладателя 0,886057 0,002382
ссылкой 1,301030 0,003497
сайт 0,455932 0,001226
интернет 0,522879 0,001406
проектов 1,154902 0,003105
гиперссылкой 1,522879 0,004094
закрыть 0,823909 0,002215
title 1,397940 0,003758
anons 1,698970 0,004567
if 1,154902 0,013971
audio 1,522879 0,006141
date 1,301030 0,005246
duration 1,522879 0,006141
скачать 1,221849 0,003285
