отр 1,698970 0,006760
общественное 1,522879 0,002020
телевидение 1,397940 0,001854
россии 0,251812 0,001169
пекине 1,522879 0,001515
вручили 1,522879 0,001515
награды 1,301030 0,001294
подарки 1,221849 0,001215
триумфаторам 1,698970 0,001690
зимних 1,698970 0,001690
олимпийских 1,698970 0,001690
паралимпийских 1,698970 0,001690
игр 1,221849 0,001215
пуэрто 1,698970 0,001690
рико 1,698970 0,001690
треть 1,698970 0,002817
страны 0,638272 0,001270
осталась 1,221849 0,001215
электричества 1,698970 0,001690
стрельба 1,522879 0,002020
тель 1,221849 0,002026
авиве 1,397940 0,001854
стала 0,769551 0,000765
четвертым 1,698970 0,001690
случаем 1,698970 0,001690
гибели 1,301030 0,001726
людей 0,698970 0,001391
из 0,167491 0,000944
террористов 1,397940 0,001391
последние 0,568636 0,000566
три 0,619789 0,000617
недели 0,744727 0,002716
таможенники 1,698970 0,001690
перекрыли 1,698970 0,001690
канал 0,769551 0,000765
контрабанды 1,698970 0,001690
гашиша 1,698970 0,001690
европы 0,920819 0,000916
россию 0,568636 0,001131
амурской 1,522879 0,001515
области 0,721246 0,002152
начал 1,000000 0,000995
действовать 1,301030 0,001294
противопожарный 1,698970 0,001690
режим 1,301030 0,001294
под 0,376751 0,001124
завалов 1,698970 0,002253
шахте 1,045757 0,001387
талдинская 1,698970 0,002253
западная 1,698970 0,002253
спасли 1,397940 0,001391
шахтеров 1,698970 0,001690
цб 0,795880 0,000792
снизил 0,698970 0,000695
ключевую 0,677781 0,000674
ставку 0,657577 0,000654
годовых 0,886057 0,000881
запад 1,000000 0,001326
продолжает 1,045757 0,001040
усиливать 1,522879 0,001515
давление 1,096910 0,001091
выплаты 1,301030 0,001726
беженцам 1,522879 0,001515
донбасса 0,886057 0,001175
украины 0,721246 0,000957
выделили 1,698970 0,002253
еще 0,327902 0,000652
млн 0,886057 0,001175
рублей 0,585027 0,000776
около 0,886057 0,001175
человек 0,420216 0,000418
погибли 1,045757 0,001387
после 0,356547 0,000473
удара 0,823909 0,000820
ракетой 1,154902 0,001532
точка 0,795880 0,000792
вокзалу 0,853872 0,000849
города 0,657577 0,000872
краматорска 1,045757 0,001387
днр 0,823909 0,000820
все 0,124939 0,000414
новости 0,173925 0,000231
прямой 0,769551 0,000765
эфир 0,677781 0,000674
телепрограмма 0,853872 0,000849
кино 0,455932 0,000454
программы 0,721246 0,001196
лица 1,096910 0,000727
гости 1,096910 0,001091
телеканале 1,221849 0,001215
выпуск 0,853872 0,003680
новостей 0,602060 0,000798
сегодня 0,443697 0,001030
украинские 0,823909 0,000546
военные 0,853872 0,001132
атаковали 1,301030 0,000863
вокзал 1,301030 0,000863
киев 0,920819 0,001832
прибыли 1,397940 0,001391
глава 0,638272 0,000635
еврокомиссии 1,301030 0,001294
представитель 1,301030 0,001726
евросоюза 1,301030 0,001294
внешней 1,301030 0,001294
политике 1,221849 0,001215
москве 0,455932 0,000907
прощаются 1,301030 0,001294
владимиром 0,677781 0,000674
жириновским 0,585027 0,000582
отход 1,397940 0,000927
мариуполе 1,045757 0,001040
акции 1,000000 0,000663
устрашения 1,698970 0,001127
гражданского 1,522879 0,001010
населения 1,045757 0,000693
харькове 1,698970 0,001127
молочном 1,698970 0,001127
заводе 1,301030 0,001294
городе 0,958607 0,000954
артеме 1,698970 0,001690
ждут 1,301030 0,000863
новых 0,494850 0,000328
клиентов 1,397940 0,000927
единовременные 1,698970 0,001127
жителям 1,522879 0,001010
херсонской 1,154902 0,000766
доставили 1,397940 0,001391
почти 0,823909 0,000546
иностранцев 1,522879 0,001010
россиян 0,744727 0,000494
украинцев 1,522879 0,001010
мчс 1,301030 0,000863
десятки 1,301030 0,000863
тонн 1,698970 0,001690
гуманитарной 1,522879 0,001010
помощи 1,045757 0,000693
донбасс 0,886057 0,000588
бойцы 1,301030 0,000863
националистического 1,698970 0,001127
формирования 1,221849 0,000810
азов 1,154902 0,000766
прикрывались 1,698970 0,001127
мирными 1,698970 0,001127
жителями 1,301030 0,000863
рф 0,568636 0,000566
обнаружили 1,221849 0,000810
изюмском 1,698970 0,001127
приборостроительном 1,698970 0,001127
арсенал 1,397940 0,000927
производства 1,154902 0,000766
нато 0,769551 0,000510
результате 1,096910 0,000727
стрельбы 1,522879 0,001010
центре 0,886057 0,000588
авива 1,522879 0,001010
два 0,619789 0,000411
человека 0,537602 0,000535
иран 1,698970 0,001127
рассчитывает 1,522879 0,001010
увеличить 1,397940 0,000927
товарооборот 1,698970 0,001127
россией 0,795880 0,000792
четыре 0,795880 0,000528
раза 1,301030 0,000863
ливан 1,698970 0,001127
закупит 1,698970 0,001127
пшеницу 1,522879 0,001010
растительное 1,698970 0,001127
масло 1,221849 0,000810
основные 1,221849 0,001215
продукты 1,000000 0,000663
питания 1,522879 0,001010
молокозавод 1,698970 0,001127
перерабатывает 1,698970 0,001127
молока 1,698970 0,001127
сутки 0,795880 0,000528
кузбассе 1,221849 0,000810
ведется 1,522879 0,001010
разбор 1,221849 0,000810
движение 1,096910 0,000727
дороге 1,221849 0,000810
беляевка 1,698970 0,001127
междуречье 1,698970 0,001127
восстановили 1,698970 0,001127
паводка 1,698970 0,001127
немецкая 1,522879 0,001010
авиакомпания 1,522879 0,001010
lufthansa 1,522879 0,001010
продлила 1,698970 0,001127
приостановку 1,397940 0,000927
авиасообщения 1,698970 0,001127
патриарх 1,397940 0,000927
кирилл 1,301030 0,000863
провел 1,221849 0,000810
отпевание 1,522879 0,001010
владимира 0,721246 0,000478
жириновского 0,657577 0,000436
прошла 1,045757 0,000693
премьера 1,000000 0,000663
спектакля 1,221849 0,000810
любви 0,677781 0,000899
небесной 1,698970 0,001127
образ 1,221849 0,000810
светланы 1,397940 0,000927
крючковой 1,698970 0,001127
информационная 1,522879 0,004544
программа 0,744727 0,004198
отражение 1,698970 0,016900
андрей 0,552842 0,000733
масалович 1,698970 0,001690
мира 0,537602 0,000535
не 0,136677 0,000634
хочет 1,000000 0,001326
покупать 0,886057 0,000881
американские 1,045757 0,001040
потому 0,920819 0,000916
что 0,161151 0,000962
американцы 1,522879 0,001515
кинут 1,698970 0,001690
определенный 1,698970 0,001127
максимум 1,522879 0,001010
санкциях 1,301030 0,000863
уже 0,568636 0,000754
достигнут 1,698970 0,001127
откат 1,698970 0,001127
назад 0,638272 0,000423
может 0,387216 0,000899
начаться 1,698970 0,001127
начале 1,096910 0,000727
лета 1,698970 0,001127
сергей 0,468521 0,000621
пикин 1,698970 0,001127
директор 1,221849 0,001215
фонда 1,522879 0,001010
энергетического 1,698970 0,001127
развития 0,698970 0,000695
программе 1,045757 0,003814
левые 1,698970 0,001127
запчасти 1,397940 0,001391
легализуют 1,698970 0,001127
спрос 1,522879 0,001010
восстановленные 1,698970 0,001127
детали 1,397940 0,000927
автомобилей 1,000000 0,000663
растет 1,221849 0,000810
наука 0,585027 0,000388
должна 0,920819 0,000611
приносить 1,698970 0,001127
пользу 1,301030 0,000863
нашему 1,522879 0,001010
государству 1,698970 0,001127
настало 1,698970 0,001127
время 0,356547 0,000473
сформулировать 1,698970 0,001127
направления 1,301030 0,000863
научной 1,522879 0,001010
деятельности 1,000000 0,000663
нашей 0,853872 0,000566
стране 0,823909 0,000546
владимир 0,431798 0,001432
малахов 1,698970 0,001127
доктор 0,769551 0,000510
биологических 1,698970 0,001127
наук 1,301030 0,001726
академик 1,301030 0,000863
ран 1,301030 0,000863
профессор 1,301030 0,001294
биологического 1,698970 0,001127
факультета 1,397940 0,000927
мгу 1,522879 0,001010
противостояние 1,397940 0,000927
россия 0,455932 0,000907
американское 1,698970 0,001127
оружие 1,096910 0,000727
для 0,107905 0,000179
теперь 0,602060 0,000399
кредит 1,698970 0,001127
календарь 1,000000 0,002321
будни 1,522879 0,001010
пожарных 1,698970 0,001127
бесстрашные 1,698970 0,001127
люди 0,585027 0,000582
опасная 1,522879 0,001010
работа 0,795880 0,000528
полный 1,000000 0,003316
апреля 0,283997 0,000377
создание 0,853872 0,000849
кремлевского 1,698970 0,001690
полка 1,301030 0,001294
день 0,522879 0,000520
рождения 0,677781 0,000674
российской 0,585027 0,000582
анимации 1,301030 0,001294
обретение 1,698970 0,001690
венеры 1,698970 0,001690
милосской 1,698970 0,001690
битва 1,096910 0,000727
корону 1,698970 0,001127
насколько 1,096910 0,001818
сейчас 0,481486 0,000319
популярен 1,698970 0,001127
спорт 0,468521 0,000311
самых 0,585027 0,000388
умных 1,522879 0,001010
аллилуйя 1,698970 0,001127
история 0,443697 0,001177
легендарной 1,522879 0,001010
оперы 1,221849 0,000810
юнона 1,698970 0,001127
авось 1,698970 0,001127
дрессировщик 1,698970 0,001127
или 0,292430 0,000582
волшебник 1,698970 0,001127
года 0,356547 0,000355
представлен 1,522879 0,001010
первый 0,585027 0,000388
кукольный 1,698970 0,001127
мультфильм 1,154902 0,000766
язык 0,823909 0,000820
тем 0,920819 0,000611
более 0,494850 0,000656
такой 0,795880 0,000528
огромный 1,301030 0,000863
как 0,187087 0,000744
наш 0,795880 0,000528
быть 0,420216 0,000418
монолитным 1,698970 0,001127
это 0,251812 0,000668
прекрасно 1,397940 0,000927
он 0,455932 0,000605
многолик 1,698970 0,001127
александра 0,638272 0,000847
ольховская 1,698970 0,001127
кандидат 1,397940 0,001391
филологических 1,698970 0,001690
заведующий 1,522879 0,001010
лабораторией 1,698970 0,001127
исследований 1,301030 0,000863
государственного 1,522879 0,001010
института 1,221849 0,000810
русского 0,769551 0,000765
языка 1,096910 0,000727
им 0,602060 0,000399
а 0,221849 0,000809
пушкина 1,000000 0,000663
чинить 1,698970 0,001690
нельзя 0,795880 0,001056
выбрасывать 1,698970 0,001690
где 0,455932 0,000756
ставим 1,698970 0,001690
запятую 1,698970 0,001690
слово 0,795880 0,001847
такое 0,585027 0,000582
разбираемся 1,522879 0,001515
региолектах 1,698970 0,001690
кофе 1,397940 0,001391
сварит 1,698970 0,001690
робот 1,397940 0,001391
клубника 1,698970 0,002253
вырастет 1,698970 0,001690
зимой 1,522879 0,001515
стоимость 1,154902 0,000766
ремонта 1,698970 0,001127
подорожала 1,698970 0,001127
счет 1,000000 0,000663
повышения 1,301030 0,000863
цен 0,958607 0,000636
рассказал 0,602060 0,000399
основатель 1,522879 0,001515
сети 0,744727 0,000741
сервисных 1,698970 0,001127
центров 1,522879 0,001010
многие 0,920819 0,000611
бренды 1,221849 0,000810
формируют 1,698970 0,001127
ценовую 1,698970 0,001127
политику 1,301030 0,000863
таким 1,045757 0,000693
образом 1,045757 0,000693
чтобы 0,408935 0,000678
купить 0,886057 0,000588
новое 0,823909 0,000546
было 0,585027 0,000388
дешевле 1,301030 0,000863
чем 0,387216 0,000257
починить 1,698970 0,001127
старое 1,397940 0,000927
козлов 1,522879 0,001010
член 1,154902 0,001149
гильдии 1,698970 0,001127
маркетологов 1,522879 0,001010
высшей 1,698970 0,001127
школы 0,853872 0,000566
нейротехнологий 1,698970 0,001127
своя 1,397940 0,000927
круглый 1,698970 0,001127
год 0,508638 0,000337
высокие 1,397940 0,000927
тепличные 1,698970 0,001127
технологии 0,721246 0,000478
ставрополье 1,698970 0,001127
прав 0,853872 0,001982
да 0,698970 0,001622
запреты 1,397940 0,001391
сигареты 1,698970 0,001690
помогут 1,096910 0,001091
ли 0,387216 0,001027
остро 1,397940 0,001391
стоит 0,619789 0,000617
проблема 1,397940 0,001391
курения 1,698970 0,001690
мне 0,744727 0,000741
кажется 1,045757 0,000693
вопрос 0,657577 0,000436
курением 1,698970 0,001127
один 0,602060 0,000599
немногих 1,522879 0,001010
вопросов 1,397940 0,000927
наше 0,920819 0,000611
общество 0,494850 0,000328
достичь 1,698970 0,001127
консенсуса 1,698970 0,001127
вишневский 1,397940 0,000927
поэт 1,045757 0,000693
киноактер 1,698970 0,001127
президиума 1,698970 0,001127
российского 0,698970 0,000464
сигарного 1,698970 0,001127
союза 1,154902 0,000766
лет 0,366532 0,000608
егэ 1,154902 0,001149
какие 0,494850 0,001313
уроки 1,096910 0,000727
усвоены 1,698970 0,001127
сильно 1,045757 0,000693
изменил 1,397940 0,000927
школу 1,096910 0,001455
повлиял 1,522879 0,001010
уровень 1,301030 0,000863
образования 1,221849 0,000810
надо 0,795880 0,000528
менять 1,397940 0,000927
новая 0,677781 0,001348
индустрия 1,301030 0,000863
найти 0,508638 0,000337
точки 1,096910 0,000727
роста 1,154902 0,001149
каких 0,958607 0,000636
отраслях 1,698970 0,001127
промышленности 1,698970 0,001127
главный 0,522879 0,000693
потенциал 1,397940 0,000927
смогут 1,221849 0,000810
крупные 1,221849 0,000810
производители 1,397940 0,000927
быстро 1,221849 0,000810
решить 1,301030 0,000863
проблемы 0,920819 0,001832
рынок 1,000000 0,000663
труда 1,397940 0,000927
кто 0,408935 0,000542
нужен 0,886057 0,000588
профессии 1,000000 0,000663
будут 0,638272 0,000635
востребованы 1,522879 0,002020
легенды 0,958607 0,000636
балета 1,154902 0,000766
аким 1,698970 0,001127
волынский 1,698970 0,001127
наиболее 1,045757 0,000693
крупных 1,522879 0,001010
значимых 1,397940 0,000927
русских 0,795880 0,000528
балетных 1,698970 0,001127
критиков 1,154902 0,000766
вокруг 1,045757 0,000693
него 0,795880 0,000528
всю 0,795880 0,000528
жизнь 0,455932 0,000454
кипели 1,698970 0,001127
страсти 1,522879 0,001010
вспомнить 1,221849 0,002836
леонида 1,522879 0,003535
млечина 1,698970 0,003943
большая 0,920819 0,002442
тройка 1,522879 0,001010
свердлов 1,698970 0,001127
сталин 1,397940 0,000927
троцкий 1,522879 0,001010
жириновский 0,677781 0,000674
прощальное 1,698970 0,001690
мертвые 1,301030 0,000863
души 0,958607 0,000636
михаила 1,154902 0,000766
булгакова 1,301030 0,000863
лаврентий 1,698970 0,001127
берия 1,698970 0,001127
его 0,346787 0,000575
остановили 1,698970 0,001127
полпути 1,698970 0,001127
кремль 1,154902 0,000766
доносчик 1,698970 0,001127
коллективный 1,698970 0,001127
портрет 1,301030 0,000863
фигура 1,698970 0,003380
речи 1,397940 0,002781
алла 1,221849 0,001215
горбунова 1,698970 0,001690
литературная 1,221849 0,001215
среда 1,221849 0,003646
петербурге 1,045757 0,001040
камерная 1,522879 0,001515
много 0,886057 0,000881
движения 1,522879 0,001515
вширь 1,698970 0,001690
сознании 1,698970 0,001127
мандельштама 1,698970 0,001127
стихи 1,096910 0,001091
сталине 1,397940 0,000927
неизвестном 1,397940 0,000927
солдате 1,522879 0,001010
масштабный 1,522879 0,001010
политический 1,698970 0,001127
диптих 1,698970 0,001127
обращенный 1,698970 0,001127
современности 1,522879 0,001010
глеб 1,522879 0,001010
морев 1,698970 0,001127
филолог 1,698970 0,001127
литературовед 1,698970 0,001127
учитель 1,397940 0,000927
евгения 0,853872 0,000566
абелюк 1,698970 0,001127
курс 0,744727 0,000494
литературы 0,920819 0,000611
формирует 1,698970 0,001127
тот 0,853872 0,000566
котором 1,045757 0,000693
разговаривает 1,698970 0,001127
поколение 1,154902 0,000766
рггу 1,522879 0,001010
илья 1,045757 0,000693
альтман 1,698970 0,001127
письмо 0,958607 0,000636
бы 0,585027 0,000388
весть 1,522879 0,001010
корабля 1,397940 0,000927
прошлого 1,154902 0,000766
который 0,508638 0,000337
несет 1,301030 0,000863
нас 0,468521 0,000932
будущее 0,769551 0,000510
писатель 0,958607 0,001589
дмитриев 1,698970 0,001127
колоссальная 1,698970 0,001127
удача 1,698970 0,001127
моей 1,000000 0,000663
жизни 0,431798 0,000286
то 0,522879 0,000693
мое 1,154902 0,001149
детство 1,397940 0,000927
пришлось 1,154902 0,000766
псков 1,221849 0,000810
х 0,721246 0,000478
годов 1,045757 0,000693
активная 1,397940 0,003245
фельдшер 1,698970 0,001127
выборга 1,522879 0,001010
помогает 1,221849 0,000810
нуждающимся 1,698970 0,001127
бывший 1,154902 0,000766
нижегородский 1,698970 0,001127
диджей 1,698970 0,001127
стал 0,585027 0,000388
звонарем 1,698970 0,001127
лежачий 1,522879 0,001515
камень 1,698970 0,001690
вода 1,301030 0,001294
течет 1,698970 0,001690
инициатива 1,698970 0,001690
наказуема 1,698970 0,001690
рассказываем 1,045757 0,001040
истории 0,552842 0,000550
которые 0,431798 0,000430
решили 1,154902 0,001532
самостоятельно 1,154902 0,001149
решать 1,698970 0,001690
социальные 1,096910 0,001091
слабый 1,522879 0,001010
пол 1,154902 0,000766
проблемах 1,397940 0,000927
женщин 0,920819 0,000611
хотели 1,221849 0,000810
возродить 1,698970 0,001127
деревню 1,301030 0,000863
оказались 1,154902 0,000766
следствием 1,698970 0,001127
наказать 1,698970 0,001127
депутата 1,522879 0,001010
поссовета 1,698970 0,001127
суздалы 1,698970 0,001127
забрать 1,698970 0,001127
оставить 1,096910 0,000727
вседозволенность 1,698970 0,001127
опеки 1,522879 0,001010
почему 0,366532 0,000608
отбирают 1,698970 0,001127
выгодных 1,698970 0,001127
детей 0,420216 0,000279
передают 1,522879 0,001010
возмездную 1,698970 0,001127
опеку 1,698970 0,001127
дело 0,721246 0,001674
стресс 1,301030 0,000863
посвящен 1,698970 0,001127
психологическому 1,698970 0,001127
состоянию 1,522879 0,001010
травмирующих 1,698970 0,001127
событий 0,853872 0,000566
поговорим 1,698970 0,002817
красота 0,853872 0,000849
каждом 1,301030 0,001294
навязанных 1,698970 0,001690
параметрах 1,698970 0,001690
привлекательности 1,522879 0,001515
умении 1,698970 0,001690
разглядеть 1,698970 0,001690
красоту 1,522879 0,001515
рамками 1,698970 0,001690
стандарта 1,698970 0,001690
родное 1,698970 0,001127
депрессия 1,698970 0,001127
миф 1,522879 0,001010
ней 0,823909 0,000546
можно 0,420216 0,000279
справиться 1,301030 0,000863
самому 1,301030 0,000863
поможет 0,886057 0,000588
стрит 1,221849 0,000810
арт 1,045757 0,000693
уличное 1,698970 0,001127
искусство 0,886057 0,000588
делает 1,301030 0,000863
художники 1,045757 0,000693
уживаются 1,698970 0,001127
рамках 1,154902 0,000766
законодательства 1,000000 0,000663
ольгой 1,698970 0,003943
арслановой 1,698970 0,003943
газорубли 1,698970 0,002253
нефтедолларов 1,698970 0,002253
чему 0,886057 0,001175
пришли 1,154902 0,001532
москва 0,508638 0,000843
переговорах 1,397940 0,001854
стамбуле 1,154902 0,001532
предприятия 1,301030 0,001294
заменят 1,522879 0,001515
иностранную 1,698970 0,001690
продукцию 1,522879 0,001515
оптимизм 1,522879 0,001515
должен 0,886057 0,000588
осторожный 1,698970 0,001127
безудержный 1,698970 0,001127
лишает 1,522879 0,001010
перспектив 1,698970 0,001127
карачаровский 1,698970 0,001127
экономических 1,698970 0,001127
доцент 1,301030 0,000863
департамента 1,301030 0,000863
прикладной 1,698970 0,001127
экономики 1,045757 0,000693
ниу 1,698970 0,001127
вшэ 1,698970 0,001127
недружественные 1,698970 0,001127
платить 1,096910 0,000727
российское 1,397940 0,000927
топливо 1,397940 0,000927
сократила 1,698970 0,001127
военную 1,522879 0,001010
активность 1,698970 0,001127
киевом 1,698970 0,001127
черниговом 1,698970 0,001127
ажиотаж 1,301030 0,000863
прошел 1,301030 0,000863
новые 0,337242 0,000224
цены 0,744727 0,000494
остались 1,221849 0,000810
наши 0,744727 0,000988
корреспонденты 1,698970 0,001127
проверили 1,698970 0,001127
чего 0,769551 0,000510
хватает 1,301030 0,000863
полках 1,522879 0,001010
российских 0,468521 0,000311
магазинов 1,397940 0,000927
воскресная 1,698970 0,001127
роботизированный 1,698970 0,001127
мир 0,431798 0,000716
будущего 0,795880 0,000528
каким 1,000000 0,000663
же 0,721246 0,000478
станет 0,886057 0,000588
соседство 1,698970 0,001127
машин 1,096910 0,000727
будущем 1,045757 0,000693
спецпроект 1,301030 0,002157
профессиональные 1,698970 0,001690
праздники 0,823909 0,000820
дню 0,958607 0,000954
геолога 1,698970 0,001690
остров 1,522879 0,003030
сокровищ 1,301030 0,001294
богатстве 1,698970 0,001690
недр 1,698970 0,001690
вкладе 1,698970 0,001690
геологов 1,698970 0,001690
экономическое 1,522879 0,001515
развитие 1,221849 0,001215
детям 0,958607 0,001589
откуда 1,000000 0,000995
взялись 1,698970 0,001690
вулканы 1,698970 0,001690
освоить 1,698970 0,001127
сноуборд 1,698970 0,001127
детских 1,221849 0,000810
детская 1,096910 0,000727
зарядка 1,397940 0,000927
сколько 0,769551 0,000510
их 0,455932 0,000907
планете 1,522879 0,001010
обвиняют 1,397940 0,000927
атлантиды 1,698970 0,001127
наступлении 1,698970 0,001127
ледникового 1,698970 0,001127
периода 1,397940 0,000927
стать 0,721246 0,000478
опытным 1,698970 0,001127
сноубордистом 1,698970 0,001127
начинать 1,397940 0,000927
нужно 0,698970 0,000695
расскажем 1,522879 0,002525
мальчике 1,698970 0,001127
сноубордисте 1,698970 0,001127
специальный 1,154902 0,003063
проект 0,568636 0,001320
отчий 1,698970 0,003943
дом 0,522879 0,001734
альтруист 1,698970 0,001127
султаново 1,698970 0,001127
превращается 1,397940 0,000927
забытая 1,522879 0,001010
деревня 1,522879 0,001010
монолит 1,698970 0,001690
каменева 1,698970 0,001690
происходит 0,920819 0,000916
тамбовской 1,698970 0,001690
глубинке 1,522879 0,001515
какая 1,154902 0,001149
судьба 0,920819 0,000916
ждет 0,853872 0,000849
построенную 1,698970 0,001690
дедом 1,522879 0,001515
композитора 1,522879 0,001515
сергея 0,920819 0,000916
рахманинова 1,397940 0,001391
энергичная 1,698970 0,001127
команда 0,853872 0,000566
построить 1,221849 0,000810
стадион 1,522879 0,001010
дня 0,443697 0,000294
сделать 0,886057 0,000588
спортивный 1,221849 0,000810
комментатор 1,698970 0,001127
михаил 0,568636 0,000943
дорошенко 1,698970 0,001127
знает 1,000000 0,000663
секрет 1,045757 0,000693
культурная 1,522879 0,002020
революция 1,397940 0,000927
возрождения 1,522879 0,001010
деревни 1,397940 0,000927
вятское 1,698970 0,001127
превращения 1,698970 0,001127
процветающий 1,698970 0,001127
культурный 1,522879 0,001010
центр 0,537602 0,000357
ярославской 1,522879 0,001010
бухарский 1,698970 0,001127
след 1,397940 0,000927
альмиры 1,698970 0,001127
гумеровой 1,698970 0,001127
альмира 1,698970 0,001127
гумерова 1,698970 0,001127
считает 1,000000 0,000663
себя 0,552842 0,000367
хранительницей 1,698970 0,001127
традиций 1,397940 0,000927
своего 0,920819 0,000611
рода 1,397940 0,000927
сибирских 1,522879 0,001010
татар 1,221849 0,000810
страна 1,045757 0,002427
краю 1,221849 0,000810
света 1,221849 0,000810
впечатляющий 1,522879 0,001010
завораживающий 1,698970 0,002253
русский 0,769551 0,001021
владивостоке 1,698970 0,001127
далекая 1,522879 0,001515
тех 0,920819 0,000916
регионах 1,154902 0,001532
куда 0,795880 0,000792
сложно 1,301030 0,001726
добраться 1,301030 0,001294
покорение 1,698970 0,002253
хребта 1,698970 0,002253
тигер 1,698970 0,002253
тыш 1,698970 0,002253
затерянный 1,698970 0,002253
иркутской 1,698970 0,002253
попасть 1,221849 0,000810
тофаларам 1,698970 0,001127
наедине 1,698970 0,001127
небом 1,522879 0,001010
край 1,522879 0,001010
заснеженных 1,698970 0,001127
вершин 1,698970 0,001127
ледяных 1,698970 0,001127
пещер 1,698970 0,001127
таежной 1,698970 0,001127
романтики 1,397940 0,000927
отдаленных 1,698970 0,001127
особенных 1,698970 0,001127
местах 1,301030 0,000863
тюменской 1,698970 0,001127
красноярском 1,698970 0,001127
крае 1,397940 0,000927
цифровые 1,397940 0,001391
платформы 1,397940 0,001391
наша 0,958607 0,000954
реальность 1,000000 0,001658
преимущества 1,698970 0,001690
очевидны 1,698970 0,001690
риски 1,301030 0,001294
ними 1,154902 0,001149
связаны 1,522879 0,001515
цифровой 1,522879 0,001010
рубль 1,000000 0,000663
перспективы 1,221849 0,000810
открывает 1,154902 0,000766
этот 0,698970 0,000464
вид 1,154902 0,000766
валюты 1,301030 0,000863
культура 0,619789 0,000411
состоянии 1,522879 0,001010
осмыслить 1,698970 0,001127
пережить 1,522879 0,001010
выйти 1,154902 0,000766
новом 0,853872 0,000566
качестве 1,096910 0,000727
швыдкой 1,698970 0,001127
президента 0,920819 0,000611
международному 1,522879 0,001010
культурному 1,698970 0,001127
сотрудничеству 1,698970 0,001127
клуб 0,795880 0,001056
главных 0,853872 0,001132
редакторов 1,698970 0,002253
хлеба 1,522879 0,001515
зрелищ 1,698970 0,001690
очень 0,568636 0,001320
личное 1,522879 0,003535
виктором 1,221849 0,002431
лошаком 1,698970 0,003380
григорьев 1,397940 0,001391
я 0,356547 0,000709
всегда 0,657577 0,001090
ратовал 1,698970 0,001690
ведущие 1,522879 0,001515
авторы 0,823909 0,000820
были 0,769551 0,000765
переводились 1,698970 0,001690
иностранные 1,221849 0,001215
языки 1,301030 0,001294
идет 0,886057 0,000588
своим 1,045757 0,000693
чередом 1,522879 0,001010
установки 1,397940 0,000927
генплана 1,698970 0,001127
нее 1,045757 0,000693
периодически 1,397940 0,000927
актуализируются 1,698970 0,001127
кузнецов 1,221849 0,000810
архитектор 1,522879 0,001010
москвы 0,744727 0,000494
людмила 0,920819 0,000611
телень 1,698970 0,001127
борис 0,769551 0,000510
николаевич 1,397940 0,000927
держал 1,698970 0,001127
свою 0,619789 0,000411
семью 1,154902 0,000766
дистанции 1,698970 0,001127
служебные 1,698970 0,001127
дела 0,920819 0,000611
никогда 0,958607 0,000636
обсуждались 1,698970 0,001127
дома 0,619789 0,000411
лео 1,397940 0,000927
бокерия 1,698970 0,001127
меня 0,657577 0,000436
сердцем 1,397940 0,000927
есть 0,522879 0,000520
разговор 1,154902 0,000766
сердце 0,853872 0,000849
символ 1,522879 0,001010
работает 0,657577 0,000436
искусственное 1,698970 0,001127
журналист 1,096910 0,000727
юрий 0,795880 0,000528
рост 1,096910 0,000727
моя 0,886057 0,002056
деликатность 1,698970 0,001127
мешает 1,397940 0,000927
люблю 1,154902 0,000766
просить 1,698970 0,001127
стараюсь 1,698970 0,001127
впадать 1,698970 0,001127
долги 1,522879 0,001010
свет 1,000000 0,000995
тени 1,397940 0,001391
винсент 1,522879 0,001515
ван 1,045757 0,001040
гог 1,698970 0,001690
заставило 1,522879 0,001515
художника 1,045757 0,001040
свести 1,522879 0,001515
счеты 1,522879 0,001515
жизнью 1,221849 0,001215
выстрелить 1,522879 0,001515
себе 0,619789 0,000617
грудь 1,698970 0,001690
рядом 1,000000 0,000995
мольбертом 1,698970 0,001690
красками 1,698970 0,001690
был 0,468521 0,000466
безумен 1,698970 0,001690
сам 1,000000 0,000995
нажал 1,698970 0,001690
курок 1,698970 0,001690
песня 1,045757 0,001040
остается 1,154902 0,000766
человеком 1,301030 0,000863
только 0,283997 0,000282
миг 1,522879 0,001010
поверить 1,301030 0,000863
эта 0,958607 0,000636
изначально 1,522879 0,001010
была 0,744727 0,000494
написана 1,522879 0,001010
несостоявшейся 1,698970 0,001127
оперетты 1,698970 0,001127
колхозниках 1,698970 0,001127
мишин 1,698970 0,001690
ничто 1,397940 0,001391
заменить 1,522879 0,001515
контакта 1,522879 0,001515
живой 1,397940 0,001391
аудиторией 1,522879 0,001515
доказывать 1,698970 0,001127
сцене 1,397940 0,000927
вот 0,677781 0,000449
там 0,769551 0,000510
либо 1,000000 0,000995
получается 1,522879 0,001010
нет 0,537602 0,000357
успокаиваться 1,698970 0,001127
аплодисментов 1,698970 0,001127
полного 1,522879 0,001010
зала 1,522879 0,001010
урин 1,698970 0,001127
генеральный 1,522879 0,001010
большого 1,154902 0,000766
театра 1,154902 0,000766
марк 1,154902 0,000766
варшавер 1,698970 0,001127
спектакль 1,301030 0,000863
чудный 1,698970 0,001127
зритель 1,698970 0,001127
снимаю 1,698970 0,001127
аншлаги 1,698970 0,001127
егор 1,221849 0,000810
кончаловский 1,397940 0,000927
думал 1,301030 0,000863
снимал 1,522879 0,001010
антикиллера 1,698970 0,001127
вчера 0,920819 0,000611
прошло 1,221849 0,000810
степашин 1,698970 0,001127
просто 0,602060 0,000399
счастье 1,045757 0,000693
моем 1,522879 0,001010
пути 0,886057 0,000588
встретились 1,522879 0,001010
эти 0,853872 0,000566
дмитрий 0,602060 0,000399
лихачев 1,698970 0,001127
даниил 1,397940 0,000927
гранин 1,698970 0,001127
телеканал 0,677781 0,000449
контактная 1,522879 0,001010
информация 0,552842 0,000367
региональные 1,522879 0,001010
партнеры 0,958607 0,000636
мы 0,327902 0,000217
соцсетях 1,045757 0,000693
tiktok 1,221849 0,000810
вконтакте 0,638272 0,000423
яндекс 0,619789 0,000411
дзен 1,000000 0,000663
одноклассники 0,823909 0,000546
rutube 1,096910 0,000727
telegram 0,744727 0,000494
адрес 0,552842 0,000550
ул 0,958607 0,000636
академика 1,698970 0,001127
королева 1,045757 0,000693
дирекция 1,397940 0,000927
маркетинга 1,397940 0,000927
marketing 1,397940 0,000927
ptvr 1,698970 0,001127
ru 0,180456 0,000179
доб 1,397940 0,000927
средство 1,154902 0,000766
массовой 1,000000 0,000663
информации 0,698970 0,000464
сетевое 0,677781 0,000449
издание 0,638272 0,000423
интернет 0,522879 0,000347
портал 0,769551 0,000510
учредитель 0,657577 0,000436
автономная 1,522879 0,001010
некоммерческая 1,522879 0,001010
организация 1,301030 0,000863
ано 1,522879 0,001515
отвр 1,698970 0,001690
свидетельство 0,638272 0,000423
регистрации 0,638272 0,000423
сми 0,468521 0,000311
эл 0,494850 0,000328
фс 0,522879 0,000347
г 0,552842 0,000367
выдано 1,045757 0,000693
федеральной 0,602060 0,000399
службой 0,744727 0,000494
надзору 0,619789 0,000411
сфере 0,552842 0,000367
связи 0,455932 0,000302
информационных 0,585027 0,000388
технологий 0,568636 0,000377
массовых 0,568636 0,000377
коммуникаций 0,585027 0,000388
роскомнадзор 0,795880 0,000528
редактор 0,585027 0,000388
игнатенко 1,698970 0,001127
н 0,769551 0,000510
электронной 0,853872 0,000566
почты 0,886057 0,000588
редакции 0,443697 0,000441
internet 1,397940 0,000927
otr 1,698970 0,001127
online 1,154902 0,000766
телефон 0,677781 0,000449
лиц 1,045757 0,000693
старше 1,000000 0,000663
