киноафиша 1,698970 0,006479
весь 0,107905 0,001646
кино 0,455932 0,002898
кинотеатр 0,920819 0,005853
афиша 0,795880 0,001349
россия 0,214670 0,001546
смотреть 0,443697 0,006580
фильм 0,431798 0,005123
рубль 0,455932 0,005216
оповещение 1,397940 0,001185
скоро 0,769551 0,000978
прокат 1,000000 0,004661
красавица 0,958607 0,001219
дракон 0,920819 0,001171
напомнить 1,000000 0,000847
вы 0,301030 0,000255
выход 0,744727 0,000947
любимый 0,744727 0,001262
премьер 0,638272 0,000811
главное 0,327902 0,000278
новость 0,161151 0,000819
прямо 0,958607 0,000812
браузер 0,886057 0,000751
включить 0,958607 0,000812
поздний 0,886057 0,000751
меню 0,886057 0,000751
казань 0,769551 0,001630
ru 0,180456 0,000153
поиск 0,387216 0,000656
отмена 1,096910 0,000930
вход 0,602060 0,000510
регистрация 0,408935 0,000347
ваш 0,431798 0,000549
билет 0,853872 0,002171
личной 0,958607 0,000812
кабинет 0,920819 0,000780
онлайн 0,387216 0,001641
премьера 1,000000 0,006780
рейтинг 0,657577 0,002508
звезда 0,552842 0,000703
этот 0,173925 0,000590
точно 1,096910 0,001394
не 0,136677 0,000753
утомительный 1,522879 0,001291
философский 1,397940 0,001185
упражнение 1,522879 0,001291
интервью 0,522879 0,000886
режиссер 0,823909 0,000698
везде 1,221849 0,002071
сразу 0,795880 0,001349
читать 0,537602 0,000456
токсичный 1,522879 0,001291
мужской 1,221849 0,001035
персонаж 1,045757 0,000886
который 0,236572 0,000702
ранний 1,000000 0,000847
такой 0,397940 0,000337
казаться 0,958607 0,000812
узнать 0,698970 0,003554
блестящий 1,096910 0,000930
играть 0,920819 0,000780
понимание 1,522879 0,001291
реальность 0,823909 0,001047
топ 0,677781 0,001723
турецкий 1,301030 0,001103
сериал 0,494850 0,002516
для 0,107905 0,000320
создание 0,721246 0,000917
весенний 1,045757 0,000886
настроение 1,000000 0,000847
яркий 0,853872 0,000724
тот 0,376751 0,000319
кто 0,346787 0,000294
ум 1,000000 0,000847
бриджертон 1,698970 0,001440
острый 1,045757 0,000886
козырек 1,397940 0,001185
что 0,161151 0,000273
можно 0,420216 0,000712
ждать 0,619789 0,000788
продолжение 0,853872 0,000724
лунный 1,154902 0,000979
рыцарь 1,221849 0,002071
способный 1,221849 0,001035
загадочный 1,154902 0,000979
супергера 1,698970 0,001440
культовый 1,096910 0,000930
возвращаться 1,221849 0,001035
апрель 0,275724 0,001051
только 0,283997 0,000361
хогвартс 1,522879 0,001291
школа 0,552842 0,000469
волшебник 1,301030 0,001103
тест 0,602060 0,000765
кома 0,958607 0,000812
суждено 1,698970 0,001440
быть 0,161151 0,000205
твой 1,045757 0,000886
тотемный 1,698970 0,001440
мультгерой 1,698970 0,001440
причина 0,853872 0,000724
почему 0,366532 0,000311
стоять 0,585027 0,000744
морбиус 1,301030 0,001103
новое 0,214670 0,000546
антология 1,154902 0,000979
первый 0,346787 0,000441
леди 1,221849 0,001035
крестный 1,522879 0,001291
отец 0,721246 0,000611
кинотерапия 1,698970 0,001440
каро 1,698970 0,002160
пересмотреть 1,698970 0,001440
большой 0,657577 0,000836
экран 0,958607 0,000812
подборка 0,721246 0,002139
финник 1,221849 0,001035
мультфильм 0,920819 0,001561
приключение 0,795880 0,005733
забавный 1,522879 0,001291
озорной 1,698970 0,001440
домовый 1,522879 0,001291
анимация 1,154902 0,001957
комедия 0,886057 0,004130
мальчик 0,698970 0,001185
дельфина 1,154902 0,001468
веселый 1,221849 0,001035
подводной 1,397940 0,001185
миро 0,337242 0,000572
фэнтезь 0,920819 0,002731
турция 1,000000 0,000847
захватывать 1,154902 0,000979
путешествие 0,677781 0,001436
мультивселить 1,221849 0,002071
marvel 1,301030 0,001103
фантастика 0,853872 0,004342
боевик 0,886057 0,006007
сша 0,508638 0,005388
анчартед 1,301030 0,001103
карта 0,657577 0,001393
значиться 1,221849 0,001035
тома 0,522879 0,000665
холланд 1,522879 0,001291
марк 0,823909 0,000698
уолберг 1,698970 0,001440
отправляться 1,045757 0,000886
сокровище 1,096910 0,001394
мой 0,619789 0,001576
ужасный 1,397940 0,001185
сестра 0,795880 0,000674
глюкоза 1,698970 0,001440
противостояние 1,301030 0,001103
два 0,346787 0,000294
девочка 0,823909 0,001047
вынужденный 1,397940 0,001777
жить 0,585027 0,000496
один 0,356547 0,000453
семья 0,552842 0,000703
семейный 0,744727 0,001893
мистер 1,301030 0,001654
нокаут 1,698970 0,002160
спортивный 0,886057 0,000751
драма 0,823909 0,004888
виктор 0,698970 0,000592
хориняк 1,698970 0,001440
сергей 0,408935 0,000347
безруков 1,221849 0,001035
советский 0,619789 0,000525
легенда 0,795880 0,001349
бокс 1,096910 0,000930
спорт 0,397940 0,000506
гарри 1,045757 0,002216
хафт 1,221849 0,002071
последний 0,318759 0,001081
бой 0,853872 0,001447
биографический 1,397940 0,001185
американский 0,585027 0,000496
боксер 1,301030 0,002205
пережить 1,000000 0,000847
ужас 0,920819 0,001951
концлагерь 1,522879 0,001291
биография 0,886057 0,001126
канада 1,301030 0,001103
венгрия 1,096910 0,000930
лул 1,698970 0,001440
бриггс 1,698970 0,001440
ченнинг 1,698970 0,001440
татум 1,698970 0,001440
рейнджер 1,522879 0,001291
служебный 1,522879 0,001291
собака 1,096910 0,000930
салют 1,154902 0,001468
героический 1,522879 0,001291
павел 0,769551 0,000652
деревянко 1,522879 0,001291
освоение 1,522879 0,001291
космос 0,958607 0,000812
исторический 0,602060 0,000510
хотеть 0,387216 0,000492
замуж 1,154902 0,000979
романтический 1,154902 0,001957
милош 1,698970 0,001440
бик 1,522879 0,001291
кристина 1,096910 0,000930
асмус 1,522879 0,001291
скрежет 1,096910 0,001859
скандинавский 1,301030 0,001103
хоррор 1,096910 0,001394
чудовище 1,221849 0,001035
проникнуть 1,397940 0,001185
образцовый 1,397940 0,001185
семью 1,154902 0,001468
финляндия 1,045757 0,000886
швеция 1,221849 0,001035
бабушка 0,853872 0,001085
европейский 0,744727 0,000631
модель 0,769551 0,000652
ухаживать 1,698970 0,001440
престарелый 1,698970 0,001440
родственница 1,698970 0,001440
испания 1,154902 0,000979
франция 0,795880 0,001012
календарь 0,920819 0,000780
ожидать 0,958607 0,001625
ряд 0,823909 0,001047
скидка 1,045757 0,001329
сеть 0,443697 0,000752
киноклуб 1,698970 0,002160
добавлять 1,698970 0,002160
избрать 1,301030 0,002205
чтобы 0,408935 0,000347
пользоваться 1,000000 0,000847
удобный 0,920819 0,000780
расписание 1,096910 0,001859
brooklyn 1,698970 0,001440
ул 0,958607 0,004062
столичный 1,154902 0,000979
love 1,221849 0,001035
cinema 1,698970 0,002160
патрис 1,522879 0,001291
лумумб 1,698970 0,001440
а 0,221849 0,000282
top 1,000000 0,000847
республика 0,958607 0,001625
татарстан 1,154902 0,001468
высокогорский 1,698970 0,001440
район 0,853872 0,000724
село 1,221849 0,001035
высокий 0,721246 0,001222
гора 1,154902 0,001468
больший 0,853872 0,000724
красная 1,301030 0,001103
улица 0,823909 0,000698
трц 1,698970 0,003600
этаж 1,301030 0,002205
алмаз 1,698970 0,003600
синема 1,698970 0,005039
xl 1,522879 0,001936
проспа 1,698970 0,002880
ямашев 1,522879 0,001936
тк 1,698970 0,001440
гранд 1,698970 0,001440
суконный 1,698970 0,002160
слобода 1,698970 0,002880
площадь 1,522879 0,003226
ть 0,552842 0,001406
тукать 1,522879 0,003226
родина 1,000000 0,000847
кремлевский 1,522879 0,001936
сувар 1,698970 0,001440
мавлютовый 1,698970 0,001440
трк 1,698970 0,002160
рамстор 1,698970 0,001440
сити 1,221849 0,001035
центр 0,455932 0,000580
дк 1,522879 0,001291
железнодорожник 1,698970 0,001440
илья 0,795880 0,000674
да 0,494850 0,000419
кольцо 0,958607 0,000812
театр 0,657577 0,000557
иннополис 1,698970 0,002160
парковый 1,698970 0,001440
киномакс 1,698970 0,002880
imax 1,522879 0,001291
павлюхин 1,698970 0,001440
kazan 1,522879 0,001291
mall 1,698970 0,001440
тандем 1,698970 0,001440
козий 1,698970 0,001440
яшьлек 1,698970 0,001440
club 1,301030 0,001103
победа 0,677781 0,000574
южный 1,000000 0,000847
вода 1,154902 0,000979
water 1,698970 0,001440
film 1,522879 0,001291
корстон 1,522879 0,001291
н 0,769551 0,000652
ершов 1,397940 0,001185
культурно 1,397940 0,001185
досуговый 1,698970 0,001440
комплекс 1,154902 0,000979
оно 0,397940 0,000674
ленин 1,045757 0,001329
авиастроительный 1,522879 0,001291
мир 0,387216 0,000984
достоевский 1,096910 0,000930
хусаин 1,698970 0,001440
park 1,698970 0,001440
house 1,397940 0,001185
парк 1,045757 0,000886
хаус 1,221849 0,001035
цкинт 1,698970 0,001440
горький 1,154902 0,001468
культура 0,468521 0,000397
цск 1,698970 0,001440
смена 0,958607 0,000812
показать 0,522879 0,000665
еще 0,327902 0,000278
супергеройский 1,522879 0,001291
порадовать 1,522879 0,001291
ребенок 0,259637 0,000440
хороший 0,408935 0,001040
свидание 1,096910 0,000930
трейлер 1,096910 0,005578
доктор 0,721246 0,000917
стрэндж 1,301030 0,001654
безумие 1,154902 0,001468
teaser 1,698970 0,001440
миньон 1,698970 0,002880
грювитация 1,698970 0,002880
trailer 1,522879 0,001291
кот 0,958607 0,002031
сапог 1,301030 0,002205
желание 1,045757 0,001772
дублировать 1,397940 0,001777
ампир 1,221849 0,001553
v 0,795880 0,001012
предпремьерный 1,698970 0,001440
рецензия 0,920819 0,002341
отталкивать 1,698970 0,001440
картина 0,721246 0,000611
фон 1,154902 0,000979
обои 1,698970 0,001440
цветочек 1,522879 0,001291
юный 1,000000 0,000847
гимнастка 1,397940 0,001185
тинья 1,698970 0,001440
повезти 1,301030 0,001103
всякое 1,698970 0,001440
случай 0,568636 0,000482
сомневаться 1,522879 0,001291
подписчик 1,096910 0,001394
мать 0,721246 0,000611
блогер 1,045757 0,000886
матриарх 1,698970 0,001440
безупречный 1,397940 0,001185
укладка 1,522879 0,001291
показывать 1,000000 0,000847
менее 1,154902 0,000979
идеальный 0,769551 0,000652
драматический 1,397940 0,001185
история 0,283997 0,000722
выбор 0,619789 0,000788
хафта 1,522879 0,001291
бена 1,301030 0,001103
фостер 1,397940 0,001185
звать 1,096910 0,000930
ринг 1,522879 0,001291
обозначать 1,698970 0,001440
как 0,187087 0,000159
герой 0,552842 0,000469
выжить 1,096910 0,000930
освенцим 1,301030 0,001103
он 0,455932 0,000386
выходить 0,698970 0,000592
никак 1,397940 0,001185
подчеркивать 1,522879 0,001291
титул 1,397940 0,001185
биться 1,698970 0,001440
молодые 1,000000 0,000847
явно 1,397940 0,001185
статья 0,619789 0,000788
хиддлстон 1,698970 0,001440
возглавить 1,221849 0,001035
актерский 1,154902 0,000979
состав 1,000000 0,000847
минуть 0,769551 0,000652
белый 0,853872 0,000724
тьма 1,096910 0,001394
ловушка 1,522879 0,001291
сломать 1,397940 0,001185
временить 0,698970 0,000592
выйти 0,568636 0,000482
второй 0,602060 0,000765
сезон 0,568636 0,000482
жизнь 0,318759 0,000405
матрешка 1,301030 0,001103
лор 1,397940 0,001185
дерн 1,698970 0,001440
ли 0,387216 0,000492
хемсворт 1,698970 0,001440
сняться 1,397940 0,001185
одинокий 1,045757 0,000886
планет 1,000000 0,000847
викторина 1,522879 0,001291
разыгрывать 1,397940 0,001185
приз 1,096910 0,000930
плохой 0,853872 0,000724
человек 0,259637 0,000440
света 0,886057 0,000751
стать 0,301030 0,000255
обладатель 1,301030 0,001103
уникальный 0,744727 0,000631
толстовка 1,698970 0,001440
принять 0,638272 0,000541
участие 0,677781 0,000574
викторин 1,522879 0,002581
джентльмен 1,397940 0,001185
криминал 1,221849 0,002589
т 1,045757 0,000886
военный 0,522879 0,000443
холодное 1,221849 0,001035
сердце 0,769551 0,000978
детский 0,619789 0,000525
движение 1,045757 0,000886
вверх 1,221849 0,001035
огонь 1,000000 0,000847
король 0,920819 0,001171
лев 0,886057 0,000751
мститель 1,397940 0,001777
финал 0,920819 0,000780
джокер 1,698970 0,001440
малефисент 1,698970 0,001440
владычица 1,698970 0,001440
после 0,356547 0,000453
глава 0,522879 0,000443
мелодрама 1,154902 0,001468
форсаж 1,522879 0,001291
вено 1,522879 0,001291
год 0,236572 0,000301
саюк 1,698970 0,001440
перезарядка 1,698970 0,001440
зероин 1,698970 0,001440
анима 1,096910 0,000930
япония 0,698970 0,000592
номинация 1,698970 0,001440
ночное 1,698970 0,001440
вызов 1,096910 0,000930
великобритания 1,096910 0,001859
агеев 1,698970 0,001440
детектив 0,886057 0,000751
бэтмена 1,522879 0,002581
лига 0,958607 0,000812
справедливость 1,221849 0,001553
против 0,387216 0,000656
супермен 1,698970 0,001440
зара 1,522879 0,001291
темный 0,920819 0,001171
возрождение 1,096910 0,000930
триллер 0,920819 0,001561
мистик 0,958607 0,000812
роберт 1,154902 0,000979
паттинсон 1,698970 0,001440
ожидание 1,154902 0,000979
варвар 1,522879 0,001291
маяк 1,096910 0,000930
девица 1,522879 0,001291
вестерн 1,301030 0,001103
общество 0,468521 0,000397
германия 0,958607 0,000812
частить 0,920819 0,000780
звездный 1,154902 0,002936
война 0,522879 0,001329
скайуокер 1,522879 0,001291
восход 1,698970 0,001440
хана 1,522879 0,001291
соло 1,698970 0,001440
джедай 1,522879 0,001291
изгой 1,397940 0,001185
самый 0,251812 0,000533
волк 1,000000 0,002119
уолл 1,522879 0,001936
стрит 1,221849 0,001553
аватар 1,397940 0,002369
декабрь 0,795880 0,001349
тор 1,397940 0,001777
любовь 0,468521 0,000993
гром 1,301030 0,001654
июль 0,823909 0,001047
паук 1,096910 0,001394
нет 0,537602 0,000911
путь 0,721246 0,000917
домыть 0,958607 0,001219
скорый 0,920819 0,000780
спасти 0,853872 0,001085
планета 1,397940 0,001185
зверопа 1,522879 0,001936
зеленый 1,154902 0,000979
миля 1,698970 0,001440
истребитель 1,045757 0,000886
демон 1,096910 0,000930
поезд 0,795880 0,000674
бесконечный 1,221849 0,001035
балканский 1,397940 0,001185
рубеж 0,958607 0,000812
бук 1,301030 0,001103
чудище 1,397940 0,001185
оскар 0,886057 0,000751
крыло 1,154902 0,000979
берлин 1,301030 0,001103
кочегар 1,522879 0,001291
я 0,346787 0,000735
тоже 0,958607 0,000812
артек 1,522879 0,001291
закат 1,221849 0,001035
дело 0,481486 0,000408
коллини 1,698970 0,001440
чудо 0,823909 0,001047
стража 1,397940 0,001185
терракота 1,522879 0,001291
девять 1,522879 0,001291
подельник 1,301030 0,001103
тролль 1,301030 0,001103
хвост 1,698970 0,001440
призрак 1,096910 0,001859
монахиня 1,397940 0,001185
иза 0,167491 0,000142
борли 1,522879 0,001291
грэйс 1,522879 0,001291
джо 1,301030 0,001103
операция 0,657577 0,000557
мясной 1,397940 0,001185
фарш 1,397940 0,001185
казнь 1,301030 0,001103
панда 1,698970 0,001440
пришелец 1,522879 0,001291
план 0,769551 0,000652
спасение 1,045757 0,000886
земля 0,744727 0,000631
оторвать 1,397940 0,001185
выбросить 1,397940 0,001185
лето 0,853872 0,000724
джерси 1,698970 0,001440
пост 0,920819 0,000780
мортема 1,522879 0,001291
квартира 0,853872 0,001085
отчаянный 1,221849 0,001553
близнец 1,397940 0,001185
дьяволик 1,522879 0,001291
бодибилдер 1,522879 0,001291
игла 1,698970 0,001440
kgf 1,698970 0,001440
родитель 0,744727 0,000631
строгий 1,221849 0,001035
режим 0,958607 0,000812
дочь 0,958607 0,000812
рыбак 1,397940 0,001185
пласт 1,522879 0,001291
тед 1,522879 0,001291
унабомбер 1,522879 0,001291
крио 1,522879 0,001291
слэпфейс 1,522879 0,001291
флешбэк 1,522879 0,001291
прыг 1,522879 0,001291
скок 1,522879 0,001291
вне 1,096910 0,000930
закон 0,657577 0,000557
больно 1,522879 0,001291
бумереть 1,522879 0,001936
малхолланд 1,698970 0,001440
драйв 1,045757 0,000886
встреча 0,638272 0,000541
грейс 1,397940 0,001185
ида 1,397940 0,001185
искать 0,698970 0,000592
мульт 1,522879 0,001291
выпуск 0,698970 0,000592
мультик 1,301030 0,001103
злость 1,522879 0,001291
добро 1,154902 0,000979
пожаловать 1,096910 0,000930
обратимый 1,522879 0,001291
альпийский 1,522879 0,001291
жена 0,677781 0,000574
художник 0,744727 0,000631
новый 0,244125 0,000207
братец 1,522879 0,001291
кролик 1,397940 0,001185
пасхальный 1,397940 0,001185
переполох 1,301030 0,001103
дольщик 1,397940 0,001185
морфий 1,522879 0,001291
тарас 1,096910 0,000930
бульба 1,154902 0,000979
стикер 1,154902 0,000979
королевский 1,096910 0,000930
битва 1,045757 0,000886
мая 0,677781 0,000574
ган 1,397940 0,001185
мэверик 1,397940 0,001185
проклятие 1,301030 0,001103
плачущий 1,522879 0,001291
безвременье 1,522879 0,001291
мария 0,657577 0,000557
москва 0,292430 0,000372
где 0,455932 0,000386
анна 0,537602 0,000456
франк 1,522879 0,001291
заклятие 1,522879 0,001291
спуск 1,698970 0,001440
дьявол 1,301030 0,001103
главный 0,346787 0,000294
роля 0,744727 0,000631
воспламенять 1,698970 0,001440
взгляд 0,853872 0,000724
говорить 0,537602 0,000456
никто 0,823909 0,000698
флай 1,698970 0,001440
ботан 1,397940 0,001185
супербаб 1,397940 0,001185
снежный 1,221849 0,001035
королев 1,000000 0,000847
закусочная 1,698970 0,001440
боб 1,301030 0,001103
деть 0,920819 0,000780
человеческий 1,000000 0,000847
супергерой 1,698970 0,001440
суворов 1,698970 0,001440
великое 1,000000 0,000847
шагать 1,301030 0,001103
молох 1,698970 0,001440
невидимый 1,698970 0,001440
хеллбендеры 1,698970 0,001440
jetski 1,698970 0,001440
исповедь 1,301030 0,001103
вечеринка 1,154902 0,000979
вылет 1,698970 0,001440
уля 1,698970 0,001440
иезуит 1,698970 0,001440
точка 0,585027 0,000496
кипение 1,698970 0,001440
джейн 1,221849 0,001035
глаз 0,886057 0,000751
шарлотта 1,522879 0,001291
тайный 0,823909 0,000698
амулет 1,522879 0,001291
крутой 1,096910 0,000930
яйцо 1,096910 0,000930
июнь 0,823909 0,000698
юрский 1,698970 0,001440
период 0,920819 0,000780
господство 1,522879 0,001291
базза 1,522879 0,001291
лайтер 1,522879 0,001291
три 0,522879 0,000443
мора 1,301030 0,001103
львенок 1,522879 0,001291
венецияфрения 1,698970 0,001440
пиратский 1,698970 0,001440
свадьба 0,920819 0,001171
ника 1,154902 0,000979
вихрь 1,301030 0,001103
двойник 1,522879 0,001291
безумная 1,522879 0,001291
комната 1,154902 0,000979
мужчина 0,677781 0,000574
гранить 1,221849 0,001035
нервный 1,154902 0,000979
срыв 1,301030 0,001103
тибр 1,698970 0,001440
коать 1,698970 0,001440
джунгли 1,397940 0,001185
верный 1,096910 0,000930
друг 0,494850 0,000629
дикий 1,096910 0,000930
река 0,920819 0,000780
суперчела 1,698970 0,001440
хиросима 1,522879 0,001291
суперпитомец 1,698970 0,001440
нитра 1,698970 0,001440
элвиса 1,698970 0,001440
певица 1,000000 0,000847
голова 1,096910 0,000930
нахимовец 1,698970 0,001440
прошлый 0,744727 0,000631
звездить 1,698970 0,001440
ненавидеть 1,221849 0,001035
йохан 1,698970 0,001440
неувольнять 1,698970 0,001440
август 0,958607 0,000812
неудержимый 1,698970 0,001440
долго 0,958607 0,000812
счастливо 1,522879 0,001291
бордерлендс 1,522879 0,001291
diana 1,698970 0,001440
двойной 1,096910 0,000930
петля 1,698970 0,001440
самаритянин 1,698970 0,001440
on 1,045757 0,000886
a 0,638272 0,000811
wing 1,698970 0,001440
prayer 1,698970 0,001440
moomio 1,698970 0,001440
секретный 1,522879 0,001291
штаб 1,301030 0,001103
сентябрь 1,154902 0,000979
мы 0,229148 0,000291
преступление 0,744727 0,000631
будущий 0,795880 0,000674
царство 1,397940 0,001185
разбойник 1,397940 0,001185
жребий 1,698970 0,001440
волноваться 1,522879 0,001291
солнышко 1,522879 0,001291
октябрь 1,045757 0,000886
джиперс 1,698970 0,001440
криперс 1,698970 0,001440
возродить 1,397940 0,001185
парма 1,698970 0,001440
тень 1,397940 0,001185
караваджо 1,698970 0,001440
distant 1,522879 0,001291
дыхание 1,397940 0,001185
персона 1,096910 0,001394
архив 0,920819 0,000780
дистрибьютор 1,698970 0,001440
кинофестиваль 1,397940 0,001185
график 1,000000 0,000847
netflix 1,221849 0,001035
санкт 0,769551 0,000652
петербург 0,602060 0,000510
пресс 0,552842 0,000469
показ 1,096910 0,000930
нужный 0,552842 0,000469
qr 1,397940 0,001185
код 0,823909 0,000698
пушкинский 1,045757 0,000886
текст 0,585027 0,000496
событие 0,455932 0,000386
редакция 0,366532 0,000621
спросить 1,154902 0,000979
оценка 0,823909 0,000698
отзыв 0,958607 0,001219
клуб 0,657577 0,000557
приложение 0,657577 0,000836
appstore 1,301030 0,001103
google 0,744727 0,000631
play 1,000000 0,000847
вконтакт 0,638272 0,000541
яндекс 0,585027 0,000496
дзный 1,000000 0,000847
твиттер 1,301030 0,001103
одноклассник 0,744727 0,000631
ютуба 1,698970 0,001440
чат 1,096910 0,000930
другой 0,356547 0,000453
страна 0,387216 0,000328
беларусь 1,154902 0,001468
узбекистан 1,698970 0,001440
казахстан 1,000000 0,000847
украина 0,455932 0,000386
молдавия 1,301030 0,001103
туркмения 1,522879 0,001291
азербайджан 1,522879 0,001291
эстония 1,154902 0,000979
таджикистан 1,522879 0,001291
киргизия 1,397940 0,001185
литва 1,221849 0,001035
латвия 1,045757 0,000886
армения 1,301030 0,001103
грузия 1,221849 0,001035
наш 0,309804 0,000263
проект 0,259637 0,000220
ресторан 1,096910 0,000930
каф 1,301030 0,001103
прогноз 0,958607 0,000812
погода 1,096910 0,000930
kinoafisha 1,698970 0,002160
info 0,886057 0,001126
место 0,481486 0,000408
фанат 1,221849 0,001035
киноиндустрия 1,522879 0,001291
круглосуточно 1,698970 0,001440
распоряжение 1,698970 0,001440
предоставить 1,045757 0,000886
кинокартина 1,698970 0,001440
идти 0,657577 0,000557
свежий 0,795880 0,000674
всего 0,721246 0,000917
свет 1,096910 0,000930
обзор 0,795880 0,000674
мнение 0,602060 0,000510
критик 0,920819 0,000780
эксклюзивный 1,154902 0,000979
аналитик 1,045757 0,000886
бронирование 1,522879 0,001291
много 0,301030 0,000255
тысяча 0,568636 0,000482
актер 0,744727 0,000947
включать 1,096910 0,000930
полный 0,522879 0,000443
фильмография 1,698970 0,001440
знать 0,494850 0,000419
хотеться 1,000000 0,000847
поделиться 1,096910 0,000930
делиться 1,301030 0,001103
социальный 0,522879 0,000443
присваивать 1,698970 0,001440
обсуждать 0,886057 0,000751
они 0,309804 0,000394
интересный 0,619789 0,000525
близкий 0,744727 0,000631
система 0,721246 0,000611
связанный 1,301030 0,001103
подсказать 1,221849 0,001035
когда 0,397940 0,000337
купить 0,744727 0,000631
интересовать 1,397940 0,001185
присоединяться 1,221849 0,001035
www 0,698970 0,000592
город 0,397940 0,000337
скачать 1,096910 0,000930
право 0,292430 0,000248
материал 0,292430 0,000248
принадлежать 0,920819 0,000780
копирование 1,045757 0,000886
информация 0,327902 0,000278
письменный 0,958607 0,000812
разрешение 0,769551 0,000652
вакансия 0,657577 0,000557
вебмастер 1,522879 0,001291
блог 0,795880 0,000674
конфиденциальность 0,698970 0,000592
контактный 1,000000 0,000847
e 0,677781 0,000574
mail 0,721246 0,000611
email 1,154902 0,000979
protected 1,698970 0,001440
