телеканал 0,677781 0,000193
мир 0,431798 0,003204
официальная 1,698970 0,000970
страница 1,096910 0,000626
телеканала 0,958607 0,000547
сейчас 0,481486 0,000275
эфире 0,823909 0,001176
реалити 1,522879 0,001304
шоу 0,508638 0,000581
дела 0,920819 0,001577
судебные 1,698970 0,002909
деньги 0,886057 0,001011
верните 1,698970 0,000970
апреля 0,283997 0,003566
далее 1,096910 0,000626
битва 1,096910 0,001252
будущее 0,769551 0,000878
москва 0,508638 0,001016
передачи 1,045757 0,000597
скоро 0,769551 0,000878
киномир 1,698970 0,000970
телепрограмма 0,853872 0,000731
лица 1,096910 0,000939
мира 0,537602 0,000614
радио 0,795880 0,000681
компании 0,619789 0,000531
игра 0,958607 0,001641
кино 0,455932 0,000520
отчаянная 1,698970 0,000970
схватка 1,522879 0,000869
главный 0,522879 0,000448
приз 1,522879 0,000869
телевикторине 1,698970 0,000970
всемирные 1,698970 0,000970
игры 0,744727 0,000425
разума 1,698970 0,000970
тимуром 1,698970 0,000970
буриным 1,698970 0,000970
талантливый 1,522879 0,001304
актер 0,920819 0,000526
любитель 1,698970 0,000970
достоевского 1,301030 0,000743
пришел 1,397940 0,000798
проверить 1,045757 0,000597
эрудита 1,698970 0,000970
знание 1,397940 0,000798
классической 1,221849 0,000697
литературы 0,920819 0,000526
все 0,124939 0,000428
как 0,187087 0,000694
людей 0,698970 0,000997
чем 0,387216 0,000332
животные 1,221849 0,000697
занимаются 1,522879 0,000869
лесу 1,154902 0,000659
весной 1,154902 0,000659
розенберги 1,698970 0,000970
почему 0,366532 0,000209
шпионов 1,397940 0,000798
казнили 1,698970 0,000970
наличия 1,522879 0,000869
серьезных 1,698970 0,000970
улик 1,698970 0,000970
году 0,602060 0,000859
сша 0,508638 0,000290
смертной 1,698970 0,000970
казни 1,522879 0,000869
были 0,769551 0,000659
приговорены 1,698970 0,000970
этель 1,522879 0,000869
юлиус 1,698970 0,000970
розенберг 1,698970 0,000970
американские 1,045757 0,000895
коммунисты 1,698970 0,000970
передавшие 1,698970 0,000970
ссср 0,795880 0,001136
ядерные 1,698970 0,000970
секреты 0,920819 0,000526
подробности 1,000000 0,000571
программе 1,045757 0,000597
исторический 1,154902 0,000659
детектив 0,920819 0,000526
николаем 1,522879 0,000869
валуевым 1,698970 0,000970
слабое 1,522879 0,000869
звено 1,698970 0,000970
здесь 0,698970 0,000798
получают 1,397940 0,000798
только 0,283997 0,000486
самые 0,619789 0,000531
умные 1,397940 0,000798
сильные 1,698970 0,000970
тактики 1,698970 0,000970
рекомендует 1,301030 0,000743
выбор 0,698970 0,000399
телезрителей 1,698970 0,000970
акселератка 1,698970 0,001939
может 0,387216 0,000553
ли 0,387216 0,000663
вчерашняя 1,698970 0,000970
школьница 1,522879 0,000869
стать 0,721246 0,000412
профессиональным 1,301030 0,000743
сыщиком 1,698970 0,000970
смотрите 1,000000 0,004566
х 0,721246 0,002470
ф 1,045757 0,003581
телеканале 1,221849 0,005579
сразу 0,795880 0,001136
после 0,356547 0,000509
получения 1,397940 0,000798
аттестата 1,698970 0,000970
зрелости 1,698970 0,000970
юная 1,397940 0,001197
нюта 1,698970 0,001455
отправляется 1,221849 0,001046
милицию 1,698970 0,000970
девушка 0,958607 0,000547
заявляет 1,698970 0,000970
что 0,161151 0,000828
хочет 1,000000 0,000571
работать 1,000000 0,000571
уголовном 1,698970 0,000970
розыске 1,522879 0,000869
удивлению 1,698970 0,000970
оперативников 1,698970 0,000970
она 0,657577 0,001501
стрелять 1,698970 0,000970
умеет 1,301030 0,000743
метко 1,698970 0,000970
драться 1,698970 0,000970
науке 1,522879 0,000869
вот 0,677781 0,000967
этих 0,958607 0,000821
качеств 1,698970 0,000970
равно 1,221849 0,000697
оказывается 1,154902 0,002307
недостаточно 1,397940 0,000798
чтобы 0,408935 0,000467
ее 0,508638 0,001161
взяли 1,698970 0,000970
органы 1,397940 0,000798
не 0,136677 0,000936
унывает 1,698970 0,000970
решается 1,698970 0,001455
собственное 1,221849 0,000697
расследование 1,096910 0,000626
внедряясь 1,698970 0,000970
шайку 1,698970 0,000970
автоугонщиков 1,698970 0,000970
даже 0,602060 0,001031
подозревает 1,397940 0,000798
ждет 0,853872 0,000975
режиссер 1,096910 0,005635
алексей 0,602060 0,001031
коронев 1,698970 0,000970
ролях 1,522879 0,007823
ирина 0,886057 0,001011
шмелева 1,698970 0,000970
никита 1,154902 0,001318
михайловский 1,397940 0,000798
роман 0,638272 0,000364
филиппов 1,522879 0,000869
галина 1,301030 0,000743
польских 1,522879 0,000869
петр 1,000000 0,000856
меркурьев 1,698970 0,001939
др 1,698970 0,008243
блондинка 1,698970 0,001939
углом 1,698970 0,001455
комедия 0,920819 0,001051
владимира 0,721246 0,000412
бортко 1,397940 0,001197
получилась 1,397940 0,000798
остроумной 1,698970 0,000970
сатирой 1,698970 0,000970
советский 1,221849 0,001046
образ 1,221849 0,000697
жизни 0,431798 0,000986
при 0,387216 0,000442
котором 1,045757 0,000597
важны 1,397940 0,000798
ум 1,698970 0,000970
образование 0,823909 0,000470
а 0,221849 0,000570
умение 1,522879 0,000869
достать 1,698970 0,000970
договориться 1,522879 0,000869
чиновникам 1,301030 0,000743
это 0,251812 0,000144
понравилось 1,301030 0,000743
обаятельный 1,522879 0,000869
миронов 1,397940 0,001197
смог 1,301030 0,000743
уговорить 1,698970 0,000970
их 0,455932 0,000520
оставить 1,096910 0,000626
картину 1,522879 0,001304
покое 1,522879 0,000869
астрофизик 1,698970 0,000970
николай 0,744727 0,000638
гаврилович 1,698970 0,000970
порываев 1,698970 0,001455
никогда 0,958607 0,000547
гнался 1,698970 0,000970
материальным 1,698970 0,000970
достатком 1,698970 0,000970
наоборот 1,397940 0,000798
главным 1,221849 0,000697
делом 1,301030 0,000743
его 0,346787 0,001287
было 0,585027 0,000668
найти 0,508638 0,000435
доказать 1,522879 0,000869
существование 1,301030 0,000743
внеземных 1,698970 0,000970
цивилизаций 1,397940 0,000798
бесплодная 1,698970 0,000970
почти 0,823909 0,000470
бесплатная 1,301030 0,000743
работа 0,795880 0,000681
институте 1,397940 0,000798
космических 1,698970 0,001455
исследований 1,301030 0,000743
окончательно 1,397940 0,000798
разочаровала 1,698970 0,000970
чуть 1,000000 0,000571
спившись 1,698970 0,000970
горя 1,698970 0,000970
устраивается 1,522879 0,000869
грузчиком 1,698970 0,000970
склад 1,522879 0,000869
влюбляется 1,221849 0,001046
симпатичную 1,698970 0,000970
продавщицу 1,698970 0,000970
надежду 1,522879 0,001304
модная 1,397940 0,000798
завидная 1,698970 0,000970
невеста 1,698970 0,001455
современным 1,522879 0,000869
меркам 1,698970 0,000970
сидит 1,522879 0,000869
дефиците 1,522879 0,000869
пробивная 1,698970 0,000970
знакома 1,698970 0,000970
всеми 1,301030 0,000743
нужными 1,522879 0,000869
людьми 1,154902 0,000659
всегда 0,657577 0,000375
достигает 1,698970 0,000970
поставленных 1,698970 0,000970
целей 1,698970 0,000970
свадьба 1,045757 0,000597
москвичом 1,698970 0,000970
астрофизиком 1,698970 0,000970
ей 0,958607 0,001094
тоже 0,958607 0,000547
будет 0,387216 0,000332
полезна 1,698970 0,000970
владимир 0,431798 0,000493
татьяна 1,000000 0,001142
догилева 1,698970 0,001455
андрей 0,552842 0,000631
марк 1,154902 0,000989
прудкин 1,698970 0,000970
евгения 0,853872 0,000487
ханаева 1,698970 0,000970
елена 0,769551 0,001098
соловей 1,397940 0,000798
утро 1,045757 0,000597
путешествий 1,397940 0,000798
отправляемся 1,698970 0,000970
звездам 1,522879 0,000869
интересной 1,522879 0,000869
кассиопея 1,698970 0,001939
отроки 1,698970 0,001455
вселенной 1,045757 0,001194
научная 1,221849 0,000697
фантастика 0,920819 0,000788
есть 0,522879 0,000597
разум 1,698970 0,000970
границами 1,698970 0,000970
нашего 0,958607 0,000547
земного 1,522879 0,000869
шара 1,522879 0,000869
существа 1,698970 0,000970
планеты 1,096910 0,000626
из 0,167491 0,000669
созвездия 1,698970 0,001455
кассиопеи 1,698970 0,000970
отправляют 1,522879 0,000869
землю 1,301030 0,000743
радиосигнал 1,698970 0,000970
светлые 1,698970 0,000970
умы 1,698970 0,000970
разрабатывают 1,698970 0,000970
проекты 0,657577 0,000375
возможному 1,698970 0,000970
знакомству 1,698970 0,000970
инопланетными 1,698970 0,000970
жителями 1,301030 0,000743
один 0,602060 0,000515
таких 1,096910 0,000626
энтузиастов 1,698970 0,000970
юный 1,522879 0,000869
изобретатель 1,698970 0,000970
пионер 1,698970 0,000970
витя 1,522879 0,000869
середа 1,698970 0,000970
согласно 1,154902 0,000659
плану 1,698970 0,001455
кассиопею 1,698970 0,000970
нужно 0,698970 0,000399
отправить 0,853872 0,000731
звездолет 1,698970 0,000970
который 0,508638 0,001306
правда 0,769551 0,000439
достигнет 1,522879 0,000869
цели 1,301030 0,001485
несколько 0,795880 0,000454
десятилетий 1,522879 0,000869
именно 0,823909 0,000705
поэтому 0,853872 0,001462
экипаж 1,698970 0,000970
корабля 1,397940 0,000798
заря 1,522879 0,000869
должен 0,886057 0,000506
состоять 1,698970 0,000970
космонавтов 1,698970 0,001455
чей 1,522879 0,000869
возраст 1,154902 0,000659
превышает 1,698970 0,000970
лет 0,366532 0,000314
готово 1,397940 0,000798
для 0,107905 0,000431
полета 1,698970 0,000970
перевернет 1,698970 0,000970
наше 0,920819 0,000526
представление 1,397940 0,000798
незадача 1,698970 0,000970
корабль 1,096910 0,000939
пробрался 1,698970 0,000970
озорник 1,698970 0,000970
хулиган 1,522879 0,000869
немного 1,397940 0,000798
портит 1,698970 0,000970
планы 1,096910 0,000939
ричард 1,221849 0,001046
викторов 1,698970 0,001455
иннокентий 1,698970 0,000970
смоктуновский 1,698970 0,000970
лев 1,000000 0,000571
дуров 1,522879 0,000869
валерий 1,000000 0,000571
юрий 0,795880 0,000909
медведев 1,698970 0,000970
планета 1,397940 0,000798
альфа 1,397940 0,000798
шлет 1,698970 0,000970
сигналы 1,301030 0,000743
бедствия 1,698970 0,000970
проекту 1,522879 0,000869
виктора 1,397940 0,000798
середы 1,698970 0,000970
туда 1,397940 0,000798
необходимо 0,920819 0,000526
команду 1,522879 0,000869
землян 1,698970 0,000970
далекий 1,698970 0,000970
путь 0,886057 0,000506
предстоит 1,301030 0,000743
подросткам 1,698970 0,000970
старше 1,000000 0,000571
вновь 0,795880 0,000681
вмешивается 1,698970 0,000970
безответственный 1,698970 0,000970
космический 1,397940 0,000798
заяц 1,698970 0,000970
лобанов 1,522879 0,000869
значительно 1,397940 0,000798
раньше 1,221849 0,000697
намеченного 1,698970 0,000970
срока 1,698970 0,000970
миша 1,301030 0,000743
ершов 1,522879 0,000869
саша 1,154902 0,000989
григорьев 1,397940 0,000798
володя 1,698970 0,000970
савин 1,698970 0,000970
басов 1,698970 0,000970
ольга 0,769551 0,000439
битюкова 1,698970 0,000970
мэри 1,154902 0,001318
поппинс 1,698970 0,001939
свидания 1,221849 0,001046
любимая 1,397940 0,000798
сказка 1,221849 0,000697
самой 1,000000 0,000856
совершенной 1,698970 0,000970
няне 1,522879 0,000869
мире 0,468521 0,000267
благородное 1,698970 0,000970
семейство 1,397940 0,000798
бэнксов 1,698970 0,000970
разыскивает 1,522879 0,000869
добропорядочную 1,698970 0,000970
няню 1,698970 0,000970
своих 0,657577 0,000375
детей 0,420216 0,000360
когда 0,397940 0,000454
казалось 1,154902 0,000989
бы 0,585027 0,000501
пропало 1,698970 0,000970
ним 1,154902 0,000989
неожиданно 1,397940 0,000798
приходит 1,221849 0,001046
идеально 1,397940 0,000798
соответствует 1,221849 0,000697
строгим 1,698970 0,000970
требованиям 1,698970 0,000970
семьи 0,853872 0,000487
няня 1,522879 0,000869
находит 1,301030 0,000743
общий 1,221849 0,000697
язык 0,823909 0,000470
детьми 1,096910 0,000626
легко 1,045757 0,000895
заставляет 1,301030 0,000743
исполнять 1,397940 0,000798
песни 0,886057 0,000506
невоспитанного 1,698970 0,000970
мясника 1,698970 0,000970
оживляет 1,698970 0,000970
статую 1,698970 0,001939
утихомиривает 1,698970 0,000970
злую 1,522879 0,000869
мисс 1,045757 0,000597
эндрю 1,397940 0,000798
однако 0,886057 0,000506
исчезнет 1,522879 0,000869
так 0,481486 0,000275
же 0,721246 0,000412
внезапно 1,154902 0,000659
появляется 1,397940 0,001197
дует 1,522879 0,000869
ветер 1,221849 0,000697
перемен 1,301030 0,000743
леонид 0,958607 0,001094
квинихидзе 1,698970 0,000970
наталья 0,853872 0,000975
андрейченко 1,698970 0,000970
филипп 1,221849 0,000697
рукавишников 1,698970 0,000970
анна 0,568636 0,000325
плисецкая 1,698970 0,000970
лембит 1,698970 0,000970
ульфсак 1,698970 0,000970
альберт 1,301030 0,000743
филозов 1,698970 0,000970
вокзал 1,301030 0,001114
двоих 1,221849 0,001046
там 0,769551 0,000659
где 0,455932 0,000390
пересекаются 1,698970 0,000970
пути 0,886057 0,000506
сердца 1,221849 0,000697
место 0,744727 0,000425
невероятным 1,698970 0,000970
приключениям 1,698970 0,000970
встретить 1,698970 0,000970
любовь 0,585027 0,000835
вокзале 1,397940 0,000798
этом 0,585027 0,000835
уже 0,568636 0,000487
давно 0,769551 0,000439
ироничной 1,698970 0,000970
форме 1,221849 0,000697
рассказал 0,602060 0,000344
легендарный 1,221849 0,000697
эльдар 1,522879 0,002173
рязанов 1,522879 0,002173
свой 0,721246 0,000618
фильм 0,795880 0,001136
назвал 0,795880 0,000454
смешной 1,522879 0,000869
невеселой 1,698970 0,000970
историей 1,522879 0,000869
немногие 1,698970 0,000970
знают 1,301030 0,000743
основу 1,397940 0,000798
сюжета 1,301030 0,000743
легло 1,698970 0,000970
реальное 1,698970 0,000970
происшествие 1,698970 0,000970
считается 1,522879 0,000869
прототип 1,698970 0,000970
главного 1,000000 0,000571
героя 1,045757 0,000597
известный 1,397940 0,000798
композитор 1,301030 0,000743
микаэл 1,698970 0,000970
таривердиев 1,698970 0,000970
музыкант 1,221849 0,000697
попал 1,397940 0,000798
дтп 1,301030 0,000743
результате 1,096910 0,000626
которого 0,920819 0,001051
погиб 1,301030 0,000743
пешеход 1,698970 0,000970
хотя 1,221849 0,000697
страшный 1,397940 0,000798
момент 0,920819 0,000788
рулем 1,397940 0,000798
находилась 1,522879 0,000869
подруга 1,301030 0,000743
маэстро 1,522879 0,000869
взял 1,397940 0,000798
вину 1,522879 0,000869
себя 0,552842 0,000789
невеселыми 1,698970 0,000970
артистов 1,221849 0,000697
оказались 1,154902 0,000989
съемки 1,221849 0,000697
ленты 1,397940 0,000798
морозные 1,698970 0,000970
февральские 1,698970 0,000970
дни 0,920819 0,000526
им 0,602060 0,000344
приходилось 1,397940 0,000798
бегать 1,698970 0,000970
обледенелым 1,698970 0,000970
дорогам 1,522879 0,000869
падать 1,698970 0,000970
ползти 1,698970 0,000970
снегу 1,522879 0,000869
этого 0,619789 0,000708
людмилы 1,522879 0,000869
гурченко 1,698970 0,001939
разбиты 1,698970 0,000970
колени 1,522879 0,000869
мучения 1,698970 0,000970
зря 1,522879 0,000869
ведь 1,045757 0,000597
сегодня 0,443697 0,000253
обожают 1,698970 0,000970
миллионы 1,221849 0,000697
зрителей 1,221849 0,001046
олег 0,795880 0,000454
басилашвили 1,698970 0,000970
людмила 0,920819 0,001051
михалков 1,301030 0,001114
нонна 1,698970 0,001455
мордюкова 1,698970 0,001455
супертеща 1,698970 0,001455
неудачника 1,698970 0,001455
невероятная 1,698970 0,000970
авантюра 1,698970 0,000970
спортивного 1,698970 0,000970
журналиста 1,522879 0,001304
сергей 0,468521 0,000669
спортивный 1,221849 0,000697
обозреватель 1,522879 0,000869
живет 1,045757 0,000895
обычной 1,698970 0,000970
жизнью 1,221849 0,000697
однажды 0,920819 0,000788
журналист 1,096910 0,000626
совершенно 0,886057 0,000506
случайно 1,301030 0,000743
завладевает 1,698970 0,000970
тайным 1,698970 0,000970
шифром 1,698970 0,000970
очень 0,568636 0,000487
важного 1,522879 0,000869
сейфа 1,698970 0,000970
принадлежит 1,522879 0,000869
местной 1,301030 0,000743
мафии 1,698970 0,000970
теперь 0,602060 0,000515
головой 1,698970 0,000970
сергея 0,920819 0,000526
охотятся 1,698970 0,000970
бандиты 1,698970 0,000970
бывшая 1,522879 0,000869
придумала 1,698970 0,000970
ничего 0,958607 0,000547
лучше 0,886057 0,000506
нарядить 1,698970 0,000970
свою 0,619789 0,000531
маму 1,154902 0,000659
вынужден 1,397940 0,000798
познакомиться 1,522879 0,000869
новым 0,920819 0,000526
женихом 1,698970 0,000970
леонидом 1,698970 0,000970
представителем 1,522879 0,000869
мафиозного 1,698970 0,000970
клана 1,522879 0,000869
он 0,455932 0,001692
узнает 1,221849 0,001046
жертву 1,522879 0,000869
пудре 1,698970 0,000970
румянах 1,698970 0,000970
закончится 0,920819 0,000526
эта 0,958607 0,000821
история 0,443697 0,000380
вскроется 1,698970 0,000970
обман 1,397940 0,000798
узнаете 1,397940 0,000798
совсем 1,154902 0,000659
й 1,000000 0,000571
кнопке 1,698970 0,000970
райская 1,698970 0,000970
дмитрий 0,602060 0,000344
харатьян 1,698970 0,000970
михаил 0,568636 0,000487
ефремов 1,397940 0,000798
нифонтов 1,698970 0,000970
юлия 0,823909 0,000470
беретта 1,698970 0,000970
эвклид 1,698970 0,000970
кюрдзидис 1,698970 0,000970
хорохорина 1,698970 0,000970
кожевникова 1,698970 0,000970
четыре 0,795880 0,000681
руки 1,154902 0,000989
альфонс 1,698970 0,000970
аферист 1,698970 0,001455
просто 0,602060 0,000344
красавец 1,397940 0,000798
вершит 1,698970 0,000970
судьбы 1,096910 0,001565
одиноких 1,522879 0,000869
женщин 0,920819 0,000526
франции 1,000000 0,000571
памяти 1,045757 0,001194
настоящей 1,522879 0,000869
легенды 0,958607 0,000547
французского 1,221849 0,000697
кинематографа 1,522879 0,000869
жан 1,522879 0,001304
поля 1,221849 0,000697
бельмондо 1,698970 0,001455
александр 0,468521 0,000669
дюпре 1,698970 0,000970
симпатичный 1,522879 0,000869
мужчина 0,958607 0,000821
совместительству 1,698970 0,000970
перед 0,769551 0,000659
устоять 1,698970 0,000970
ни 0,698970 0,000399
одна 1,000000 0,000571
богатая 1,698970 0,000970
вдова 1,301030 0,000743
каждый 0,721246 0,000618
раз 0,698970 0,000399
выдавая 1,698970 0,000970
разных 0,920819 0,000526
персонажей 1,221849 0,000697
изящно 1,522879 0,000869
выколачивает 1,698970 0,000970
них 0,769551 0,000439
состояния 1,522879 0,000869
случайным 1,522879 0,000869
образом 1,045757 0,000597
втянут 1,698970 0,000970
дело 0,721246 0,000412
международном 1,522879 0,000869
промышленном 1,698970 0,000970
шпионаже 1,522879 0,000869
поможет 0,886057 0,000759
находчивость 1,698970 0,000970
хитреца 1,698970 0,000970
выйти 1,154902 0,000989
сухим 1,698970 0,000970
воды 1,096910 0,000626
жорж 1,698970 0,000970
лотнер 1,698970 0,000970
поль 1,522879 0,000869
мирелла 1,698970 0,000970
д 0,721246 0,000823
анджело 1,698970 0,000970
мишель 1,698970 0,000970
галабрю 1,698970 0,000970
карла 1,522879 0,000869
романелли 1,698970 0,000970
паоло 1,522879 0,000869
боначелли 1,698970 0,000970
знахарь 1,522879 0,001738
предательство 1,397940 0,000798
близких 1,397940 0,001197
вынуждает 1,698970 0,000970
отречься 1,698970 0,000970
прошлой 1,397940 0,000798
т 1,045757 0,001492
герой 0,853872 0,000731
сериала 0,920819 0,000526
настоящий 1,045757 0,000597
баловень 1,698970 0,000970
счастливый 1,397940 0,000798
любимый 1,397940 0,000798
муж 1,154902 0,000659
перспективный 1,698970 0,000970
врач 0,958607 0,000547
константин 0,886057 0,000759
разин 1,698970 0,000970
жизнь 0,455932 0,000651
слажена 1,698970 0,000970
устроена 1,522879 0,000869
ничто 1,397940 0,000798
помешать 1,698970 0,000970
привычному 1,698970 0,000970
ходу 1,698970 0,000970
вещей 1,221849 0,000697
миг 1,522879 0,000869
теряет 1,522879 0,000869
константина 1,221849 0,001046
обвиняют 1,397940 0,001197
убийстве 1,397940 0,001197
совершал 1,522879 0,000869
защитить 1,096910 0,000626
сфабрикованном 1,698970 0,000970
деле 0,886057 0,000506
ему 0,853872 0,000731
удается 1,397940 0,000798
решетку 1,698970 0,000970
осужденный 1,698970 0,000970
остается 1,154902 0,001648
верен 1,522879 0,000869
любимой 1,221849 0,000697
профессии 1,000000 0,000571
зоне 1,301030 0,000743
получает 1,045757 0,000895
кличку 1,522879 0,000869
вскоре 1,221849 0,001046
второй 0,769551 0,000439
удар 0,823909 0,000470
тюрьме 1,698970 0,000970
случившееся 1,698970 0,000970
вовсе 1,301030 0,000743
роковая 1,522879 0,000869
ошибка 1,096910 0,000626
коварный 1,522879 0,000869
замысел 1,397940 0,000798
устроить 1,522879 0,000869
побег 1,397940 0,000798
отомстить 1,522879 0,000869
вячеслав 1,221849 0,001046
никифоров 1,397940 0,000798
армандс 1,698970 0,000970
нейландс 1,698970 0,000970
яунземс 1,698970 0,000970
батурин 1,698970 0,000970
александра 0,638272 0,000546
флоринская 1,698970 0,000970
чиндяйкин 1,698970 0,000970
кулаков 1,698970 0,000970
наумов 1,522879 0,000869
свои 0,698970 0,001197
нетривиальные 1,698970 0,000970
эксперты 0,853872 0,000487
против 0,387216 0,000221
нетривиальных 1,698970 0,000970
детективных 1,698970 0,000970
загадок 1,698970 0,000970
понедельника 1,397940 0,000798
четверг 1,154902 0,000659
преступник 1,522879 0,000869
оставляет 1,301030 0,000743
улики 1,698970 0,000970
идеальных 1,522879 0,000869
преступлений 1,221849 0,000697
существует 1,221849 0,000697
выходить 1,397940 0,000798
самых 0,585027 0,000334
замысловатых 1,698970 0,000970
бандитов 1,698970 0,000970
нужны 0,886057 0,000506
лучшие 0,657577 0,000375
профессионалы 1,522879 0,000869
следы 1,301030 0,000743
остались 1,221849 0,000697
жертве 1,698970 0,000970
придет 1,522879 0,000869
помощь 0,823909 0,000470
опытный 1,698970 0,000970
судмедэксперт 1,522879 0,000869
микроскопические 1,698970 0,000970
капли 1,522879 0,000869
крови 1,522879 0,000869
подозрительные 1,698970 0,000970
отпечатки 1,698970 0,000970
ботинок 1,698970 0,000970
или 0,292430 0,000250
шин 1,522879 0,000869
криминалист 1,698970 0,000970
убийца 1,096910 0,000626
следует 1,397940 0,000798
какому 1,522879 0,000869
то 0,522879 0,000746
известному 1,698970 0,000970
лишь 1,045757 0,000597
случаев 1,045757 0,000597
команде 1,522879 0,000869
психолог 1,154902 0,000659
собрать 1,522879 0,000869
факты 1,096910 0,000626
воедино 1,522879 0,000869
внимательного 1,698970 0,000970
дознавателя 1,698970 0,000970
кажется 1,045757 0,000597
преступление 1,045757 0,000597
вмешались 1,698970 0,000970
какие 0,494850 0,000282
высшие 1,698970 0,000970
силы 0,958607 0,000547
справится 1,698970 0,000970
экстрасенс 1,698970 0,000970
каждого 1,397940 0,000798
специалистов 1,221849 0,000697
этой 0,744727 0,000425
команды 1,397940 0,000798
характер 1,301030 0,000743
слабости 1,522879 0,000869
суперспособности 1,698970 0,000970
любой 0,769551 0,000439
нас 0,468521 0,000267
они 0,585027 0,000668
обыкновенные 1,522879 0,000869
люди 0,585027 0,000334
колпахчиев 1,698970 0,000970
антон 0,958607 0,000547
васильев 1,096910 0,000626
полина 1,096910 0,000626
маликова 1,698970 0,000970
игорь 0,823909 0,000705
лепихин 1,698970 0,000970
маргарита 1,397940 0,000798
аброськина 1,698970 0,000970
горячева 1,698970 0,000970
формула 1,154902 0,000989
любви 0,677781 0,000967
влюбиться 1,698970 0,000970
мраморную 1,698970 0,001455
знаменитый 1,154902 0,000659
авантюрист 1,522879 0,000869
граф 1,301030 0,001114
калиостро 1,698970 0,001455
сопровождении 1,522879 0,000869
своей 0,853872 0,000975
весьма 1,397940 0,000798
экстравагантной 1,698970 0,000970
свиты 1,698970 0,000970
прибывает 1,397940 0,001197
россию 0,568636 0,000487
удирая 1,698970 0,000970
гвардейцев 1,698970 0,000970
потемкина 1,698970 0,000970
вся 0,769551 0,000659
развеселая 1,698970 0,000970
компания 0,853872 0,000487
застревает 1,698970 0,000970
российской 0,585027 0,000334
глубинке 1,522879 0,000869
одном 0,958607 0,000547
поместий 1,698970 0,000970
встречает 1,221849 0,000697
таинственного 1,522879 0,000869
юношу 1,698970 0,000970
влюблен 1,522879 0,000869
надеется 1,698970 0,000970
оживить 1,698970 0,000970
случайная 1,397940 0,000798
встреча 1,000000 0,000571
прекрасной 1,397940 0,000798
марией 1,522879 0,000869
меняет 1,397940 0,000798
захаров 1,698970 0,000970
нодар 1,698970 0,000970
мгалоблишвили 1,698970 0,000970
валюшкина 1,698970 0,000970
михайлов 1,397940 0,000798
абдулов 1,522879 0,000869
семен 1,522879 0,000869
фарада 1,698970 0,000970
женитьба 1,698970 0,001939
бальзаминова 1,698970 0,001939
тонкая 1,698970 0,000970
ироничная 1,698970 0,000970
пьесам 1,698970 0,000970
николая 1,154902 0,000989
островского 1,698970 0,001455
любимыми 1,698970 0,000970
актерами 1,698970 0,000970
главных 0,853872 0,000487
xix 1,096910 0,000626
век 0,920819 0,000526
мелкий 1,698970 0,000970
московский 0,958607 0,000547
чиновник 1,522879 0,000869
бальзаминов 1,698970 0,000970
вместе 0,744727 0,000425
маменькой 1,698970 0,000970
мечтает 1,397940 0,000798
женитьбе 1,698970 0,000970
обязательно 1,221849 0,000697
богатой 1,522879 0,000869
сваха 1,698970 0,000970
сообщением 1,522879 0,000869
подходящей 1,698970 0,000970
невесте 1,698970 0,000970
сватовство 1,698970 0,001455
заканчивается 1,397940 0,000798
выдворением 1,698970 0,000970
бальзаминовых 1,698970 0,000970
дома 0,619789 0,000354
предполагаемой 1,698970 0,000970
суженой 1,698970 0,000970
отчаяния 1,698970 0,000970
решает 1,221849 0,000697
приударить 1,698970 0,000970
двумя 1,096910 0,000626
невестами 1,698970 0,000970
несмотря 1,000000 0,000856
бесконечные 1,522879 0,000869
насмешки 1,698970 0,000970
добивается 1,698970 0,000970
отметим 1,698970 0,000970
трилогии 1,522879 0,000869
снимался 1,522879 0,000869
суздале 1,522879 0,000869
одной 0,886057 0,000506
жемчужин 1,698970 0,000970
золотого 1,522879 0,000869
кольца 1,397940 0,000798
георгию 1,698970 0,000970
вицину 1,698970 0,000970
сыграл 1,397940 0,000798
летнего 1,301030 0,000743
съемок 1,301030 0,000743
каждой 1,221849 0,000697
сценой 1,698970 0,000970
актера 1,221849 0,000697
долго 0,958607 0,000547
тщательно 1,522879 0,000869
гримировали 1,698970 0,000970
выглядел 1,698970 0,000970
моложе 1,522879 0,000869
позже 1,045757 0,000597
вицин 1,698970 0,001455
шутил 1,698970 0,000970
называется 1,397940 0,000798
забальзамированного 1,698970 0,000970
воинов 1,522879 0,000869
георгий 1,522879 0,001304
шагалова 1,698970 0,000970
надежда 1,000000 0,000571
румянцева 1,698970 0,000970
жестокий 1,698970 0,001455
романс 1,698970 0,001455
безжалостная 1,698970 0,000970
толкает 1,522879 0,000869
отчаянные 1,221849 0,000697
поступки 1,698970 0,000970
лариса 1,154902 0,000989
огудалова 1,698970 0,000970
паратов 1,698970 0,000970
юлий 1,698970 0,000970
карандышев 1,698970 0,000970
готовы 1,045757 0,000597
встретиться 1,698970 0,000970
ними 1,154902 0,000659
посмотреть 0,920819 0,000526
легендарную 1,522879 0,000869
экранизацию 1,522879 0,000869
великой 0,958607 0,000547
классики 1,301030 0,000743
берегах 1,301030 0,000743
волги 1,698970 0,000970
романсы 1,397940 0,000798
цыгане 1,698970 0,000970
отчаяние 1,698970 0,001455
которая 0,823909 0,000470
сильнее 1,522879 0,000869
такая 1,096910 0,000626
хрупкая 1,698970 0,000970
хрусталь 1,698970 0,000970
сказал 1,301030 0,000743
главные 0,585027 0,000334
герои 0,958607 0,000547
фильма 0,795880 0,000454
река 1,397940 0,000798
волга 1,698970 0,000970
пароход 1,698970 0,000970
ласточка 1,698970 0,000970
потому 0,920819 0,000526
наиболее 1,045757 0,000597
точно 1,096910 0,000626
символизируют 1,698970 0,000970
свободолюбивый 1,698970 0,000970
дух 1,096910 0,000626
поволжья 1,698970 0,000970
кстати 1,397940 0,000798
множество 1,397940 0,000798
отрицательных 1,698970 0,000970
отзывов 1,397940 0,000798
кинокритиков 1,698970 0,000970
обрел 1,397940 0,000798
огромную 1,397940 0,000798
популярность 1,522879 0,000869
стал 0,585027 0,000334
лучшим 1,221849 0,000697
итогам 1,698970 0,000970
опроса 1,698970 0,000970
журнала 1,154902 0,000659
экран 1,698970 0,000970
гузеева 1,698970 0,000970
алиса 1,301030 0,000743
фрейндлих 1,698970 0,000970
мягков 1,698970 0,000970
петренко 1,397940 0,000798
виктор 0,795880 0,000454
проскурин 1,698970 0,000970
чистое 1,522879 0,001304
небо 1,301030 0,001114
пронзительная 1,522879 0,000869
боль 1,154902 0,000659
разлуку 1,522879 0,000869
летчика 1,698970 0,001455
испытателя 1,698970 0,000970
алексея 1,154902 0,000659
война 0,795880 0,001363
рушит 1,698970 0,000970
счастливую 1,698970 0,000970
известие 1,522879 0,000869
смерти 0,744727 0,000425
любимого 1,301030 0,000743
становится 1,221849 0,001046
девушки 1,045757 0,000597
тяжелым 1,397940 0,000798
испытанием 1,698970 0,000970
впереди 1,522879 0,000869
неизвестность 1,698970 0,000970
выживает 1,698970 0,000970
попадает 1,397940 0,000798
плен 1,154902 0,000659
изгоем 1,698970 0,000970
исключают 1,698970 0,000970
партии 1,397940 0,000798
лишают 1,522879 0,000869
работы 0,619789 0,000531
отсутствие 1,096910 0,000626
веры 1,397940 0,000798
толкают 1,698970 0,000970
пропасть 1,698970 0,000970
сила 1,301030 0,000743
саши 1,221849 0,000697
способна 1,698970 0,000970
сохранить 0,920819 0,000526
григорий 1,221849 0,000697
чухрай 1,698970 0,000970
нина 1,221849 0,000697
дробышева 1,698970 0,000970
евгений 0,698970 0,000798
урбанский 1,698970 0,000970
кузьмина 1,522879 0,000869
виталий 1,154902 0,000659
коняев 1,698970 0,000970
куликов 1,698970 0,000970
князев 1,522879 0,000869
тальянка 1,698970 0,001455
ты 0,698970 0,000399
сделала 1,397940 0,000798
подлая 1,698970 0,000970
танцовщица 1,397940 0,000798
джульетта 1,522879 0,001738
русский 0,769551 0,000439
летчик 1,698970 0,000970
степан 1,522879 0,001738
встретились 1,522879 0,000869
партизанском 1,698970 0,000970
отряде 1,522879 0,000869
италии 1,154902 0,000659
полюбили 1,698970 0,000970
друг 0,769551 0,000439
друга 0,886057 0,000506
солдата 1,698970 0,000970
немецкой 1,522879 0,000869
оккупации 1,522879 0,000869
погибли 1,045757 0,000597
жена 0,853872 0,000731
сын 0,886057 0,000506
решил 1,000000 0,000571
открыться 1,698970 0,000970
новому 1,301030 0,000743
чувству 1,698970 0,000970
закончилась 1,397940 0,000798
влюбленные 1,698970 0,000970
приехали 1,522879 0,000869
родную 1,698970 0,000970
деревню 1,301030 0,000743
степана 1,397940 0,001197
ждал 1,698970 0,000970
неожиданный 1,698970 0,000970
сюрприз 1,397940 0,000798
семья 0,823909 0,000470
выжила 1,698970 0,000970
быть 0,420216 0,000240
две 0,657577 0,000563
жены 1,045757 0,000597
двое 1,221849 0,000697
намерена 1,096910 0,000626
разбивать 1,698970 0,000970
пару 1,221849 0,000697
собирается 1,154902 0,000659
вернуться 0,886057 0,000506
домой 0,958607 0,000547
дочка 1,522879 0,000869
стала 0,769551 0,000439
гражданкой 1,698970 0,000970
забирать 1,698970 0,000970
собой 0,823909 0,000470
нельзя 0,795880 0,000454
мать 0,795880 0,000454
бросить 1,397940 0,000798
доме 0,958607 0,000547
отца 1,000000 0,000571
первая 0,886057 0,000506
своем 0,823909 0,000470
бане 1,698970 0,000970
новая 0,677781 0,000387
беда 1,698970 0,000970
японией 1,698970 0,000970
повестку 1,698970 0,000970
него 0,795880 0,000454
похоронка 1,698970 0,000970
чужих 1,397940 0,000798
практически 1,096910 0,000626
незнакомых 1,698970 0,000970
нередко 1,522879 0,000869
враждебно 1,698970 0,000970
настроенных 1,698970 0,000970
дальше 0,853872 0,000487
сможет 1,000000 0,000571
друзей 1,045757 0,000597
понимание 1,698970 0,000970
удастся 1,522879 0,000869
обрести 1,522879 0,000869
новую 0,769551 0,000439
родину 1,522879 0,000869
звездаков 1,698970 0,000970
мерзликин 1,698970 0,000970
йоанна 1,698970 0,000970
моро 1,698970 0,000970
екатерина 0,920819 0,000526
гусева 1,522879 0,000869
раньеро 1,698970 0,000970
монако 1,522879 0,000869
ди 1,301030 0,000743
лапио 1,698970 0,000970
скляр 1,522879 0,000869
разведчицы 1,698970 0,001455
заставило 1,522879 0,000869
девушек 1,301030 0,001485
тропу 1,698970 0,000970
войны 0,698970 0,000399
апреле 0,853872 0,000487
года 0,356547 0,000305
москву 0,886057 0,000506
главное 0,585027 0,000334
управление 1,154902 0,000659
госбезопасности 1,698970 0,000970
майор 1,522879 0,000869
воротынников 1,698970 0,001455
недавно 1,154902 0,000659
получил 0,958607 0,000547
разрешение 1,522879 0,000869
открытие 1,154902 0,000659
разведывательной 1,698970 0,000970
школы 0,853872 0,000487
киеве 1,397940 0,000798
подбирает 1,698970 0,000970
кадры 0,958607 0,000547
грядущей 1,698970 0,000970
берет 1,301030 0,000743
себе 0,619789 0,000354
помощники 1,397940 0,000798
опытного 1,522879 0,000869
бойца 1,698970 0,000970
петрова 1,221849 0,000697
некоего 1,698970 0,000970
команда 0,853872 0,000487
понимает 1,221849 0,000697
горами 1,522879 0,000869
сих 1,096910 0,000626
пор 1,045757 0,000597
запрещается 1,698970 0,000970
говорить 1,045757 0,000597
начинает 1,397940 0,000798
формировать 1,698970 0,000970
собственную 1,301030 0,000743
разведшколу 1,698970 0,000970
ней 0,823909 0,000470
оказываются 1,522879 0,000869
молодые 1,397940 0,000798
курсантки 1,698970 0,000970
арина 1,522879 0,000869
прозоровская 1,698970 0,000970
зоя 1,522879 0,000869
величко 1,698970 0,000970
службу 1,397940 0,000798
привели 1,522879 0,000869
трагические 1,698970 0,000970
обстоятельства 1,698970 0,000970
арину 1,698970 0,000970
измене 1,698970 0,000970
родине 1,522879 0,000869
зою 1,698970 0,000970
совершала 1,698970 0,000970
которое 1,096910 0,000626
пыталась 1,522879 0,000869
предотвратить 1,522879 0,000869
единственная 1,698970 0,000970
возможность 0,721246 0,000412
обеих 1,522879 0,000869
избежать 1,221849 0,000697
наказания 1,397940 0,000798
оказаться 1,522879 0,000869
новой 0,638272 0,000364
разведшколе 1,698970 0,000970
начать 0,920819 0,000526
чистого 1,698970 0,000970
листа 1,698970 0,000970
переплетутся 1,698970 0,000970
феликс 1,522879 0,000869
герчиков 1,698970 0,000970
светлана 1,045757 0,000895
иванова 1,397940 0,000798
устинова 1,522879 0,000869
анатолий 1,301030 0,000743
руденко 1,698970 0,000970
пронин 1,698970 0,000970
вдовиченков 1,522879 0,000869
сериалы 0,769551 0,000439
фильмы 0,638272 0,000364
новости 0,173925 0,000199
новые 0,337242 0,000289
истории 0,552842 0,000316
лента 0,744727 0,000425
эпизоды 1,698970 0,000970
пьяный 1,522879 0,000869
угнал 1,698970 0,000970
асфальтоукладчик 1,698970 0,000970
отправился 1,522879 0,000869
водкой 1,698970 0,000970
шесть 0,958607 0,000547
танцев 1,698970 0,000970
иржи 1,698970 0,000970
килиана 1,698970 0,000970
театре 1,045757 0,000597
астана 1,522879 0,000869
опера 1,522879 0,000869
работает 0,657577 0,000375
завод 1,301030 0,000743
производству 1,698970 0,000970
ядерного 1,698970 0,000970
топлива 1,397940 0,000798
казахстане 1,301030 0,000743
платежи 1,698970 0,000970
подождут 1,522879 0,000869
уйти 1,221849 0,000697
кредитные 1,301030 0,000743
каникулы 1,301030 0,000743
код 0,958607 0,000547
ученые 0,958607 0,000547
впервые 0,744727 0,000425
расшифровали 1,698970 0,000970
полный 1,000000 0,000571
геном 1,698970 0,000970
человека 0,537602 0,000307
последний 0,744727 0,000425
снег 1,154902 0,000659
центральную 1,698970 0,000970
потепление 1,397940 0,000798
c 0,721246 0,000412
кухни 1,522879 0,000869
готовим 1,301030 0,000743
пулярку 1,698970 0,000970
виноградом 1,698970 0,000970
домашнюю 1,698970 0,000970
лапшу 1,698970 0,000970
перепелкой 1,698970 0,000970
мастер 1,045757 0,000597
класс 1,221849 0,000697
приготовлению 1,698970 0,000970
деликатесов 1,698970 0,000970
птицы 1,301030 0,000743
провел 1,221849 0,000697
шеф 1,096910 0,000626
повар 1,698970 0,000970
страхов 1,698970 0,000970
белоголовцев 1,698970 0,000970
ведущий 1,154902 0,000659
мобильные 1,221849 0,000697
приложения 0,853872 0,000487
мтрк 1,698970 0,001939
интернет 0,522879 0,000448
портал 0,769551 0,000439
сетевое 0,677781 0,000387
издание 0,638272 0,000364
учредитель 0,657577 0,000375
закрытое 1,698970 0,000970
акционерное 1,522879 0,000869
общество 0,494850 0,000282
межгосударственная 1,698970 0,001455
телерадиокомпания 1,698970 0,001455
редактор 0,585027 0,000334
батыршин 1,698970 0,000970
р 1,221849 0,000697
телефон 0,677781 0,000387
факс 1,522879 0,000869
коммерческая 1,522879 0,000869
дирекция 1,397940 0,000798
развитие 1,221849 0,000697
сети 0,744727 0,000638
обращение 1,522879 0,000869
компанию 1,522879 0,000869
реклама 0,346787 0,000198
reklama 1,522879 0,000869
mir 1,698970 0,000970
tv 0,920819 0,000526
сайт 0,455932 0,000260
тихонов 1,522879 0,000869
коритич 1,698970 0,000970
pr 1,154902 0,000989
mirtv 1,698970 0,000970
ru 0,180456 0,000103
корреспонденции 1,698970 0,000970
ул 0,958607 0,000821
краснобогатырская 1,698970 0,000970
стр 1,096910 0,000626
юридический 1,698970 0,000970
адрес 0,552842 0,000316
пятницкая 1,698970 0,000970
была 0,744727 0,000425
создана 1,522879 0,000869
соглашением 1,301030 0,000743
глав 1,154902 0,000659
государств 1,397940 0,000798
участников 1,000000 0,000571
снг 1,522879 0,000869
целях 1,522879 0,000869
освещения 1,698970 0,000970
политического 1,698970 0,000970
экономического 1,221849 0,000697
гуманитарного 1,698970 0,000970
сотрудничества 1,522879 0,000869
формирования 1,221849 0,000697
общего 1,522879 0,000869
информационного 1,522879 0,000869
пространства 1,397940 0,000798
содействия 1,698970 0,000970
международному 1,522879 0,000869
обмену 1,698970 0,000970
информацией 1,397940 0,000798
онлайн 0,387216 0,000332
трансляция 0,958607 0,000821
эфирного 1,698970 0,000970
потока 1,698970 0,000970
согласования 1,698970 0,000970
строго 1,397940 0,000798
запрещена 1,397940 0,000798
эфира 1,522879 0,000869
возможна 1,397940 0,000798
исключительно 1,301030 0,000743
использовании 1,221849 0,000697
плеера 1,698970 0,000970
системы 1,301030 0,000743
вещания 1,397940 0,000798
закрытого 1,698970 0,000970
акционерного 1,698970 0,000970
общества 1,045757 0,000597
свидетельство 0,638272 0,000546
регистрации 0,638272 0,000364
сми 0,468521 0,000267
эл 0,494850 0,000282
фс 0,522879 0,000298
июня 0,886057 0,000506
выдано 1,045757 0,000597
федеральной 0,602060 0,000344
службой 0,744727 0,000425
надзору 0,619789 0,000354
сфере 0,552842 0,000316
связи 0,455932 0,000260
информационных 0,585027 0,000334
технологий 0,568636 0,000325
массовых 0,568636 0,000325
коммуникаций 0,585027 0,000334
права 0,431798 0,000246
любые 0,853872 0,000487
материалы 0,481486 0,000275
опубликованные 0,920819 0,000526
сайте 0,420216 0,000240
защищены 0,602060 0,000344
соответствии 0,795880 0,000454
российским 0,795880 0,000454
международным 1,000000 0,000571
законодательством 0,823909 0,000470
авторском 1,301030 0,000743
праве 1,301030 0,000743
смежных 1,301030 0,000743
правах 1,045757 0,000597
любое 0,886057 0,000506
использование 0,619789 0,000354
текстовых 1,154902 0,000659
фото 0,568636 0,000325
аудио 0,920819 0,000526
видеоматериалов 1,045757 0,000597
возможно 0,853872 0,000487
согласия 1,000000 0,000571
правообладателя 0,886057 0,000506
