ижевск 1,221849 0,005846
close 1,301030 0,004669
авторизация 1,522879 0,003643
госуслуги 1,698970 0,004065
вход 0,619789 0,002224
регистрация 0,657577 0,002360
помощью 0,769551 0,001841
учетной 1,698970 0,004065
записи 1,301030 0,003113
портала 1,221849 0,002923
госуслуг 1,698970 0,004065
забыл 1,397940 0,003344
пароль 0,920819 0,002203
refresh 1,397940 0,003344
search 1,154902 0,005526
share 1,397940 0,005017
рус 1,397940 0,003344
visibility 1,522879 0,003643
account 1,522879 0,005465
circle 1,698970 0,004065
view 1,154902 0,002763
headlineclose 1,698970 0,004065
для 0,107905 0,001678
горожан 1,397940 0,010033
кабинет 1,045757 0,002502
слабовидящих 1,522879 0,003643
сервисы 1,045757 0,006255
интернет 0,522879 0,005004
приемная 1,698970 0,016258
правовые 1,698970 0,008129
акты 1,522879 0,007287
публичные 1,698970 0,008129
слушания 1,698970 0,008129
важные 0,958607 0,004587
телефоны 1,698970 0,008129
пресс 0,638272 0,003054
центр 0,537602 0,002572
торги 1,698970 0,008129
мой 0,769551 0,003682
депутат 1,397940 0,006689
услуги 1,221849 0,007308
жкх 1,301030 0,006225
карта 0,920819 0,004406
ижевска 1,698970 0,030484
опросы 1,154902 0,006907
записаться 1,698970 0,008129
прием 1,221849 0,005846
подписка 0,823909 0,003942
календарь 1,000000 0,004785
событий 0,853872 0,005107
новое 0,823909 0,002957
сайте 0,420216 0,001508
власть 1,045757 0,003753
глава 0,638272 0,003054
городская 1,221849 0,002923
дума 1,522879 0,003643
администрация 1,221849 0,002923
города 0,657577 0,007866
контрольно 1,698970 0,004065
счетная 1,698970 0,004065
палата 1,698970 0,010161
бюджет 1,397940 0,003344
муниципальный 1,698970 0,006097
заказ 1,301030 0,003113
социально 1,397940 0,003344
экономическое 1,522879 0,003643
развитие 1,221849 0,004385
административная 1,698970 0,004065
реформа 1,522879 0,003643
противодействие 1,397940 0,005017
коррупции 1,301030 0,004669
муниципальная 1,698970 0,006097
служба 1,096910 0,002624
перечень 1,221849 0,002923
информационных 0,585027 0,001400
систем 1,522879 0,003643
проекты 0,657577 0,003933
муниципальные 1,698970 0,006097
программы 0,721246 0,001725
открытые 1,301030 0,003113
данные 0,677781 0,001621
оценка 1,154902 0,002763
регулирующего 1,698970 0,004065
воздействия 1,698970 0,004065
жителям 1,522879 0,005465
образование 0,823909 0,001971
молодежная 1,698970 0,004065
политика 0,387216 0,000926
здравоохранение 1,522879 0,003643
социальная 1,154902 0,002763
поддержка 0,920819 0,003304
общество 0,494850 0,001184
общественная 1,522879 0,007287
градостроительство 1,698970 0,004065
собственность 1,698970 0,004065
земельные 1,698970 0,004065
ресурсы 1,154902 0,004144
природные 1,698970 0,004065
охрана 1,522879 0,003643
окружающей 1,522879 0,003643
среды 1,522879 0,005465
жилищно 1,698970 0,004065
коммунальное 1,698970 0,004065
хозяйство 1,301030 0,004669
городское 1,698970 0,004065
безопасность 1,096910 0,002624
занятость 1,698970 0,004065
населения 1,045757 0,002502
культура 0,619789 0,001483
спорт 0,468521 0,001121
загс 1,698970 0,004065
районы 1,301030 0,003113
национальные 1,397940 0,003344
россии 0,251812 0,001506
реестр 1,698970 0,004065
очередности 1,698970 0,004065
использования 0,920819 0,002203
специально 1,221849 0,002923
отведенных 1,698970 0,004065
мест 1,045757 0,002502
проведения 1,397940 0,003344
публичных 1,397940 0,003344
мероприятий 1,096910 0,002624
бизнесу 1,397940 0,005017
инвестиции 1,096910 0,002624
предпринимательства 1,698970 0,004065
потребительский 1,397940 0,003344
рынок 1,000000 0,002392
гостям 1,698970 0,006097
городе 0,958607 0,002293
имена 1,154902 0,002763
путешественникам 1,698970 0,004065
фестивали 1,301030 0,003113
ижевске 1,698970 0,022355
достопримечательности 1,397940 0,003344
международные 1,397940 0,003344
региональные 1,522879 0,003643
связи 0,455932 0,001091
решаем 1,698970 0,004065
вместе 0,744727 0,001782
не 0,136677 0,000490
убран 1,698970 0,004065
мусор 1,522879 0,003643
яма 1,698970 0,004065
дороге 1,221849 0,002923
горит 1,522879 0,003643
фонарь 1,301030 0,003113
столкнулись 1,522879 0,003643
проблемой 1,698970 0,004065
сообщите 1,397940 0,003344
ней 0,823909 0,001971
сообщить 1,096910 0,002624
проблеме 1,698970 0,004065
главное 0,585027 0,002799
бекмеметьев 1,698970 0,006097
олег 0,795880 0,002856
николаевич 1,397940 0,005017
navigate 1,698970 0,012194
next 1,397940 0,013377
инфраструктурных 1,698970 0,004065
проектов 1,154902 0,005526
будет 0,387216 0,000926
реализовано 1,698970 0,004065
году 0,602060 0,001440
программе 1,045757 0,002502
стимул 1,522879 0,003643
создан 1,301030 0,003113
городской 1,301030 0,004669
инвестиционный 1,698970 0,004065
портал 0,769551 0,001841
более 0,494850 0,001184
тыс 1,096910 0,002624
пассажиров 1,698970 0,004065
общественного 1,301030 0,003113
транспорта 1,301030 0,003113
ежедневно 1,301030 0,003113
пользуются 1,522879 0,003643
выделенной 1,698970 0,004065
полосой 1,698970 0,004065
улице 1,221849 0,002923
ленина 1,301030 0,003113
beforenavigate 1,698970 0,004065
новости 0,173925 0,001456
апреля 0,283997 0,005435
ижевский 1,698970 0,004065
камерный 1,698970 0,004065
хор 1,698970 0,004065
отметил 1,397940 0,003344
свое 0,698970 0,001672
летие 1,698970 0,004065
муниципалитете 1,698970 0,004065
прошла 1,045757 0,005004
встреча 1,000000 0,002392
жителями 1,301030 0,003113
микрорайона 1,698970 0,004065
орловское 1,698970 0,004065
условия 0,795880 0,002856
заключения 1,522879 0,005465
социального 1,522879 0,005465
контракта 1,698970 0,006097
изменились 1,221849 0,004385
акция 1,397940 0,006689
поддержку 1,000000 0,003589
независимости 1,698970 0,006097
донецкой 1,221849 0,007308
народной 1,301030 0,004669
республики 1,154902 0,004144
открылся 1,397940 0,005017
единый 1,698970 0,006097
пункт 1,397940 0,005017
сбора 1,154902 0,004144
гуманитарной 1,522879 0,005465
помощи 1,045757 0,003753
жителей 0,853872 0,003064
луганской 1,698970 0,006097
народных 1,397940 0,005017
республик 1,698970 0,006097
ижевские 1,698970 0,006097
конкурсанты 1,698970 0,006097
начали 0,958607 0,003440
защиту 1,522879 0,005465
молодежного 1,698970 0,006097
инициативного 1,698970 0,006097
бюджетирования 1,698970 0,006097
атмосфера 1,698970 0,006097
нарушений 1,522879 0,005465
уборки 1,698970 0,006097
снега 1,522879 0,005465
зафиксировали 1,397940 0,005017
начала 0,769551 0,002762
зимнего 1,522879 0,005465
сезона 0,958607 0,003440
числе 1,045757 0,003753
самых 0,585027 0,002099
комфортных 1,522879 0,005465
жизни 0,431798 0,001550
городов 1,221849 0,004385
все 0,124939 0,000897
анонсы 1,397940 0,006689
центробанк 1,221849 0,002923
открыл 1,301030 0,003113
магию 1,397940 0,003344
театра 1,154902 0,002763
ижевчане 1,698970 0,004065
смогут 1,221849 0,002923
посетить 1,000000 0,002392
бесплатную 1,522879 0,003643
лекцию 1,522879 0,003643
дню 0,958607 0,002293
рождения 0,677781 0,001621
живи 1,522879 0,003643
здорово 1,698970 0,004065
проект 0,568636 0,002041
безопасные 1,698970 0,004065
качественные 1,522879 0,003643
дороги 1,096910 0,003936
формирование 1,698970 0,004065
современной 0,958607 0,002293
город 0,769551 0,001841
трудовой 1,698970 0,004065
доблести 1,698970 0,004065
информация 0,552842 0,001984
дорожные 1,698970 0,004065
работы 0,619789 0,002224
вся 0,769551 0,001841
сайта 0,508638 0,001825
проекте 0,657577 0,001573
важных 1,301030 0,003113
гарантийные 1,522879 0,003643
земляные 1,698970 0,004065
улично 1,698970 0,004065
дорожная 1,698970 0,004065
сеть 1,000000 0,002392
разрешенное 1,698970 0,004065
строительство 1,397940 0,003344
информационно 1,522879 0,003643
управление 1,154902 0,002763
администрации 1,397940 0,003344
г 0,552842 0,001323
материалы 0,481486 0,001152
доступны 1,397940 0,003344
лицензии 1,522879 0,003643
creative 1,522879 0,003643
commons 1,698970 0,004065
attribution 1,698970 0,004065
атрибуция 1,522879 0,003643
всемирная 1,522879 0,003643
при 0,387216 0,000926
условии 1,397940 0,003344
ссылки 1,221849 0,002923
первоисточник 1,522879 0,003643
личных 1,221849 0,002923
обращений 1,698970 0,004065
граждан 1,045757 0,002502
работает 0,657577 0,001573
e 0,677781 0,001621
mail 0,721246 0,001725
main 1,522879 0,003643
izh 1,698970 0,004065
ru 0,180456 0,000432
