новости 0,173925 0,000500
россии 0,251812 0,001568
мира 0,537602 0,000772
новостной 1,522879 0,001094
портал 0,769551 0,000553
московский 0,958607 0,001607
комсомолец 1,522879 0,002553
мк 1,522879 0,010940
спорт 0,468521 0,000785
авто 0,769551 0,001106
взгляд 1,045757 0,000501
охотники 1,221849 0,001170
ру 0,744727 0,000535
womanhit 1,522879 0,001094
ru 0,180456 0,000432
промокоды 1,221849 0,000878
наш 0,795880 0,000381
telegram 0,744727 0,000535
предназначено 1,698970 0,000814
для 0,107905 0,000284
лиц 1,045757 0,000751
старше 1,000000 0,000479
шестнадцати 1,522879 0,000729
лет 0,366532 0,000527
найти 0,508638 0,000244
выбрать 0,853872 0,000409
регион 1,301030 0,000623
курсы 1,154902 0,000830
валюты 1,301030 0,000623
свежий 1,154902 0,000830
номер 0,886057 0,000637
подписка 0,823909 0,000592
вконтакте 0,638272 0,000306
одноклассниках 1,301030 0,000623
twitter 0,769551 0,000369
viber 1,397940 0,000670
яндекс 0,619789 0,000297
дзен 1,000000 0,000479
политика 0,387216 0,000556
экономика 0,568636 0,000681
происшествия 0,823909 0,000986
общество 0,494850 0,000711
культура 0,619789 0,000742
наука 0,585027 0,000700
москва 0,508638 0,000853
подмосковье 1,221849 0,001170
видео 0,327902 0,001806
фото 0,568636 0,002315
дни 0,920819 0,000662
рождения 0,677781 0,000812
важные 0,958607 0,000689
песков 0,744727 0,001962
ответил 1,698970 0,002034
голосование 1,154902 0,000553
сербии 1,221849 0,000585
венгрии 1,522879 0,000729
против 0,387216 0,000556
германии 1,000000 0,000718
заявили 1,397940 0,001004
готовности 1,397940 0,001004
платить 1,096910 0,001051
газ 1,045757 0,000751
только 0,283997 0,000408
евро 0,769551 0,000737
долларах 1,522879 0,001094
путин 0,721246 0,000691
пригласил 1,397940 0,000670
президента 0,920819 0,000662
туркмении 1,698970 0,000814
посетить 1,000000 0,000479
россию 0,568636 0,000272
дочь 1,000000 0,000718
анастасия 1,096910 0,000788
ее 0,508638 0,000487
мать 0,795880 0,000572
последними 1,698970 0,001221
попрощались 1,698970 0,001221
жириновским 0,585027 0,000981
объяснил 0,769551 0,001290
отсутствие 1,096910 0,000788
почетного 1,522879 0,001094
караула 1,397940 0,001004
при 0,387216 0,000278
прощании 1,397940 0,001004
путина 0,886057 0,000849
главе 1,522879 0,000729
еврокомиссии 1,301030 0,000623
оплаты 1,301030 0,000623
газа 1,221849 0,000585
рублями 1,522879 0,000729
отказ 1,096910 0,000788
российского 0,698970 0,000670
угля 1,000000 0,000718
европе 0,886057 0,000637
прокомментировал 1,154902 0,001383
трагедию 1,698970 0,001627
краматорске 0,823909 0,001184
владимир 0,431798 0,000620
ефимов 1,522879 0,000729
мсп 1,522879 0,000729
выкупили 1,698970 0,000814
города 0,657577 0,000472
объектов 1,301030 0,000623
нежилой 1,698970 0,000814
недвижимости 1,301030 0,000623
вклады 1,698970 0,000814
локо 1,698970 0,000814
банка 1,221849 0,000585
счет 1,000000 0,000479
вашу 1,522879 0,000729
пользу 1,301030 0,000623
все 0,124939 0,000150
еще 0,327902 0,001178
материалы 0,481486 0,000346
спецпроекты 0,657577 0,000315
заглянуть 1,698970 0,000814
будущее 0,769551 0,000553
просто 0,602060 0,000433
новогодние 1,154902 0,000553
каникулы 1,301030 0,000623
экология 1,154902 0,000830
будь 1,221849 0,000585
уверен 1,522879 0,000729
завтра 0,920819 0,000662
шесть 0,958607 0,000689
историй 1,096910 0,000525
том 0,522879 0,000501
как 0,187087 0,000672
ноутбук 1,522879 0,000729
стал 0,585027 0,000420
частью 1,096910 0,000525
жизни 0,431798 0,000207
новое 0,823909 0,000592
образовании 1,301030 0,000623
егэ 1,154902 0,000553
это 0,251812 0,000241
всероссийский 1,397940 0,000670
конкурс 0,823909 0,000395
учитель 1,397940 0,001004
года 0,356547 0,000427
мой 0,769551 0,000369
голоса 1,397940 0,000670
онлайн 0,387216 0,000556
выбор 0,698970 0,000502
золотой 1,045757 0,000501
возраст 1,154902 0,000553
твой 1,698970 0,000814
путеводитель 1,045757 0,000501
национальным 1,698970 0,000814
проектам 1,522879 0,000729
школа 1,045757 0,000501
будущего 0,795880 0,000381
социальная 1,154902 0,000553
навигация 1,698970 0,000814
чем 0,387216 0,000185
молчат 1,698970 0,000814
мужчины 0,920819 0,000441
мир 0,431798 0,000207
подарок 1,096910 0,000525
атомщики 1,698970 0,000814
определившие 1,698970 0,000814
ход 1,045757 0,000751
всемирной 1,522879 0,000729
истории 0,552842 0,000397
век 0,920819 0,000441
московским 1,698970 0,000814
комсомольцем 1,698970 0,000814
история 0,443697 0,000319
любви 0,677781 0,000325
драйва 1,698970 0,000814
моквичам 1,698970 0,000814
предложили 1,301030 0,000935
проверить 1,045757 0,000501
свои 0,698970 0,000502
силы 0,958607 0,000459
платформе 1,096910 0,000525
краудсорсинга 1,698970 0,000814
строим 1,698970 0,000814
храм 1,522879 0,000729
победы 0,920819 0,000662
вместе 0,744727 0,000357
проверь 1,522879 0,000729
свою 0,619789 0,000297
конституцию 1,522879 0,000729
знаете 1,221849 0,000585
ли 0,387216 0,000371
вы 0,376751 0,000271
что 0,161151 0,000232
дадут 1,397940 0,000670
изменения 1,221849 0,000585
основной 1,301030 0,000623
закон 1,154902 0,000553
чудеса 1,221849 0,000585
новой 0,638272 0,000459
реальности 1,154902 0,000553
посылки 1,698970 0,000814
очереди 1,221849 0,000585
несколько 0,795880 0,000381
касаний 1,698970 0,000814
забота 1,397940 0,000670
будущих 1,397940 0,000670
поколениях 1,698970 0,000814
реализация 1,698970 0,000814
нацпроекта 1,698970 0,000814
окажись 1,698970 0,000814
месте 0,886057 0,000424
журналиста 1,522879 0,000729
проникни 1,698970 0,000814
легендарную 1,522879 0,000729
колонию 1,522879 0,000729
полярная 1,698970 0,000814
сова 1,522879 0,000729
самые 0,619789 0,000445
популярные 0,744727 0,000357
из 0,167491 0,000722
материалов 0,585027 0,000420
спецоперация 1,045757 0,000501
украине 0,537602 0,000772
трансляция 0,958607 0,000689
апреля 0,283997 0,000272
россия 0,455932 0,000218
продолжает 1,045757 0,000501
спецоперацию 1,096910 0,000525
обсудил 1,096910 0,000525
постоянным 1,698970 0,000814
членами 1,698970 0,000814
совбеза 1,522879 0,000729
рф 0,568636 0,001226
отметили 1,522879 0,001094
необходимость 1,522879 0,000729
активного 1,522879 0,000729
противодействия 1,698970 0,000814
информационным 1,698970 0,000814
диверсиям 1,698970 0,000814
украинской 1,096910 0,000525
стороны 1,301030 0,000623
было 0,585027 0,000420
буче 0,958607 0,000459
тем 0,920819 0,000441
временем 1,397940 0,000670
минфин 1,096910 0,000525
сша 0,508638 0,000365
обнародовал 1,698970 0,000814
список 0,769551 0,000553
граждан 1,045757 0,001002
компаний 1,045757 0,000501
отношении 0,853872 0,000409
которых 0,677781 0,000325
вводятся 1,522879 0,000729
санкции 0,721246 0,000345
туда 1,397940 0,000670
вошли 1,522879 0,000729
физических 1,522879 0,000729
российских 0,468521 0,001010
структур 1,522879 0,000729
сюжет 1,000000 0,006944
mk 1,522879 0,003647
прощание 0,886057 0,000637
похороны 1,221849 0,000878
владимира 0,721246 0,000864
жириновского 0,657577 0,001732
михаил 0,568636 0,000681
верный 1,522879 0,000729
елена 0,769551 0,001106
егорова 1,522879 0,001094
ирина 0,886057 0,000849
боброва 1,698970 0,000814
антон 0,958607 0,000918
размахнин 1,698970 0,001221
дмитрий 0,602060 0,000721
попов 1,522879 0,001094
бричкалевич 1,698970 0,000814
хирурги 1,522879 0,001094
добровольцы 1,698970 0,001221
рассказали 0,744727 0,000713
работе 1,154902 0,000830
донецке 1,698970 0,001221
под 0,376751 0,000451
обстрелами 1,698970 0,001221
светлана 1,045757 0,001002
самоделова 1,698970 0,001221
соколова 1,522879 0,001094
пушилин 1,096910 0,000525
заявил 0,744727 0,000713
ударе 0,853872 0,000409
всу 0,744727 0,000357
двумя 1,096910 0,000525
ракетами 1,221849 0,000585
точка 0,795880 0,000572
краматорску 0,744727 0,000535
николай 0,744727 0,000892
филиппов 1,522879 0,001823
экономист 1,221849 0,000878
предсказал 1,522879 0,000729
появление 1,522879 0,000729
новых 0,494850 0,000355
челноков 1,698970 0,000814
фарцовщиков 1,698970 0,000814
александр 0,468521 0,000449
лучкин 1,698970 0,001221
украина 0,698970 0,000335
обострение 1,522879 0,000729
озвучен 1,698970 0,000814
сценарий 1,096910 0,000525
операции 0,920819 0,000441
донецкая 1,698970 0,000814
дуга 1,698970 0,000814
начнется 1,522879 0,000729
дня 0,443697 0,000744
день 0,522879 0,000501
специальная 1,301030 0,001246
операция 0,853872 0,000818
освобождению 1,698970 0,000814
мариуполя 0,853872 0,000613
практически 1,096910 0,000788
завершена 1,698970 0,000814
локальные 1,522879 0,000729
очаги 1,698970 0,000814
сопротивления 1,698970 0,000814
боевиков 1,522879 0,000729
украинских 0,744727 0,000535
нацформирований 1,698970 0,000814
остаются 1,397940 0,000670
окраинах 1,698970 0,000814
то 0,522879 0,000376
время 0,356547 0,000171
центр 0,537602 0,000901
уже 0,568636 0,000409
полностью 0,795880 0,000572
перешел 1,522879 0,000729
контроль 1,045757 0,000501
сил 1,096910 0,000525
донецкой 1,221849 0,000585
народной 1,301030 0,000623
республики 1,154902 0,000553
дальше 0,853872 0,000409
может 0,387216 0,000464
развиваться 1,698970 0,000814
военная 1,045757 0,000751
рассказал 0,602060 0,000721
военный 1,154902 0,000553
эксперт 0,958607 0,001148
евгений 0,698970 0,000335
линин 1,698970 0,000814
лина 1,698970 0,000814
корсак 1,698970 0,000814
раскрыты 1,397940 0,001004
детали 1,397940 0,001004
биографии 1,096910 0,000788
задержанного 1,522879 0,001459
нападение 1,522879 0,001094
дмитрия 1,301030 0,001558
муратова 1,154902 0,001383
стали 0,795880 0,000381
известны 1,397940 0,000670
некоторые 1,045757 0,000501
подробности 1,000000 0,000479
ильи 1,397940 0,000670
марковца 1,698970 0,000814
подозрению 1,522879 0,000729
нападении 1,096910 0,000525
главного 1,000000 0,000479
редактора 1,096910 0,000525
газеты 0,958607 0,001148
нобелевского 1,522879 0,000729
лауреата 1,698970 0,000814
сергей 0,468521 0,001010
борисов 1,522879 0,001094
раскрылась 1,698970 0,000814
подноготная 1,698970 0,000814
командира 1,522879 0,000729
грузинского 1,301030 0,000935
легиона 1,522879 0,001094
убивавшего 1,698970 0,000814
русских 0,795880 0,000381
пленных 1,397940 0,000670
командир 1,522879 0,000729
воюющего 1,698970 0,000814
стороне 1,522879 0,000729
киева 1,045757 0,000501
экстремистского 1,698970 0,000814
мамука 1,698970 0,000814
мамулашвили 1,522879 0,001094
его 0,346787 0,000249
подразделение 1,698970 0,000814
не 0,136677 0,000360
будет 0,387216 0,000464
брать 1,397940 0,000670
плен 1,154902 0,000553
солдат 1,000000 0,000479
кадыровцев 1,698970 0,000814
так 0,481486 0,000231
он 0,455932 0,000655
очередное 1,221849 0,000585
убийством 1,698970 0,000814
военнопленных 1,698970 0,000814
распространяемое 1,698970 0,000814
сети 0,744727 0,000357
одном 0,958607 0,000459
убийц 1,221849 0,000585
опознали 1,698970 0,000814
подчиненного 1,698970 0,000814
бывшего 1,154902 0,000553
охранника 1,698970 0,000814
экс 1,096910 0,000525
грузии 1,301030 0,000623
саакашвили 1,698970 0,000814
марина 0,958607 0,000918
перевозкина 1,698970 0,000814
раскрыт 1,698970 0,000814
смысл 1,154902 0,000553
поджога 1,698970 0,000814
двух 0,853872 0,000818
кораблей 1,522879 0,000729
порту 1,522879 0,000729
алимов 1,698970 0,000814
олимпийцы 1,698970 0,000814
выступили 1,397940 0,000670
отстранения 1,698970 0,000814
россиян 0,744727 0,000535
удивились 1,698970 0,000814
яна 1,000000 0,000479
илиюте 1,698970 0,000814
пандемия 1,301030 0,000623
коронавируса 0,886057 0,001061
москве 0,455932 0,000437
зафиксировано 1,522879 0,001094
случаев 1,045757 0,001002
сутки 0,795880 0,000572
выявили 1,221849 0,000585
мире 0,468521 0,000337
говорят 0,886057 0,000637
слова 1,045757 0,000751
значительных 1,301030 0,000623
потерях 1,096910 0,000525
минобороны 0,698970 0,000335
прокомментировало 1,698970 0,000814
провокацию 1,397940 0,000670
кардиолог 1,522879 0,000729
схеме 1,698970 0,000814
спасения 1,397940 0,000670
тяжелораненых 1,698970 0,000814
военных 0,795880 0,000572
наталия 1,522879 0,001459
трушина 1,698970 0,001627
свободная 1,698970 0,000814
тема 1,221849 0,000585
тридцать 1,301030 0,000623
украинства 1,522879 0,000729
татьяна 1,000000 0,000479
шабаева 1,698970 0,000814
журналист 1,096910 0,000788
переводчик 1,397940 0,000670
злоба 1,698970 0,001627
госдуму 1,522879 0,000729
внесен 1,522879 0,000729
абсурдный 1,698970 0,000814
законопроект 1,154902 0,000553
ни 0,698970 0,000335
одно 1,045757 0,000501
сми 0,468521 0,000337
сможет 1,000000 0,000479
работать 1,000000 0,000479
ева 1,301030 0,000623
меркачева 1,698970 0,000814
фоторепортажи 1,397940 0,001004
володин 1,301030 0,000935
дегтярев 1,698970 0,000814
патриарх 1,397940 0,000670
кирилл 1,301030 0,000623
кадры 0,958607 0,001607
отпевания 1,698970 0,000814
галерея 1,096910 0,002101
акинфееву 1,698970 0,000814
вспоминаем 1,698970 0,000814
вратарей 1,522879 0,000729
чьи 1,698970 0,000814
карьеры 1,301030 0,000623
погубил 1,698970 0,000814
дом 0,522879 0,000376
сарай 1,698970 0,000814
казахстане 1,301030 0,000935
родины 1,301030 0,000623
главы 1,045757 0,000501
лдпр 0,744727 0,000713
шойгу 1,301030 0,000623
силуанов 1,698970 0,000814
матвиенко 1,522879 0,000729
докладе 1,698970 0,000814
мишустина 1,397940 0,000670
госдуме 1,045757 0,000751
эмоции 1,522879 0,000729
политиков 1,301030 0,000623
екатерина 0,920819 0,000882
стриженова 1,698970 0,000814
вернулась 1,397940 0,000670
москву 0,886057 0,000424
слухам 1,522879 0,000729
телеведущей 1,698970 0,000814
русская 1,000000 0,000479
красавица 1,045757 0,000501
подерется 1,698970 0,000814
королевы 1,397940 0,000670
мма 1,397940 0,000670
мохнаткиной 1,698970 0,000814
италии 1,154902 0,000553
пытались 1,698970 0,000814
сжечь 1,698970 0,000814
виллу 1,698970 0,000814
соловьева 1,397940 0,000670
телеведущего 1,698970 0,000814
джеки 1,397940 0,000670
чан 1,522879 0,000729
отмечает 1,397940 0,000670
менялся 1,397940 0,001339
легендарный 1,221849 0,000585
актер 0,920819 0,000441
карякин 1,301030 0,001558
попросил 1,301030 0,000623
помощи 1,045757 0,000501
лечении 1,698970 0,000814
онкологии 1,522879 0,000729
фотографии 1,045757 0,000501
артиста 1,397940 0,000670
умер 0,958607 0,000689
жириновский 0,677781 0,000649
глава 0,638272 0,000306
девяностых 1,522879 0,000729
паулину 1,522879 0,000729
андрееву 1,522879 0,000729
заметили 1,301030 0,000623
чубайсом 1,522879 0,000729
стамбуле 1,154902 0,000553
жены 1,045757 0,000501
бондарчука 1,698970 0,000814
новая 0,677781 0,000325
жена 0,853872 0,000613
павла 1,301030 0,000935
мамаева 1,698970 0,000814
объявила 1,301030 0,000623
ждет 0,853872 0,000613
ребенка 0,823909 0,000395
будущей 1,698970 0,000814
мамы 1,397940 0,000670
вячеслава 1,522879 0,000729
зайцева 1,397940 0,000670
потребовали 1,698970 0,000814
почти 0,823909 0,000395
млн 0,886057 0,000424
рублей 0,585027 0,000560
модельера 1,522879 0,000729
макаревич 1,397940 0,000670
выругался 1,698970 0,000814
осуждающих 1,698970 0,000814
эмиграцию 1,698970 0,000814
музыканта 1,698970 0,000814
открылась 1,522879 0,000729
выставка 1,045757 0,000501
летию 1,221849 0,000585
тарковского 1,397940 0,000670
экспозиции 1,221849 0,000585
теннисист 1,698970 0,000814
ник 1,397940 0,000670
кирьос 1,698970 0,000814
вернется 1,397940 0,000670
корт 1,698970 0,000814
ради 1,045757 0,000501
девушки 1,045757 0,000501
хочет 1,000000 0,000479
показать 0,795880 0,000381
ей 0,958607 0,000689
париж 1,301030 0,000623
зверев 1,698970 0,000814
пожаловался 1,522879 0,000729
финансовые 1,397940 0,000670
трудности 1,301030 0,000623
архивные 1,522879 0,000729
стилиста 1,698970 0,000814
прощания 1,045757 0,000751
актрисой 1,698970 0,001221
александрой 1,698970 0,000814
яковлевой 1,221849 0,000585
пришли 1,154902 0,000830
розенбаум 1,698970 0,000814
ургант 1,397940 0,000670
гимнастка 1,698970 0,000814
еремина 1,698970 0,000814
сообщила 1,397940 0,000670
уходе 1,522879 0,000729
спорта 0,958607 0,000918
выгорания 1,698970 0,000814
спортсменки 1,698970 0,000814
постаревшего 1,698970 0,000814
хью 1,301030 0,000623
лори 1,698970 0,000814
узнали 1,301030 0,000623
поклонники 1,698970 0,000814
доктор 0,769551 0,000369
хаус 1,221849 0,000585
член 1,154902 0,000553
экипажа 1,301030 0,000623
сбитого 1,698970 0,000814
украинского 1,096910 0,000525
вертолета 1,522879 0,000729
попытке 1,522879 0,000729
вывезти 1,301030 0,000623
руководителей 1,522879 0,000729
азова 1,397940 0,000670
дарья 1,154902 0,001106
никитская 1,698970 0,001221
кадыров 0,958607 0,000459
мариуполь 1,096910 0,000525
освобожден 1,154902 0,000553
карина 1,522879 0,000729
алексеева 1,397940 0,000670
названо 1,698970 0,001221
имя 0,769551 0,000369
прибыл 1,397940 0,000670
союзов 1,045757 0,000501
хохряков 1,698970 0,000814
зачем 0,744727 0,000357
европа 0,853872 0,000409
отменяет 1,698970 0,000814
ограничения 1,221849 0,000585
въезд 1,522879 0,000729
материала 1,397940 0,004352
евросоюз 1,000000 0,000479
принял 1,000000 0,000479
пятый 0,920819 0,000441
блок 1,301030 0,000623
санкций 0,677781 0,000649
ерусалимский 1,698970 0,000814
цб 0,795880 0,000381
снизил 0,698970 0,000335
ключевую 0,677781 0,000325
ставку 0,657577 0,000315
аналитик 1,301030 0,000623
почему 0,366532 0,000176
укрепляется 1,522879 0,000729
рубль 1,000000 0,000479
егор 1,221849 0,000585
гаврилов 1,698970 0,000814
bloomberg 1,698970 0,000814
раскрыл 1,221849 0,000585
прогноз 1,154902 0,000553
росту 1,397940 0,000670
безработицы 1,698970 0,000814
италия 1,301030 0,000623
жалуется 1,522879 0,000729
последствия 1,045757 0,000501
антироссийских 1,096910 0,000525
вина 1,698970 0,000814
часов 0,920819 0,000662
андрей 0,552842 0,000397
яшлавский 1,698970 0,001221
автовзгляд 1,698970 0,000814
производство 1,154902 0,000553
бензина 1,397940 0,000670
остановиться 1,397940 0,000670
каких 0,958607 0,000459
автомобилях 1,397940 0,000670
любил 1,096910 0,000525
ездить 1,301030 0,000623
лидер 1,000000 0,000479
какие 0,494850 0,000237
дешевые 1,522879 0,000729
автомобили 1,045757 0,000751
появятся 1,397940 0,000670
благодаря 0,823909 0,000395
спецоперации 0,744727 0,000535
недели 0,744727 0,000357
повереннова 1,698970 0,000814
показала 1,221849 0,000585
мужа 1,221849 0,000585
а 0,221849 0,000266
кудрявцевой 1,698970 0,000814
вторглись 1,698970 0,000814
непрошенные 1,698970 0,000814
гости 1,096910 0,000525
лиза 1,221849 0,000585
арзамасова 1,698970 0,000814
никакая 1,522879 0,000729
работа 0,795880 0,000381
быть 0,420216 0,000201
важнее 1,698970 0,000814
личного 1,397940 0,000670
способа 1,522879 0,000729
спрятать 1,698970 0,000814
наличные 1,698970 0,000814
чтобы 0,408935 0,000196
стать 0,721246 0,000345
жертвой 1,522879 0,000729
мошенников 1,301030 0,000623
опубликовано 1,301030 0,001246
отпевании 1,698970 0,000814
храма 1,522879 0,001094
столпились 1,698970 0,000814
люди 0,585027 0,000420
него 0,795880 0,000381
скучно 1,397940 0,000670
почетный 1,522879 0,000729
караул 1,698970 0,000814
промаршировал 1,698970 0,000814
новодевичье 1,397940 0,000670
кладбище 1,221849 0,000585
где 0,455932 0,000328
похоронят 1,522879 0,000729
цивин 1,698970 0,000814
вспомнил 1,698970 0,000814
перед 0,769551 0,000369
судом 1,522879 0,000729
пенсионерка 1,698970 0,000814
рассказала 0,958607 0,000459
помог 1,301030 0,000623
решить 1,301030 0,000623
жилищный 1,698970 0,000814
вопрос 0,657577 0,000315
гроб 1,522879 0,000729
телом 1,397940 0,000670
вынесли 1,522879 0,000729
христа 1,397940 0,000670
спасителя 1,522879 0,000729
старушка 1,522879 0,000729
красным 1,522879 0,000729
флагом 1,397940 0,000670
перепутала 1,698970 0,000814
российскими 1,154902 0,000553
предложил 1,045757 0,000501
проводить 1,397940 0,000670
независимые 1,698970 0,000814
шахматные 1,698970 0,000814
турниры 1,698970 0,000814
надо 0,795880 0,000381
себе 0,619789 0,000297
заявить 1,522879 0,000729
стало 0,886057 0,000849
известно 1,000000 0,000718
какой 0,769551 0,000369
телефон 0,677781 0,000487
накажут 1,698970 0,000814
армии 0,920819 0,000441
лавров 1,000000 0,000479
вашингтон 1,221849 0,000585
толкает 1,522879 0,000729
зеленского 0,958607 0,000459
продолжение 1,000000 0,000479
боевых 1,301030 0,000623
действий 1,301030 0,000623
военком 1,698970 0,000814
москвы 0,744727 0,000357
получить 0,769551 0,000369
отсрочку 1,522879 0,000729
it 0,823909 0,000395
специалисту 1,698970 0,000814
мишустин 0,920819 0,000441
почтил 1,698970 0,000814
память 1,000000 0,000479
знакомы 1,698970 0,000814
объявил 1,221849 0,000585
смерти 0,744727 0,000357
госдумы 1,301030 0,000623
чеченские 1,698970 0,000814
военные 0,853872 0,000613
сразились 1,698970 0,000814
мечах 1,698970 0,000814
рамзана 1,698970 0,000814
кадырова 1,698970 0,000814
голых 1,698970 0,000814
мужчин 1,096910 0,000525
сняли 1,397940 0,000670
очевидцы 1,397940 0,000670
наступление 1,397940 0,000670
весны 1,221849 0,000585
показали 1,698970 0,001221
запуска 1,397940 0,000670
ракет 1,698970 0,000814
оникс 1,397940 0,000670
черноморского 1,698970 0,000814
побережья 1,522879 0,000729
врезался 1,698970 0,000814
ограду 1,698970 0,000814
посольства 1,698970 0,000814
бухаресте 1,698970 0,000814
горящего 1,397940 0,000670
автомобиля 1,000000 0,000479
массовая 1,698970 0,000814
драка 1,522879 0,000729
общежитии 1,698970 0,000814
закончилась 1,397940 0,000670
стрельбой 1,522879 0,000729
уничтожения 1,397940 0,000670
беспилотников 1,698970 0,000814
байрактар 1,698970 0,000814
харьковом 1,397940 0,000670
эпичной 1,522879 0,000729
погони 1,522879 0,000729
пьяным 1,698970 0,000814
водителем 1,698970 0,000814
томской 1,698970 0,000814
области 0,721246 0,000518
басурин 1,045757 0,000501
удара 0,823909 0,000395
украины 0,721246 0,000345
погибли 1,045757 0,000501
около 0,886057 0,000424
человек 0,420216 0,000201
вокзала 1,397940 0,000670
упала 1,522879 0,000729
украинская 1,154902 0,000553
много 0,886057 0,000424
жертв 1,154902 0,000553
baza 1,698970 0,000814
священника 1,522879 0,000729
самарской 1,698970 0,000814
оштрафовали 1,522879 0,000729
дискредитацию 1,522879 0,000729
вс 1,000000 0,001197
страшный 1,397940 0,000670
рекорд 1,301030 0,000623
четыре 0,795880 0,000572
суицида 1,698970 0,000814
подростков 1,397940 0,000670
станислав 1,154902 0,000553
юрьев 1,698970 0,000814
нападения 1,221849 0,000585
разместило 1,698970 0,000814
сообщество 1,301030 0,000623
памяти 1,045757 0,000751
поповских 1,698970 0,000814
марта 0,721246 0,000518
петрова 1,221849 0,000878
самое 0,886057 0,000637
читаемое 1,096910 0,000788
неделю 0,920819 0,000441
месяц 0,744727 0,000357
ефремов 1,397940 0,000670
высказался 1,154902 0,000553
быков 1,522879 0,000729
сообщил 0,823909 0,000395
когда 0,397940 0,000191
доллар 1,154902 0,000553
стоить 1,397940 0,000670
центробанк 1,221849 0,000585
повысил 1,522879 0,000729
доллара 1,045757 0,000751
выплаты 1,301030 0,000623
апрельских 1,698970 0,000814
пособий 1,522879 0,000729
детей 0,420216 0,000201
начислят 1,698970 0,000814
мае 1,221849 0,000585
падение 1,397940 0,000670
цен 0,958607 0,000689
недвижимость 0,886057 0,000424
явью 1,698970 0,000814
отреагировал 1,397940 0,000670
заявление 1,221849 0,000585
казахстана 1,698970 0,000814
санкциях 1,301030 0,000623
заигрался 1,698970 0,000814
хирург 1,301030 0,000935
назвал 0,795880 0,000762
признака 1,522879 0,001094
образования 1,221849 0,000878
тромба 1,397940 0,001004
американский 1,045757 0,000501
профессор 1,301030 0,000623
сосудистый 1,522879 0,000729
медицинского 1,522879 0,000729
центра 1,154902 0,000553
балтимора 1,522879 0,000729
винсент 1,522879 0,000729
нури 1,698970 0,000814
три 0,619789 0,000445
распространенных 1,522879 0,000729
ноге 1,698970 0,000814
приводит 1,522879 0,000729
издание 0,638272 0,000459
eat 1,522879 0,000729
this 1,000000 0,000479
not 1,096910 0,000525
that 1,096910 0,000525
анатолий 1,301030 0,000623
ильин 1,522879 0,000729
названы 1,301030 0,000935
эффективные 1,522879 0,000729
продукты 1,000000 0,000479
снижения 1,397940 0,000670
давления 1,522879 0,000729
артем 1,397940 0,001004
кошеленко 1,698970 0,001221
русские 0,886057 0,000424
напитки 1,522879 0,000729
опасные 1,221849 0,000585
диабетиков 1,698970 0,000814
подвергшиеся 1,698970 0,000814
сексуальным 1,522879 0,000729
домогательствам 1,698970 0,000814
британии 1,301030 0,000623
украинские 0,823909 0,000395
беженки 1,698970 0,000814
ищут 1,301030 0,000623
жилье 1,397940 0,000670
условие 1,522879 0,000729
продления 1,522879 0,000729
майских 1,301030 0,000623
праздников 1,397940 0,000670
александра 0,638272 0,000611
ипполитова 1,698970 0,001221
клещи 1,522879 0,000729
подмосковья 1,397940 0,001004
начали 0,958607 0,000689
кусаться 1,698970 0,000814
незаконная 1,698970 0,000814
охота 1,397940 0,000670
обернулась 1,698970 0,000814
обыском 1,698970 0,000814
квартире 1,221849 0,000585
статьей 1,698970 0,000814
ук 1,698970 0,000814
нижегородские 1,698970 0,000814
ликвидировали 1,301030 0,000623
стаю 1,698970 0,000814
волков 1,301030 0,000623
карикатуры 1,698970 0,000814
алексея 1,154902 0,000830
меринова 1,698970 0,001221
неправильные 1,522879 0,001094
сказки 1,000000 0,000718
ласть 1,698970 0,001627
повесть 1,154902 0,000553
ненастоящем 1,698970 0,000814
человеке 1,397940 0,000670
жизнь 0,455932 0,000218
замечательных 1,522879 0,000729
нелюдей 1,698970 0,000814
нулевые 1,698970 0,001627
нет 0,537602 0,000515
слов 1,045757 0,001002
монстры 1,522879 0,001094
злого 1,698970 0,001221
рока 1,522879 0,001094
каждого 1,397940 0,001004
принуждение 1,698970 0,000814
пиру 1,698970 0,000814
культ 1,522879 0,001094
наличности 1,698970 0,001221
минприроды 1,698970 0,000814
планирует 1,154902 0,000830
увеличить 1,397940 0,000670
охранную 1,698970 0,000814
зону 1,698970 0,000814
лосиного 1,698970 0,000814
острова 1,397940 0,000670
километра 1,698970 0,000814
столица 1,221849 0,000585
нашла 1,522879 0,000729
ответ 1,000000 0,000479
санкционный 1,301030 0,000623
вызов 1,154902 0,000553
участкового 1,698970 0,000814
посадили 1,698970 0,000814
попытку 1,522879 0,000729
обогатиться 1,698970 0,000814
вырубке 1,698970 0,000814
деревьев 1,522879 0,000729
выглядеть 1,221849 0,000585
аллея 1,397940 0,000670
славы 1,397940 0,000670
южном 1,698970 0,000814
бутове 1,698970 0,000814
зоологи 1,698970 0,000814
характер 1,301030 0,000623
розового 1,698970 0,000814
пеликана 1,698970 0,000814
растет 1,221849 0,000585
любопытным 1,698970 0,000814
московская 1,301030 0,000935
область 1,045757 0,001002
риэлторы 1,698970 0,000814
пообещали 1,698970 0,000814
двукратный 1,698970 0,000814
рост 1,096910 0,000788
аренду 1,698970 0,000814
дач 1,698970 0,000814
дню 0,958607 0,000459
подмосковные 1,698970 0,000814
ветераны 1,698970 0,000814
получат 1,522879 0,000729
тысяч 0,744727 0,000357
колеса 1,221849 0,000585
обозрения 1,522879 0,000729
раменском 1,698970 0,000814
появится 1,221849 0,000585
каток 1,698970 0,000814
рыбаков 1,698970 0,000814
закрыты 1,522879 0,000729
более 0,494850 0,000355
сотен 1,522879 0,000729
участков 1,698970 0,000814
водных 1,698970 0,000814
объектах 1,522879 0,000729
там 0,769551 0,000369
наши 0,744727 0,000357
им 0,602060 0,000433
нужно 0,698970 0,000335
помочь 1,000000 0,000479
регионах 1,154902 0,000830
павел 0,853872 0,000409
глоба 1,698970 0,000814
невероятный 1,301030 0,000623
выигрыш 1,698970 0,000814
знака 1,522879 0,000729
зодиака 1,397940 0,000670
крым 1,154902 0,000553
вынужденный 1,698970 0,000814
отпуск 1,096910 0,000525
семья 0,823909 0,000395
туристов 1,221849 0,000585
читы 1,698970 0,000814
выбиралась 1,698970 0,000814
таиланда 1,522879 0,000729
чита 1,301030 0,001246
осторожно 1,522879 0,000729
нелегалы 1,698970 0,000814
распознать 1,522879 0,000729
пирамиды 1,397940 0,000670
финансистов 1,698970 0,000814
ставрополе 1,698970 0,000814
стартует 1,301030 0,000623
капремонт 1,698970 0,000814
учебных 1,698970 0,000814
заведений 1,522879 0,000729
ставрополь 1,397940 0,001004
кавказ 1,301030 0,000935
калужане 1,698970 0,000814
после 0,356547 0,000427
инцидента 1,698970 0,000814
маршрутчиком 1,698970 0,000814
отместку 1,698970 0,000814
хотят 0,886057 0,000424
проезд 1,522879 0,000729
копейками 1,698970 0,000814
калуга 1,301030 0,000935
разгорелась 1,698970 0,000814
битва 1,096910 0,000525
русскую 1,154902 0,000553
культуру 1,301030 0,000623
неизвестные 1,397940 0,000670
уличные 1,698970 0,000814
художники 1,045757 0,000501
нарисовали 1,698970 0,000814
стенах 1,698970 0,000814
парижского 1,698970 0,000814
бутиках 1,698970 0,001221
chanel 1,154902 0,000553
изображение 1,698970 0,000814
гитлера 1,522879 0,000729
того 0,853872 0,000409
бренд 1,522879 0,000729
отказался 1,397940 0,000670
обслуживать 1,522879 0,000729
покупателей 1,522879 0,001094
заставляли 1,698970 0,000814
подписывать 1,301030 0,000623
бумагу 1,522879 0,000729
они 0,585027 0,000560
будут 0,638272 0,000459
использовать 1,154902 0,000553
сумочки 1,522879 0,000729
однако 0,886057 0,000424
конфликт 1,154902 0,000553
русскими 1,301030 0,000623
клиентами 1,522879 0,000729
вылился 1,698970 0,000814
протестный 1,698970 0,000814
стрит 1,221849 0,000585
арт 1,045757 0,000501
мария 0,698970 0,000502
москвичева 1,698970 0,001221
третьяковке 1,698970 0,000814
театр 0,795880 0,000381
гриши 1,698970 0,000814
брускина 1,698970 0,000814
документальное 1,522879 0,000729
кино 0,455932 0,000218
приличная 1,698970 0,000814
тетка 1,698970 0,000814
стала 0,769551 0,000369
хохрякова 1,698970 0,000814
мхт 1,522879 0,000729
сменилась 1,698970 0,000814
власть 1,045757 0,000501
замов 1,698970 0,000814
хабенский 1,301030 0,000623
остался 1,301030 0,000623
одним 1,221849 0,000585
райкина 1,698970 0,000814
никас 1,698970 0,000814
сафронов 1,522879 0,000729
празднует 1,698970 0,000814
творческого 1,698970 0,000814
долголетия 1,698970 0,000814
редакция 0,744727 0,000892
подпишись 1,698970 0,000814
издания 0,795880 0,000762
подписаться 0,769551 0,000553
странная 1,698970 0,000814
революция 1,397940 0,000670
орфографии 1,698970 0,001221
школьникам 1,522879 0,000729
учить 1,522879 0,000729
падежные 1,698970 0,000814
окончания 1,698970 0,000814
новые 0,337242 0,000162
варианты 1,522879 0,000729
изложения 1,698970 0,000814
основных 1,397940 0,000670
правил 0,958607 0,000918
русской 0,744727 0,000357
предложила 1,522879 0,000729
группа 1,000000 0,000479
специалистов 1,221849 0,000585
входящих 1,698970 0,000814
орфографическую 1,698970 0,000814
комиссию 1,698970 0,000814
ран 1,301030 0,000623
мнению 1,221849 0,000585
разработчиков 1,397940 0,000670
должны 1,301030 0,000623
значительно 1,397940 0,000670
облегчить 1,397940 0,000670
изучение 1,522879 0,000729
русского 0,769551 0,000369
языка 1,096910 0,000525
кого 0,823909 0,000395
всех 0,552842 0,000397
проект 0,568636 0,000409
предназначен 1,397940 0,000670
широкому 1,698970 0,000814
кругу 1,522879 0,000729
пользователей 0,823909 0,000395
тех 0,920819 0,000441
кто 0,408935 0,000196
умеет 1,301030 0,000623
читать 0,698970 0,000335
школьных 1,698970 0,000814
учителей 1,397940 0,000670
корреспондент 1,301030 0,000623
познакомилась 1,522879 0,000729
новым 0,920819 0,000441
проектом 1,522879 0,000729
свода 1,698970 0,000814
который 0,508638 0,000244
сейчас 0,481486 0,000231
находится 1,301030 0,000623
стадии 1,397940 0,000670
обсуждения 1,221849 0,000585
наталья 0,853872 0,000818
веденеева 1,522879 0,001459
марс 1,397940 0,000670
отправят 1,397940 0,000670
целый 1,522879 0,000729
рой 1,397940 0,000670
роботов 1,397940 0,000670
национальному 1,698970 0,000814
парку 1,522879 0,000729
земля 1,301030 0,000623
леопарда 1,698970 0,000814
приморье 1,698970 0,000814
исполнилось 1,522879 0,000729
патановский 1,698970 0,000814
рогозин 1,698970 0,000814
допустил 1,522879 0,000729
создание 0,853872 0,000613
модулей 1,698970 0,000814
китайской 1,522879 0,000729
космической 1,698970 0,000814
станции 1,221849 0,000585
ученые 0,958607 0,000459
мачу 1,698970 0,000814
пикчу 1,698970 0,000814
называют 1,301030 0,000623
неправильным 1,698970 0,000814
названием 1,522879 0,000729
блоги 1,045757 0,000751
ты 0,698970 0,000335
блог 1,000000 0,001437
георгия 1,698970 0,000814
янса 1,698970 0,000814
базарного 1,698970 0,000814
лидии 1,522879 0,000729
сычевой 1,698970 0,000814
писатель 0,958607 0,000689
давление 1,096910 0,000525
трубе 1,522879 0,000729
трубу 1,698970 0,000814
игоря 1,397940 0,000670
шумейко 1,698970 0,000814
дайхатсу 1,698970 0,000814
фероза 1,698970 0,000814
месть 1,397940 0,000670
хозяина 1,698970 0,000814
назира 1,698970 0,000814
евлоева 1,698970 0,000814
президент 0,920819 0,000441
международной 1,096910 0,000788
ассоциации 1,397940 0,000670
блогеров 1,698970 0,000814
маб 1,698970 0,000814
соловьев 1,154902 0,000553
проговорился 1,698970 0,000814
мельмана 1,698970 0,000814
обозреватель 1,522879 0,000729
шахматы 1,301030 0,000623
пришла 1,522879 0,000729
политическая 1,397940 0,001004
мерзость 1,698970 0,000814
гроссмейстер 1,698970 0,000814
отстраненный 1,698970 0,000814
недавно 1,154902 0,000553
шахматной 1,522879 0,000729
федерацией 1,522879 0,000729
fide 1,221849 0,000585
участия 1,045757 0,000501
турнирах 1,522879 0,000729
месяцев 1,221849 0,000585
чего 0,769551 0,000369
пропустит 1,698970 0,000814
турнир 1,698970 0,000814
претендентов 1,698970 0,000814
матч 1,301030 0,000623
чемпионом 1,522879 0,000729
бороться 1,522879 0,000729
права 0,431798 0,000310
возможно 0,853872 0,000409
альтернативных 1,698970 0,000814
международных 1,045757 0,000501
шахматных 1,698970 0,001627
федераций 1,522879 0,000729
поделился 1,698970 0,000814
секретами 1,522879 0,000729
воспитания 1,397940 0,000670
маленьких 1,397940 0,000670
чемпионов 1,397940 0,000670
алексеев 1,397940 0,001004
король 1,045757 0,000501
ле 1,301030 0,000623
брон 1,698970 0,000814
пережил 1,301030 0,000623
унижение 1,522879 0,000729
готов 1,154902 0,000553
уйти 1,221849 0,000878
лейкерс 1,522879 0,000729
донской 1,698970 0,000814
танцах 1,698970 0,000814
льду 1,301030 0,000623
пошли 1,522879 0,000729
разводы 1,698970 0,000814
распались 1,698970 0,000814
сразу 0,795880 0,000381
дуэта 1,522879 0,000729
сборной 1,301030 0,000623
сметанникова 1,698970 0,000814
марафонцы 1,698970 0,000814
побегут 1,698970 0,000814
алма 1,522879 0,000729
ате 1,698970 0,000814
опровергли 1,301030 0,000623
отстранение 1,397940 0,000670
степанцева 1,698970 0,000814
цска 1,397940 0,000670
ска 1,397940 0,000670
бы 0,585027 0,000280
винить 1,698970 0,000814
гусева 1,522879 0,000729
удаление 1,522879 0,000729
случайность 1,522879 0,000729
алексей 0,602060 0,000288
лебедев 1,397940 0,000670
эксперты 0,853872 0,000409
оценили 1,698970 0,000814
вероятность 1,301030 0,000623
кризиса 1,154902 0,000553
рынка 1,096910 0,000788
такси 1,301030 0,000935
возвращения 1,301030 0,000623
бомбил 1,522879 0,001094
экономическая 1,698970 0,000814
ситуация 1,000000 0,000479
привести 1,301030 0,000623
краху 1,698970 0,000814
сформировавшегося 1,698970 0,000814
е 0,823909 0,000395
годы 0,823909 0,000395
мегаполисах 1,698970 0,000814
возвращении 1,698970 0,000814
черных 1,698970 0,000814
извозчиков 1,698970 0,000814
этом 0,585027 0,000280
представители 1,301030 0,000623
отрасли 1,397940 0,000670
указывая 1,522879 0,000729
стоимости 1,301030 0,000623
самих 1,698970 0,000814
автомобилей 1,000000 0,000479
тарифов 1,522879 0,001094
осаго 1,522879 0,000729
снижение 1,301030 0,000623
спроса 1,397940 0,000670
перевозки 1,522879 0,000729
удержание 1,698970 0,000814
агрегаторами 1,698970 0,000814
узнал 1,301030 0,000623
таксистов 1,522879 0,000729
готовы 1,045757 0,000501
тень 1,522879 0,000729
мантуров 1,397940 0,000670
цены 0,744727 0,000357
aurus 1,221849 0,000585
придется 1,045757 0,000501
повысить 1,397940 0,000670
автоэксперты 1,698970 0,000814
отсоветовали 1,698970 0,000814
покупать 0,886057 0,000424
впрок 1,698970 0,000814
масло 1,221849 0,000585
шины 1,221849 0,000585
анна 0,568636 0,000272
белова 1,522879 0,000729
водителей 1,000000 0,000479
наказывать 1,522879 0,000729
игнорирование 1,698970 0,000814
маломобильных 1,698970 0,000814
лелькова 1,698970 0,000814
автосалоны 1,522879 0,000729
загонять 1,698970 0,000814
неподъемные 1,698970 0,000814
долги 1,522879 0,000729
хитрой 1,698970 0,000814
кредитной 1,698970 0,000814
схемой 1,698970 0,000814
сажнева 1,698970 0,001221
авторы 0,823909 0,000592
названа 1,301030 0,000623
дата 1,000000 0,000479
старта 1,698970 0,000814
луны 1,301030 0,000623
сын 0,886057 0,000424
провокацией 1,154902 0,000553
инцидент 1,522879 0,000729
истребителем 1,698970 0,000814
нато 0,769551 0,000369
сербским 1,698970 0,000814
самолетом 1,301030 0,000623
ольга 0,769551 0,000369
божьева 1,698970 0,000814
продавцам 1,698970 0,000814
суррогатных 1,698970 0,000814
младенцев 1,698970 0,000814
предъявили 1,154902 0,000553
обвинение 1,522879 0,000729
пресс 0,638272 0,000764
шах 1,698970 0,000814
мат 1,522879 0,000729
российским 0,795880 0,000381
гроссмейстерам 1,698970 0,000814
обсуждаем 1,698970 0,000814
турниров 1,397940 0,000670
четверг 1,154902 0,000830
центре 0,886057 0,000849
прошла 1,045757 0,000501
конференция 1,221849 0,000585
посвященная 1,522879 0,000729
перспективе 1,698970 0,000814
развития 0,698970 0,000335
шахмат 1,301030 0,000623
весенний 1,301030 0,000623
призыв 1,221849 0,000585
отвечаем 1,397940 0,000670
вопросы 0,638272 0,000306
родителей 0,958607 0,000459
призывников 1,698970 0,000814
прошел 1,301030 0,000623
брифинг 1,698970 0,000814
посвященный 1,397940 0,000670
весеннему 1,698970 0,000814
призыву 1,698970 0,000814
ссылки 1,221849 0,000585
анекдоты 1,698970 0,000814
поездки 1,301030 0,000623
турцию 1,698970 0,000814
завалялось 1,698970 0,000814
квартиру 1,301030 0,000623
куплю 1,698970 0,000814
последние 0,568636 0,000272
сайте 0,420216 0,000403
найдете 1,045757 0,000501
свежие 1,000000 0,000479
политики 1,000000 0,000479
экономики 1,045757 0,000501
общества 1,045757 0,000501
культуры 0,795880 0,000381
науки 1,045757 0,000501
информацию 0,698970 0,000335
происшествиях 1,698970 0,000814
репортажи 1,397940 0,000670
комментарии 1,000000 0,000479
аналитика 1,221849 0,000585
прогнозы 1,221849 0,000585
экспертов 1,096910 0,000525
интервью 0,522879 0,000250
публицистика 1,301030 0,000623
эксклюзивные 1,397940 0,000670
сведения 1,154902 0,000553
актуальные 1,397940 0,000670
журналисты 1,522879 0,000729
команда 0,853872 0,000409
которая 0,823909 0,000395
всегда 0,657577 0,000315
событий 0,853872 0,000409
освещаем 1,698970 0,000814
ярко 1,698970 0,000814
опросы 1,154902 0,000553
товары 1,522879 0,000729
услуги 1,221849 0,000585
фотоархив 1,698970 0,000814
российский 0,619789 0,000297
региональный 1,698970 0,000814
еженедельник 1,522879 0,000729
вакансии 0,657577 0,000315
контакты 0,431798 0,000207
читателям 1,397940 0,000670
срочные 1,522879 0,000729
конфиденциальности 0,744727 0,000357
рекламодателям 1,301030 0,000623
реклама 0,346787 0,000249
риа 1,301030 0,000623
o 1,301030 0,000623
кей 1,698970 0,000814
агентство 1,221849 0,000878
медиа 0,769551 0,000553
сервис 0,886057 0,000637
продвижения 1,522879 0,000729
прессы 1,522879 0,000729
регионы 1,000000 0,000479
раскрыть 1,397940 0,000670
весь 0,721246 0,000345
санкт 0,769551 0,000369
петербург 0,886057 0,000424
абакан 1,698970 0,000814
анадырь 1,698970 0,000814
архангельск 1,397940 0,000670
астрахань 1,221849 0,000585
барнаул 1,397940 0,000670
белгород 1,221849 0,000585
брянск 1,301030 0,000623
великий 1,221849 0,000585
новгород 0,886057 0,000637
владивосток 1,301030 0,000623
владикавказ 1,397940 0,000670
волгоград 1,096910 0,000525
вологда 1,221849 0,000585
воронеж 1,221849 0,000585
горно 1,522879 0,000729
алтайск 1,522879 0,000729
грозный 1,698970 0,000814
екатеринбург 1,000000 0,000479
иваново 1,397940 0,000670
ижевск 1,221849 0,000585
иркутск 1,301030 0,000623
казань 0,823909 0,000395
калининград 1,096910 0,000525
кемерово 1,301030 0,000623
киров 1,301030 0,000623
кострома 1,301030 0,000623
краснодар 1,000000 0,000479
красноярск 1,221849 0,000585
курган 1,522879 0,000729
курск 1,397940 0,000670
кызыл 1,698970 0,000814
ленинградская 1,698970 0,000814
липецк 1,522879 0,000729
магадан 1,522879 0,000729
магас 1,698970 0,000814
марий 1,397940 0,000670
эл 0,494850 0,000355
махачкала 1,698970 0,000814
мурманск 1,301030 0,000623
нальчик 1,698970 0,000814
нарьян 1,698970 0,000814
мар 1,698970 0,000814
нижний 0,853872 0,000409
новосибирск 1,045757 0,000501
омск 1,221849 0,000585
оренбург 1,221849 0,000585
пенза 1,221849 0,000585
пермь 1,096910 0,000525
петрозаводск 1,522879 0,000729
петропавловск 1,698970 0,000814
камчатский 1,698970 0,000814
псков 1,221849 0,000585
ростов 0,958607 0,000459
дону 1,000000 0,000479
рязань 1,301030 0,000623
салехард 1,698970 0,000814
саранск 1,397940 0,000670
саратов 1,221849 0,000585
севастополь 1,522879 0,000729
серпухов 1,698970 0,000814
симферополь 1,522879 0,000729
смоленск 1,301030 0,000623
сочи 0,920819 0,000441
тамбов 1,397940 0,000670
тверь 1,301030 0,000623
томск 1,221849 0,000585
тула 1,221849 0,000585
тюмень 1,221849 0,000585
улан 1,522879 0,000729
удэ 1,522879 0,000729
уфа 1,154902 0,000553
хабаровск 1,397940 0,000670
ханты 1,522879 0,000729
мансийск 1,698970 0,000814
чебоксары 1,522879 0,000729
челябинск 1,154902 0,000553
черкесск 1,698970 0,000814
элиста 1,698970 0,000814
южно 1,522879 0,000729
сахалинск 1,522879 0,000729
якутск 1,698970 0,000814
ярославль 1,154902 0,000553
зарубежом 1,698970 0,000814
австралия 1,522879 0,000729
германия 0,958607 0,000459
донбасс 0,886057 0,000424
египет 1,522879 0,000729
израиль 1,397940 0,000670
канада 1,301030 0,000623
казахстан 1,154902 0,000553
киргизия 1,397940 0,000670
латвия 1,397940 0,000670
молдова 1,522879 0,000729
турция 1,397940 0,000670
эстония 1,301030 0,000623
соблюдение 1,698970 0,000814
авторских 1,045757 0,000501
прав 0,853872 0,000409
опубликованные 0,920819 0,000441
www 0,698970 0,000502
принадлежат 1,096910 0,000525
редакции 0,443697 0,000319
охраняются 1,221849 0,000585
соответствии 0,795880 0,000381
законодательством 0,823909 0,000395
использование 0,619789 0,000297
опубликованных 1,397940 0,000670
допускается 1,045757 0,000501
письменного 1,000000 0,000479
разрешения 0,853872 0,000409
правообладателя 0,886057 0,000424
обязательной 1,698970 0,000814
прямой 0,769551 0,000369
гиперссылкой 1,522879 0,000729
страницу 1,154902 0,000553
которой 0,886057 0,000424
материал 1,045757 0,000751
заимствован 1,698970 0,000814
гиперссылка 1,301030 0,000623
должна 0,920819 0,000441
размещаться 1,698970 0,000814
непосредственно 1,397940 0,000670
тексте 1,154902 0,000553
воспроизводящем 1,698970 0,000814
оригинальный 1,522879 0,000729
или 0,292430 0,000140
цитируемого 1,698970 0,000814
блока 1,397940 0,000670
читателей 0,958607 0,000459
признаны 1,698970 0,002034
экстремистскими 1,522879 0,000729
запрещены 1,698970 0,001627
организации 1,045757 0,000501
фбк 1,522879 0,000729
фонд 1,154902 0,000553
борьбы 1,301030 0,000623
коррупцией 1,698970 0,000814
признан 1,154902 0,000553
иноагентом 1,698970 0,000814
штабы 1,698970 0,000814
навального 1,522879 0,000729
национал 1,522879 0,000729
большевистская 1,522879 0,000729
партия 1,301030 0,000935
свидетели 1,522879 0,000729
иеговы 1,522879 0,000729
армия 0,823909 0,000395
воли 1,522879 0,000729
народа 1,221849 0,000878
русский 0,769551 0,000369
общенациональный 1,698970 0,000814
союз 0,958607 0,000459
движение 1,096910 0,001051
нелегальной 1,698970 0,000814
иммиграции 1,698970 0,000814
правый 1,522879 0,000729
сектор 1,301030 0,000623
уна 1,522879 0,000729
унсо 1,522879 0,000729
упа 1,522879 0,000729
тризуб 1,522879 0,000729
степана 1,397940 0,000670
бандеры 1,522879 0,000729
мизантропик 1,522879 0,000729
дивижн 1,522879 0,000729
меджлис 1,522879 0,000729
крымскотатарского 1,698970 0,000814
артподготовка 1,522879 0,000729
общероссийская 1,698970 0,000814
воля 1,698970 0,000814
ауе 1,522879 0,000729
батальоны 1,522879 0,000729
азов 1,154902 0,000553
айдар 1,698970 0,000814
террористическими 1,698970 0,000814
талибан 1,522879 0,000729
имарат 1,698970 0,000814
исламское 1,698970 0,000814
государство 1,522879 0,000729
иг 1,698970 0,000814
игил 1,522879 0,000729
джебхад 1,698970 0,000814
ан 1,522879 0,000729
нусра 1,522879 0,000729
аум 1,698970 0,000814
синрике 1,698970 0,000814
братья 1,154902 0,000553
мусульмане 1,698970 0,000814
аль 1,397940 0,000670
каида 1,522879 0,000729
странах 1,045757 0,000501
исламского 1,698970 0,000814
магриба 1,698970 0,000814
сеть 1,000000 0,000479
колумбайн 1,698970 0,000814
признана 1,522879 0,000729
нежелательной 1,698970 0,000814
деятельность 1,221849 0,000585
открытой 1,397940 0,000670
иноагентами 1,698970 0,001221
телеканал 0,677781 0,000325
дождь 1,301030 0,000623
медуза 1,698970 0,000814
голос 1,154902 0,000553
америки 1,221849 0,000585
радио 0,795880 0,000381
свобода 1,301030 0,000623
insider 1,698970 0,000814
медиазона 1,698970 0,000814
овд 1,698970 0,000814
инфо 1,522879 0,000729
мемориал 1,397940 0,000670
аналитический 1,698970 0,000814
юрия 1,154902 0,000553
левады 1,698970 0,000814
сахаровский 1,698970 0,000814
instagram 1,154902 0,000553
facebook 0,823909 0,000395
экстремизм 1,698970 0,000814
зао 1,522879 0,001094
электронное 1,698970 0,000814
периодическое 1,698970 0,000814
зарегистрировано 0,744727 0,000357
федеральной 0,602060 0,000288
службой 0,744727 0,000357
надзору 0,619789 0,000297
сфере 0,552842 0,000265
связи 0,455932 0,000218
информационных 0,585027 0,000280
технологий 0,568636 0,000272
массовых 0,568636 0,000272
коммуникаций 0,585027 0,000280
роскомнадзор 0,795880 0,000381
регистрационный 1,397940 0,000670
фс 0,522879 0,000250
адрес 0,552842 0,000265
г 0,552842 0,000265
ул 0,958607 0,000459
д 0,721246 0,000345
стр 1,096910 0,000525
e 0,677781 0,000325
mail 0,721246 0,000345
info 0,886057 0,000424
главный 0,522879 0,000250
редактор 0,585027 0,000280
учредитель 0,657577 0,000315
п 1,096910 0,000525
н 0,769551 0,000369
гусев 1,698970 0,000814
третьих 1,698970 0,000814
сторон 1,397940 0,000670
