cosmopolitan 1,698970 0,005156
весь 0,107905 0,000655
мода 0,958607 0,017456
красота 0,721246 0,009850
отношение 0,481486 0,002923
cosmo 1,698970 0,007734
звезда 0,552842 0,008389
установить 0,958607 0,002909
поиск 0,387216 0,001175
купить 0,744727 0,002260
журнал 0,744727 0,002260
азбука 1,301030 0,003948
здоровье 0,602060 0,006395
новость 0,161151 0,001712
стиль 0,721246 0,005472
жизнь 0,318759 0,001935
карьер 0,958607 0,005819
covid 1,096910 0,003329
общество 0,468521 0,002844
карантин 1,522879 0,004622
конкурс 0,568636 0,001726
видео 0,327902 0,000995
секс 1,096910 0,006658
диета 1,154902 0,005258
спорт 0,397940 0,001812
фитнес 1,397940 0,006364
лайфхак 1,154902 0,005258
рецепт 0,958607 0,004364
cosmoshop 1,698970 0,005156
тенденция 1,301030 0,003948
шопинг 1,698970 0,005156
неделя 0,522879 0,001587
практик 1,301030 0,003948
кто 0,346787 0,002105
есть 0,508638 0,002316
бренд 0,769551 0,002336
блог 0,795880 0,003623
макияж 1,397940 0,004243
уход 0,853872 0,002591
лицо 0,537602 0,001632
парфюм 1,522879 0,004622
волос 1,221849 0,003708
тело 0,698970 0,002121
маникюр 1,522879 0,006933
мастер 0,795880 0,002415
тест 0,602060 0,001827
светский 1,221849 0,003708
хроник 1,154902 0,003505
онлайн 0,387216 0,001175
новое 0,214670 0,000652
имя 0,443697 0,002020
крупный 0,744727 0,002260
план 0,769551 0,002336
интервью 0,522879 0,001587
биография 0,886057 0,002689
ты 0,602060 0,002741
он 0,455932 0,001384
что 0,161151 0,000978
думать 0,886057 0,002689
мужчина 0,677781 0,002057
свадьба 0,920819 0,002795
гороскоп 1,154902 0,005258
йог 1,698970 0,005156
беременность 1,522879 0,004622
вопрос 0,420216 0,001275
афиша 0,795880 0,002415
путешествие 0,677781 0,002057
хобби 1,221849 0,003708
фильм 0,431798 0,001310
сериал 0,494850 0,001502
трейлер 1,096910 0,003329
музыка 0,602060 0,001827
книга 0,552842 0,001678
интерьер 1,301030 0,003948
техник 1,096910 0,003329
авто 0,769551 0,002336
психология 0,958607 0,004364
ребенок 0,259637 0,001576
образование 0,657577 0,001996
история 0,283997 0,000862
успех 0,958607 0,002909
персона 1,096910 0,003329
бизнес 0,468521 0,001422
мотивация 1,397940 0,004243
редакция 0,366532 0,001112
спецпроект 0,638272 0,001937
мероприятие 0,823909 0,002500
контакт 0,387216 0,001763
совместимость 1,698970 0,005156
камасутра 1,698970 0,005156
счетчик 1,397940 0,004243
калория 1,698970 0,005156
калькулятор 1,522879 0,004622
вес 1,221849 0,003708
политик 0,366532 0,001669
конфиденциальность 0,698970 0,003182
почтовый 1,301030 0,003948
рассылка 0,769551 0,002336
реклама 0,259637 0,001182
продолжение 0,853872 0,003887
ниже 0,886057 0,004034
начаться 0,853872 0,002591
м 0,698970 0,002121
как 0,187087 0,001136
выглядеть 0,920819 0,002795
первое 0,721246 0,002189
победительница 1,522879 0,004622
мисс 1,045757 0,003174
миро 0,337242 0,001023
поза 1,522879 0,004622
счастье 0,769551 0,002336
укладка 1,522879 0,004622
масло 1,096910 0,003329
бьютя 1,397940 0,004243
секрет 0,721246 0,002189
стюардесса 1,698970 0,005156
почему 0,366532 0,001669
девушка 0,744727 0,002260
русь 1,221849 0,003708
топиться 1,698970 0,005156
после 0,356547 0,001082
первый 0,346787 0,001579
брачный 1,698970 0,005156
ночь 0,721246 0,002189
главное 0,327902 0,000995
слово 0,552842 0,001678
иза 0,167491 0,000508
уста 1,397940 0,004243
миронов 1,096910 0,003329
лишить 1,154902 0,003505
александр 0,602060 0,001827
яковлев 1,000000 0,003035
надежда 0,769551 0,002336
романа 0,585027 0,001775
обыкновенный 1,301030 0,003948
эйджизм 1,698970 0,005156
любой 0,420216 0,001275
возраст 0,920819 0,002795
женщина 0,619789 0,001881
плохой 0,853872 0,002591
для 0,107905 0,000819
тупой 1,522879 0,004622
острый 1,045757 0,003174
ультрамодный 1,698970 0,005156
модель 0,769551 0,003503
обувь 1,397940 0,004243
квадратный 1,301030 0,003948
треугольный 1,698970 0,005156
мыс 1,698970 0,005156
этот 0,173925 0,001056
россиянка 1,397940 0,004243
делать 0,744727 0,002260
половина 1,221849 0,003708
голливуд 1,522879 0,004622
нейл 1,698970 0,005156
идея 0,853872 0,002591
весна 0,823909 0,002500
получить 0,420216 0,001275
миллион 0,537602 0,001632
контракт 1,301030 0,003948
угадать 1,301030 0,003948
она 0,356547 0,001082
блеск 1,301030 0,003948
камень 1,096910 0,003329
завладеть 1,698970 0,005156
бриллиант 1,522879 0,004622
щелчок 1,698970 0,005156
плащ 1,698970 0,005156
кейт 1,301030 0,003948
миддлтон 1,522879 0,004622
который 0,236572 0,000718
мы 0,229148 0,000695
ум 1,000000 0,003035
надел 1,698970 0,007734
мыть 0,698970 0,003182
винтажка 1,698970 0,007734
внучок 1,698970 0,007734
марина 1,221849 0,005562
зудин 1,698970 0,007734
колье 1,522879 0,006933
chanel 1,154902 0,005258
удивить 1,045757 0,004761
мама 0,795880 0,003623
бы 0,585027 0,002663
я 0,346787 0,002631
знать 0,494850 0,002253
быть 0,161151 0,000734
такой 0,397940 0,001812
результат 0,698970 0,003182
алл 1,154902 0,005258
михеев 1,698970 0,007734
перенести 1,397940 0,006364
операция 0,657577 0,002994
ужасно 1,698970 0,007734
нервничать 1,698970 0,007734
дженнифер 1,301030 0,005923
лопес 1,522879 0,006933
бриллиантовый 1,698970 0,007734
кольцо 0,958607 0,004364
потрясти 1,397940 0,006364
фанат 1,221849 0,005562
ева 1,000000 0,004552
польн 1,522879 0,006933
обожать 1,301030 0,005923
оскорбить 1,522879 0,006933
певица 1,000000 0,004552
комик 1,221849 0,005562
илья 0,795880 0,003623
соболев 1,301030 0,005923
принести 1,096910 0,004994
извинение 1,698970 0,007734
какой 0,337242 0,001535
образ 0,853872 0,003887
победить 1,096910 0,004994
гагарин 1,096910 0,004994
показать 0,522879 0,002380
платье 1,154902 0,005258
финал 0,920819 0,004192
шоу 0,508638 0,002316
голос 0,958607 0,004364
item 1,698970 0,005156
of 0,853872 0,002591
подписаться 0,677781 0,002057
ооо 0,853872 0,003887
фэшн 1,301030 0,005923
пресс 0,552842 0,002517
пря 0,387216 0,001175
размещение 0,853872 0,003887
материал 0,292430 0,001331
сайт 0,173925 0,001056
пользователь 0,657577 0,001996
безвозмездно 1,698970 0,005156
предоставлять 1,045757 0,003174
неисключительный 1,698970 0,005156
право 0,292430 0,000887
использование 0,408935 0,001241
воспроизведение 1,221849 0,003708
распространение 1,221849 0,003708
создание 0,721246 0,002189
производный 1,698970 0,005156
произведенье 0,853872 0,002591
а 0,221849 0,000673
демонстрация 1,522879 0,004622
доведение 1,698970 0,005156
они 0,309804 0,000940
всеобщий 1,397940 0,004243
сведение 1,154902 0,003505
www 0,698970 0,002121
ru 0,180456 0,000821
официальный 0,537602 0,001632
страница 0,619789 0,001881
vk 1,096910 0,003329
com 0,744727 0,003390
twitter 0,769551 0,002336
ok 1,301030 0,003948
пользовательский 0,552842 0,001678
соглашение 0,443697 0,001347
условие 0,468521 0,001422
