телеканал 0,585027 0,002256
история 0,283997 0,001825
который 0,236572 0,000608
хотеться 1,000000 0,002571
поделиться 1,096910 0,002820
img 0,795880 0,002046
height 1,221849 0,003141
width 1,221849 0,003141
alt 0,886057 0,002278
facebook 0,823909 0,003177
pixel 1,698970 0,004368
src 0,795880 0,002046
https 0,721246 0,001854
www 0,698970 0,001797
com 0,744727 0,001914
tr 1,522879 0,003915
id 1,154902 0,002969
amp 1,397940 0,005391
ev 1,522879 0,003915
pageview 1,522879 0,003915
noscript 1,522879 0,003915
новость 0,161151 0,001036
эфир 0,537602 0,002073
подмосковье 1,154902 0,008907
балашиха 1,698970 0,006551
богородский 1,698970 0,006551
истра 1,698970 0,006551
одинцово 1,522879 0,005872
реутов 1,698970 0,006551
солнечногорск 1,522879 0,005872
химки 1,522879 0,005872
операция 0,657577 0,002536
украина 0,455932 0,007618
реклама 0,259637 0,001335
поиск 0,387216 0,001493
фокус 1,397940 0,003594
сегодня 0,443697 0,008555
хотеть 0,387216 0,000995
сделать 0,657577 0,001690
иза 0,167491 0,001722
краматорск 0,602060 0,006191
второй 0,602060 0,001548
бучить 1,698970 0,004368
фото 0,568636 0,001462
последствие 0,920819 0,002367
удар 0,494850 0,002544
прощание 0,744727 0,001914
жириновский 0,431798 0,001110
начаться 0,853872 0,004390
москва 0,292430 0,000752
прямая 1,301030 0,003345
трансляция 0,721246 0,001854
минобороны 0,698970 0,001797
рф 0,568636 0,003654
опровергнуть 0,958607 0,002464
причастность 1,221849 0,003141
ракетный 1,000000 0,002571
безопасность 0,744727 0,001914
воробьев 1,397940 0,003594
поставить 0,823909 0,002118
главное 0,327902 0,000843
задача 1,000000 0,002571
для 0,107905 0,000555
правоохранитель 1,698970 0,004368
басурин 1,045757 0,006721
уточнить 1,397940 0,005391
число 0,853872 0,003293
пострадать 1,096910 0,004230
пря 0,387216 0,002489
обстрел 1,301030 0,008361
вокзал 0,698970 0,004492
минуть 0,769551 0,001978
назад 0,638272 0,001641
житель 0,602060 0,002322
донбасс 0,657577 0,002536
смочь 0,537602 0,001382
работать 0,431798 0,001110
патент 1,698970 0,004368
время 0,327902 0,001264
эвакуация 1,301030 0,005017
быть 0,161151 0,000621
провокация 0,823909 0,003177
видео 0,327902 0,000843
день 0,236572 0,000608
так 0,481486 0,001238
выглядеть 0,920819 0,002367
место 0,481486 0,001238
ракета 0,823909 0,002118
гром 1,301030 0,003345
грянуть 1,698970 0,004368
довольно 1,221849 0,003141
сильно 1,045757 0,002688
мы 0,229148 0,000589
уметь 1,154902 0,002969
креститься 1,698970 0,004368
побеждать 1,522879 0,003915
эксклюзив 0,823909 0,007413
вчера 0,920819 0,009469
давать 0,920819 0,002367
стерилизовать 1,698970 0,004368
иммунитет 1,397940 0,003594
профессор 1,221849 0,003141
чумак 1,522879 0,003915
назальный 1,221849 0,003141
ревакцинация 1,698970 0,004368
коронавирус 0,677781 0,001742
освободить 0,920819 0,002367
регион 0,619789 0,001593
предречь 1,301030 0,003345
новое 0,214670 0,000552
будущее 0,602060 0,001548
вф 1,698970 0,004368
тяжелый 0,744727 0,001914
артиллерия 1,397940 0,003594
обстрелять 1,522879 0,003915
донецкий 1,096910 0,002820
лнр 1,221849 0,003141
хороший 0,408935 0,001051
нужный 0,552842 0,001421
трибунал 1,698970 0,004368
чтобы 0,408935 0,001051
украинец 1,154902 0,002969
мочь 0,236572 0,001520
говорить 0,537602 0,002073
свободно 1,698970 0,004368
а 0,221849 0,000855
не 0,136677 0,001054
указка 1,698970 0,004368
найти 0,356547 0,000917
след 1,000000 0,002571
присутствие 1,522879 0,003915
европейский 0,744727 0,001914
наемник 0,920819 0,002367
оказаться 0,638272 0,001641
оно 0,397940 0,001023
зуб 1,698970 0,004368
иностранный 0,721246 0,001854
сми 0,468521 0,002409
повернуться 1,698970 0,004368
лицо 0,537602 0,001382
россия 0,214670 0,001104
этот 0,173925 0,000447
сигнал 1,154902 0,002969
раскол 1,522879 0,003915
запад 0,721246 0,002781
азов 1,096910 0,002820
утопить 1,698970 0,004368
зеленский 0,886057 0,002278
выступление 1,154902 0,002969
националист 0,920819 0,002367
перед 0,769551 0,001978
парламент 1,096910 0,002820
греция 1,000000 0,002571
изменить 0,744727 0,001914
отношение 0,481486 0,001238
правда 0,657577 0,001690
умереть 0,886057 0,002278
первый 0,346787 0,000891
продолжить 0,958607 0,002464
врать 1,301030 0,003345
капитуляция 1,698970 0,004368
вопрос 0,420216 0,001080
кто 0,346787 0,000891
она 0,356547 0,000917
подписать 1,221849 0,003141
он 0,455932 0,001172
вернуться 0,638272 0,001641
я 0,346787 0,000891
еще 0,327902 0,000843
жениться 1,301030 0,003345
друг 0,494850 0,001272
учитель 0,920819 0,002367
герой 0,552842 0,001421
спецоперация 0,657577 0,001690
сергей 0,408935 0,001051
скородинский 1,522879 0,003915
как 0,187087 0,000481
оформить 1,154902 0,002969
кредитный 1,221849 0,003141
каникулы 1,301030 0,003345
что 0,161151 0,000414
делать 0,744727 0,001914
потеря 0,920819 0,002367
работа 0,431798 0,001110
заработать 1,045757 0,002688
объяснять 1,000000 0,002571
март 0,698970 0,001797
центробанк 1,154902 0,004453
снизить 0,677781 0,002614
ключевой 0,619789 0,002390
ставка 0,657577 0,002536
егэ 1,154902 0,004453
предложить 0,744727 0,002872
отменить 0,958607 0,003696
нехватка 1,522879 0,005872
офисный 1,301030 0,005017
бумага 0,886057 0,003417
взрыв 0,958607 0,003696
раздаться 1,522879 0,005872
белгородский 1,397940 0,005391
область 0,638272 0,003282
граница 0,769551 0,002967
его 0,346787 0,001337
сравнивать 1,522879 0,005872
микеланджело 1,698970 0,006551
выставка 0,769551 0,002967
картина 0,721246 0,002781
сушковый 1,522879 0,005872
одинцов 1,522879 0,005872
тариф 1,221849 0,004711
платный 1,301030 0,005017
трасса 1,221849 0,004711
вырастить 1,397940 0,005391
инфляция 1,397940 0,005391
апрель 0,275724 0,004253
роспотребнадзор 1,301030 0,003345
оценить 0,920819 0,002367
риск 1,154902 0,002969
новый 0,244125 0,000628
волна 1,045757 0,002688
ковид 1,096910 0,002820
штамм 1,301030 0,003345
xe 1,221849 0,003141
обрушение 1,397940 0,003594
порода 1,397940 0,003594
произойти 0,886057 0,002278
шахта 1,000000 0,002571
кемеровский 1,698970 0,004368
два 0,346787 0,000891
человек 0,259637 0,001001
под 0,376751 0,000969
завал 1,301030 0,003345
один 0,356547 0,000917
погиб 1,301030 0,003345
дтпа 1,301030 0,003345
якутия 1,397940 0,003594
медик 1,221849 0,003141
указать 1,000000 0,002571
признак 1,096910 0,002820
образование 0,657577 0,001690
тромб 1,397940 0,003594
контакт 0,387216 0,001493
вакансия 0,657577 0,001690
вещание 1,045757 0,002688
антибюрократия 1,698970 0,004368
artboard 1,698970 0,004368
любой 0,420216 0,001080
использование 0,408935 0,001051
материал 0,292430 0,001128
допускаться 1,045757 0,002688
только 0,283997 0,000730
соблюдение 1,221849 0,003141
соглашение 0,443697 0,001141
весь 0,107905 0,000277
право 0,292430 0,000752
защитить 0,552842 0,001421
ао 0,795880 0,003069
править 0,638272 0,001641
цитирование 1,301030 0,003345
мнение 0,602060 0,001548
взгляд 0,853872 0,002195
автор 0,522879 0,001344
всегда 0,657577 0,001690
совпадать 1,522879 0,003915
точка 0,585027 0,001504
зрение 1,301030 0,003345
редакция 0,366532 0,001413
отдельный 1,301030 0,003345
публикация 0,769551 0,001978
содержать 1,045757 0,002688
информация 0,327902 0,000843
предназначить 1,045757 0,002688
пользователь 0,657577 0,001690
лет 0,337242 0,000867
сетевой 0,585027 0,002256
издание 0,468521 0,001807
tv 0,920819 0,004734
ru 0,180456 0,000928
зарегистрировать 0,619789 0,001593
федеральный 0,508638 0,001308
служба 0,431798 0,001110
надзор 0,619789 0,001593
сфера 0,537602 0,001382
связь 0,309804 0,001195
информационный 0,481486 0,001238
технология 0,408935 0,001051
массовый 0,508638 0,001308
коммуникация 0,568636 0,001462
январь 0,886057 0,002278
ть 0,552842 0,002132
свидетельство 0,585027 0,002256
регистрация 0,408935 0,001577
эл 0,494850 0,001908
фс 0,522879 0,002016
перерегистрировать 1,698970 0,004368
смена 0,958607 0,002464
учредитель 0,657577 0,002536
август 0,958607 0,002464
главный 0,346787 0,000891
редактор 0,508638 0,001308
погорелов 1,698970 0,004368
н 0,769551 0,001978
info 0,886057 0,002278
