пушкинский 1,301030 0,013300
музей 0,958607 0,017818
изменения 1,221849 0,004542
экспозиции 1,221849 0,005678
главного 1,000000 0,003717
здания 1,522879 0,011323
особенности 1,397940 0,005197
его 0,346787 0,001289
посещения 1,522879 0,012738
поиск 0,494850 0,001380
найти 0,508638 0,000945
купить 0,886057 0,003294
билет 1,096910 0,004078
внимание 0,795880 0,002219
aa 1,522879 0,004246
версии 0,958607 0,001782
сайта 0,508638 0,002836
обычная 1,397940 0,003898
версия 0,744727 0,004153
контрастная 1,698970 0,004737
крупный 1,397940 0,003898
шрифт 1,522879 0,004246
контрастные 1,698970 0,004737
цвета 1,397940 0,003898
скрыть 1,301030 0,004837
картинки 1,096910 0,003058
рус 1,397940 0,005197
eng 1,301030 0,003627
ita 1,698970 0,003158
ger 1,698970 0,003158
fra 1,522879 0,002831
esp 1,522879 0,002831
поделиться 1,221849 0,004542
соцсетях 1,045757 0,002916
youtube 0,721246 0,002681
ok 1,301030 0,004837
vkontakte 1,221849 0,004542
tripadviser 1,698970 0,006316
telegram 0,744727 0,002769
яндекс 0,619789 0,002304
цзен 1,698970 0,006316
посетителям 1,522879 0,011323
выставки 0,958607 0,006236
события 0,638272 0,002373
коллекции 1,154902 0,005367
медиа 0,769551 0,002146
наука 0,585027 0,001631
образование 0,823909 0,002297
история 0,443697 0,002474
музея 1,154902 0,002147
коллекций 1,397940 0,005197
главное 0,585027 0,001631
здание 1,397940 0,006496
галерея 1,096910 0,003058
искусства 0,886057 0,003294
стран 1,045757 0,003888
европы 0,920819 0,003423
америки 1,221849 0,004542
отдел 1,221849 0,003407
личных 1,221849 0,003407
мемориальная 1,522879 0,004246
квартира 1,301030 0,004837
т 1,045757 0,002916
рихтера 1,522879 0,005661
учебный 1,698970 0,006316
цэв 1,698970 0,004737
мусейон 1,698970 0,009474
мастерская 1,397940 0,002598
штейнберга 1,698970 0,003158
зоологической 1,698970 0,004737
музейный 1,698970 0,004737
квартал 1,397940 0,003898
отделы 1,698970 0,004737
филиалы 1,522879 0,004246
владикавказ 1,397940 0,002598
екатеринбург 1,000000 0,001859
калининград 1,096910 0,002039
нижний 0,853872 0,001587
новгород 0,886057 0,001647
санкт 0,769551 0,001430
петербург 0,886057 0,001647
томск 1,221849 0,002271
руководство 1,096910 0,003058
поддержи 1,698970 0,007895
попечительский 1,698970 0,003158
совет 1,000000 0,001859
спонсоры 1,522879 0,004246
партнеры 0,958607 0,002673
меценаты 1,698970 0,004737
патроны 1,698970 0,004737
друзья 0,886057 0,002470
пушкинского 1,698970 0,011053
фонды 1,301030 0,002418
мероприятия 1,154902 0,005367
благодарности 1,698970 0,003158
online 1,154902 0,002147
пожертвование 1,698970 0,003158
волонтеры 1,301030 0,002418
документы 0,920819 0,003423
деятельность 1,221849 0,004542
научная 1,221849 0,006813
просветительская 1,698970 0,003158
издательская 1,301030 0,002418
выставочная 1,698970 0,003158
археологическая 1,698970 0,003158
музыкальная 1,522879 0,002831
xxi 1,154902 0,004293
ит 1,522879 0,005661
развитие 1,221849 0,002271
инновации 1,522879 0,002831
социальная 1,154902 0,002147
инклюзия 1,698970 0,003158
общая 1,522879 0,004246
информация 0,552842 0,001541
пресс 0,638272 0,001780
центр 0,537602 0,002998
проекте 0,657577 0,001222
контакты 0,431798 0,001605
вакансии 0,657577 0,001833
использование 0,619789 0,002304
материалов 0,585027 0,002175
изображений 1,397940 0,005197
билеты 1,000000 0,005576
льготы 1,397940 0,005197
часы 1,397940 0,003898
работы 0,619789 0,001728
экскурсии 1,301030 0,006046
программы 0,721246 0,003352
правила 0,638272 0,002373
инвалидностью 1,522879 0,007077
гидам 1,698970 0,004737
преподавателям 1,698970 0,004737
книги 0,602060 0,002238
сувениры 1,698970 0,006316
онлайн 0,387216 0,001799
шедевры 1,301030 0,003627
живопись 1,221849 0,005678
графика 1,397940 0,003898
скульптура 1,397940 0,003898
прикладное 1,397940 0,003898
искусство 0,886057 0,004117
древний 1,397940 0,003898
восток 1,301030 0,003627
археология 1,522879 0,007077
античного 1,698970 0,004737
мира 0,537602 0,001499
нумизматика 1,698970 0,004737
художественная 1,397940 0,003898
фотография 1,522879 0,004246
коллекция 1,045757 0,004859
слепков 1,698970 0,004737
электронные 1,221849 0,005678
публикации 0,823909 0,002297
отдела 1,301030 0,003627
визуальной 1,698970 0,004737
информации 0,698970 0,002598
словарь 1,522879 0,004246
фотографических 1,698970 0,004737
техник 1,698970 0,004737
виртуальный 1,522879 0,005661
для 0,107905 0,000602
всех 0,552842 0,001541
сайты 1,698970 0,006316
сателлиты 1,698970 0,006316
других 0,795880 0,002959
ресурсах 1,522879 0,004246
интернета 1,045757 0,002916
видеоканал 1,698970 0,006316
d 0,920819 0,005990
реконструкции 1,698970 0,004737
моделирование 1,698970 0,004737
фотогалереи 1,397940 0,003898
подкасты 0,698970 0,001949
аудио 0,920819 0,003423
медиагиды 1,698970 0,006316
мобильные 1,221849 0,003407
приложения 0,853872 0,002381
тесты 0,823909 0,002297
игры 0,744727 0,002076
виртуальные 1,096910 0,004078
формате 1,154902 0,003220
navigator 1,698970 0,004737
smart 1,301030 0,003627
museum 1,522879 0,005661
работа 0,795880 0,002219
лекционный 1,698970 0,004737
сезон 0,721246 0,002011
youth 1,698970 0,004737
научные 1,301030 0,003627
музейная 1,397940 0,003898
лаборатория 1,397940 0,003898
академия 1,154902 0,003220
детский 1,000000 0,002788
практика 1,301030 0,003627
музее 1,154902 0,003220
сотрудничество 1,154902 0,003220
вузами 1,698970 0,004737
издания 0,795880 0,002219
библиотека 0,920819 0,002567
государственный 1,221849 0,003407
изобразительных 1,522879 0,004246
искусств 1,096910 0,003058
им 0,602060 0,002238
а 0,221849 0,000825
пушкина 1,000000 0,003717
en 1,397940 0,002598
обновленная 1,522879 0,002831
экспозиция 1,397940 0,003898
галерее 1,397940 0,002598
xix 1,096910 0,002039
xx 0,958607 0,003564
веков 1,154902 0,002147
концерты 1,221849 0,002271
мемориальной 1,522879 0,002831
квартире 1,221849 0,002271
святослава 1,698970 0,003158
января 0,920819 0,001712
июня 0,886057 0,001647
стать 0,721246 0,001341
другом 1,301030 0,002418
сегодня 0,443697 0,003299
завтра 0,920819 0,001712
неделе 1,096910 0,002039
выходные 1,096910 0,002039
выбрать 0,853872 0,001587
дату 1,301030 0,002418
структура 1,522879 0,002831
напишите 1,154902 0,003220
нам 0,619789 0,001728
ул 0,958607 0,006236
волхонка 1,698970 0,006316
старых 1,301030 0,002418
мастеров 1,522879 0,004246
подлинники 1,522879 0,002831
античности 1,522879 0,002831
востока 1,397940 0,002598
учебные 1,522879 0,002831
слепки 1,698970 0,003158
французских 1,698970 0,003158
импрессионистов 1,397940 0,002598
постимпрессионистов 1,698970 0,003158
начала 0,769551 0,001430
века 0,721246 0,002011
постоянная 1,522879 0,002831
закрыта 1,698970 0,003158
года 0,356547 0,000663
чаянова 1,698970 0,003158
художественный 1,397940 0,002598
цветаева 1,397940 0,002598
является 0,853872 0,001587
частью 1,096910 0,002039
музейного 1,522879 0,002831
центра 1,154902 0,002147
рггу 1,522879 0,002831
закрыто 1,522879 0,004246
большая 0,920819 0,001712
бронная 1,698970 0,003158
этаж 1,301030 0,002418
кв 1,698970 0,003158
одного 0,769551 0,001430
из 0,167491 0,000311
величайших 1,698970 0,003158
пианистов 1,698970 0,003158
колымажный 1,698970 0,003158
пер 1,522879 0,002831
вход 0,619789 0,001152
малого 1,522879 0,002831
знаменского 1,698970 0,003158
переулка 1,522879 0,002831
эстетического 1,698970 0,003158
воспитания 1,397940 0,002598
детей 0,420216 0,001172
юношества 1,397940 0,002598
buildings 1,698970 0,003158
gcsi 1,698970 0,003158
зоологическая 1,698970 0,003158
д 0,721246 0,001341
стр 1,096910 0,002039
современных 1,221849 0,002271
художников 1,096910 0,002039
проекты 0,657577 0,001222
посещение 1,397940 0,002598
гмии 1,397940 0,002598
можно 0,420216 0,000781
приобрести 1,397940 0,002598
только 0,283997 0,000528
этом 0,585027 0,001087
сайте 0,420216 0,001172
или 0,292430 0,000544
официальных 1,301030 0,002418
партнеров 1,154902 0,002147
не 0,136677 0,000254
гарантирует 1,698970 0,003158
подлинность 1,698970 0,003158
билетов 1,154902 0,002147
купленных 1,698970 0,003158
местах 1,301030 0,002418
больше 0,552842 0,001028
билетах 1,698970 0,003158
грузим 1,698970 0,006316
лекции 1,301030 0,002418
прямом 1,397940 0,003898
эфире 0,823909 0,002297
вы 0,376751 0,000700
можете 0,769551 0,001430
присоединиться 1,522879 0,002831
нашим 1,301030 0,002418
виртуальным 1,698970 0,003158
мероприятиям 1,698970 0,003158
экскурсиям 1,698970 0,003158
лекциям 1,698970 0,003158
взрослых 1,000000 0,001859
оплатив 1,698970 0,003158
участие 0,920819 0,001712
встречи 0,886057 0,001647
будут 0,638272 0,001186
проходить 1,698970 0,003158
платформе 1,096910 0,002039
zoom 1,698970 0,003158
предусмотрен 1,698970 0,003158
формат 1,221849 0,002271
живого 1,397940 0,002598
общения 1,154902 0,002147
возможностью 1,698970 0,003158
задавать 1,522879 0,002831
вопросы 0,638272 0,001186
экскурсоводу 1,698970 0,003158
лектору 1,698970 0,003158
подробнее 0,677781 0,001890
лояльности 1,698970 0,003158
присоединяйтесь 1,301030 0,002418
мы 0,327902 0,000609
используем 1,154902 0,002147
cookie 1,154902 0,002147
противодействие 1,397940 0,002598
коррупции 1,301030 0,002418
открытые 1,301030 0,002418
данные 0,677781 0,001260
подписка 0,823909 0,001531
новости 0,173925 0,000323
я 0,356547 0,000994
согласен 1,301030 0,003627
условиями 1,154902 0,002147
информационной 1,397940 0,002598
рассылки 1,301030 0,002418
политикой 1,096910 0,002039
конфиденциальности 0,744727 0,001384
обработки 0,958607 0,001782
персональных 0,769551 0,001430
данных 0,657577 0,001222
как 0,187087 0,000348
сейчас 0,481486 0,000895
посетить 1,000000 0,001859
оценка 1,154902 0,002147
качества 1,154902 0,002147
услуг 1,397940 0,002598
имени 0,721246 0,001341
старая 1,301030 0,002418
arts 1,301030 0,002418
ru 0,180456 0,000335
