rt 1,522879 0,024193
русском 1,096910 0,007337
последние 0,568636 0,000475
новости 0,173925 0,000582
россии 0,251812 0,001579
мире 0,468521 0,000588
онлайн 0,387216 0,000324
вконтакте 0,638272 0,000801
twitter 0,769551 0,001287
russian 1,301030 0,001632
канал 0,769551 0,001609
telegram 0,744727 0,000934
me 1,301030 0,001632
youtube 0,721246 0,000905
com 0,744727 0,001245
группа 1,000000 0,001254
одноклассники 0,823909 0,001033
ru 0,180456 0,000302
материалы 0,481486 0,000604
живом 1,698970 0,002131
журнале 1,397940 0,001753
viber 1,397940 0,001753
rss 0,823909 0,001033
миртесен 1,698970 0,002131
tiktok 1,221849 0,001532
rutube 1,096910 0,001376
eng 1,301030 0,001088
de 1,221849 0,001022
fr 1,698970 0,001421
esp 1,522879 0,001273
спецоперация 1,045757 0,001749
украине 0,537602 0,000899
search 1,154902 0,000966
menu 1,397940 0,001169
mobile 1,301030 0,001088
мир 0,431798 0,001083
россия 0,455932 0,001906
бывший 1,154902 0,002414
ссср 0,795880 0,001664
экономика 0,568636 0,000951
спорт 0,468521 0,000979
наука 0,585027 0,001223
политики 1,000000 0,001672
мнения 0,886057 0,001482
ино 1,522879 0,001910
тв 0,657577 0,001375
фото 0,568636 0,001189
видео 0,327902 0,001234
ракеты 1,154902 0,000966
точка 0,795880 0,000998
применяются 1,397940 0,001169
только 0,283997 0,000237
всу 0,744727 0,001245
мо 1,522879 0,001910
рф 0,568636 0,001902
опровергло 1,221849 0,001022
заявления 1,000000 0,001254
причастности 1,522879 0,001273
удару 1,301030 0,001088
вокзалу 0,853872 0,001071
краматорске 0,823909 0,001378
роман 0,638272 0,000801
шимаев 1,698970 0,002131
представителей 1,522879 0,001273
киева 1,045757 0,000874
якобы 1,301030 0,001088
ракетной 1,698970 0,001421
атаке 1,522879 0,001273
железнодорожному 1,397940 0,001169
абсолютно 1,221849 0,001022
не 0,136677 0,000571
соответствуют 1,522879 0,001273
действительности 1,397940 0,001169
сообщили 0,958607 0,000802
минобороны 0,698970 0,001461
ведомстве 1,397940 0,001169
подчеркнули 1,522879 0,001273
что 0,161151 0,000539
российские 0,744727 0,001557
вооруженные 1,397940 0,001169
силы 0,958607 0,000802
выполняли 1,522879 0,001273
live 1,000000 0,002090
церемония 1,000000 0,001254
прощания 1,045757 0,001749
владимиром 0,677781 0,001133
жириновским 0,585027 0,000978
колонном 1,154902 0,000966
зале 1,096910 0,000917
дома 0,619789 0,000518
союзов 1,045757 0,000874
прошла 1,045757 0,000874
политик 1,301030 0,001088
скончался 1,221849 0,001022
возрасте 1,397940 0,001169
лет 0,366532 0,000766
после 0,356547 0,000894
тяжелой 1,154902 0,000966
продолжительной 1,522879 0,001273
болезни 1,154902 0,000966
похороны 1,221849 0,001022
лидера 1,698970 0,001421
лдпр 0,744727 0,000623
пройдут 1,221849 0,001022
новодевичьем 1,522879 0,001273
кладбище 1,221849 0,001022
вел 1,522879 0,001273
прямую 1,522879 0,001273
трансляцию 1,301030 0,001088
средневековая 1,698970 0,001421
жестокость 1,522879 0,001273
обнародованы 1,698970 0,001421
новые 0,337242 0,000423
документы 0,920819 0,001155
зверствах 1,221849 0,001532
украинских 0,744727 0,000934
националистов 0,958607 0,001603
время 0,356547 0,000298
вов 1,301030 0,001088
святослав 1,522879 0,001273
князев 1,522879 0,001273
елизавета 1,221849 0,001022
комарова 1,522879 0,001273
алексей 0,602060 0,000503
латышев 1,698970 0,001421
сайте 0,420216 0,000351
опубликованы 1,221849 0,001022
информацией 1,397940 0,001169
годы 0,823909 0,000689
великой 0,958607 0,000802
отечественной 1,154902 0,001448
войны 0,698970 0,000877
ее 0,508638 0,000425
завершения 1,397940 0,001169
материалах 1,397940 0,001169
описаны 1,698970 0,001421
методы 1,301030 0,001088
пропаганды 1,522879 0,001273
ненависти 1,522879 0,001273
конкретные 1,522879 0,001273
случаи 1,522879 0,001273
этнических 1,698970 0,001421
чисток 1,698970 0,001421
лента 0,744727 0,000623
новостей 0,602060 0,000503
песков 0,744727 0,000623
заявил 0,744727 0,001557
говоря 1,301030 0,001088
потерях 1,096910 0,000917
спецоперации 0,744727 0,000934
опирался 1,397940 0,001169
данные 0,677781 0,000567
власти 0,769551 0,000643
эстонии 1,522879 0,001273
отпустили 1,522879 0,001273
бывшего 1,154902 0,000966
шеф 1,096910 0,000917
редактора 1,096910 0,000917
sputnik 1,301030 0,001088
meedia 1,397940 0,001169
черышеву 1,522879 0,001273
курс 0,744727 0,001557
евро 0,769551 0,000965
ходе 1,000000 0,000836
торгов 1,522879 0,001273
мосбирже 1,698970 0,002131
опустился 1,301030 0,001088
ниже 0,886057 0,001482
рублей 0,585027 0,000978
басурин 1,045757 0,000874
пострадавших 1,522879 0,001273
удара 0,823909 0,000689
ракетой 1,154902 0,000966
глава 0,638272 0,000801
мид 0,886057 0,001482
днр 0,823909 0,000689
заявила 1,301030 0,001632
задержании 1,397940 0,001169
республике 1,522879 0,001273
сотрудника 1,397940 0,001169
миссии 1,397940 0,001169
обсе 1,397940 0,001169
посол 1,522879 0,001273
выразил 1,522879 0,001273
протест 1,522879 0,001273
замглавы 1,301030 0,001088
японии 0,958607 0,000802
связи 0,455932 0,000572
высылкой 1,698970 0,001421
российских 0,468521 0,000588
дипломатов 0,958607 0,000802
ск 1,698970 0,001421
возбудил 1,698970 0,001421
дела 0,920819 0,000770
фактам 1,698970 0,001421
жестокого 1,397940 0,001169
обращения 1,522879 0,001273
гражданским 1,522879 0,001273
населением 1,522879 0,001273
мариуполе 1,045757 0,001312
объявленные 1,698970 0,001421
персонами 1,397940 0,001169
нон 1,397940 0,001169
грата 1,522879 0,001273
дипломаты 1,522879 0,001273
покинули 1,698970 0,001421
германию 1,522879 0,001273
эксклюзив 0,920819 0,002310
аналитик 1,301030 0,001088
оленченко 1,522879 0,001273
назвал 0,795880 0,000998
новый 0,408935 0,000513
пакет 0,853872 0,000714
антироссийских 1,096910 0,000917
санкций 0,677781 0,001417
соответствующим 1,698970 0,001421
интересам 1,522879 0,001910
евросоюза 1,301030 0,001088
ес 0,920819 0,001155
добавил 1,522879 0,001273
санкционные 1,698970 0,002131
списки 1,522879 0,001273
против 0,387216 0,000486
физлиц 1,522879 0,001273
организаций 1,397940 0,001169
яндекс 0,619789 0,000518
маркирует 1,698970 0,001421
поисковой 1,698970 0,001421
выдаче 1,522879 0,001273
ресурсы 1,154902 0,000966
google 0,744727 0,000623
как 0,187087 0,000939
нарушителей 1,301030 0,001088
законодательства 1,000000 0,000836
лавров 1,000000 0,001672
продолжит 1,301030 0,001088
помогать 1,522879 0,001273
армении 1,522879 0,001273
укреплении 1,698970 0,001421
обороноспособности 1,698970 0,001421
охране 1,301030 0,001088
границ 1,397940 0,001169
володин 1,301030 0,001088
шойгу 1,301030 0,001088
москалькова 1,698970 0,001421
простились 1,397940 0,001169
заблокированные 1,698970 0,001421
шахте 1,045757 0,000874
кузбассе 1,221849 0,001022
горняки 1,698970 0,001421
выведены 1,698970 0,001421
поверхность 1,301030 0,001088
бастрыкин 1,698970 0,001421
поручил 1,698970 0,001421
привлечь 1,221849 0,001022
уголовной 1,698970 0,001421
ответственности 1,154902 0,000966
командира 1,522879 0,001910
грузинского 1,301030 0,001088
легиона 1,522879 0,001273
составе 1,522879 0,001910
все 0,124939 0,000209
расследование 1,096910 0,000917
элемент 1,397940 0,001169
новой 0,638272 0,001067
холодной 1,522879 0,001273
госдеп 1,698970 0,001421
сша 0,508638 0,001488
выделил 1,698970 0,001421
восточноевропейским 1,698970 0,001421
кавказским 1,522879 0,001273
медиа 0,769551 0,000643
млн 0,886057 0,001111
государственный 1,221849 0,001022
департамент 1,301030 0,001088
предложил 1,045757 0,000874
журналистам 1,522879 0,001273
из 0,167491 0,000770
стран 1,045757 0,001312
восточной 1,397940 0,001753
европы 0,920819 0,000770
южного 1,522879 0,001273
кавказа 1,522879 0,001273
побороться 1,522879 0,001273
грант 1,522879 0,001273
размером 1,522879 0,001273
укрепление 1,301030 0,001088
независимой 1,698970 0,001421
журналистики 1,698970 0,001421
сообщается 1,522879 0,001273
официальном 1,522879 0,001273
портале 1,221849 0,001022
госзакупок 1,397940 0,001169
grants 1,522879 0,001273
gov 1,698970 0,001421
одна 1,000000 0,000836
причин 1,154902 0,000966
прекрасная 1,301030 0,001088
бу 1,698970 0,002841
ход 1,045757 0,000874
буча 1,397940 0,001169
фейков 1,698970 0,001421
западные 1,301030 0,001088
санкции 0,721246 0,000905
лукавая 1,698970 0,001421
структура 1,522879 0,001273
какое 0,958607 0,000802
место 0,744727 0,000623
может 0,387216 0,000486
занять 1,397940 0,001169
стратегической 1,698970 0,001421
концепции 1,698970 0,001421
нато 0,769551 0,001609
александр 0,468521 0,000392
карпов 1,698970 0,001421
алена 1,397940 0,001753
медведева 1,397940 0,001753
стратегическую 1,698970 0,001421
концепцию 1,698970 0,001421
необходимо 0,920819 0,000770
обновить 1,154902 0,000966
четко 1,522879 0,001273
указать 1,522879 0,001273
ней 0,823909 0,001033
представляет 1,301030 0,001088
собой 0,823909 0,000689
главную 1,397940 0,001169
угрозу 1,301030 0,001088
безопасности 0,920819 0,001540
альянса 1,522879 0,001910
этом 0,585027 0,001223
румынии 1,698970 0,001421
богдан 1,698970 0,001421
ауреску 1,698970 0,001421
преддверии 1,397940 0,001169
брюссельского 1,698970 0,001421
саммита 1,698970 0,001421
глав 1,154902 0,000966
дипломатии 1,301030 0,001088
важно 1,221849 0,001022
поддержать 1,096910 0,000917
людей 0,698970 0,000584
мишустин 0,920819 0,000770
пообещал 1,397940 0,001169
проиндексировать 1,698970 0,001421
соцвыплаты 1,698970 0,001421
мрот 1,698970 0,001421
прожиточный 1,698970 0,001421
минимум 1,221849 0,001022
русская 1,000000 0,000836
поддержка 0,920819 0,000770
аталанта 1,522879 0,001910
миранчуком 1,698970 0,002131
отстояла 1,522879 0,001273
ничью 1,698970 0,001421
лейпциге 1,698970 0,001421
а 0,221849 0,000556
хайкин 1,698970 0,001421
помог 1,301030 0,001088
глимту 1,698970 0,002131
победить 1,154902 0,000966
рому 1,698970 0,001421
сергей 0,468521 0,000783
стариков 1,698970 0,002131
алексеем 1,397940 0,001169
сыграла 1,522879 0,001273
вничью 1,397940 0,001169
лейпцигом 1,698970 0,001421
барселона 1,301030 0,001088
ушла 1,221849 0,001022
поражения 1,522879 0,001273
матче 1,397940 0,002338
айнтрахтом 1,522879 0,001273
благодаря 0,823909 0,000689
голу 1,698970 0,001421
феррана 1,698970 0,001421
торреса 1,698970 0,001421
два 0,619789 0,000518
эффектных 1,698970 0,001421
сейва 1,698970 0,001421
никиты 1,698970 0,001421
хайкина 1,698970 0,001421
помогли 1,301030 0,001088
второй 0,769551 0,000965
раз 0,698970 0,000584
год 0,508638 0,000425
обыграть 1,698970 0,001421
тройной 1,698970 0,001421
лутц 1,698970 0,001421
загитовой 1,698970 0,001421
архивное 1,698970 0,001421
синициной 1,698970 0,001421
танцы 1,301030 0,001088
трусовой 1,698970 0,001421
медведевой 1,397940 0,001169
обсуждают 1,154902 0,000966
фигурного 1,698970 0,001421
катания 1,698970 0,001421
самое 0,886057 0,000741
читаемое 1,096910 0,000917
защитить 1,096910 0,000917
россиян 0,744727 0,000934
скачков 1,698970 0,001421
цен 0,958607 0,000802
путин 0,721246 0,000603
призвал 1,301030 0,001088
рачительнее 1,698970 0,001421
относиться 1,698970 0,001421
поставкам 1,698970 0,001421
продуктов 1,301030 0,001088
рубеж 1,221849 0,001022
для 0,107905 0,000180
подавления 1,698970 0,001421
российской 0,585027 0,000489
самостоятельности 1,698970 0,001421
украину 1,301030 0,001088
инструментом 1,698970 0,001421
выйти 1,154902 0,000966
потерь 1,522879 0,001273
зеленский 1,154902 0,000966
необходимости 1,301030 0,002176
продолжать 1,397940 0,001169
переговоры 1,045757 0,000874
россией 0,795880 0,000665
последствия 1,045757 0,000874
будут 0,638272 0,000534
катастрофическими 1,698970 0,001421
запад 1,000000 0,001672
пытается 1,154902 0,001448
повлиять 1,397940 0,001169
россию 0,568636 0,000951
помощью 0,769551 0,000643
начало 0,853872 0,000714
конца 0,886057 0,001482
монополии 1,698970 0,001421
доллара 1,045757 0,001749
чем 0,387216 0,000648
попытки 1,301030 0,001088
устроить 1,522879 0,001273
дефолт 1,698970 0,001421
могут 0,508638 0,000425
угрожать 1,522879 0,001273
американской 1,301030 0,001088
валюте 1,522879 0,001273
это 0,251812 0,000211
есть 0,522879 0,000437
тот 0,853872 0,000714
предел 1,522879 0,001273
почему 0,366532 0,000766
европе 0,886057 0,001111
заговорили 1,522879 0,001273
трудностях 1,301030 0,001088
приема 1,522879 0,001273
беженцев 1,522879 0,001273
украины 0,721246 0,000905
тактика 1,698970 0,001421
анкары 1,698970 0,001421
приносит 1,522879 0,001273
свои 0,698970 0,001169
плоды 1,698970 0,001421
допустили 1,522879 0,001273
возможность 0,721246 0,000603
продажи 1,096910 0,001376
турции 1,154902 0,001448
истребителей 1,698970 0,002131
f 1,045757 0,001312
полина 1,096910 0,000917
духанова 1,698970 0,001421
возможная 1,698970 0,001421
продажа 1,154902 0,000966
соответствует 1,221849 0,001022
национальной 1,221849 0,001022
считают 1,301030 0,001088
белом 1,522879 0,001273
доме 0,958607 0,000802
говорится 1,522879 0,001273
ответе 1,522879 0,001273
госдепа 1,698970 0,001421
запрос 1,522879 0,001273
группы 1,045757 0,000874
конгрессменов 1,698970 0,001421
следует 1,397940 0,001753
документа 1,698970 0,001421
вашингтон 1,221849 0,001022
рассматривает 1,698970 0,001421
оборонные 1,522879 0,001273
украинский 1,096910 0,000917
ленд 1,397940 0,001169
лиз 1,522879 0,001273
планируют 1,096910 0,000917
поставлять 1,397940 0,001169
оружие 1,096910 0,000917
киеву 1,397940 0,001169
должна 0,920819 0,000770
быть 0,420216 0,000351
равной 1,698970 0,001421
неделимой 1,698970 0,001421
опасный 1,522879 0,001273
прецедент 1,698970 0,001421
продвигает 1,698970 0,001421
инициативу 1,522879 0,001273
исключению 1,698970 0,001421
совета 1,154902 0,001448
правам 1,301030 0,001632
человека 0,537602 0,000899
оон 0,823909 0,001722
французский 1,397940 0,001169
депутат 1,397940 0,001169
сохранить 0,920819 0,000770
российский 0,619789 0,000777
рынок 1,000000 0,001254
товаров 1,522879 0,001273
роскоши 1,698970 0,002131
юлия 0,823909 0,000689
гуреева 1,698970 0,001421
член 1,154902 0,000966
европарламента 1,698970 0,001421
франции 1,000000 0,000836
элен 1,698970 0,001421
лапорт 1,698970 0,001421
направила 1,698970 0,001421
еврокомиссию 1,698970 0,001421
письмо 0,958607 0,000802
поводу 1,301030 0,001088
запрета 1,301030 0,001088
экспорт 1,522879 0,001273
предметов 1,522879 0,001273
мнению 1,221849 0,001022
депутата 1,522879 0,001273
сегменте 1,698970 0,001421
выгодны 1,698970 0,001421
французской 1,221849 0,001022
экономике 1,221849 0,001022
поэтому 0,853872 0,000714
потребительский 1,397940 0,001169
интерес 1,301030 0,001088
россияне 1,000000 0,000836
введения 1,698970 0,001421
стали 0,795880 0,000665
активнее 1,698970 0,001421
покупать 0,886057 0,000741
отечественный 1,301030 0,001088
алкоголь 1,397940 0,001169
шоколад 1,698970 0,001421
еп 1,698970 0,001421
подняли 1,698970 0,001421
вопрос 0,657577 0,000550
мерах 1,522879 0,001273
поддержки 0,823909 0,000689
высокими 1,698970 0,001421
ценами 1,522879 0,001273
бензин 1,301030 0,001088
должны 1,301030 0,001088
дать 1,301030 0,001088
стимул 1,522879 0,001273
проходит 0,886057 0,000741
импортозамещение 1,301030 0,001088
атомной 1,522879 0,001273
отрасли 1,397940 0,001169
захар 1,522879 0,001273
прилепин 1,522879 0,001273
расскажите 1,397940 0,001169
нам 0,619789 0,000518
отца 1,000000 0,000836
сына 1,000000 0,000836
их 0,455932 0,000381
помнить 1,397940 0,001169
героев 1,045757 0,000874
михаил 0,568636 0,000475
ростовский 1,698970 0,001421
апреля 0,283997 0,001306
скромное 1,698970 0,001421
обаяние 1,698970 0,001421
бедности 1,698970 0,001421
энергетическом 1,698970 0,001421
кризисе 1,698970 0,001421
германии 1,000000 0,000836
валерий 1,000000 0,000836
коровин 1,698970 0,001421
повысить 1,397940 0,001169
ставки 1,154902 0,000966
намерении 1,522879 0,001273
расширить 1,698970 0,001421
влияние 1,522879 0,001273
азии 1,301030 0,001088
китая 1,045757 0,000874
максим 0,958607 0,000802
кононенко 1,698970 0,001421
демократия 1,698970 0,001421
демократии 1,522879 0,001273
покупке 1,154902 0,000966
илоном 1,522879 0,001273
маском 1,698970 0,001421
акций 1,522879 0,001273
материально 1,698970 0,001421
техническое 1,522879 0,001273
обеспечение 1,221849 0,001022
подразделений 1,698970 0,001421
вс 1,000000 0,000836
кто 0,408935 0,000342
вы 0,376751 0,000630
мусор 1,522879 0,001273
жители 1,000000 0,000836
мариуполя 0,853872 0,001071
рассказали 0,744727 0,000623
бесчеловечном 1,698970 0,001421
отношении 0,853872 0,001071
людям 1,096910 0,000917
военные 0,853872 0,000714
эвакуировали 1,154902 0,000966
более 0,494850 0,000414
мирных 1,397940 0,001169
жителей 0,853872 0,000714
херсонской 1,154902 0,000966
области 0,721246 0,000603
z 1,221849 0,001022
главные 0,585027 0,000978
кадры 0,958607 0,000802
прежним 1,522879 0,001273
значениям 1,522879 0,001273
опускался 1,698970 0,002131
владимир 0,431798 0,000361
цегоев 1,698970 0,001421
ксения 1,221849 0,001022
чемоданова 1,698970 0,001421
торгах 1,698970 0,001421
четверг 1,154902 0,000966
московской 1,301030 0,001088
бирже 1,301030 0,001088
впервые 0,744727 0,000623
середины 1,522879 0,001273
февраля 0,823909 0,000689
при 0,387216 0,000486
снижался 1,698970 0,001421
рубля 1,045757 0,000874
нацвалюта 1,698970 0,001421
сумела 1,698970 0,001421
полностью 0,795880 0,000665
отыграть 1,698970 0,001421
потери 1,698970 0,001421
последних 1,045757 0,000874
недель 1,397940 0,001169
многом 1,522879 0,001273
расследования 1,221849 0,001022
военных 0,795880 0,000665
преступлений 1,221849 0,001022
территории 1,096910 0,001376
убегая 1,698970 0,001421
точки 1,096910 0,000917
валентина 1,045757 0,000874
никитаева 1,698970 0,001421
вместе 0,744727 0,000623
внуком 1,522879 0,001273
оказалась 1,154902 0,000966
эпицентре 1,698970 0,001421
взрыва 1,698970 0,001421
уберем 1,698970 0,001421
учебников 1,698970 0,001421
истории 0,552842 0,000693
всю 0,795880 0,000665
русофобию 1,397940 0,001169
автоматом 1,698970 0,001421
руках 1,221849 0,001022
воюет 1,397940 0,001169
народный 1,301030 0,001088
губернатор 1,522879 0,001273
донбасса 0,886057 0,000741
губарев 1,698970 0,001421
планируем 1,522879 0,001273
выдачу 1,698970 0,001421
пособий 1,522879 0,001273
пенсий 1,522879 0,001273
рублях 1,301030 0,001088
мэра 1,522879 0,001273
бердянска 1,698970 0,001421
беженцах 1,698970 0,001421
ситуации 1,000000 0,000836
городе 0,958607 0,000802
наказание 1,221849 0,001022
излишнюю 1,698970 0,001421
осторожность 1,698970 0,001421
металлург 1,397940 0,001753
забросил 1,698970 0,002131
две 0,657577 0,000550
шайбы 1,698970 0,001421
секунд 1,397940 0,001169
повел 1,698970 0,001421
серии 0,920819 0,001155
трактором 1,698970 0,002131
магнитогорский 1,698970 0,001421
гостях 1,154902 0,000966
взял 1,397940 0,001169
верх 1,698970 0,001421
третьем 1,522879 0,001910
финала 1,221849 0,001022
конференции 0,958607 0,000802
плей 1,397940 0,001169
офф 1,301030 0,001088
кхл 1,301030 0,001088
встреча 1,000000 0,000836
челябинске 1,397940 0,001169
завершилась 1,301030 0,001088
счетом 1,698970 0,001421
начале 1,096910 0,000917
второго 1,221849 0,001022
ни 0,698970 0,000584
дня 0,443697 0,000742
достижения 1,397940 0,001169
овечкин 1,522879 0,001273
первым 1,154902 0,000966
м 0,698970 0,000877
преодолел 1,698970 0,001421
отметку 1,698970 0,001421
очков 1,522879 0,001273
карьеру 1,301030 0,001088
нхл 1,221849 0,001022
бы 0,585027 0,000489
снять 1,301030 0,001088
фильм 0,795880 0,000665
брумеля 1,698970 0,001421
или 0,292430 0,000367
исинбаеву 1,698970 0,001421
привалова 1,698970 0,001421
развитии 1,698970 0,001421
легкой 1,698970 0,001421
атлетики 1,698970 0,001421
условиях 0,886057 0,000741
хет 1,397940 0,001169
трик 1,522879 0,001273
бензема 1,397940 0,001169
новая 0,677781 0,000567
сенсация 1,698970 0,001421
эмери 1,522879 0,001273
реал 1,698970 0,001421
выиграл 1,397940 0,001169
челси 1,522879 0,001273
бавария 1,522879 0,001273
уступила 1,522879 0,001273
вильярреалу 1,698970 0,001421
лч 1,698970 0,001421
дикий 1,698970 0,001421
цска 1,397940 0,001169
шесть 0,958607 0,000802
шайб 1,698970 0,001421
период 1,221849 0,001022
разгромил 1,698970 0,001421
ска 1,397940 0,001169
кубка 1,522879 0,001273
гагарина 1,301030 0,001088
максимально 1,522879 0,001273
строгий 1,698970 0,001421
вердикт 1,522879 0,001273
рфс 1,522879 0,001273
отстранил 1,698970 0,001421
троих 1,522879 0,001273
судей 1,698970 0,001421
сезона 0,958607 0,000802
карасева 1,698970 0,001421
дисквалифицировал 1,698970 0,001421
один 0,602060 0,000503
матч 1,301030 0,001088
мыслитель 1,698970 0,001421
художник 1,096910 0,000917
рождения 0,677781 0,000567
александра 0,638272 0,000534
герцена 1,698970 0,001421
советский 1,221849 0,001022
внедорожник 1,522879 0,001273
начала 0,769551 0,000965
выпуска 1,397940 0,001169
ваз 1,698970 0,001421
нива 1,397940 0,001169
бог 1,096910 0,000917
кинематографистов 1,698970 0,001421
назад 0,638272 0,000534
родился 1,522879 0,001273
андрей 0,552842 0,000462
тарковский 1,698970 0,001421
я 0,356547 0,000298
слишком 1,154902 0,000966
тщеславный 1,698970 0,001421
человек 0,420216 0,000351
чтобы 0,408935 0,000342
оказаться 1,522879 0,001273
ту 1,000000 0,000836
сторону 1,301030 0,001088
камеры 1,397940 0,001169
дмитрию 1,522879 0,001273
нагиеву 1,698970 0,001421
исполняется 1,522879 0,001273
эрмитаж 1,522879 0,001273
пушкинский 1,301030 0,001088
тест 0,795880 0,001331
главных 0,853872 0,000714
художественных 1,522879 0,001273
галереях 1,522879 0,001273
многие 0,920819 0,000770
картины 1,096910 0,000917
великих 1,221849 0,001022
зарубежных 1,000000 0,000836
художников 1,096910 0,000917
экспонируются 1,698970 0,001421
музеях 1,397940 0,001169
пожалуй 1,397940 0,001169
стране 0,823909 0,000689
собрания 1,522879 0,001273
шедевров 1,397940 0,001169
мировой 0,920819 0,000770
живописи 1,397940 0,001169
находятся 1,397940 0,001169
москве 0,455932 0,000381
санкт 0,769551 0,000643
петербурге 1,045757 0,000874
коллекциях 1,522879 0,001273
гмии 1,397940 0,001169
имени 0,721246 0,000603
пушкина 1,000000 0,000836
эрмитажа 1,698970 0,001421
сможете 1,096910 0,000917
ли 0,387216 0,000324
назвать 1,221849 0,001022
лето 0,853872 0,000714
волонтера 1,522879 0,001273
лукьяненко 1,301030 0,001088
артбук 1,698970 0,001421
вселенной 1,045757 0,000874
metronomicon 1,698970 0,001421
работают 1,154902 0,000966
мэтры 1,698970 0,001421
фантастики 1,522879 0,001273
водная 1,698970 0,001421
гладь 1,698970 0,001421
озерах 1,698970 0,001421
мира 0,537602 0,000450
спасение 1,221849 0,001022
мультивселенной 1,221849 0,001022
бокс 1,154902 0,000966
освенциме 1,397940 0,001169
кинопремьеры 1,522879 0,001273
недели 0,744727 0,000623
альянсы 1,698970 0,001421
блоки 1,698970 0,001421
коалиции 1,522879 0,001273
военно 1,397940 0,001169
политических 1,397940 0,001169
союзах 1,698970 0,001421
восстановить 1,301030 0,001088
нормальную 1,698970 0,001421
структуру 1,522879 0,001273
ученые 0,958607 0,001202
запатентовали 1,698970 0,002131
методику 1,698970 0,001421
лечения 1,522879 0,001910
фиброза 1,698970 0,002131
легких 1,397940 0,001753
надежда 1,000000 0,000836
алексеева 1,397940 0,001169
мгу 1,522879 0,001273
разработали 1,522879 0,001273
принцип 1,522879 0,001273
профилактики 1,698970 0,001421
терапия 1,522879 0,001273
основана 1,522879 0,001273
действии 1,698970 0,001421
биологически 1,698970 0,001421
активных 1,698970 0,001421
веществ 1,397940 0,001753
выделяемых 1,698970 0,001421
особых 1,522879 0,001273
стволовых 1,698970 0,001421
клеток 1,698970 0,002131
мезенхимных 1,698970 0,001421
стромальных 1,698970 0,001421
мск 1,301030 0,001088
донором 1,698970 0,001421
движемся 1,698970 0,001421
замещению 1,522879 0,001273
импорта 1,522879 0,001273
ученый 1,522879 0,001273
селекционер 1,698970 0,001421
обеспечении 1,698970 0,001421
российского 0,698970 0,000584
животноводства 1,698970 0,001421
племенным 1,698970 0,001421
материалом 1,698970 0,001421
претензии 1,698970 0,001421
сохранение 1,301030 0,001088
колониального 1,698970 0,001421
контроля 1,522879 0,001273
привело 1,522879 0,001273
фолклендской 1,698970 0,001421
войне 1,096910 0,000917
аргентиной 1,698970 0,001421
великобританией 1,698970 0,001421
пережиток 1,698970 0,001421
средневековья 1,522879 0,001273
вводили 1,698970 0,001421
упраздняли 1,698970 0,001421
черту 1,698970 0,001421
оседлости 1,698970 0,001421
является 0,853872 0,001071
отступлением 1,698970 0,002131
международных 1,045757 0,001312
обязательств 1,698970 0,002131
досрочно 1,698970 0,002131
прекратит 1,397940 0,001169
полномочия 1,698970 0,002131
спч 0,920819 0,000770
гусаров 1,698970 0,001421
приняла 1,397940 0,001169
решение 0,853872 0,000714
прекратить 1,522879 0,001273
члена 1,698970 0,001421
отметил 1,397940 0,001169
заместитель 1,221849 0,001022
постпреда 1,698970 0,001421
геннадий 1,221849 0,001022
кузьмин 1,522879 0,001273
этот 0,698970 0,000584
шаг 1,397940 0,001169
провокация 1,397940 0,001169
зачем 0,744727 0,000623
хотят 0,886057 0,000741
обвинить 1,698970 0,001421
геноциде 1,698970 0,001421
теперь 0,602060 0,000503
знаю 1,096910 0,000917
они 0,585027 0,000489
живы 1,698970 0,001421
нашел 1,221849 0,001022
родителей 0,958607 0,000802
жительницы 1,698970 0,001421
сочи 0,920819 0,000770
месяц 0,744727 0,000623
выходивших 1,698970 0,001421
связь 0,552842 0,000462
заминировано 1,698970 0,001421
хранилище 1,522879 0,001273
хлора 1,698970 0,001421
заявили 1,397940 0,001169
подготовке 1,522879 0,001273
сбу 1,698970 0,001421
провокации 1,096910 0,000917
использованием 1,522879 0,001273
отравляющих 1,698970 0,001421
english 1,096910 0,000917
deutsch 1,522879 0,001273
fran 1,522879 0,001273
ais 1,522879 0,001273
espa 1,522879 0,001273
ol 1,397940 0,001169
английском 1,221849 0,001022
ruptly 1,698970 0,001421
пресс 0,638272 0,000534
релизы 1,154902 0,000966
канале 1,045757 0,000874
программы 0,721246 0,000603
контакты 0,431798 0,000361
текущие 1,522879 0,001273
закупки 1,698970 0,001421
написать 0,958607 0,000802
редакцию 1,397940 0,001169
партнеров 1,154902 0,000966
автономная 1,522879 0,001273
некоммерческая 1,522879 0,001273
организация 1,301030 0,001088
гг 1,698970 0,001421
права 0,431798 0,000361
защищены 0,602060 0,000503
сетевое 0,677781 0,000567
издание 0,638272 0,000534
зарегистрировано 0,744727 0,000623
роскомнадзором 1,397940 0,001169
августа 0,958607 0,000802
г 0,552842 0,000462
свидетельство 0,638272 0,000534
эл 0,494850 0,000414
фс 0,522879 0,000437
главный 0,522879 0,000437
редактор 0,585027 0,000489
симоньян 1,698970 0,001421
адрес 0,552842 0,000462
редакции 0,443697 0,000371
москва 0,508638 0,000425
боровая 1,698970 0,001421
улица 1,221849 0,001022
телефон 0,677781 0,000567
доб 1,397940 0,001169
e 0,677781 0,000567
mail 0,721246 0,000603
info 0,886057 0,000741
rttv 1,698970 0,001421
политика 0,387216 0,000324
ано 1,522879 0,001273
обработки 0,958607 0,000802
персональных 0,769551 0,000643
данных 0,657577 0,000550
организации 1,045757 0,000874
признанные 1,698970 0,001421
экстремистскими 1,522879 0,001273
запрещенные 1,397940 0,001169
данный 1,522879 0,001273
сайт 0,455932 0,000381
использует 1,301030 0,001088
файлы 1,301030 0,001088
