шоу 0,508638 0,000741
бизнес 0,552842 0,001612
знаменитости 1,522879 0,004440
телепрограмма 0,853872 0,004979
реставрация 1,522879 0,004440
стула 1,522879 0,004440
своими 1,221849 0,003562
руками 1,397940 0,004076
видео 0,327902 0,001434
как 0,187087 0,001091
сочетать 1,698970 0,004953
нежность 1,698970 0,004953
грубость 1,698970 0,004953
одном 0,958607 0,002795
образе 1,522879 0,004440
новости 0,173925 0,001268
звезды 0,769551 0,002244
кино 0,455932 0,001994
здоровье 0,744727 0,002171
афиша 0,795880 0,002320
стиль 0,886057 0,002583
жизни 0,431798 0,001259
подарок 1,096910 0,003198
повода 1,698970 0,004953
pro 1,154902 0,010101
покупки 1,301030 0,003793
спецпроекты 0,657577 0,001917
светлая 1,698970 0,004953
тема 1,221849 0,005343
темная 1,397940 0,004076
анастасия 1,096910 0,006396
морылева 1,698970 0,004953
загугли 1,698970 0,004953
звезду 1,698970 0,004953
александра 0,638272 0,001861
киселева 1,522879 0,004440
закулисье 1,698970 0,004953
сериала 0,920819 0,002685
сестры 1,045757 0,003049
чудом 1,698970 0,004953
попала 1,221849 0,003562
танцы 1,301030 0,003793
отношениях 0,886057 0,002583
мигелем 1,698970 0,004953
последней 1,397940 0,004076
роли 0,958607 0,002795
децла 1,698970 0,004953
эскорте 1,698970 0,004953
актриса 1,154902 0,006734
танцовщица 1,397940 0,004076
модель 1,000000 0,002915
ответила 1,522879 0,004440
самые 0,619789 0,001807
популярные 0,744727 0,002171
запросы 1,698970 0,004953
интернета 1,045757 0,003049
алексей 0,602060 0,002633
заякин 1,698970 0,007430
молча 1,698970 0,004953
стоял 1,522879 0,004440
секунд 1,397940 0,004076
гроба 1,522879 0,006660
путин 0,721246 0,002103
простился 1,045757 0,003049
жириновским 0,585027 0,001706
колонном 1,154902 0,003367
зале 1,096910 0,003198
дома 0,619789 0,001807
союзов 1,045757 0,003049
время 0,356547 0,001039
церемонии 1,397940 0,004076
президент 0,920819 0,002685
страны 0,638272 0,001861
был 0,468521 0,001366
букетом 1,522879 0,004440
красных 1,522879 0,004440
роз 1,522879 0,004440
юлия 0,823909 0,003603
филатова 1,698970 0,004953
настасья 1,522879 0,004440
самбурская 1,698970 0,004953
стала 0,769551 0,002244
звездой 1,096910 0,003198
универа 1,698970 0,004953
оскандалилась 1,698970 0,004953
летучей 1,698970 0,004953
дробышем 1,698970 0,004953
почему 0,366532 0,001069
скрывает 1,301030 0,003793
личную 1,522879 0,004440
жизнь 0,455932 0,001329
сегодня 0,443697 0,001294
востребована 1,698970 0,004953
сцене 1,397940 0,004076
музыкальной 1,698970 0,004953
сфере 0,552842 0,001612
мария 0,698970 0,005095
честная 1,698970 0,012383
внебрачная 1,698970 0,004953
дочь 1,000000 0,002915
жириновского 0,657577 0,004793
ее 0,508638 0,001483
мать 0,795880 0,002320
расплакались 1,698970 0,004953
илья 1,045757 0,003049
богомолов 1,698970 0,004953
попытка 1,154902 0,003367
номер 0,886057 0,002583
три 0,619789 0,001807
аврил 1,221849 0,003562
лавин 1,221849 0,003562
снова 0,744727 0,002171
выходит 0,920819 0,002685
замуж 1,154902 0,003367
рокера 1,698970 0,004953
тодорович 1,698970 0,004953
подъем 1,698970 0,004953
первыми 1,301030 0,003793
петухами 1,698970 0,004953
подольская 1,698970 0,004953
запечатлела 1,698970 0,004953
годовалого 1,698970 0,004953
сына 1,000000 0,002915
преснякова 1,698970 0,004953
пижаме 1,698970 0,004953
новодевичье 1,397940 0,004076
кладбище 1,221849 0,007124
где 0,455932 0,001329
похоронят 1,522879 0,004440
заехала 1,698970 0,004953
машина 1,301030 0,003793
скорой 1,397940 0,004076
помощи 1,045757 0,003049
жена 0,853872 0,002489
родной 1,301030 0,003793
сын 0,886057 0,002583
могут 0,508638 0,001483
приехать 1,698970 0,004953
прощании 1,397940 0,004076
их 0,455932 0,001994
так 0,481486 0,001404
не 0,136677 0,000598
было 0,585027 0,002558
заработки 1,522879 0,004440
надежды 1,096910 0,003198
кадышевой 1,698970 0,004953
года 0,356547 0,001039
певица 1,096910 0,003198
заключила 1,698970 0,004953
контрактов 1,698970 0,004953
миллионов 1,045757 0,003049
рублей 0,585027 0,001706
новодевичьем 1,522879 0,004440
переполох 1,301030 0,003793
толпы 1,522879 0,004440
людей 0,698970 0,002038
собираются 1,522879 0,004440
входа 1,397940 0,004076
похороны 1,221849 0,003562
учредитель 0,657577 0,001917
редакция 0,744727 0,003257
издатель 1,698970 0,007430
журнала 1,154902 0,005051
сайта 0,508638 0,002966
teleprogramma 1,698970 0,014860
ао 0,795880 0,003481
ид 1,698970 0,004953
комсомольская 1,397940 0,006113
правда 0,769551 0,003365
зарегистрировано 0,744727 0,002171
роскомнадзором 1,397940 0,004076
свидетельство 0,638272 0,001861
эл 0,494850 0,001443
фс 0,522879 0,001524
адрес 0,552842 0,001612
учредителя 1,522879 0,004440
редакции 0,443697 0,001294
г 0,552842 0,006447
москва 0,508638 0,001483
ул 0,958607 0,002795
новодмитровская 1,698970 0,004953
д 0,721246 0,002103
а 0,221849 0,000647
стр 1,096910 0,003198
этаж 1,301030 0,003793
tele 1,698970 0,004953
kp 1,522879 0,008880
ru 0,180456 0,001841
заместитель 1,221849 0,003562
генерального 1,522879 0,004440
директора 1,698970 0,004953
лауреат 1,397940 0,008151
рейтинга 1,301030 0,005690
топ 0,677781 0,001976
российских 0,468521 0,001366
менеджеров 1,522879 0,004440
разделе 1,522879 0,004440
сми 0,468521 0,001366
молодых 1,154902 0,003367
медиаменеджеров 1,698970 0,004953
премии 0,823909 0,002402
медиа 0,769551 0,002244
менеджер 1,522879 0,004440
россии 0,251812 0,000734
владислав 1,221849 0,003562
гемст 1,698970 0,004953
главный 0,522879 0,001524
редактор 0,585027 0,002558
павел 0,853872 0,002489
садков 1,698970 0,004953
директор 1,221849 0,007124
проекта 0,886057 0,002583
станислав 1,154902 0,003367
леонидов 1,698970 0,004953
шеф 1,096910 0,003198
екатерина 0,920819 0,002685
болгова 1,698970 0,004953
ekaterina 1,698970 0,004953
bolgova 1,698970 0,004953
phkp 1,698970 0,009907
продвижению 1,698970 0,004953
шибаева 1,698970 0,004953
доб 1,397940 0,006113
anastasiya 1,698970 0,004953
shibaeva 1,698970 0,004953
рекламе 1,522879 0,004440
ольга 0,769551 0,002244
швец 1,698970 0,004953
размещение 0,958607 0,002795
рекламы 0,823909 0,002402
интернет 0,522879 0,001524
сабина 1,698970 0,004953
багирова 1,698970 0,004953
тел 1,301030 0,003793
моб 1,698970 0,004953
e 0,677781 0,001976
mail 0,721246 0,002103
sabina 1,698970 0,004953
bagirova 1,698970 0,004953
исключительные 1,522879 0,004440
права 0,431798 0,001259
материалы 0,481486 0,001404
размещенные 1,397940 0,004076
сетевом 1,522879 0,004440
издании 1,397940 0,004076
www 0,698970 0,002038
соответствии 0,795880 0,002320
законодательством 0,823909 0,002402
российской 0,585027 0,001706
федерации 0,744727 0,002171
охране 1,301030 0,003793
результатов 1,397940 0,004076
интеллектуальной 1,096910 0,003198
деятельности 1,000000 0,002915
принадлежат 1,096910 0,003198
издательский 1,522879 0,004440
дом 0,522879 0,001524
подлежат 1,397940 0,004076
использованию 1,397940 0,004076
другими 1,221849 0,003562
лицами 1,301030 0,003793
какой 0,769551 0,002244
бы 0,585027 0,001706
то 0,522879 0,001524
ни 0,698970 0,002038
форме 1,221849 0,003562
письменного 1,000000 0,002915
разрешения 0,853872 0,002489
правообладателя 0,886057 0,002583
приобретение 1,522879 0,004440
прав 0,853872 0,002489
сообщения 1,045757 0,004573
комментарии 1,000000 0,004373
читателей 0,958607 0,002795
сетевого 1,096910 0,003198
издания 0,795880 0,002320
размещаются 1,522879 0,004440
предварительного 1,301030 0,003793
редактирования 1,522879 0,004440
оставляет 1,301030 0,003793
собой 0,823909 0,002402
право 0,886057 0,002583
удалить 1,301030 0,003793
или 0,292430 0,001279
отредактировать 1,522879 0,004440
указанные 1,522879 0,004440
являются 1,045757 0,003049
злоупотреблением 1,522879 0,004440
свободой 1,301030 0,003793
массовой 1,000000 0,002915
информации 0,698970 0,002038
нарушением 1,522879 0,004440
иных 1,522879 0,004440
требований 1,522879 0,004440
закона 1,045757 0,003049
возрастная 1,522879 0,004440
категория 1,221849 0,003562
политика 0,387216 0,001129
отношении 0,853872 0,002489
обработки 0,958607 0,002795
персональных 0,769551 0,002244
данных 0,657577 0,001917
читайте 0,958607 0,002795
наших 0,823909 0,002402
партнеров 1,154902 0,003367
спорта 0,958607 0,002795
sportkp 1,698970 0,004953
