arzamas 1,522879 0,007125
img 0,795880 0,000559
height 1,221849 0,000572
width 1,221849 0,000572
style 0,823909 0,000578
display 1,522879 0,000712
none 1,522879 0,000712
src 0,795880 0,000559
https 0,721246 0,000506
www 0,698970 0,000327
facebook 0,823909 0,000385
com 0,744727 0,000523
tr 1,522879 0,000712
id 1,154902 0,000540
amp 1,397940 0,000981
ev 1,522879 0,000712
pageview 1,522879 0,000712
noscript 1,522879 0,000712
vk 1,096910 0,001026
rtrg 1,698970 0,001192
p 1,096910 0,000513
nan 1,698970 0,000795
position 0,853872 0,000399
fixed 1,397940 0,000654
left 0,958607 0,000448
px 0,920819 0,000431
alt 0,886057 0,000415
вас 0,721246 0,000506
отключено 1,698970 0,000795
выполнение 1,522879 0,000712
сценариев 1,698970 0,000795
javascript 1,000000 0,000468
измените 1,698970 0,000795
пожалуйста 1,045757 0,000489
настройки 1,045757 0,000489
браузера 1,301030 0,000609
курсы 1,154902 0,001081
журнал 1,000000 0,000702
детская 1,096910 0,000770
комната 1,522879 0,001069
радио 0,795880 0,000931
магазин 0,795880 0,000372
еврейский 1,522879 0,001069
музей 0,958607 0,001345
новая 0,677781 0,000634
третьяковка 1,698970 0,001192
онлайн 0,387216 0,000272
университет 1,698970 0,001590
запад 1,000000 0,000702
восток 1,301030 0,001522
история 0,443697 0,004255
культур 1,522879 0,001069
видеоистория 1,698970 0,001192
русской 0,744727 0,001219
культуры 0,795880 0,002234
русский 0,769551 0,001800
язык 0,823909 0,000964
гой 1,698970 0,001192
еси 1,698970 0,001192
лол 1,698970 0,001192
кек 1,698970 0,001192
что 0,161151 0,001432
такое 0,585027 0,001916
античность 1,698970 0,001192
русское 1,221849 0,001715
искусство 0,886057 0,002902
xx 0,958607 0,006279
века 0,721246 0,006074
русская 1,000000 0,003743
литература 0,958607 0,006279
подарок 1,096910 0,000513
танец 1,397940 0,001308
миниатюра 1,522879 0,000712
из 0,167491 0,000666
часослова 1,698970 0,000795
шарля 1,698970 0,000795
ангулемского 1,698970 0,000795
франция 1,096910 0,001026
годы 0,823909 0,000771
biblioth 1,698970 0,000795
que 1,698970 0,000795
nationale 1,698970 0,000795
de 1,221849 0,000572
france 1,698970 0,000795
latin 1,698970 0,000795
средневекового 1,698970 0,001590
человека 0,537602 0,000503
новом 0,853872 0,000599
курсе 1,096910 0,001026
историка 1,698970 0,001192
олега 1,301030 0,000609
аурова 1,698970 0,000795
том 0,522879 0,000367
как 0,187087 0,003107
средние 1,698970 0,001590
воевали 1,698970 0,000795
кому 1,000000 0,000702
молились 1,522879 0,000712
чему 0,886057 0,000415
учились 1,698970 0,000795
университетах 1,698970 0,000795
строили 1,698970 0,001590
города 0,657577 0,000769
правители 1,698970 0,000795
объясняли 1,698970 0,000795
свое 0,698970 0,000327
право 0,886057 0,000415
власть 1,045757 0,000734
добивались 1,698970 0,001192
верности 1,698970 0,000795
вассалов 1,698970 0,000795
елена 0,769551 0,000360
мурина 1,698970 0,000795
я 0,356547 0,000167
знала 1,522879 0,000712
советская 1,301030 0,000913
должна 0,920819 0,000431
кончиться 1,698970 0,000795
потому 0,920819 0,000431
эта 0,958607 0,000448
химера 1,698970 0,000795
не 0,136677 0,000352
может 0,387216 0,000181
продолжаться 1,698970 0,000795
встрече 1,522879 0,000712
антонием 1,698970 0,000795
сурожским 1,698970 0,000795
искусстве 1,397940 0,000654
людях 1,221849 0,000572
й 1,000000 0,000468
пробы 1,698970 0,000795
лучшее 0,920819 0,000431
сша 0,508638 0,000238
семи 1,301030 0,001217
периодах 1,698970 0,000795
все 0,124939 0,000263
нужно 0,698970 0,000981
знать 1,000000 0,001637
америке 1,397940 0,000654
первых 0,853872 0,000399
колонистов 1,698970 0,000795
терактов 1,698970 0,000795
сентября 1,154902 0,000540
волк 1,096910 0,000513
коза 1,698970 0,000795
капуста 1,698970 0,000795
писателями 1,698970 0,000795
знакомая 1,698970 0,000795
детства 1,154902 0,000540
игра 0,958607 0,001121
интерактивная 1,698970 0,000795
маяковским 1,698970 0,000795
мультфильмы 1,221849 0,000857
классической 1,221849 0,000572
музыкой 1,698970 0,001192
анимация 1,522879 0,000712
работает 0,657577 0,000615
чайковского 1,301030 0,000609
верди 1,522879 0,000712
гласса 1,698970 0,000795
кулинарные 1,522879 0,000712
традиции 1,397940 0,000981
евреев 1,698970 0,000795
восточной 1,397940 0,000654
европы 0,920819 0,000431
разному 1,522879 0,001425
можно 0,420216 0,000197
готовить 1,522879 0,000712
цимес 1,698970 0,000795
форшмак 1,698970 0,000795
даже 0,602060 0,000282
куриный 1,698970 0,000795
бульон 1,698970 0,000795
подготовить 1,522879 0,000712
боевого 1,698970 0,000795
слона 1,522879 0,000712
элементарные 1,698970 0,000795
навыки 1,301030 0,000609
превращению 1,698970 0,000795
животных 1,045757 0,000978
воинов 1,522879 0,000712
застольные 1,698970 0,000795
народов 1,221849 0,000572
кавказа 1,522879 0,001425
гастрономический 1,698970 0,000795
комментарий 1,221849 0,000572
художественной 1,301030 0,000609
литературе 1,301030 0,001826
рецептами 1,698970 0,000795
правила 0,638272 0,000299
жизни 0,431798 0,000707
льва 1,301030 0,000609
ландау 1,698970 0,000795
истреблении 1,698970 0,000795
зануд 1,698970 0,000795
пасьянсе 1,698970 0,000795
теще 1,522879 0,000712
шпионах 1,698970 0,000795
арийских 1,698970 0,000795
девушках 1,522879 0,000712
стихотворений 1,522879 0,001069
любви 0,677781 0,000951
день 0,522879 0,000489
святого 1,397940 0,000981
валентина 1,045757 0,000734
читаем 1,698970 0,001192
комментируем 1,698970 0,001192
любовную 1,698970 0,001192
лирику 1,698970 0,001192
одно 1,045757 0,000734
заклинание 1,698970 0,001192
уновис 1,698970 0,000795
зорвед 1,698970 0,000795
маи 1,698970 0,000795
путеводитель 1,045757 0,000978
объединениям 1,698970 0,000795
художников 1,096910 0,000513
х 0,721246 0,000675
вокруг 1,045757 0,000489
кого 0,823909 0,000771
зачем 0,744727 0,001568
собирались 1,698970 0,000795
русские 0,886057 0,000829
авангардисты 1,698970 0,001590
фактчек 1,698970 0,000795
легенд 1,522879 0,000712
александре 1,698970 0,000795
iii 1,154902 0,000810
почему 0,366532 0,000772
после 0,356547 0,000417
великих 1,221849 0,000572
реформ 1,698970 0,000795
россии 0,251812 0,000589
наступили 1,698970 0,000795
заморозки 1,698970 0,000795
правда 0,769551 0,000720
ли 0,387216 0,000362
александр 0,468521 0,000219
плохо 1,301030 0,000609
говорил 1,397940 0,000654
русски 1,397940 0,000654
при 0,387216 0,000543
этом 0,585027 0,000274
ввел 1,221849 0,000572
стиль 0,886057 0,000415
он 0,455932 0,000747
был 0,468521 0,000219
так 0,481486 0,000676
силен 1,698970 0,000795
смог 1,301030 0,000609
удержать 1,522879 0,000712
крышу 1,698970 0,000795
поезда 1,301030 0,000609
много 0,886057 0,000829
пил 1,698970 0,000795
избегал 1,698970 0,000795
толпы 1,522879 0,000712
выпуске 1,221849 0,000572
рубрики 1,045757 0,000489
собрали 1,522879 0,000712
легенды 0,958607 0,000673
главном 1,096910 0,000513
русском 1,096910 0,000770
императоре 1,698970 0,000795
реакционере 1,698970 0,000795
микрорубрики 1,698970 0,000795
ежедневные 1,698970 0,000795
короткие 1,397940 0,000654
материалы 0,481486 0,000676
которые 0,431798 0,000404
мы 0,327902 0,000844
выпускали 1,698970 0,000795
последние 0,568636 0,000532
три 0,619789 0,000435
года 0,356547 0,000417
реклама 0,346787 0,000162
дня 0,443697 0,000415
пистолеты 1,698970 0,000795
револьверы 1,698970 0,000795
colt 1,698970 0,000795
аниме 1,096910 0,000513
наруто 1,522879 0,000712
этикетка 1,698970 0,000795
счетные 1,698970 0,000795
палочки 1,698970 0,000795
архив 1,000000 0,000702
мир 0,431798 0,001717
лекций 1,522879 0,066615
главные 0,585027 0,002600
философские 1,698970 0,006756
вопросы 0,638272 0,002538
сезон 0,721246 0,006074
где 0,455932 0,000747
добро 1,154902 0,000810
а 0,221849 0,000571
зло 1,397940 0,000981
веничка 1,698970 0,001192
ерофеев 1,698970 0,001192
москвой 1,522879 0,001069
петушками 1,698970 0,001192
лекции 1,301030 0,031346
япония 0,823909 0,000578
тоталитаризме 1,698970 0,001192
жили 1,522879 0,001781
обыкновенные 1,522879 0,001781
люди 0,585027 0,001232
императоры 1,698970 0,001192
древнем 1,698970 0,001590
риме 1,698970 0,001590
нам 0,619789 0,000725
довлатов 1,698970 0,001192
ленинград 1,522879 0,001069
природа 1,221849 0,000857
московской 1,301030 0,000913
архитектуры 1,522879 0,001069
василия 1,397940 0,000981
темного 1,698970 0,001192
наших 0,823909 0,001156
дней 0,744727 0,001045
материала 1,397940 0,025833
берлинская 1,698970 0,001192
стена 1,698970 0,001192
строительства 1,522879 0,001069
падения 1,221849 0,000857
польское 1,698970 0,001192
кино 0,455932 0,000640
визитные 1,698970 0,001987
карточки 1,522879 0,001781
материалов 0,585027 0,013274
зигмунд 1,698970 0,001192
фрейд 1,698970 0,001192
толкования 1,698970 0,001192
деловые 1,698970 0,001192
xix 1,096910 0,001796
английская 1,698970 0,001192
культурные 1,397940 0,000981
коды 1,522879 0,001069
экономики 1,045757 0,000734
страны 0,638272 0,000597
живут 1,045757 0,000734
страсть 1,397940 0,000981
золотая 1,301030 0,000913
клетка 1,698970 0,001192
переделкино 1,698970 0,001192
е 0,823909 0,000771
оптина 1,698970 0,001192
пустынь 1,698970 0,001192
стала 0,769551 0,000720
главным 1,221849 0,000857
русским 1,522879 0,001069
монастырем 1,698970 0,001192
романовы 1,698970 0,001192
александра 0,638272 0,000597
i 0,823909 0,000578
николая 1,154902 0,001081
ii 1,221849 0,001143
читать 0,698970 0,001145
любимые 1,221849 0,001429
книги 0,602060 0,000563
новому 1,301030 0,000913
древней 1,096910 0,001283
греции 1,045757 0,000978
путешествие 1,000000 0,000936
еды 1,698970 0,001987
любим 1,397940 0,000981
кельтов 1,698970 0,001192
стругацкие 1,522879 0,001069
ниичаво 1,698970 0,001192
зоне 1,301030 0,000913
гитлер 1,698970 0,001192
немцы 1,301030 0,000913
вышло 1,522879 0,001069
марк 1,154902 0,000810
шагал 1,698970 0,001192
стал 0,585027 0,000411
всемирным 1,698970 0,001192
художником 1,522879 0,001069
лесков 1,522879 0,001069
его 0,346787 0,000649
чудные 1,698970 0,001192
герои 0,958607 0,000673
культура 0,619789 0,000580
японии 0,958607 0,000673
пяти 1,698970 0,001987
предметах 1,698970 0,001590
есть 0,522879 0,000367
истина 1,522879 0,001069
придумал 1,522879 0,001069
бетховен 1,698970 0,001192
первопроходцы 1,698970 0,001192
кто 0,408935 0,001339
открывал 1,698970 0,001192
сибирь 1,698970 0,001192
дальний 1,397940 0,000981
сирийские 1,698970 0,001192
мистики 1,522879 0,001069
аде 1,698970 0,001192
игрушках 1,698970 0,001192
эросе 1,698970 0,001192
прокрастинации 1,698970 0,001192
романтизм 1,522879 0,001069
изменил 1,397940 0,001635
финляндия 1,154902 0,000810
атом 1,698970 0,001192
нашу 1,301030 0,001217
жизнь 0,455932 0,000853
данте 1,698970 0,001192
божественная 1,698970 0,001192
комедия 0,920819 0,000646
шведская 1,698970 0,001192
надо 0,795880 0,000559
такой 0,795880 0,001489
троцкий 1,522879 0,001069
теории 1,698970 0,001192
заговора 1,698970 0,001192
античности 1,522879 0,001069
ведут 1,221849 0,000857
дневники 1,397940 0,000981
историки 1,698970 0,001192
их 0,455932 0,000640
читают 1,301030 0,000913
помпеи 1,698970 0,001192
извержения 1,698970 0,001192
везувия 1,698970 0,001192
народные 1,301030 0,000913
песни 0,886057 0,000622
русского 0,769551 0,000900
метро 1,045757 0,000734
истории 0,552842 0,001035
культуре 1,522879 0,002850
людей 0,698970 0,000654
идиш 1,522879 0,001069
кафка 1,397940 0,000981
кафкианство 1,698970 0,001192
ленин 1,301030 0,000913
знаем 1,397940 0,000981
антихристе 1,698970 0,001192
джеймс 1,096910 0,000770
джойс 1,698970 0,001192
роман 0,638272 0,000448
улисс 1,698970 0,001192
существует 1,221849 0,000857
свобода 1,301030 0,000913
молодой 1,096910 0,000770
папа 1,154902 0,000810
церковь 1,522879 0,001069
сериале 1,096910 0,000770
антропология 1,698970 0,002782
севера 1,698970 0,001192
живет 1,045757 0,000734
там 0,769551 0,000540
холодно 1,301030 0,000913
китайскую 1,698970 0,001192
поэзию 1,698970 0,001192
экономика 0,568636 0,000532
пиратства 1,698970 0,001192
денег 1,096910 0,000770
выпусков 1,698970 0,001987
революция 1,397940 0,001635
изменила 1,522879 0,001069
русскую 1,154902 0,002161
литературу 1,397940 0,001635
бог 1,096910 0,000770
композитор 1,301030 0,000913
владимир 0,431798 0,000303
мартынов 1,698970 0,001192
музыке 1,301030 0,000913
слышимой 1,698970 0,001192
неслышимой 1,698970 0,001192
открывая 1,522879 0,003562
россию 0,568636 0,001463
ямал 1,397940 0,000981
криминология 1,698970 0,001192
изучают 1,698970 0,001192
преступность 1,698970 0,001192
преступников 1,698970 0,001192
байкало 1,698970 0,001192
амурская 1,698970 0,001192
магистраль 1,698970 0,001192
введение 1,698970 0,001192
гендерные 1,522879 0,001069
исследования 1,221849 0,000857
документальное 1,522879 0,001069
вымыслом 1,698970 0,001192
реальностью 1,698970 0,001192
чего 0,769551 0,000720
состоит 1,698970 0,001192
игры 0,744727 0,001219
престолов 1,397940 0,000981
владимира 0,721246 0,000506
набокова 1,522879 0,001069
краткая 1,522879 0,001425
татар 1,221849 0,000857
чувствуем 1,698970 0,001192
архитектуру 1,522879 0,001069
американская 1,397940 0,001635
любовь 0,585027 0,000958
христа 1,397940 0,000981
пазухой 1,698970 0,001192
сироты 1,698970 0,001192
чувств 1,698970 0,001192
первый 0,585027 0,000411
авангардист 1,698970 0,001192
увидеть 1,698970 0,001192
глазами 1,397940 0,001635
современников 1,698970 0,001192
исламской 1,522879 0,001069
византии 1,698970 0,001192
кризисах 1,698970 0,001192
иваново 1,397940 0,000981
великобритании 1,522879 0,001069
аббатстве 1,698970 0,001192
даунтон 1,522879 0,001069
самозванцы 1,522879 0,001069
поэзия 1,154902 0,000810
политика 0,387216 0,000362
век 0,920819 0,001077
особенности 1,397940 0,000981
национальных 1,522879 0,001069
эмоций 1,397940 0,000981
секретов 1,698970 0,001192
евгения 0,853872 0,000599
онегина 1,522879 0,001069
нужны 0,886057 0,000622
паспорт 1,397940 0,000981
фио 1,397940 0,000981
подпись 1,698970 0,001192
фото 0,568636 0,000399
документы 0,920819 0,000646
завоевания 1,522879 0,001069
сахалин 1,301030 0,000913
сталин 1,397940 0,000981
вождь 1,522879 0,001069
страна 1,045757 0,000734
ученые 0,958607 0,000673
против 0,387216 0,000634
поп 1,522879 0,001069
чем 0,387216 0,000453
смысл 1,154902 0,000810
приключения 0,853872 0,000599
моне 1,522879 0,001069
матисса 1,698970 0,001192
пикассо 1,397940 0,000981
эйзенштейна 1,698970 0,001192
блокада 1,301030 0,000913
ленинграда 1,698970 0,001192
современный 1,221849 0,000857
железные 1,698970 0,001590
дороги 1,096910 0,001026
изменили 1,522879 0,001069
эпохи 1,154902 0,001081
сартра 1,698970 0,001192
годара 1,698970 0,001192
брижит 1,698970 0,001192
бардо 1,698970 0,001192
лев 1,000000 0,000702
толстой 1,154902 0,000810
всех 0,552842 0,000647
россия 0,455932 0,000533
америка 1,522879 0,001069
отношений 1,045757 0,000734
придумать 1,698970 0,001192
свою 0,619789 0,000435
историю 0,795880 0,001117
иностранцев 1,522879 0,001069
православной 1,698970 0,001192
человек 0,420216 0,000295
ссср 0,795880 0,000931
булгакова 1,301030 0,000913
весь 0,721246 0,000675
шекспир 1,522879 0,001069
древняя 1,522879 0,001069
греция 1,698970 0,001192
блеск 1,301030 0,000913
нищета 1,397940 0,000981
российской 0,585027 0,000411
империи 1,397940 0,000981
анны 1,154902 0,000810
ахматовой 1,397940 0,000981
жанна 1,522879 0,001069
д 0,721246 0,000506
арк 1,698970 0,001192
мифа 1,698970 0,001192
екатерине 1,698970 0,001192
великой 0,958607 0,001345
социология 1,698970 0,001192
наука 0,585027 0,000684
здравом 1,698970 0,001192
смысле 1,301030 0,000913
такие 0,958607 0,000673
декабристы 1,698970 0,001192
военное 1,221849 0,000857
византия 1,698970 0,001192
для 0,107905 0,000227
начинающих 1,221849 0,000857
закон 1,154902 0,000810
порядок 1,045757 0,000734
xviii 1,397940 0,001308
слушать 1,045757 0,000734
классическую 1,698970 0,001192
музыку 1,397940 0,001308
повседневная 1,698970 0,001192
парижа 1,397940 0,000981
понять 1,000000 0,001170
японию 1,522879 0,001069
рождение 1,397940 0,000981
смерть 0,823909 0,000578
русских 0,795880 0,000745
князей 1,698970 0,001192
скрывают 1,522879 0,001069
архивы 1,397940 0,000981
авангард 1,397940 0,000981
материал 1,045757 0,001712
петербург 0,886057 0,000622
накануне 1,221849 0,000857
революции 1,301030 0,001217
доктор 0,769551 0,000540
живаго 1,522879 0,001069
бориса 1,154902 0,000810
пастернака 1,397940 0,000981
коммуналки 1,698970 0,001192
эпос 1,522879 0,001781
архитектура 1,301030 0,000913
средство 1,154902 0,000810
коммуникации 1,698970 0,001192
дендизма 1,698970 0,001192
генеалогия 1,698970 0,001192
патриотизма 1,522879 0,001069
несоветская 1,698970 0,001192
философия 1,301030 0,000913
преступление 1,045757 0,000734
наказание 1,221849 0,000857
понимать 1,522879 0,001069
живопись 1,221849 0,000857
мифы 1,154902 0,000810
южной 1,698970 0,001192
америки 1,221849 0,000857
неизвестный 1,301030 0,000913
лермонтов 1,301030 0,000913
греческий 1,522879 0,001069
проект 0,568636 0,000399
екатерины 1,522879 0,001069
вымыслы 1,698970 0,001192
цыганах 1,698970 0,001192
исторические 1,096910 0,000770
подделки 1,698970 0,001192
подлинники 1,522879 0,001069
театр 0,795880 0,000559
английского 1,522879 0,001069
возрождения 1,522879 0,001069
древний 1,397940 0,000981
египет 1,522879 0,001069
месопотамия 1,698970 0,000795
хватило 1,397940 0,000654
программы 0,721246 0,000506
пятого 1,522879 0,000712
класса 1,301030 0,000609
сделать 0,886057 0,000622
мумию 1,698970 0,000795
инструкция 1,397940 0,001308
древнего 1,397940 0,001308
египта 1,221849 0,000857
смотреть 0,552842 0,000259
выставке 1,397940 0,000654
ассирийского 1,698970 0,000795
искусства 0,886057 0,000415
эрмитаже 1,522879 0,000712
предсказания 1,522879 0,000712
оракулов 1,698970 0,000795
самый 0,769551 0,000360
интерьеры 1,522879 0,000712
дворцов 1,522879 0,000712
другие 0,568636 0,001064
сокровища 1,698970 0,000795
делят 1,698970 0,000795
год 0,508638 0,000357
разные 1,045757 0,000489
задержка 1,698970 0,000795
вод 1,522879 0,000712
месяц 0,744727 0,000348
выхода 1,000000 0,000468
убийцы 1,221849 0,000572
малое 1,698970 0,000795
изобилие 1,522879 0,000712
месяцы 1,522879 0,000712
восьми 1,397940 0,000654
календарей 1,698970 0,000795
древних 1,397940 0,000981
письма 1,096910 0,000513
дворянин 1,522879 0,000712
влюбленный 1,522879 0,000712
извозчика 1,698970 0,000795
брошенный 1,698970 0,000795
муж 1,154902 0,000540
образованная 1,698970 0,000795
новгородка 1,698970 0,000795
писем 1,522879 0,001069
школьников 1,221849 0,000857
учащиеся 1,522879 0,000712
месопотамии 1,698970 0,001590
александрии 1,698970 0,000795
великого 1,096910 0,000513
новгорода 1,397940 0,000981
образованию 1,698970 0,000795
тяготах 1,698970 0,000795
фараонов 1,698970 0,001192
называли 1,397940 0,000654
фараонами 1,698970 0,000795
откуда 1,000000 0,000468
взялось 1,698970 0,000795
слово 0,795880 0,000372
фараон 1,698970 0,000795
оно 1,221849 0,000572
никогда 0,958607 0,000448
было 0,585027 0,000411
официальным 1,397940 0,000654
царским 1,698970 0,000795
титулом 1,698970 0,000795
звучал 1,698970 0,000795
гильгамеше 1,698970 0,000795
специалист 1,397940 0,000654
раннеаккадской 1,698970 0,000795
читает 1,522879 0,000712
отрывок 1,301030 0,000609
аккадском 1,698970 0,000795
языке 0,886057 0,000622
приворожить 1,522879 0,000712
возлюбленного 1,698970 0,000795
шагов 1,522879 0,000712
успеху 1,698970 0,000795
взаимности 1,698970 0,000795
египте 1,698970 0,000795
визитных 1,698970 0,000795
карточек 1,522879 0,000712
крылатые 1,397940 0,000654
быки 1,522879 0,000712
зиккураты 1,698970 0,000795
ворота 1,698970 0,000795
богини 1,522879 0,000712
иштар 1,698970 0,000795
памятники 1,397940 0,000654
пирамиды 1,397940 0,000654
говорят 0,886057 0,000415
смерти 0,744727 0,000348
бессмертии 1,698970 0,000795
лувра 1,698970 0,000795
торговых 1,397940 0,000654
центров 1,522879 0,000712
вооружения 1,522879 0,000712
изобретения 1,698970 0,000795
повлиявшие 1,698970 0,000795
войн 1,397940 0,000654
проклятие 1,301030 0,000609
мумии 1,522879 0,001069
возникла 1,698970 0,000795
египетская 1,698970 0,000795
готика 1,522879 0,000712
сюжет 1,000000 0,000468
египетских 1,698970 0,000795
проклятиях 1,698970 0,000795
европейской 1,698970 0,000795
победить 1,154902 0,000540
болезнь 1,522879 0,000712
жителей 0,853872 0,000399
хорезма 1,698970 0,000795
экспонатах 1,698970 0,000795
музея 1,154902 0,000540
востока 1,397940 0,000654
гопатшах 1,698970 0,000795
зороастрий 1,698970 0,000795
ские 1,698970 0,000795
жрецы 1,698970 0,000795
вешали 1,698970 0,000795
крышки 1,698970 0,000795
стены 1,522879 0,000712
хорезм 1,698970 0,000795
это 0,251812 0,000118
среднеазиатский 1,698970 0,000795
голосование 1,154902 0,001081
маска 1,096910 0,000513
чехла 1,698970 0,000795
выберите 0,920819 0,000862
предмет 1,522879 0,001425
запасников 1,698970 0,001590
гмии 1,397940 0,001308
им 0,602060 0,000704
пушкина 1,000000 0,000936
окажется 1,397940 0,001308
экспозиции 1,221849 0,001143
фрагменты 1,397940 0,000654
шумерской 1,698970 0,000795
статуи 1,698970 0,000795
плита 1,522879 0,000712
надписью 1,698970 0,000795
ашшурнацирапала 1,698970 0,000795
хотите 0,958607 0,000448
быть 0,420216 0,000197
всего 0,721246 0,000337
подпишитесь 1,096910 0,000513
рассылку 1,000000 0,000702
вам 0,638272 0,000299
понравится 1,698970 0,000795
обещаем 1,522879 0,000712
писать 1,000000 0,000468
редко 1,522879 0,000712
делу 1,000000 0,000468
спасибо 1,000000 0,000468
будем 1,221849 0,000572
держать 1,522879 0,000712
введите 1,096910 0,001026
правильный 1,301030 0,001217
e 0,677781 0,000951
mail 0,721246 0,001012
спецпроекты 0,657577 0,000308
юрия 1,154902 0,000540
лотмана 1,698970 0,000795
рассказывает 0,958607 0,000448
одного 0,769551 0,000720
главных 0,853872 0,000599
ученых 1,397940 0,000981
гуманитариев 1,698970 0,000795
публикует 1,698970 0,000795
ранее 0,958607 0,000448
выходившую 1,698970 0,000795
статью 1,301030 0,000609
знаменитый 1,154902 0,000540
цикл 1,096910 0,000513
беседы 1,698970 0,000795
волшебные 1,397940 0,000654
ключи 1,522879 0,000712
какие 0,494850 0,000232
слова 1,045757 0,000489
открывают 1,698970 0,000795
каменную 1,698970 0,000795
дверь 1,522879 0,000712
сказать 1,154902 0,000540
пороге 1,522879 0,000712
чужого 1,698970 0,000795
дома 0,619789 0,000290
новый 0,408935 0,000191
стоит 0,619789 0,000290
помнить 1,397940 0,000654
когда 0,397940 0,000186
пытаешься 1,698970 0,000795
проникнуть 1,698970 0,000795
сокровищницу 1,698970 0,000795
разбойников 1,522879 0,000712
тест 0,795880 0,000372
шесть 0,958607 0,000673
рассказов 1,522879 0,000712
магических 1,698970 0,000795
паролях 1,698970 0,000795
смелость 1,698970 0,000795
второй 0,769551 0,000360
детский 1,000000 0,000936
подкаст 1,301030 0,000913
пришлось 1,154902 0,000540
пережить 1,522879 0,000712
ученым 1,698970 0,000795
прежде 1,045757 0,000489
признали 1,698970 0,000795
великими 1,698970 0,000795
аудиоспектакль 1,698970 0,000795
старший 1,221849 0,000572
брат 1,301030 0,000609
смотрит 1,522879 0,000712
тебя 1,045757 0,000489
аудиоверсия 1,522879 0,000712
самой 1,000000 0,000468
знаменитой 1,522879 0,000712
антиутопии 1,698970 0,000795
романа 1,045757 0,000489
джорджа 1,397940 0,000654
оруэлла 1,698970 0,000795
павла 1,301030 0,000609
грушко 1,698970 0,001192
поэта 1,154902 0,000810
переводчика 1,698970 0,000795
рассказанная 1,522879 0,000712
самим 1,698970 0,000795
павел 0,853872 0,000399
голоде 1,698970 0,000795
сталине 1,397940 0,000654
оттепели 1,698970 0,000795
кубе 1,522879 0,000712
федерико 1,522879 0,000712
гарсиа 1,698970 0,000795
лорке 1,698970 0,000795
пабло 1,397940 0,000654
неруде 1,698970 0,000795
других 0,795880 0,000372
испаноязычных 1,698970 0,000795
поэтах 1,698970 0,001192
игр 1,221849 0,000572
минут 0,920819 0,000646
видеоликбез 1,698970 0,000795
шахмат 1,301030 0,000609
го 1,397940 0,000654
покемонов 1,698970 0,000795
видеоигр 1,301030 0,000609
городов 1,221849 0,000572
аудиокурс 1,698970 0,000795
антрополога 1,698970 0,000795
стрепетова 1,698970 0,000795
венгерскому 1,698970 0,000795
немых 1,698970 0,000795
фильмов 0,795880 0,000372
дух 1,096910 0,000513
английской 1,522879 0,001069
литературы 0,920819 0,000646
оцифрованный 1,698970 0,000795
натальи 1,301030 0,000609
трауберг 1,698970 0,000795
словесности 1,698970 0,000795
комментариями 1,698970 0,001590
филолога 1,698970 0,000795
эппле 1,698970 0,000795
аудиогид 1,698970 0,000795
мцд 1,522879 0,000712
коротких 1,397940 0,001308
историй 1,096910 0,000513
одинцова 1,698970 0,000795
лобни 1,698970 0,000795
первые 0,795880 0,000372
советские 0,958607 0,000448
автогонки 1,698970 0,000795
потерянная 1,698970 0,000795
могила 1,698970 0,000795
малевича 1,698970 0,000795
чудесное 1,698970 0,000795
возвращение 0,958607 0,000448
лобненских 1,698970 0,000795
чаек 1,698970 0,000795
неожиданные 1,698970 0,000795
связанные 1,397940 0,000654
станциями 1,698970 0,000795
московских 1,221849 0,000857
центральных 1,698970 0,000795
диаметров 1,698970 0,000795
кибернетика 1,698970 0,000795
историях 1,698970 0,000795
картинках 1,522879 0,000712
важной 1,522879 0,000712
частью 1,096910 0,000513
советской 1,221849 0,000572
нарядите 1,698970 0,000795
елку 1,522879 0,000712
развесьте 1,698970 0,000795
игрушки 1,522879 0,000712
двух 0,853872 0,000599
елках 1,698970 0,000795
разного 1,301030 0,000609
времени 0,698970 0,000327
узнайте 1,301030 0,000609
объясняем 1,221849 0,000572
бургерах 1,698970 0,000795
курс 0,744727 0,000523
григория 1,522879 0,000712
баженова 1,698970 0,000795
всем 0,853872 0,000599
гусьгусь 1,698970 0,000795
запустили 1,397940 0,000654
детское 1,522879 0,000712
приложение 0,886057 0,000415
лекциями 1,698970 0,000795
подкастами 1,698970 0,000795
сказками 1,698970 0,000795
нижний 0,853872 0,000399
новгород 0,886057 0,000415
нижнего 1,221849 0,000572
подробный 1,698970 0,000795
самым 0,920819 0,000431
интересным 1,397940 0,000654
местам 1,522879 0,000712
области 0,721246 0,000337
устроен 1,698970 0,001192
балет 1,301030 0,000609
создании 1,522879 0,000712
балета 1,154902 0,000810
рассказывают 1,397940 0,000981
хореограф 1,698970 0,000795
сценограф 1,698970 0,000795
художники 1,045757 0,000734
солистка 1,397940 0,000654
авторы 0,823909 0,000385
шахерезады 1,698970 0,000795
римского 1,522879 0,000712
корсакова 1,522879 0,000712
пермском 1,522879 0,000712
театре 1,045757 0,000489
оперы 1,221849 0,000572
великую 1,698970 0,000795
отечественную 1,698970 0,000795
войну 1,301030 0,000609
аудиоматериалы 1,698970 0,000795
основе 0,958607 0,000448
дневников 1,698970 0,000795
интервью 0,522879 0,000367
очевидцев 1,522879 0,000712
c 0,721246 0,000337
война 0,795880 0,000372
невоенное 1,698970 0,000795
отечественной 1,154902 0,000810
войне 1,096910 0,000513
повесть 1,154902 0,000540
турдейская 1,698970 0,000795
манон 1,698970 0,000795
леско 1,698970 0,000795
санитарном 1,698970 0,000795
поезде 1,154902 0,000540
прочитанная 1,698970 0,000795
наумом 1,698970 0,000795
клейманом 1,698970 0,000795
фотохроника 1,522879 0,000712
солдатской 1,698970 0,000795
боями 1,698970 0,000795
песен 1,221849 0,000572
военных 0,795880 0,000372
лет 0,366532 0,000257
фландрия 1,698970 0,000795
музеи 1,096910 0,000513
представительство 1,698970 0,001590
фландрии 1,698970 0,000795
видеоэкскурсии 1,698970 0,000795
лучшим 1,221849 0,000572
музеям 1,397940 0,000654
бельгии 1,698970 0,000795
разборы 1,698970 0,000795
картин 1,096910 0,000513
фламандских 1,698970 0,000795
гениев 1,698970 0,000795
первое 0,886057 0,000415
знакомство 1,301030 0,000609
именами 1,698970 0,000795
местами 1,397940 0,000654
заслуживают 1,698970 0,000795
чтобы 0,408935 0,000574
знали 1,522879 0,000712
центр 0,537602 0,000252
толерантности 1,698970 0,000795
лучших 1,096910 0,000770
российских 0,468521 0,000219
музеев 1,096910 0,000513
еврейского 1,698970 0,000795
народа 1,221849 0,000572
видеороликах 1,698970 0,000795
артефактах 1,698970 0,000795
рассказах 1,698970 0,000795
музыка 0,677781 0,000634
затерянных 1,698970 0,000795
храмах 1,698970 0,000795
тверскую 1,698970 0,000795
область 1,045757 0,000489
перемотка 1,698970 0,000795
основанные 1,698970 0,000795
старых 1,301030 0,000609
записях 1,698970 0,000795
семейных 1,522879 0,000712
архивов 1,698970 0,001192
аудиодневниках 1,698970 0,000795
звуковых 1,698970 0,000795
посланиях 1,698970 0,000795
или 0,292430 0,000137
разговорах 1,698970 0,001192
близкими 1,522879 0,000712
сохранились 1,698970 0,000795
только 0,283997 0,000133
пленке 1,698970 0,000795
диване 1,522879 0,000712
новогодний 1,522879 0,000712
марафон 1,397940 0,000654
ролики 1,522879 0,000712
сотрудников 1,397940 0,000654
оркестр 1,698970 0,000795
рассказываем 1,045757 0,000489
помощью 0,769551 0,000360
оркестра 1,522879 0,000712
musicaeterna 1,698970 0,000795
шестой 1,397940 0,000654
симфонии 1,698970 0,000795
малера 1,698970 0,000795
британская 1,301030 0,000609
хора 1,522879 0,000712
хардкора 1,698970 0,000795
жанры 1,045757 0,000489
понятия 1,522879 0,000712
имена 1,154902 0,000540
британской 1,698970 0,000795
музыки 1,096910 0,000513
объяснениях 1,698970 0,000795
плейлистах 1,698970 0,000795
марсель 1,522879 0,000712
бротарс 1,698970 0,000795
концептуалиста 1,698970 0,000795
надгробию 1,698970 0,000795
значат 1,698970 0,000795
мидии 1,698970 0,000795
скорлупа 1,698970 0,000795
пальмы 1,522879 0,000712
творчестве 1,154902 0,000540
бельгийского 1,698970 0,000795
художника 1,045757 0,000489
фильмах 1,522879 0,000712
галереях 1,522879 0,000712
подкасте 1,698970 0,000795
семь 1,000000 0,000468
эпох 1,698970 0,000795
роликах 1,698970 0,000795
курсов 1,698970 0,000795
писателях 1,698970 0,000795
любой 0,769551 0,000360
вкус 1,397940 0,000654
хрестоматии 1,698970 0,000795
словари 1,698970 0,000795
самоучители 1,698970 0,000795
тесты 0,823909 0,000385
провести 1,045757 0,000489
время 0,356547 0,000167
детьми 1,096910 0,000513
полезно 1,698970 0,000795
интересно 1,301030 0,000609
отобранные 1,698970 0,000795
экспертами 1,301030 0,000609
аудиоархив 1,698970 0,000795
анри 1,522879 0,000712
волохонского 1,698970 0,000795
коллекция 1,045757 0,000489
записей 1,522879 0,000712
стихов 1,301030 0,000609
прозы 1,301030 0,000609
воспоминаний 1,698970 0,000795
самых 0,585027 0,000274
легендарных 1,522879 0,001069
поэтов 1,301030 0,000609
ленинградского 1,698970 0,000795
андеграунда 1,698970 0,000795
начала 0,769551 0,000360
годов 1,045757 0,000489
суперкурс 1,698970 0,000795
университета 1,154902 0,000540
варягов 1,698970 0,000795
рок 1,154902 0,000540
концертов 1,221849 0,000572
старославянский 1,698970 0,000795
сленг 1,397940 0,000654
оканье 1,698970 0,000795
мат 1,522879 0,000712
мефодий 1,698970 0,000795
розенталь 1,698970 0,000795
видео 0,327902 0,000307
подкастах 1,698970 0,000795
методическими 1,698970 0,000795
учителей 1,397940 0,000654
лекциях 1,698970 0,001987
китайской 1,522879 0,000712
поэзии 1,221849 0,000572
французской 1,221849 0,000572
шпаргалках 1,698970 0,001192
играх 1,522879 0,001069
странных 1,221849 0,000572
каникулы 1,301030 0,000913
новогодняя 1,698970 0,000795
редакции 0,443697 0,000208
лучшие 0,657577 0,000461
проводим 1,698970 0,000795
вместе 0,744727 0,000348
дягилева 1,522879 0,000712
павленского 1,698970 0,000795
должен 0,886057 0,000415
каждый 0,721246 0,000506
разложено 1,522879 0,000712
полочкам 1,397940 0,000654
европейский 1,221849 0,000572
санкт 0,769551 0,000360
петербурге 1,045757 0,000489
один 0,602060 0,000282
вузов 1,698970 0,000795
открывает 1,154902 0,000540
желающих 1,698970 0,000795
пушкинский 1,301030 0,000609
старыми 1,698970 0,000795
мастерами 1,698970 0,000795
разбор 1,221849 0,000572
импрессионистов 1,397940 0,000654
состязание 1,698970 0,000795
древностей 1,698970 0,000795
стикеры 1,522879 0,001069
картинки 1,096910 0,000513
чатов 1,698970 0,000795
проверенные 1,397940 0,000654
веками 1,522879 0,000712
арзамасу 1,698970 0,000795
дружеское 1,698970 0,000795
общество 0,494850 0,000232
литераторов 1,522879 0,000712
навсегда 1,000000 0,000468
изменило 1,698970 0,000795
культуру 1,301030 0,000609
курсах 1,522879 0,000712
события 0,638272 0,000299
факты 1,096910 0,000513
цитаты 1,096910 0,000513
август 1,397940 0,000654
шпаргалки 1,522879 0,000712
то 0,522879 0,000245
еще 0,327902 0,000153
никто 1,000000 0,000468
видел 1,522879 0,000712
идеальный 1,154902 0,000540
телевизор 1,522879 0,000712
монологи 1,522879 0,000712
воспоминания 1,397940 0,000654
замечательных 1,522879 0,000712
классика 1,154902 0,000540
начало 0,853872 0,000399
четыре 0,795880 0,000372
учителя 1,154902 0,000540
своих 0,657577 0,000308
любимых 1,045757 0,000489
произведениях 1,698970 0,000795
школьной 1,397940 0,000654
подписка 0,823909 0,000578
еженедельную 1,698970 0,000795
оставьте 1,522879 0,001069
ваш 0,721246 0,000506
получать 0,853872 0,000599
наши 0,744727 0,000523
новости 0,173925 0,000122
проекте 0,657577 0,000308
лекторы 1,698970 0,000795
команда 0,853872 0,000399
лицензия 1,698970 0,000795
конфиденциальности 0,744727 0,000348
обратная 0,585027 0,000274
связь 0,552842 0,000259
одноклассники 0,823909 0,000385
youtube 0,721246 0,000337
подкасты 0,698970 0,000327
twitter 0,769551 0,000360
telegram 0,744727 0,000348
rss 0,823909 0,000385
ответах 1,522879 0,000712
экспертов 1,096910 0,000513
новые 0,337242 0,000158
знания 1,397940 0,000654
права 0,431798 0,000202
защищены 0,602060 0,000282
потерять 1,698970 0,000795
подписку 1,301030 0,000609
ухода 1,221849 0,000572
visa 1,397940 0,000654
mastercard 1,397940 0,000654
здесь 0,698970 0,000327
