коронавирус 0,958607 0,000416
спорт 0,468521 0,000406
политика 0,387216 0,000504
экономика 0,568636 0,000493
общество 0,494850 0,000429
колумнисты 1,522879 0,001320
происшествия 0,823909 0,000714
выбор 0,698970 0,001212
экспертов 1,096910 0,001426
доктор 0,769551 0,000667
семья 0,823909 0,001071
женские 1,522879 0,001320
секреты 0,920819 0,000798
путеводитель 1,045757 0,000907
промокоды 1,221849 0,001059
звезды 0,769551 0,000667
здоровье 0,744727 0,000968
сериалы 0,769551 0,000667
спецпроекты 0,657577 0,000570
дефицит 1,096910 0,001426
железа 1,698970 0,002209
туризм 1,096910 0,000951
пресс 0,638272 0,000553
центр 0,537602 0,000466
наука 0,585027 0,000507
недвижимость 0,886057 0,000768
подписка 0,823909 0,000714
рассылка 1,301030 0,001128
телевизор 1,522879 0,001320
интернет 0,522879 0,000907
магазин 0,795880 0,000690
коллекции 1,154902 0,001001
олимпийский 1,522879 0,001320
пекин 1,698970 0,001473
не 0,136677 0,000355
надо 0,795880 0,001035
бояться 1,397940 0,001212
знать 1,000000 0,000867
экопроекты 1,698970 0,001473
переходи 1,698970 0,001473
зож 1,698970 0,001473
жить 0,853872 0,001110
зожно 1,698970 0,001473
экспедиции 1,522879 0,001320
кп 1,698970 0,001473
москва 0,508638 0,000661
строится 1,522879 0,001320
семейные 1,154902 0,001001
ценности 1,301030 0,001128
стас 1,301030 0,001128
намин 1,698970 0,001473
ххххххх 1,698970 0,001473
лет 0,366532 0,000477
быть 0,420216 0,000546
осознанным 1,698970 0,001473
легко 1,045757 0,000907
гагарин 1,698970 0,001473
время 0,356547 0,001082
питаться 1,522879 0,001320
правильно 1,154902 0,001001
финансовые 1,397940 0,001212
итоги 0,823909 0,000714
года 0,356547 0,000773
национальный 1,221849 0,001059
вопрос 0,657577 0,000570
россии 0,251812 0,000982
попробуй 1,698970 0,001473
россию 0,568636 0,000986
вкус 1,397940 0,001212
работать 1,000000 0,000867
дальнем 1,698970 0,001473
востоке 1,301030 0,001128
опережая 1,698970 0,001473
ргсу 1,698970 0,001473
яркой 1,522879 0,001320
карьерой 1,698970 0,001473
отвечают 1,397940 0,001212
блогеры 1,522879 0,001320
дзена 1,698970 0,001473
люди 0,585027 0,000761
грани 1,221849 0,001059
сохранение 1,301030 0,001128
лесов 1,522879 0,001320
легендарных 1,522879 0,001320
брендов 1,154902 0,001001
кем 1,045757 0,000907
профессии 1,000000 0,000867
будущего 0,795880 0,000690
тест 0,795880 0,000690
вич 1,698970 0,001473
экспедиция 1,698970 0,001473
россия 0,455932 0,000988
аграрная 1,698970 0,001473
голосование 1,154902 0,001001
поправкам 1,698970 0,001473
конституцию 1,522879 0,001320
промокод 1,301030 0,002256
aliexpress 1,698970 0,001473
м 0,698970 0,000606
видео 0,327902 0,000284
л 0,958607 0,000831
этуаль 1,698970 0,001473
волнения 1,698970 0,001473
сша 0,508638 0,000441
бизнес 0,552842 0,000479
помогает 1,221849 0,001589
курс 0,744727 0,000968
рубля 1,045757 0,000907
топ 0,677781 0,000588
жилые 1,522879 0,001320
комплексы 1,397940 0,001212
великой 0,958607 0,000831
победы 0,920819 0,001597
страна 1,045757 0,000907
возможностей 1,301030 0,001128
жкх 1,301030 0,001128
энергия 1,698970 0,001473
экология 1,154902 0,001001
эко 1,522879 0,001320
москве 0,455932 0,000395
среда 1,221849 0,001059
для 0,107905 0,000281
жизни 0,431798 0,000374
хостинг 1,522879 0,001320
лазерная 1,522879 0,001320
эпиляция 1,522879 0,001320
капитал 1,698970 0,001473
нелишние 1,698970 0,001473
деньги 0,886057 0,001152
правильное 1,397940 0,001212
питание 1,301030 0,001692
арктика 1,522879 0,001320
наше 0,920819 0,000798
мясо 1,397940 0,001212
перевал 1,522879 0,001320
дятлова 1,522879 0,001320
диабет 1,698970 0,001473
отдых 1,154902 0,001001
здоровья 0,958607 0,000831
боль 1,154902 0,001001
суставах 1,698970 0,001473
афиша 0,795880 0,000690
старшее 1,698970 0,001473
поколение 1,154902 0,001001
мире 0,468521 0,000406
дом 0,522879 0,000907
живой 1,397940 0,001212
уголок 1,522879 0,001320
история 0,443697 0,000577
современности 1,522879 0,001320
как 0,187087 0,000324
победить 1,154902 0,001001
рак 1,397940 0,001212
клуб 0,795880 0,001035
любознательных 1,698970 0,001473
потребителей 1,397940 0,001212
книжная 1,397940 0,001212
полка 1,301030 0,001692
культура 0,619789 0,000537
мама 1,000000 0,000867
малыш 1,522879 0,001320
наша 0,958607 0,000831
рыба 1,698970 0,001473
наши 0,744727 0,000646
права 0,431798 0,000749
льготы 1,397940 0,001212
образование 0,823909 0,000714
приятного 1,397940 0,001212
аппетита 1,698970 0,001473
украина 0,698970 0,000606
авто 0,769551 0,000667
умные 1,397940 0,001212
вещи 1,154902 0,001001
экономические 1,522879 0,001320
форумы 1,522879 0,001320
есть 0,522879 0,000453
работа 0,795880 0,000690
гид 1,154902 0,001001
потребителя 1,698970 0,001473
доброволец 1,698970 0,001473
региона 1,221849 0,001589
астрахань 1,221849 0,001059
барнаул 1,397940 0,001212
белгород 1,221849 0,001059
биробиджан 1,698970 0,001473
благовещенск 1,698970 0,001473
брянск 1,301030 0,001128
владимир 0,431798 0,000749
волгоград 1,096910 0,000951
вологда 1,221849 0,001059
воронеж 1,221849 0,001059
дальний 1,397940 0,001212
восток 1,301030 0,001128
донецк 1,698970 0,001473
екатеринбург 1,000000 0,000867
ижевск 1,221849 0,001059
иркутск 1,301030 0,001128
казань 0,823909 0,003571
калининград 1,096910 0,000951
калуга 1,301030 0,001128
камчатка 1,397940 0,001212
кемерово 1,301030 0,001128
киров 1,301030 0,001128
кострома 1,301030 0,001128
краснодар 1,000000 0,000867
красноярск 1,221849 0,001059
крым 1,154902 0,001001
курск 1,397940 0,001212
липецк 1,522879 0,001320
магадан 1,522879 0,001320
мурманск 1,301030 0,001128
нижний 0,853872 0,000740
новгород 0,886057 0,000768
новосибирск 1,045757 0,000907
омск 1,221849 0,001059
орел 1,301030 0,001128
оренбург 1,221849 0,001059
пенза 1,221849 0,001059
пермь 1,096910 0,000951
псков 1,221849 0,001059
ростов 0,958607 0,000831
дону 1,000000 0,000867
рязань 1,301030 0,001128
самара 1,221849 0,001059
санкт 0,769551 0,000667
петербург 0,886057 0,000768
саратов 1,221849 0,001059
сахалин 1,301030 0,001128
севастополь 1,522879 0,001320
северный 1,522879 0,001320
кавказ 1,301030 0,001128
смоленск 1,301030 0,001128
сыктывкар 1,698970 0,001473
тамбов 1,397940 0,001212
тверь 1,301030 0,001128
томск 1,221849 0,001059
тула 1,221849 0,001059
тюмень 1,221849 0,001059
улан 1,522879 0,001320
удэ 1,522879 0,001320
ульяновск 1,301030 0,001128
уфа 1,154902 0,001001
хабаровск 1,397940 0,001212
челябинск 1,154902 0,001001
чита 1,301030 0,001128
чукотка 1,698970 0,001473
югра 1,522879 0,001320
якутия 1,522879 0,001320
ямал 1,397940 0,001212
ярославль 1,154902 0,001001
беларусь 1,154902 0,001001
казахстан 1,154902 0,001001
кыргызстан 1,522879 0,001320
молдова 1,522879 0,001320
возрастная 1,522879 0,001980
категория 1,221849 0,001589
сайта 0,508638 0,002205
отношении 0,853872 0,000740
обработки 0,958607 0,000831
персональных 0,769551 0,000667
данных 0,657577 0,000570
сетевое 0,677781 0,000881
издание 0,638272 0,000830
сайт 0,455932 0,000593
зарегистрировано 0,744727 0,000968
роскомнадзором 1,397940 0,001818
свидетельство 0,638272 0,000830
эл 0,494850 0,000858
фс 0,522879 0,000680
марта 0,721246 0,003752
г 0,552842 0,001677
главный 0,522879 0,000680
редактор 0,585027 0,001268
сунгоркин 1,698970 0,002209
николаевич 1,397940 0,001818
шеф 1,096910 0,001426
носова 1,698970 0,002209
олеся 1,522879 0,001980
вячеславовна 1,698970 0,002209
сообщения 1,045757 0,002266
комментарии 1,000000 0,002167
читателей 0,958607 0,001247
размещаются 1,522879 0,001980
предварительного 1,301030 0,001692
редактирования 1,522879 0,001980
редакция 0,744727 0,000968
оставляет 1,301030 0,001692
собой 0,823909 0,001071
право 0,886057 0,001152
удалить 1,301030 0,001692
их 0,455932 0,001383
или 0,292430 0,000634
отредактировать 1,522879 0,001980
указанные 1,522879 0,001980
являются 1,045757 0,001360
злоупотреблением 1,522879 0,001980
свободой 1,301030 0,001692
массовой 1,000000 0,001300
информации 0,698970 0,000909
нарушением 1,522879 0,001980
иных 1,522879 0,001980
требований 1,522879 0,001980
закона 1,045757 0,001360
адрес 0,552842 0,000719
редакции 0,443697 0,000577
ул 0,958607 0,001247
ямашева 1,522879 0,001980
й 1,000000 0,001734
этаж 1,301030 0,001692
почтовый 1,698970 0,002209
индекс 1,522879 0,001980
а 0,221849 0,000481
я 0,356547 0,000464
контактный 1,522879 0,001980
телефон 0,677781 0,000881
исключительные 1,522879 0,001980
материалы 0,481486 0,000626
размещенные 1,397940 0,001818
сайте 0,420216 0,000546
www 0,698970 0,000909
kp 1,522879 0,004621
ru 0,180456 0,000313
соответствии 0,795880 0,001035
законодательством 0,823909 0,001071
российской 0,585027 0,000761
федерации 0,744727 0,000968
охране 1,301030 0,001692
результатов 1,397940 0,001818
интеллектуальной 1,096910 0,001426
деятельности 1,000000 0,001300
принадлежат 1,096910 0,001426
ао 0,795880 0,001035
издательский 1,522879 0,001980
комсомольская 1,397940 0,002424
правда 0,769551 0,001334
подлежат 1,397940 0,001818
использованию 1,397940 0,001818
другими 1,221849 0,001589
лицами 1,301030 0,001692
какой 0,769551 0,001001
бы 0,585027 0,001014
то 0,522879 0,000680
ни 0,698970 0,000909
было 0,585027 0,001014
форме 1,221849 0,001589
письменного 1,000000 0,001300
разрешения 0,853872 0,001110
правообладателя 0,886057 0,001152
приобретение 1,522879 0,001980
авторских 1,045757 0,001360
прав 0,853872 0,001110
связь 0,552842 0,000719
редакцией 1,301030 0,001692
версия 0,744727 0,000646
мимишная 1,698970 0,001473
контрабандочка 1,698970 0,001473
щенок 1,397940 0,001212
залез 1,698970 0,001473
машину 1,000000 0,000867
дальнобойщикам 1,698970 0,001473
незаметно 1,698970 0,001473
попал 1,397940 0,001818
из 0,167491 0,000871
белоруссии 1,154902 0,001001
хвостатую 1,698970 0,001473
назвали 0,920819 0,000798
олесей 1,698970 0,001473
теперь 0,602060 0,000783
путешественница 1,698970 0,001473
ищет 1,096910 0,000951
новых 0,494850 0,000643
хозяев 1,698970 0,001473
татарстане 1,522879 0,005941
сегодня 0,443697 0,000385
день 0,522879 0,001133
казани 1,045757 0,004986
впервые 0,744727 0,000968
два 0,619789 0,000806
состоится 1,045757 0,001360
шествие 1,698970 0,001473
бессмертного 1,698970 0,001473
мэрии 1,698970 0,001473
города 0,657577 0,000855
утвердили 1,698970 0,001473
план 1,096910 0,000951
подготовки 1,000000 0,001300
проведения 1,397940 0,001212
праздничных 1,698970 0,001473
мероприятий 1,096910 0,001426
мая 0,795880 0,001035
вчера 0,920819 0,001597
такое 0,585027 0,000507
мы 0,327902 0,000284
увидели 1,397940 0,001212
нижнекамске 1,698970 0,001473
врачи 1,154902 0,002002
удалили 1,397940 0,001212
миому 1,698970 0,001473
матке 1,698970 0,001473
пациентки 1,698970 0,001473
неделе 1,096910 0,000951
беременности 1,698970 0,001473
подобная 1,698970 0,001473
опухоль 1,698970 0,001473
явление 1,522879 0,001320
нередкое 1,698970 0,001473
женщины 0,920819 0,001197
ней 0,823909 0,000714
даже 0,602060 0,000522
рожают 1,698970 0,001473
розы 1,397940 0,001212
миома 1,698970 0,001473
была 0,744727 0,000646
слишком 1,154902 0,001502
высоко 1,522879 0,001320
быстро 1,221849 0,001059
росла 1,698970 0,001473
набережных 1,522879 0,001980
челнах 1,698970 0,002209
спасли 1,397940 0,001212
жизнь 0,455932 0,000593
африканцу 1,698970 0,001473
который 0,508638 0,000882
специально 1,221849 0,001059
этого 0,619789 0,000537
прилетел 1,698970 0,001473
они 0,585027 0,000761
заменили 1,698970 0,001473
жителю 1,522879 0,001320
судана 1,698970 0,001473
мохамеду 1,698970 0,001473
аббасу 1,698970 0,001473
митральный 1,698970 0,001473
клапан 1,698970 0,001473
барс 1,698970 0,001473
собирается 1,154902 0,001001
вернуть 1,000000 0,000867
алексея 1,154902 0,001001
емелина 1,698970 0,001473
капитан 1,698970 0,001473
авангарда 1,397940 0,001212
шорт 1,698970 0,001473
лист 1,522879 0,001320
менеджеров 1,522879 0,001320
татарстанского 1,698970 0,001473
хоккейного 1,698970 0,001473
клуба 1,301030 0,001128
апреля 0,283997 0,002831
соцработник 1,698970 0,001473
спасла 1,698970 0,001473
пенсионерку 1,397940 0,001212
горящего 1,397940 0,001212
дома 0,619789 0,000806
чп 1,522879 0,001320
произошло 1,045757 0,000907
селе 1,522879 0,001320
верхняя 1,522879 0,001320
стерля 1,698970 0,001473
азнакаевского 1,698970 0,001473
района 1,522879 0,001980
имя 0,769551 0,001001
владимира 0,721246 0,000938
жириновского 0,657577 0,000855
будет 0,387216 0,000671
вписано 1,698970 0,002209
политическую 1,698970 0,001473
историю 0,795880 0,001035
олег 0,795880 0,000690
николаев 1,397940 0,001212
глава 0,638272 0,000830
чувашии 1,698970 0,003682
заявил 0,744727 0,000646
что 0,161151 0,000279
школ 1,397940 0,001212
получили 1,045757 0,000907
анонимные 1,522879 0,001320
письма 1,096910 0,000951
угрозами 1,698970 0,001473
учащихся 1,698970 0,001473
сотрудников 1,397940 0,001212
учреждений 1,522879 0,001320
эвакуировали 1,154902 0,001001
губернатор 1,522879 0,001320
ульяновской 1,698970 0,001473
области 0,721246 0,000625
раскритиковал 1,698970 0,001473
ситуацию 1,096910 0,000951
мусором 1,698970 0,001473
откровенный 1,698970 0,001473
бардак 1,698970 0,001473
словам 1,397940 0,002424
алексей 0,602060 0,000522
русских 0,795880 0,000690
утилизация 1,698970 0,001473
отходов 1,522879 0,001320
регионе 1,397940 0,001818
большинстве 1,698970 0,001473
случаев 1,045757 0,001360
проходит 0,886057 0,000768
нарушениями 1,522879 0,001320
парк 1,096910 0,001902
аттракционов 1,698970 0,002946
кырлай 1,698970 0,003682
хотят 0,886057 0,000768
перенести 1,698970 0,001473
тц 1,522879 0,001320
хаус 1,221849 0,001059
это 0,251812 0,000327
пока 0,920819 0,000798
один 0,602060 0,000522
вариантов 1,522879 0,001320
c 0,721246 0,000625
стартовала 1,522879 0,001320
всероссийская 1,154902 0,001001
декада 1,698970 0,001473
подписки 1,221849 0,001589
стоимость 1,154902 0,001001
второе 1,301030 0,001128
полугодие 1,698970 0,001473
июль 1,301030 0,001692
декабрь 1,397940 0,001212
еще 0,327902 0,000995
выгодней 1,698970 0,001473
исламофобской 1,698970 0,001473
риторики 1,698970 0,001473
него 0,795880 0,001035
больше 0,552842 0,000959
нет 0,537602 0,000699
муфтий 1,698970 0,001473
татарстана 1,301030 0,003384
пригласил 1,397940 0,001212
конора 1,698970 0,001473
макгрегора 1,698970 0,001473
ранее 0,958607 0,000831
ирландский 1,522879 0,001320
боец 1,154902 0,001001
пожелал 1,698970 0,001473
мусульманам 1,698970 0,001473
благословенного 1,698970 0,001473
рамадана 1,698970 0,001473
рустам 1,698970 0,002209
минниханов 1,522879 0,001980
встретился 1,522879 0,001320
ответственным 1,522879 0,001320
секретарем 1,698970 0,001473
комиссии 1,698970 0,001473
делам 1,397940 0,001212
юнеско 1,698970 0,001473
вручил 1,698970 0,001473
григорию 1,698970 0,001473
орджоникидзе 1,698970 0,001473
медаль 1,698970 0,001473
ордена 1,522879 0,001320
заслуги 1,522879 0,001320
перед 0,769551 0,001334
республикой 1,698970 0,001473
татарстан 1,221849 0,001059
потеплеет 1,698970 0,001473
градусов 1,698970 0,001473
дождливо 1,698970 0,001473
дорогах 1,397940 0,001212
ожидается 1,221849 0,001589
гололедица 1,698970 0,001473
местами 1,397940 0,001212
сильная 1,397940 0,001212
семьям 1,698970 0,001473
военных 0,795880 0,000690
погибших 1,301030 0,001128
ходе 1,000000 0,000867
спецоперации 0,744727 0,000646
украине 0,537602 0,000699
дополнительно 1,698970 0,001473
выплатят 1,698970 0,001473
миллиона 1,301030 0,001692
рублей 0,585027 0,001014
выделят 1,522879 0,001320
качестве 1,096910 0,000951
единовременной 1,698970 0,001473
выплаты 1,301030 0,001128
поезде 1,154902 0,001001
прибыли 1,397940 0,001818
беженца 1,698970 0,001473
украины 0,721246 0,000625
которых 0,677781 0,000588
детей 0,420216 0,000729
разместили 1,698970 0,001473
санатории 1,698970 0,001473
ливадия 1,698970 0,001473
гостинице 1,698970 0,001473
кварт 1,698970 0,001473
отеле 1,397940 0,001212
корстон 1,522879 0,001320
промышленники 1,698970 0,001473
энтузиазмом 1,698970 0,001473
встретили 1,698970 0,001473
санкционных 1,301030 0,001128
перемен 1,301030 0,001128
предприятия 1,301030 0,001128
работают 1,154902 0,001502
спрос 1,522879 0,001980
растет 1,221849 0,001059
условиях 0,886057 0,001152
внешних 1,698970 0,001473
санкций 0,677781 0,000588
промышленный 1,522879 0,001320
комплекс 1,397940 0,001212
взял 1,397940 0,001212
усиление 1,522879 0,001320
импортозамещения 1,154902 0,001001
под 0,376751 0,000327
эгидой 1,221849 0,001059
экономического 1,221849 0,001059
блока 1,397940 0,001212
республики 1,154902 0,001502
марина 0,958607 0,000831
патяшина 1,698970 0,001473
рассказала 0,958607 0,000831
почему 0,366532 0,000318
отменят 1,698970 0,001473
масочный 1,522879 0,001980
режим 1,301030 0,002256
при 0,387216 0,000671
этом 0,585027 0,000761
руководитель 1,301030 0,001128
республиканского 1,698970 0,001473
роспотребнадзора 1,522879 0,001320
отмечает 1,397940 0,001212
уровень 1,301030 0,001128
заболеваемости 1,301030 0,001128
коронавирусом 1,154902 0,001001
снизился 1,698970 0,001473
нас 0,468521 0,000406
вынужденных 1,522879 0,001320
переселенца 1,698970 0,001473
днр 0,823909 0,000714
лнр 1,221849 0,001059
распределили 1,698970 0,001473
санаториям 1,698970 0,001473
предоставили 1,698970 0,001473
отправят 1,397940 0,001212
садики 1,698970 0,001473
школы 0,853872 0,000740
взрослых 1,000000 0,000867
уже 0,568636 0,000986
готовы 1,045757 0,000907
принять 1,045757 0,000907
работу 0,823909 0,000714
предприятий 1,522879 0,001980
прощай 1,301030 0,001128
зачем 0,744727 0,000646
разбирают 1,698970 0,001473
единственный 1,221849 0,001059
рабочие 1,522879 0,001320
приступили 1,698970 0,001473
демонтажу 1,698970 0,001473
парке 1,522879 0,001320
директору 1,698970 0,001473
казанской 1,698970 0,001473
гимназии 1,522879 0,001320
предъявили 1,154902 0,001001
окончательное 1,698970 0,001473
обвинение 1,522879 0,001320
халатности 1,698970 0,001473
которая 0,823909 0,000714
привела 1,522879 0,001320
трагедии 1,221849 0,001059
амине 1,698970 0,001473
валеевой 1,698970 0,001473
вменяют 1,698970 0,001473
плохую 1,698970 0,001473
организацию 1,397940 0,001212
охраны 1,397940 0,001212
учебном 1,698970 0,001473
учреждении 1,698970 0,001473
строительства 1,522879 0,001320
соборной 1,698970 0,001473
мечети 1,522879 0,001320
выбрана 1,698970 0,001473
территория 1,301030 0,001128
парка 1,698970 0,001473
там 0,769551 0,000667
начали 0,958607 0,000831
демонтаж 1,698970 0,001473
каруселей 1,698970 0,001473
колеса 1,221849 0,001059
обозрения 1,522879 0,001320
подготовиться 1,698970 0,001473
егэ 1,154902 0,001001
месяца 0,920819 0,001197
советы 1,045757 0,001360
казанских 1,522879 0,001320
специалистов 1,221849 0,001059
комсомолка 1,698970 0,002209
собрала 1,698970 0,001473
лучшие 0,657577 0,000570
способы 1,301030 0,001128
экспресс 1,522879 0,001320
стобалльников 1,698970 0,001473
психолога 1,522879 0,001320
минимизации 1,698970 0,001473
тревоги 1,698970 0,001473
стресса 1,522879 0,001320
экзаменами 1,698970 0,001473
гидрометцентре 1,698970 0,001473
предупредили 1,096910 0,000951
сильных 1,522879 0,001320
осадках 1,698970 0,001473
тумане 1,397940 0,001212
первые 0,795880 0,000690
дни 0,920819 0,000798
сильный 1,397940 0,001212
ветер 1,221849 0,001059
проведение 1,698970 0,001473
честь 1,096910 0,000951
дня 0,443697 0,000385
оценено 1,698970 0,001473
власти 0,769551 0,000667
ищут 1,301030 0,001692
подрядчика 1,698970 0,001473
смог 1,301030 0,001128
организоватоь 1,698970 0,001473
несколько 0,795880 0,001035
концертов 1,221849 0,001059
салют 1,154902 0,001001
украсить 1,698970 0,001473
улицы 1,301030 0,001128
она 0,657577 0,000570
заставила 1,698970 0,001473
страдать 1,698970 0,001473
сердце 0,853872 0,000740
ребенка 0,823909 0,001071
екатерина 0,920819 0,000798
сушкова 1,522879 0,001320
симбирская 1,698970 0,001473
любовь 0,585027 0,000507
лермонтова 1,397940 0,001212
которой 0,886057 0,000768
он 0,455932 0,000395
жестоко 1,698970 0,001473
отомстил 1,698970 0,001473
слезы 1,397940 0,001212
эта 0,958607 0,000831
любви 0,677781 0,000588
мести 1,522879 0,001320
легла 1,698970 0,001473
основу 1,397940 0,001212
неоконченного 1,698970 0,001473
романа 1,045757 0,000907
княгиня 1,698970 0,001473
лиговская 1,698970 0,001473
рождения 0,677781 0,000588
сушковой 1,698970 0,001473
рассказывает 0,958607 0,000831
связывало 1,698970 0,001473
поэта 1,154902 0,001001
кокетку 1,698970 0,001473
симбирска 1,698970 0,001473
чем 0,387216 0,000504
закончился 1,522879 0,001320
роман 0,638272 0,000553
ученые 0,958607 0,000831
кфу 1,698970 0,001473
обещали 1,698970 0,001473
татарстану 1,698970 0,001473
позднюю 1,698970 0,001473
весну 1,301030 0,001128
холодный 1,522879 0,001320
долгосрочные 1,698970 0,001473
прогнозы 1,221849 0,001059
оправдываются 1,698970 0,001473
всего 0,721246 0,000625
поэтому 0,853872 0,000740
лето 0,853872 0,000740
могут 0,508638 0,000441
подвергнуться 1,698970 0,001473
корректировке 1,698970 0,001473
повышенной 1,397940 0,001212
готовности 1,397940 0,001212
covid 1,096910 0,001426
марий 1,397940 0,001212
продлен 1,698970 0,001473
республике 1,522879 0,001320
продолжает 1,045757 0,000907
действовать 1,301030 0,001128
после 0,356547 0,000464
столкновения 1,698970 0,001473
грузовик 1,522879 0,001320
легковушка 1,698970 0,001473
загорелись 1,698970 0,001473
шесть 0,958607 0,001247
человек 0,420216 0,000546
погибли 1,045757 0,000907
смогли 1,397940 0,001212
выбраться 1,698970 0,001473
искореженной 1,698970 0,001473
машины 1,000000 0,000867
чебоксарах 1,698970 0,002209
четыре 0,795880 0,000690
боролись 1,698970 0,001473
девочки 1,397940 0,001212
родившейся 1,698970 0,001473
весом 1,698970 0,001473
грамм 1,698970 0,001473
маленькая 1,397940 0,001212
пациентка 1,698970 0,001473
прошла 1,045757 0,000907
операций 1,301030 0,001128
сейчас 0,481486 0,000417
чувствует 1,397940 0,001212
себя 0,552842 0,000479
хорошо 1,221849 0,001059
погибшему 1,698970 0,001473
уроженцу 1,698970 0,001473
лениногорска 1,698970 0,001473
присвоено 1,698970 0,001473
звание 1,522879 0,001320
героя 1,045757 0,000907
старший 1,221849 0,001059
лейтенант 1,397940 0,001212
дамир 1,698970 0,001473
исламов 1,698970 0,001473
был 0,468521 0,000406
выпускником 1,698970 0,001473
казанского 1,522879 0,001320
танкового 1,698970 0,001473
училища 1,698970 0,001473
квартиры 1,154902 0,001001
новостройках 1,698970 0,001473
месяц 0,744727 0,000646
упал 1,154902 0,001502
любом 1,154902 0,001001
другом 1,301030 0,001128
городе 0,958607 0,000831
новости 0,173925 0,000151
втб 1,301030 0,001692
провел 1,221849 0,001059
первую 0,958607 0,000831
сделку 1,698970 0,001473
программе 1,045757 0,000907
поддержки 0,823909 0,000714
системообразующих 1,698970 0,001473
апк 1,698970 0,001473
ульяновске 1,698970 0,001473
мужчины 0,920819 0,000798
отбирали 1,698970 0,001473
школьников 1,221849 0,001059
гаджеты 1,154902 0,001001
продавали 1,698970 0,001473
улице 1,221849 0,001059
подозреваемые 1,698970 0,001473
жители 1,000000 0,000867
чердаклинского 1,698970 0,001473
йошкар 1,397940 0,001212
оле 1,522879 0,001320
рабочий 1,522879 0,001320
третьего 1,397940 0,001212
этажа 1,698970 0,001473
чего 0,769551 0,000667
рухнула 1,698970 0,001473
плита 1,522879 0,001320
трагедия 1,301030 0,001128
произошла 1,397940 0,001212
демонтажа 1,698970 0,001473
одного 0,769551 0,001001
производственных 1,698970 0,001473
объектов 1,301030 0,001128
подтвердились 1,698970 0,001473
пять 1,045757 0,000907
летальных 1,698970 0,001473
коронавируса 0,886057 0,000768
скончались 1,698970 0,001473
трое 1,397940 0,001212
мужчин 1,096910 0,000951
две 0,657577 0,000570
число 1,221849 0,001059
открытых 1,522879 0,001320
вкладов 1,522879 0,001320
банке 1,522879 0,001320
открытие 1,154902 0,001001
март 1,221849 0,001059
раз 0,698970 0,001212
превысило 1,698970 0,001473
показатели 1,522879 0,001320
февраля 0,823909 0,000714
бесплатном 1,698970 0,001473
концерте 1,522879 0,001320
выступят 1,397940 0,001212
александр 0,468521 0,000406
ф 1,045757 0,000907
скляр 1,522879 0,001320
джанго 1,698970 0,001473
мероприятие 1,397940 0,001212
площадке 1,522879 0,001320
органным 1,698970 0,001473
залом 1,522879 0,001320
выписали 1,698970 0,001473
переболевших 1,698970 0,001473
выявили 1,221849 0,001059
вирус 1,522879 0,001320
госпитализация 1,698970 0,001473
сутки 0,795880 0,000690
потребовалась 1,698970 0,001473
зараженным 1,698970 0,001473
обрыва 1,698970 0,001473
провода 1,698970 0,001473
приостановлено 1,698970 0,001473
движение 1,096910 0,000951
троллейбусов 1,698970 0,001473
месте 0,886057 0,000768
произошедшего 1,397940 0,001212
специалисты 1,301030 0,001128
заботы 1,698970 0,001473
ребят 1,698970 0,001473
детдомов 1,698970 0,001473
наставников 1,698970 0,001473
друзей 1,045757 0,000907
столица 1,221849 0,001059
присоединится 1,698970 0,001473
всероссийской 1,698970 0,001473
акции 1,000000 0,000867
детский 1,000000 0,000867
ом 1,698970 0,001473
будсмен 1,698970 0,001473
предложила 1,522879 0,001320
ввести 1,301030 0,001128
обязательную 1,698970 0,001473
медиацию 1,698970 0,001473
разводах 1,698970 0,001473
так 0,481486 0,000417
ее 0,508638 0,000441
можно 0,420216 0,000364
сохранить 0,920819 0,000798
психологическое 1,698970 0,001473
уволили 1,698970 0,001473
кондуктора 1,698970 0,001473
подрался 1,698970 0,001473
пассажиркой 1,698970 0,001473
высадившего 1,698970 0,001473
нескольких 1,397940 0,001212
водителей 1,000000 0,000867
общественного 1,301030 0,001128
транспорта 1,301030 0,001128
решено 1,698970 0,001473
лишить 1,522879 0,001320
премии 0,823909 0,000714
езду 1,698970 0,001473
красный 1,397940 0,001212
отказ 1,096910 0,000951
остановки 1,698970 0,001473
поздравил 1,522879 0,001320
ватерполистов 1,698970 0,001473
синтеза 1,698970 0,001473
победой 1,698970 0,001473
чемпионате 1,522879 0,001320
казанцы 1,698970 0,001473
стали 0,795880 0,000690
первыми 1,301030 0,001128
этих 0,958607 0,000831
соревнования 1,397940 0,001212
третий 1,301030 0,001128
подряд 1,301030 0,001128
четвертый 1,397940 0,001212
истории 0,552842 0,000479
первый 0,585027 0,000507
выдал 1,698970 0,001473
млн 0,886057 0,000768
ипотеке 1,301030 0,001128
господдержкой 1,698970 0,001473
результаты 1,045757 0,000907
поиска 1,221849 0,001059
