инвестидея 1,698970 0,008014
рекомендация 1,045757 0,004933
прогноз 0,958607 0,007913
брокерский 1,522879 0,003592
компания 0,443697 0,002616
инвест 1,698970 0,014025
идея 0,853872 0,017118
что 0,161151 0,000380
быть 0,161151 0,000570
доллар 0,698970 0,001649
биржевой 1,522879 0,003592
курс 0,602060 0,002130
рубль 0,455932 0,001613
бюджетный 1,301030 0,003068
потенциал 1,397940 0,003297
помогать 0,823909 0,001943
инвестор 1,221849 0,012968
найти 0,356547 0,000841
выбрать 0,568636 0,001341
брокер 1,397940 0,011540
проверить 0,721246 0,001701
аналитик 1,045757 0,009866
вести 0,657577 0,001551
участник 0,823909 0,001943
рынок 0,769551 0,002722
эксклюзивный 1,154902 0,002724
предложение 0,853872 0,003021
независимый 1,154902 0,004086
статистик 1,045757 0,003700
рейтинг 0,657577 0,001551
неделя 0,522879 0,001850
база 1,096910 0,003881
поставщик 1,522879 0,005388
доверять 1,522879 0,005388
инвестиционный 1,096910 0,007761
отслеживать 1,397940 0,003297
выполнение 1,397940 0,003297
гонка 1,154902 0,002724
гонконг 1,698970 0,004007
фина 1,698970 0,006011
мочь 0,236572 0,003069
заработать 1,045757 0,012332
текущий 1,698970 0,018032
доходность 1,698970 0,018032
голосование 1,045757 0,011099
верить 0,958607 0,019217
не 0,136677 0,003062
подробный 0,657577 0,006979
гражданин 0,769551 0,001815
сдавать 1,522879 0,003592
валюта 0,795880 0,001877
pravda 1,698970 0,006011
invest 1,522879 0,017958
алюминий 1,522879 0,003592
можно 0,420216 0,001487
согнуть 1,698970 0,004007
трудно 1,698970 0,004007
сломать 1,397940 0,003297
рсхб 1,698970 0,004007
лукойл 1,698970 0,004007
запас 1,221849 0,002882
дивиденд 1,698970 0,006011
перспектива 1,154902 0,002724
газпромбанк 1,522879 0,003592
инвестиция 1,045757 0,002466
а 0,221849 0,001308
прокатиться 1,698970 0,004007
ли 0,387216 0,001370
мы 0,229148 0,000811
lyft 1,698970 0,004007
бкс 1,698970 0,004007
twitter 0,769551 0,001815
инвестировать 1,522879 0,003592
илон 1,522879 0,003592
iti 1,698970 0,004007
capital 1,522879 0,003592
распадский 1,698970 0,004007
правильный 1,000000 0,002358
уголь 0,886057 0,002090
зрение 1,301030 0,003068
главный 0,346787 0,000818
it 0,823909 0,001943
рф 0,568636 0,001341
скидка 1,045757 0,002466
сигнал 1,154902 0,002724
рцб 1,698970 0,004007
смотреть 0,443697 0,002093
весь 0,107905 0,000636
лига 0,958607 0,002261
оценивать 1,301030 0,004603
зарабатывать 1,221849 0,002882
приз 1,096910 0,002587
сми 0,468521 0,001105
точный 1,301030 0,003068
совет 0,568636 0,001341
как 0,187087 0,000882
сервис 0,537602 0,005072
выбирать 1,000000 0,003538
хороший 0,408935 0,000964
акция 0,823909 0,002915
понимать 0,886057 0,002090
кто 0,346787 0,000818
лох 1,522879 0,005388
тот 0,376751 0,001333
ты 0,602060 0,001420
чужой 1,301030 0,003068
заставить 1,096910 0,002587
делать 0,744727 0,001756
качественный 1,301030 0,003068
аналитика 1,522879 0,005388
топ 0,677781 0,001599
для 0,107905 0,000763
где 0,455932 0,001075
весть 0,795880 0,001877
портфель 1,698970 0,004007
московский 0,657577 0,001551
биржа 1,221849 0,002882
определить 0,920819 0,002172
победитель 0,853872 0,002014
конкурс 0,568636 0,002012
призовой 1,698970 0,004007
фонд 0,886057 0,003135
петербургский 1,522879 0,003592
будущее 0,602060 0,001420
котировка 1,154902 0,002724
карта 0,657577 0,001551
цифровой 0,823909 0,001943
частный 1,301030 0,003068
массовый 0,508638 0,001200
полезный 0,769551 0,001815
ресурс 0,853872 0,003021
трейдер 1,698970 0,004007
высокий 0,721246 0,001701
вовлеченность 1,698970 0,004007
лояльность 1,522879 0,003592
дать 0,721246 0,002552
яндекс 0,585027 0,001380
инсайдер 1,698970 0,008014
радар 1,698970 0,008014
сделка 1,397940 0,014837
умный 0,920819 0,002172
деньги 1,045757 0,002466
название 1,000000 0,002358
дата 0,769551 0,002722
объем 1,522879 0,003592
изменение 0,958607 0,002261
цена 0,619789 0,001462
bandwidth 1,698970 0,014025
inc 1,154902 0,009533
carreker 1,698970 0,004007
marina 1,698970 0,004007
c 0,721246 0,002552
покупка 0,853872 0,007048
декабрь 0,795880 0,006570
morken 1,698970 0,004007
david 1,698970 0,004007
a 0,638272 0,001505
roush 1,698970 0,004007
luka 1,698970 0,004007
m 1,096910 0,002587
ros 1,698970 0,004007
kade 1,698970 0,004007
bailey 1,698970 0,004007
brian 1,698970 0,004007
d 0,920819 0,002172
murdock 1,698970 0,004007
john 1,698970 0,004007
говорить 0,537602 0,001268
отзыв 0,958607 0,002261
наш 0,309804 0,000731
пользователь 0,657577 0,002326
стать 0,301030 0,000710
успешный 1,045757 0,002466
телегр 1,154902 0,002724
партнерский 1,301030 0,003068
программа 0,420216 0,000991
ideus 1,698970 0,016028
award 1,301030 0,003068
юридический 1,154902 0,002724
информация 0,327902 0,002707
справка 1,000000 0,002358
написать 0,619789 0,001462
тариф 1,221849 0,002882
пожелание 1,397940 0,003297
байбек 1,698970 0,004007
youtube 0,721246 0,001701
опцион 1,522879 0,003592
new 0,920819 0,002172
сайт 0,173925 0,002256
ru 0,180456 0,001490
далее 1,096910 0,002587
носить 1,397940 0,003297
исключительно 1,301030 0,003068
образовательный 1,221849 0,002882
научный 0,795880 0,001877
характер 0,823909 0,001943
являться 0,721246 0,003402
или 0,292430 0,001724
совершение 1,698970 0,004007
финансовый 0,638272 0,003011
инструмент 0,958607 0,004522
вы 0,301030 0,001420
следовать 0,920819 0,003258
свой 0,301030 0,000710
страх 1,096910 0,002587
риск 1,154902 0,002724
который 0,236572 0,000558
разместить 0,721246 0,004253
создатель 1,096910 0,002587
лицо 0,537602 0,001902
агрегатор 1,397940 0,003297
указать 1,000000 0,002358
интернет 0,455932 0,001075
прочий 1,301030 0,003068
источник 1,045757 0,002466
публичный 1,154902 0,002724
данный 0,455932 0,002688
ценный 1,221849 0,002882
бумага 0,886057 0,002090
другой 0,356547 0,000841
клиент 1,000000 0,002358
получать 0,677781 0,002398
подписка 0,677781 0,001599
иной 0,958607 0,002261
ранний 1,000000 0,002358
поздний 0,886057 0,002090
они 0,309804 0,001096
опубликовать 0,494850 0,001167
берет 1,301030 0,003068
себя 0,397940 0,000939
обязательство 1,522879 0,003592
корректировать 1,522879 0,003592
аналитический 1,301030 0,003068
связь 0,309804 0,001096
утрата 1,522879 0,003592
актуальность 1,522879 0,003592
содержаться 1,698970 0,004007
пря 0,387216 0,000913
выявление 1,522879 0,003592
несоответствие 1,698970 0,004007
приводить 1,397940 0,003297
действительность 1,397940 0,003297
администрация 1,000000 0,002358
нести 1,000000 0,002358
ответственность 0,886057 0,002090
содержание 1,221849 0,002882
последствие 0,920819 0,002172
использование 0,408935 0,000964
тома 0,522879 0,001233
число 0,853872 0,002014
любой 0,420216 0,000991
возможный 0,769551 0,001815
убыток 1,522879 0,003592
участвовать 1,045757 0,002466
взаимоотношения 1,698970 0,004007
предоставлять 1,045757 0,002466
только 0,283997 0,000670
публикация 0,769551 0,001815
отслеживание 1,698970 0,004007
согласный 1,096910 0,003881
условие 0,468521 0,001105
немедленно 1,522879 0,003592
покинуть 0,853872 0,002014
использовать 0,568636 0,001341
оно 0,397940 0,000939
персональный 0,619789 0,002193
консультация 1,397940 0,003297
этот 0,173925 0,000410
эксперт 0,568636 0,001341
ваш 0,431798 0,002037
имя 0,443697 0,001046
e 0,677781 0,002398
mail 0,721246 0,002552
телефон 0,568636 0,001341
предпочтительный 1,698970 0,004007
способ 0,721246 0,001701
передача 0,795880 0,001877
хотеть 0,387216 0,000913
новое 0,214670 0,000506
оставить 0,823909 0,001943
заявка 1,154902 0,004086
отправить 0,619789 0,001462
менеджер 1,301030 0,003068
связаться 1,221849 0,002882
близкий 0,744727 0,001756
время 0,327902 0,000773
продолжить 0,958607 0,002261
